14962
0.00011542012927054478 1011.7086795937212 0.0
0.00023084025854108956 1556.289462894629 0.0
0.00034626038781163435 2156.9889001009083 0.0
0.0004616805170821791 2656.7889221556884 0.0
0.0005771006463527239 2964.6984126984125 0.0
0.0006925207756232687 3304.5956873315363 0.0
0.0008079409048938135 3575.978260869565 0.0
0.0009233610341643582 3959.695238095238 0.0
0.001038781163434903 4178.8387096774195 0.0
0.0011542012927054479 4347.327160493827 0.0
0.0012696214219759926 4550.992366412213 0.0
0.0013850415512465374 4838.776785714285 0.0
0.0015004616805170822 4951.89 0.0
0.001615881809787627 5062.673913043478 0.0
0.0017313019390581717 5438.581081081081 0.0
0.0018467220683287165 5539.358974358975 0.0
0.0019621421975992612 5686.475 0.0
0.002077562326869806 5684.44776119403 0.0
0.0021929824561403508 5597.491228070176 0.0
0.0023084025854108957 5598.204545454545 0.0
0.0024238227146814403 5861.386363636364 0.0
0.0025392428439519853 5642.195652173913 0.0
0.00265466297322253 5818.767857142857 0.0
0.002770083102493075 6128.577777777778 0.0
0.0028855032317636198 6014.324324324324 0.0
0.0030009233610341643 6361.341463414634 0.0
0.0031163434903047093 6382.241379310345 0.0
0.003231763619575254 6297.731707317073 0.0
0.003347183748845799 6245.783783783784 0.0
0.0034626038781163434 6633.212121212121 0.0
0.0035780240073868884 6547.970588235294 0.0
0.003693444136657433 6199.166666666667 0.0
0.003808864265927978 6908.933333333333 0.0
0.0039242843951985225 6938.870967741936 0.0
0.004039704524469067 7167.32 0.0
0.004155124653739612 7310.96 0.0
0.004270544783010157 7013.0 0.0
0.0043859649122807015 6994.2 0.0
0.004501385041551247 7174.75 0.0
0.0046168051708217915 7545.761904761905 0.0
0.004732225300092336 7497.35294117647 0.0
0.004847645429362881 7593.666666666667 0.0
0.004963065558633426 7457.941176470588 0.0
0.0050784856879039705 7194.7692307692305 0.0
0.005193905817174515 7353.615384615385 0.0
0.00530932594644506 7543.8 0.0
0.005424746075715605 7685.25 0.0
0.00554016620498615 7770.928571428572 0.0
0.005655586334256694 7627.9 0.0
0.0057710064635272396 7640.222222222223 0.0
0.005886426592797784 7784.111111111111 0.0
0.006001846722068329 7988.3 0.0
0.006117266851338873 7869.0 0.0
0.006232686980609419 7665.333333333333 0.0
0.006348107109879963 7880.0 0.0
0.006463527239150508 7719.9375 0.0
0.006578947368421052 7802.764705882353 0.0
0.006694367497691598 7776.7692307692305 0.0
0.006809787626962142 7754.818181818182 0.0
0.006925207756232687 7955.9375 0.0
0.007040627885503232 7905.071428571428 0.0
0.007156048014773777 7757.909090909091 0.0
0.007271468144044321 8019.272727272727 0.0
0.007386888273314866 8294.857142857143 0.0
0.007502308402585411 8114.428571428572 0.0
0.007617728531855956 8238.0625 0.0
0.0077331486611265 8583.666666666666 0.0
0.007848568790397045 8531.25 0.0
0.00796398891966759 8392.75 0.0
0.008079409048938134 8258.833333333334 0.0
0.00819482917820868 8227.285714285714 0.0
0.008310249307479225 8117.125 0.0
0.008425669436749769 8376.142857142857 0.0
0.008541089566020314 8562.625 0.0
0.00865650969529086 8375.375 0.0
0.008771929824561403 8202.714285714286 0.0
0.008887349953831948 8133.8 0.0
0.009002770083102494 8753.0 0.0
0.009118190212373038 8483.222222222223 0.0
0.009233610341643583 8574.0 0.0
0.009349030470914127 8877.1 0.0
0.009464450600184672 8654.6 0.0
0.009579870729455217 8771.636363636364 0.0
0.009695290858725761 8890.5 0.0
0.009810710987996307 8890.444444444445 0.0
0.009926131117266852 8687.583333333334 0.0
0.010041551246537396 8523.125 0.0
0.010156971375807941 8395.142857142857 0.0
0.010272391505078486 8808.2 0.0
0.01038781163434903 8835.0 0.0
0.010503231763619576 8921.2 0.0
0.01061865189289012 8825.666666666666 0.0
0.010734072022160665 9196.666666666666 0.0
0.01084949215143121 8603.6 0.0
0.010964912280701754 8813.666666666666 0.0
0.0110803324099723 8506.75 0.0
0.011195752539242845 8683.0 0.0
0.011311172668513388 8507.0 0.0
0.011426592797783934 8784.25 0.0
0.011542012927054479 8738.0 0.0
0.011657433056325023 8896.75 0.0
0.011772853185595568 9021.666666666666 0.0
0.011888273314866112 8557.0 0.0
0.012003693444136657 8958.666666666666 0.0
0.012119113573407203 8640.2 0.0
0.012234533702677746 8911.4 0.0
0.012349953831948292 9010.57142857143 0.0
0.012465373961218837 9099.5 0.0
0.012580794090489381 9064.5 0.0
0.012696214219759926 9018.2 0.0
0.012811634349030472 9150.0 0.0
0.012927054478301015 9012.0 0.0
0.01304247460757156 9241.4 0.0
0.013157894736842105 9153.0 0.0
0.01327331486611265 9057.142857142857 0.0
0.013388734995383195 8630.0 0.0
0.013504155124653739 8814.0 0.0
0.013619575253924284 9157.333333333334 0.0
0.01373499538319483 8750.5 0.0
0.013850415512465374 8686.666666666666 0.0
0.013965835641735919 9238.666666666666 0.0
0.014081255771006464 9074.0 0.0
0.014427516158818097 8887.0 0.0
0.014542936288088643 9182.5 0.0
0.014658356417359188 9612.0 0.0
0.014773776546629732 8748.666666666666 0.0
0.014889196675900277 9038.0 0.0
0.015004616805170823 9478.0 0.0
0.015120036934441366 9250.75 0.0
0.015235457063711912 9061.0 0.0
0.015350877192982455 8951.666666666666 0.0
0.015466297322253 9274.5 0.0
0.015581717451523546 9622.0 0.0
0.01569713758079409 9247.0 0.0
0.015812557710064637 9622.0 0.0
0.01592797783933518 9045.0 0.0
0.016043397968605724 9355.0 0.0
0.016158818097876268 9242.6 0.0
0.016274238227146815 8924.5 0.0
0.01638965835641736 9372.333333333334 0.0
0.016505078485687903 9124.2 0.0
0.01662049861495845 9384.0 0.0
0.016735918744228993 9305.0 0.0
0.016851338873499537 9129.666666666666 0.0
0.016966759002770084 9127.714285714286 0.0
0.017082179132040628 9462.0 0.0
0.01719759926131117 9289.833333333334 0.0
0.01731301939058172 9203.125 0.0
0.017428439519852262 8967.666666666666 0.0
0.017543859649122806 9138.666666666666 0.0
0.017659279778393353 9272.25 0.0
0.017774699907663897 9461.25 0.0
0.01789012003693444 9288.5 0.0
0.018005540166204988 9292.5 0.0
0.01812096029547553 9290.0 0.0
0.018236380424746075 9104.75 0.0
0.018351800554016622 9424.0 0.0
0.018467220683287166 9536.5 0.0
0.0188134810710988 9527.0 0.0
0.018928901200369344 9527.0 0.0
0.019044321329639888 9402.0 0.0
0.019159741458910435 9788.5 0.0
0.01927516158818098 9495.0 0.0
0.019390581717451522 9510.0 0.0
0.01950600184672207 9619.333333333334 0.0
0.019621421975992613 9932.0 0.0
0.019736842105263157 9730.666666666666 0.0
0.019852262234533704 9347.0 0.0
0.02008310249307479 9673.666666666666 0.0
0.02019852262234534 9513.0 0.0
0.020313942751615882 9720.666666666666 0.0
0.020429362880886426 9740.5 0.0
0.020544783010156973 9979.2 0.0
0.020660203139427517 9847.4 0.0
0.02077562326869806 9714.0 0.0
0.020891043397968604 9721.6 0.0
0.02100646352723915 9928.333333333334 0.0
0.021121883656509695 9848.0 0.0
0.02123730378578024 9944.666666666666 0.0
0.021352723915050786 9962.0 0.0
0.02146814404432133 9861.333333333334 0.0
0.021583564173591873 9948.0 0.0
0.02169898430286242 9795.75 0.0
0.021814404432132964 9640.5 0.0
0.021929824561403508 9643.2 0.0
0.022045244690674055 9740.0 0.0
0.0221606648199446 9892.5 0.0
0.022276084949215142 9936.0 0.0
0.02239150507848569 9891.0 0.0
0.022506925207756233 10235.0 0.0
0.022622345337026777 10347.0 0.0
0.022737765466297324 10352.0 0.0
0.022853185595567867 9784.75 0.0
0.02296860572483841 9639.333333333334 0.0
0.023084025854108958 10012.333333333334 0.0
0.023199445983379502 9806.0 0.0
0.023314866112650046 9725.0 0.0
0.02343028624192059 9852.0 0.0
0.023545706371191136 9662.666666666666 0.0
0.02366112650046168 9923.25 0.0
0.023776546629732224 9941.333333333334 0.0
0.02389196675900277 9873.5 0.0
0.024007386888273315 9825.25 0.0
0.02412280701754386 9574.0 0.0
0.024238227146814405 9911.5 0.0
0.02435364727608495 9888.0 0.0
0.024469067405355493 9863.0 0.0
0.02458448753462604 9673.0 0.0
0.024699907663896584 9863.666666666666 0.0
0.024930747922437674 10523.0 0.0
0.025046168051708218 10411.5 0.0
0.025161588180978762 9592.0 0.0
0.02527700831024931 10056.5 0.0
0.025392428439519853 10212.5 0.0
0.025507848568790396 9900.0 0.0
0.025623268698060944 10070.75 0.0
0.025738688827331487 10175.0 0.0
0.025969529085872575 10211.0 0.0
0.02608494921514312 10530.0 0.0
0.026200369344413665 10214.0 0.0
0.026431209602954756 10321.0 0.0
0.0265466297322253 10327.0 0.0
0.026662049861495844 10322.0 0.0
0.02677746999076639 9984.0 0.0
0.027008310249307478 9985.0 0.0
0.027123730378578025 10240.5 0.0
0.02723915050784857 10275.5 0.0
0.027354570637119113 9604.0 0.0
0.02746999076638966 10212.5 0.0
0.027700831024930747 10386.0 0.0
0.027816251154201294 10056.333333333334 0.0
0.027931671283471838 10203.75 0.0
0.02804709141274238 10090.0 0.0
0.02816251154201293 10133.0 0.0
0.028277931671283472 10189.666666666666 0.0
0.028393351800554016 10091.0 0.0
0.02850877192982456 10271.0 0.0
0.028624192059095107 10547.0 0.0
0.028855032317636194 9671.0 0.0
0.02897045244690674 10025.0 0.0
0.029085872576177285 10408.5 0.0
0.02920129270544783 10379.0 0.0
0.02943213296398892 10380.0 0.0
0.029547553093259463 10380.0 0.0
0.029778393351800554 10689.0 0.0
0.029893813481071098 10386.0 0.0
0.03012465373961219 10387.0 0.0
0.030240073868882732 10391.0 0.0
0.03035549399815328 10393.0 0.0
0.030470914127423823 10712.0 0.0
0.030586334256694367 10394.0 0.0
0.03070175438596491 10394.0 0.0
0.03139427516158818 9958.0 0.0
0.03150969529085872 10309.5 0.0
0.031625115420129274 10290.5 0.0
0.03174053554939982 9962.0 0.0
0.03220221606648199 9962.0 0.0
0.032317636195752536 9962.0 0.0
0.03254847645429363 10377.5 0.0
0.032663896583564174 10193.0 0.0
0.03277931671283472 10430.0 0.0
0.033010156971375805 10432.0 0.0
0.0332409972299169 10472.0 0.0
0.03335641735918744 9984.0 0.0
0.03358725761772853 10572.5 0.0
0.034856879039704525 10708.0 0.0
0.03497229916897507 10709.0 0.0
0.03508771929824561 10509.0 0.0
0.035203139427516156 10534.75 0.0
0.035318559556786706 10976.0 0.0
0.03543397968605725 10516.0 0.0
0.03566481994459834 10516.0 0.0
0.03578024007386888 10750.0 0.0
0.035895660203139425 10750.5 0.0
0.036011080332409975 10750.5 0.0
0.03612650046168052 10750.5 0.0
0.03624192059095106 10664.666666666666 0.0
0.036357340720221606 10751.5 0.0
0.03647276084949215 10990.0 0.0
0.03693444136657433 10653.0 0.0
0.037049861495844875 10653.0 0.0
0.03716528162511542 10653.0 0.0
0.03728070175438596 10842.0 0.0
0.03751154201292706 10842.0 0.0
0.0376269621421976 10842.0 0.0
0.03785780240073869 10955.5 0.0
0.03797322253000923 10844.0 0.0
0.038088642659279776 10844.0 0.0
0.038204062788550326 10955.5 0.0
0.03831948291782087 11069.0 0.0
0.038434903047091414 10692.0 0.0
0.0386657433056325 11070.0 0.0
0.038896583564173595 10541.666666666666 0.0
0.03901200369344414 10389.5 0.0
0.03912742382271468 10853.0 0.0
0.039242843951985226 10807.5 0.0
0.03935826408125577 10704.5 0.0
0.039473684210526314 10650.333333333334 0.0
0.03970452446906741 10555.5 0.0
0.03981994459833795 11073.0 0.0
0.039935364727608495 11087.0 0.0
0.04005078485687904 10833.5 0.0
0.04016620498614958 10767.0 0.0
0.040281625115420126 11119.0 0.0
0.04039704524469068 11121.0 0.0
0.04051246537396122 11098.5 0.0
0.04085872576177285 10552.0 0.0
0.040974145891043395 10849.0 0.0
0.041089566020313946 10617.0 0.0
0.04132040627885503 10578.0 0.0
0.04143582640812558 10581.0 0.0
0.04155124653739612 10581.0 0.0
0.041666666666666664 11083.0 0.0
0.04178208679593721 10832.5 0.0
0.04189750692520776 10617.0 0.0
0.042128347183748846 11084.0 0.0
0.04224376731301939 10590.0 0.0
0.04247460757156048 10655.0 0.0
0.04259002770083103 10627.5 0.0
0.04270544783010157 10627.5 0.0
0.042820867959372115 10841.5 0.0
0.043167128347183746 10876.5 0.0
0.0432825484764543 11202.0 0.0
0.04339796860572484 11147.0 0.0
0.043513388734995384 11091.0 0.0
0.043975069252077566 10906.5 0.0
0.04409048938134811 10608.0 0.0
0.04559095106186519 11220.0 0.0
0.045706371191135735 11220.0 0.0
0.046168051708217916 10401.0 0.0
0.04628347183748846 11108.0 0.0
0.046398891966759004 10401.0 0.0
0.04651431209602955 10938.5 0.0
0.04662973222530009 10769.0 0.0
0.04697599261311173 10404.0 0.0
0.04709141274238227 10404.0 0.0
0.04720683287165282 10413.0 0.0
0.04836103416435827 10467.0 0.0
0.048591874422899355 10470.0 0.0
0.048938134810710986 10477.0 0.0
0.04939981532779317 10588.0 0.0
0.04986149584487535 9986.0 0.0
0.050092336103416436 10032.0 0.0
0.050323176361957524 10592.0 0.0
0.05043859649122807 10539.5 0.0
0.05055401662049862 10494.0 0.0
0.05136195752539243 10041.0 0.0
0.05159279778393352 10224.0 0.0
0.05286241920590951 10856.0 0.0
0.052977839335180056 10860.0 0.0
0.05332409972299169 10876.0 0.0
0.05343951985226224 10876.0 0.0
0.05355493998153278 10877.0 0.0
0.05378578024007387 10878.0 0.0
0.054016620498614956 10878.0 0.0
0.05505540166204986 10882.0 0.0
0.05517082179132041 10883.0 0.0
0.05528624192059095 10883.0 0.0
0.05551708217913204 10883.0 0.0
0.05563250230840259 10883.0 0.0
0.05574792243767313 10883.0 0.0
0.055863342566943676 10884.0 0.0
0.05597876269621422 10886.0 0.0
0.05609418282548476 10888.0 0.0
0.05701754385964912 10890.0 0.0
0.05840258541089566 10187.0 0.0
0.05851800554016621 10187.0 0.0
0.058748845798707296 10187.0 0.0
0.05886426592797784 10192.0 0.0
0.05897968605724838 10221.0 0.0
0.060133887349953834 10934.0 0.0
0.06024930747922438 10934.0 0.0
0.06036472760849492 10935.0 0.0
0.06105724838411819 10231.0 0.0
0.061634349030470915 10937.0 0.0
0.061865189289012 10937.0 0.0
0.061980609418282546 10937.0 0.0
0.06209602954755309 10732.0 0.0
0.0629039704524469 11153.0 0.0
0.06301939058171745 11346.0 0.0
0.06313481071098799 11347.0 0.0
0.06382733148661127 11369.0 0.0
0.06613573407202217 10968.0 0.0
0.06832871652816251 11099.0 0.0
0.06879039704524469 11363.5 0.0
0.06890581717451523 11298.0 0.0
0.06902123730378577 11100.0 0.0
0.06913665743305633 11267.0 0.0
0.06936749769159742 11267.5 0.0
0.06971375807940905 11368.0 0.0
0.06994459833795014 11301.0 0.0
0.07006001846722068 11301.0 0.0
0.07017543859649122 11301.0 0.0
0.07029085872576177 11301.0 0.0
0.07040627885503231 11301.0 0.0
0.07052169898430287 11301.0 0.0
0.07202216066481995 11138.0 0.0
0.07306094182825484 11141.0 0.0
0.07467682363804247 11526.0 0.0
0.07536934441366575 11528.0 0.0
0.07571560480147738 11528.0 0.0
0.07583102493074792 11530.0 0.0
0.0765235457063712 11533.0 0.0
0.07663896583564174 11533.0 0.0
0.07675438596491228 11535.0 0.0
0.07686980609418283 11535.0 0.0
0.07744690674053555 11535.0 0.0
0.07756232686980609 11535.0 0.0
0.07802400738688828 11537.0 0.0
0.07848568790397045 11540.0 0.0
0.07987072945521699 11437.0 0.0
0.08010156971375808 11623.0 0.0
0.08033240997229917 11532.5 0.0
0.08044783010156971 11442.0 0.0
0.08056325023084025 11623.0 0.0
0.08067867036011081 11623.0 0.0
0.08079409048938135 11625.0 0.0
0.0809095106186519 11625.0 0.0
0.08206371191135733 11792.0 0.0
0.08217913204062789 11792.0 0.0
0.08240997229916898 11792.0 0.0
0.08264081255771007 11792.0 0.0
0.08310249307479224 11639.0 0.0
0.08333333333333333 11541.5 0.0
0.08344875346260387 11541.5 0.0
0.08356417359187442 11639.0 0.0
0.08379501385041552 11444.0 0.0
0.08391043397968606 11616.0 0.0
0.0840258541089566 11706.5 0.0
0.08414127423822715 11619.333333333334 0.0
0.08425669436749769 11619.0 0.0
0.08437211449676824 11620.666666666666 0.0
0.08448753462603878 11619.0 0.0
0.08460295475530932 11619.0 0.0
0.08494921514312095 11621.5 0.0
0.08506463527239151 11621.5 0.0
0.08518005540166206 11798.0 0.0
0.08933518005540166 11487.0 0.0
0.08956602031394276 11707.0 0.0
0.09060480147737765 11522.0 0.0
0.0907202216066482 11524.0 0.0
0.09083564173591874 11526.0 0.0
0.0909510618651893 11526.0 0.0
0.09118190212373038 11640.0 0.0
0.09152816251154201 11528.0 0.0
0.09164358264081256 11528.0 0.0
0.09187442289935364 11530.0 0.0
0.09245152354570638 11756.0 0.0
0.09256694367497692 11756.0 0.0
0.09279778393351801 11756.0 0.0
0.09314404432132964 11756.0 0.0
0.09372114496768236 11756.0 0.0
0.09383656509695291 11646.0 0.0
0.094067405355494 11757.0 0.0
0.09441366574330563 11764.0 0.0
0.09452908587257618 11764.0 0.0
0.09464450600184672 11764.0 0.0
0.09499076638965835 11764.0 0.0
0.0951061865189289 11764.0 0.0
0.09522160664819945 11764.0 0.0
0.09533702677747 11764.0 0.0
0.09545244690674054 11764.0 0.0
0.09556786703601108 11764.0 0.0
0.09568328716528163 11764.0 0.0
0.09579870729455217 11764.0 0.0
0.09626038781163435 11765.0 0.0
0.09637580794090489 11765.0 0.0
0.09926131117266851 11767.0 0.0
0.09937673130193905 11767.0 0.0
0.0994921514312096 11767.0 0.0
0.10133887349953832 11774.0 0.0
0.10861034164358264 11575.0 0.0
0.10872576177285319 11575.0 0.0
0.10907202216066482 11639.5 0.0
0.10918744228993536 11575.0 0.0
0.1093028624192059 11704.0 0.0
0.10941828254847645 11704.0 0.0
0.109533702677747 11705.0 0.0
0.10964912280701754 11705.0 0.0
0.10987996306555864 11705.0 0.0
0.10999538319482918 11640.5 0.0
0.11011080332409973 11576.0 0.0
0.11022622345337027 11640.5 0.0
0.11034164358264081 11705.0 0.0
0.11068790397045244 11587.0 0.0
0.11080332409972299 11587.0 0.0
0.11103416435826408 11587.0 0.0
0.11114958448753462 11587.0 0.0
0.11149584487534626 11587.0 0.0
0.11161126500461681 11587.0 0.0
0.11172668513388735 11587.0 0.0
0.1118421052631579 11587.0 0.0
0.11195752539242844 11718.0 0.0
0.11207294552169898 11587.0 0.0
0.11241920590951061 11719.0 0.0
0.11253462603878116 11587.0 0.0
0.11265004616805172 11719.0 0.0
0.11449676823638043 11739.0 0.0
0.11461218836565097 11739.0 0.0
0.11634349030470914 11602.0 0.0
0.11645891043397968 11602.0 0.0
0.11761311172668514 11745.0 0.0
0.11784395198522622 11674.5 0.0
0.11795937211449677 11674.5 0.0
0.11807479224376731 11606.0 0.0
0.11945983379501385 11748.0 0.0
0.11957525392428439 11748.0 0.0
0.11969067405355494 11748.0 0.0
0.11992151431209604 11571.0 0.0
0.12003693444136658 11571.0 0.0
0.12026777469990767 11571.0 0.0
0.12038319482917821 11661.5 0.0
0.12049861495844875 11754.0 0.0
0.12199907663896584 11764.0 0.0
0.12211449676823638 11772.0 0.0
0.12222991689750692 11772.0 0.0
0.12234533702677747 11772.0 0.0
0.12246075715604801 11772.0 0.0
0.123730378578024 11618.0 0.0
0.12396121883656509 11618.0 0.0
0.12407663896583564 11618.0 0.0
0.12419205909510618 11619.0 0.0
0.12430747922437674 12139.0 0.0
0.125 11907.5 0.0
0.12511542012927054 12192.0 0.0
0.1252308402585411 11925.0 0.0
0.12534626038781163 12193.0 0.0
0.12557710064635272 12193.0 0.0
0.12569252077562326 12193.0 0.0
0.12626962142197598 12196.0 0.0
0.12638504155124652 12199.0 0.0
0.1265004616805171 12199.0 0.0
0.12673130193905818 12199.0 0.0
0.12684672206832873 11987.0 0.0
0.12696214219759927 11773.0 0.0
0.12707756232686981 11987.0 0.0
0.1273084025854109 11874.5 0.0
0.12742382271468145 11773.0 0.0
0.12777008310249308 11989.0 0.0
0.12788550323176362 11775.0 0.0
0.12800092336103416 12204.0 0.0
0.1281163434903047 12204.0 0.0
0.12823176361957525 11989.5 0.0
0.1283471837488458 12204.0 0.0
0.12846260387811634 12204.0 0.0
0.12869344413665743 11777.0 0.0
0.12880886426592797 11990.5 0.0
0.1289242843951985 12204.0 0.0
0.1291551246537396 12204.0 0.0
0.12973222530009235 12208.0 0.0
0.13019390581717452 12215.0 0.0
0.1340027700831025 11906.0 0.0
0.13469529085872575 11907.0 0.0
0.141735918744229 11963.0 0.0
0.14208217913204063 11963.0 0.0
0.14323638042474607 11963.0 0.0
0.1433518005540166 11963.0 0.0
0.14346722068328716 11963.0 0.0
0.1435826408125577 11963.0 0.0
0.1438134810710988 11963.0 0.0
0.14392890120036936 11963.0 0.0
0.1440443213296399 11963.0 0.0
0.144275161588181 11963.0 0.0
0.14439058171745153 11963.0 0.0
0.14450600184672208 11963.0 0.0
0.1450831024930748 11972.0 0.0
0.14519852262234534 11972.0 0.0
0.14542936288088643 11973.0 0.0
0.14635272391505078 11995.0 0.0
0.14704524469067407 11853.0 0.0
0.1471606648199446 11853.0 0.0
0.1484302862419206 11857.0 0.0
0.14854570637119113 11857.0 0.0
0.14866112650046168 11857.0 0.0
0.1490073868882733 11857.0 0.0
0.14993074792243768 11859.0 0.0
0.15004616805170823 11862.0 0.0
0.15997229916897507 12175.0 0.0
0.16170360110803325 12177.0 0.0
0.18259464450600185 12015.0 0.0
0.24469067405355494 12165.0 0.0
0.25253924284395196 12602.0 0.0
0.2918975069252078 13027.0 0.0
0.3051708217913204 13047.0 0.0
0.35676361957525393 13122.0 0.0
0.3688827331486611 12715.0 0.0
0.3729224376731302 12716.0 0.0
0.3745383194829178 13949.0 0.0
0.6254616805170822 13541.0 0.0
1.0 14962.0 0.0
