1143
0.00011542012927054478 572.8643813481071 183.908702677747
0.00023084025854108956 771.9704170708051 337.33462657613967
0.00034626038781163435 887.3847487001733 451.9185441941074
0.0004616805170821791 954.1383285302594 560.6195965417868
0.0005771006463527239 995.8684759916492 932.0688935281837
0.0006925207756232687 1017.7602339181286 946.0380116959064
0.0008079409048938135 1030.0646387832699 1112.551330798479
0.0009233610341643582 1041.4413145539907 1200.9014084507041
0.001038781163434903 1054.2989130434783 1375.5380434782608
0.0011542012927054479 1055.1806451612904 1386.2967741935483
0.0012696214219759926 1061.4661654135339 1684.0075187969924
0.0013850415512465374 1065.1185185185186 1747.9333333333334
0.0015004616805170822 1070.1709401709402 2450.222222222222
0.001615881809787627 1074.945652173913 1692.6630434782608
0.0017313019390581717 1081.2289156626507 2577.626506024096
0.0018467220683287165 1083.2298850574712 2670.885057471264
0.0019621421975992612 1083.7945205479452 2824.4794520547944
0.002077562326869806 1083.9404761904761 2784.8809523809523
0.0021929824561403508 1087.3538461538462 3060.9076923076923
0.0023084025854108957 1089.3188405797102 3117.6666666666665
0.0024238227146814403 1092.121212121212 3048.030303030303
0.0025392428439519853 1096.3636363636363 3668.8727272727274
0.00265466297322253 1093.3584905660377 3219.301886792453
0.002770083102493075 1092.0 2891.3695652173915
0.0028855032317636198 1094.3469387755101 3123.5102040816328
0.0030009233610341643 1092.9347826086957 3341.7391304347825
0.0031163434903047093 1098.9411764705883 4405.235294117647
0.003231763619575254 1096.2105263157894 4008.5263157894738
0.003347183748845799 1096.1363636363637 4814.136363636364
0.0034626038781163434 1100.5454545454545 4857.363636363636
0.0035780240073868884 1098.6451612903227 4843.258064516129
0.003693444136657433 1099.4375 5022.53125
0.003808864265927978 1102.36 5902.44
0.0039242843951985225 1102.3333333333333 5257.222222222223
0.004039704524469067 1102.0740740740741 4692.074074074074
0.004155124653739612 1104.04 6825.96
0.004270544783010157 1104.857142857143 6579.952380952381
0.0043859649122807015 1104.68 5740.4
0.004501385041551247 1105.0 5783.7692307692305
0.0046168051708217915 1101.0714285714287 4671.0
0.004732225300092336 1105.2307692307693 5570.461538461538
0.004847645429362881 1106.142857142857 8467.5
0.004963065558633426 1106.7142857142858 6943.285714285715
0.0050784856879039705 1107.2777777777778 6295.0
0.005193905817174515 1106.6153846153845 5536.153846153846
0.00530932594644506 1105.7058823529412 5133.529411764706
0.005424746075715605 1104.0714285714287 4804.857142857143
0.00554016620498615 1106.0 5668.0625
0.005655586334256694 1104.764705882353 5626.176470588235
0.0057710064635272396 1105.3846153846155 5627.692307692308
0.005886426592797784 1104.5384615384614 5630.923076923077
0.006001846722068329 1105.8461538461538 9115.0
0.006117266851338873 1107.0 10203.1875
0.006232686980609419 1107.7142857142858 10522.57142857143
0.006348107109879963 1107.5625 9938.1875
0.006463527239150508 1106.25 6259.875
0.006578947368421052 1108.2222222222222 7301.333333333333
0.006694367497691598 1108.3333333333333 11009.2
0.006809787626962142 1108.888888888889 8179.0
0.006925207756232687 1107.2727272727273 6130.272727272727
0.007040627885503232 1108.6666666666667 8043.555555555556
0.007156048014773777 1110.3 11478.4
0.007271468144044321 1109.0 10355.09090909091
0.007386888273314866 1107.0 6750.888888888889
0.007502308402585411 1108.2 10093.2
0.007617728531855956 1110.0 11603.857142857143
0.0077331486611265 1109.0 11397.4
0.007848568790397045 1109.0 20851.0
0.00796398891966759 1109.0 16125.0
0.008079409048938134 1112.125 20726.75
0.00819482917820868 1112.090909090909 25329.454545454544
0.008310249307479225 1108.7777777777778 19130.222222222223
0.008425669436749769 1108.857142857143 8977.857142857143
0.008541089566020314 1111.357142857143 19562.071428571428
0.00865650969529086 1109.5384615384614 13725.615384615385
0.008771929824561403 1109.7272727272727 12603.181818181818
0.008887349953831948 1109.5 9142.5
0.009002770083102494 1109.142857142857 8281.285714285714
0.009118190212373038 1111.25 14856.375
0.009233610341643583 1109.3333333333333 11904.166666666666
0.009349030470914127 1110.375 12761.75
0.009464450600184672 1111.5555555555557 13413.444444444445
0.009579870729455217 1111.7777777777778 13120.666666666666
0.009695290858725761 1111.1666666666667 12232.666666666666
0.009810710987996307 1111.0 16593.714285714286
0.009926131117266852 1111.5 19932.25
0.010041551246537396 1110.8333333333333 11349.0
0.010156971375807941 1109.0 9630.666666666666
0.010272391505078486 1110.8333333333333 14872.0
0.01038781163434903 1111.4285714285713 16133.285714285714
0.010503231763619576 1109.0 9904.166666666666
0.01061865189289012 1111.5 10960.666666666666
0.010734072022160665 1112.2857142857142 15955.142857142857
0.01084949215143121 1112.2 19522.6
0.010964912280701754 1111.0 13772.666666666666
0.0110803324099723 1109.8 11658.6
0.011195752539242845 1110.8333333333333 11066.833333333334
0.011311172668513388 1110.5 11627.75
0.011426592797783934 1110.6 11327.2
0.011542012927054479 1111.5 13704.0
0.011657433056325023 1111.8 11824.8
0.011772853185595568 1111.3333333333333 11489.0
0.011888273314866112 1112.2 12390.4
0.012003693444136657 1112.857142857143 15255.142857142857
0.012119113573407203 1112.2 14203.2
0.012234533702677746 1111.8 12945.4
0.012349953831948292 1112.4 14476.4
0.012465373961218837 1112.125 13371.875
0.012580794090489381 1111.0 12803.2
0.012696214219759926 1111.6666666666667 12966.333333333334
0.012811634349030472 1111.6 17743.8
0.012927054478301015 1112.7142857142858 17488.14285714286
0.01304247460757156 1109.75 14059.5
0.013157894736842105 1112.1666666666667 17682.0
0.01327331486611265 1111.4285714285713 15394.285714285714
0.013388734995383195 1112.3333333333333 20490.333333333332
0.013504155124653739 1113.5 19668.25
0.013619575253924284 1114.25 20768.5
0.01373499538319483 1113.875 18581.875
0.013850415512465374 1111.25 17346.0
0.013965835641735919 1112.4285714285713 24937.14285714286
0.014081255771006464 1114.0 17342.333333333332
0.014196675900277008 1113.6 17949.8
0.014312096029547553 1113.0 12197.25
0.014427516158818097 1113.0 19553.6
0.014542936288088643 1115.6666666666667 33187.0
0.014658356417359188 1114.5 24510.333333333332
0.014773776546629732 1112.8 25258.8
0.014889196675900277 1113.5 21653.0
0.015004616805170823 1113.0 8947.0
0.015120036934441366 1111.0 9269.0
0.015235457063711912 1112.6 26316.8
0.015350877192982455 1113.4 24940.2
0.015466297322253 1112.8333333333333 22524.166666666668
0.015581717451523546 1112.8 22808.4
0.01569713758079409 1113.3333333333333 37890.0
0.015812557710064637 1112.8333333333333 19150.333333333332
0.01592797783933518 1113.6666666666667 26775.666666666668
0.016043397968605724 1113.2 22171.6
0.016158818097876268 1113.0 21932.6
0.016274238227146815 1112.8 11904.2
0.01638965835641736 1113.0 12187.5
0.016505078485687903 1111.0 18860.0
0.01662049861495845 1113.5 26951.75
0.016735918744228993 1114.0 34925.5
0.016851338873499537 1111.5 9704.0
0.016966759002770084 1113.75 23992.5
0.017082179132040628 1114.25 25914.0
0.01719759926131117 1111.5 9743.0
0.017428439519852262 1112.6666666666667 13391.333333333334
0.017543859649122806 1112.6666666666667 13396.666666666666
0.017659279778393353 1114.5 36240.5
0.017774699907663897 1112.0 11762.333333333334
0.01789012003693444 1112.6666666666667 13278.0
0.018005540166204988 1111.5 11181.0
0.01812096029547553 1112.0 11181.0
0.018236380424746075 1112.0 11190.0
0.018351800554016622 1111.5 11782.5
0.018467220683287166 1111.5 11831.0
0.01858264081255771 1114.5 20665.5
0.018698060941828253 1115.0 19709.333333333332
0.0188134810710988 1110.0 9771.5
0.019159741458910435 1115.4 22659.6
0.01927516158818098 1113.3333333333333 20117.666666666668
0.019390581717451522 1111.5 16945.0
0.01950600184672207 1114.5 25882.5
0.019736842105263157 1115.0 31096.0
0.019852262234533704 1115.0 22660.0
0.019967682363804248 1115.0 21824.0
0.02008310249307479 1114.75 23771.0
0.02019852262234534 1114.3333333333333 29996.666666666668
0.020313942751615882 1114.5 24881.0
0.020429362880886426 1114.5 24882.0
0.020544783010156973 1113.5 25211.0
0.020660203139427517 1118.0 29591.0
0.02077562326869806 1112.0 30846.0
0.020891043397968604 1116.0 55628.0
0.02100646352723915 1114.5 39939.5
0.021121883656509695 1113.0 24242.0
0.02123730378578024 1113.0 24276.0
0.021352723915050786 1117.5 37578.5
0.02146814404432133 1117.5 28553.75
0.021583564173591873 1114.3333333333333 25322.0
0.02169898430286242 1114.5 22041.0
0.021814404432132964 1117.6666666666667 28216.333333333332
0.021929824561403508 1114.0 25878.0
0.0221606648199446 1116.3333333333333 27224.0
0.022276084949215142 1117.3333333333333 42525.333333333336
0.02239150507848569 1118.5 53070.0
0.022506925207756233 1117.3333333333333 41611.0
0.022622345337026777 1117.5 48139.5
0.022737765466297324 1116.3333333333333 40745.0
0.022853185595567867 1116.0 31573.5
0.02343028624192059 1115.0 32732.0
0.023545706371191136 1113.0 51639.0
0.02366112650046168 1119.0 37130.0
0.023776546629732224 1115.0 33213.0
0.02389196675900277 1119.0 37778.0
0.024007386888273315 1119.0 37778.0
0.02412280701754386 1119.0 37781.0
0.024238227146814405 1116.0 47488.0
0.02435364727608495 1116.5 34306.5
0.024469067405355493 1116.5 27722.5
0.02458448753462604 1118.0 32706.0
0.024699907663896584 1120.0 33321.0
0.024815327793167127 1117.5 33952.0
0.024930747922437674 1116.0 36948.0
0.025046168051708218 1117.0 39266.0
0.025161588180978762 1116.0 38622.5
0.02527700831024931 1117.0 39267.0
0.025392428439519853 1117.0 39267.0
0.025623268698060944 1119.0 39262.0
0.025738688827331487 1119.0 39278.0
0.02585410895660203 1119.5 36366.0
0.025969529085872575 1119.0 39278.0
0.02608494921514312 1117.0 30138.0
0.026200369344413665 1118.0 39353.5
0.02631578947368421 1115.6666666666667 30172.0
0.026431209602954756 1115.6666666666667 30188.0
0.0265466297322253 1117.5 27493.5
0.026662049861495844 1115.3333333333333 28469.666666666668
0.02677746999076639 1116.5 31976.5
0.026892890120036934 1115.3333333333333 32938.0
0.027008310249307478 1118.0 40273.5
0.027123730378578025 1119.0 39401.0
0.02723915050784857 1117.0 30609.0
0.027354570637119113 1119.0 39410.0
0.02746999076638966 1117.0 30633.5
0.027585410895660203 1116.25 32269.0
0.027700831024930747 1114.0 24493.0
0.027816251154201294 1120.0 35637.0
0.027931671283471838 1115.0 22188.0
0.02816251154201293 1115.0 22188.0
0.028277931671283472 1124.0 48375.0
0.028393351800554016 1124.0 49277.0
0.02850877192982456 1124.0 49289.0
0.028624192059095107 1117.0 43672.0
0.02873961218836565 1117.0 44614.0
0.028855032317636194 1116.0 38012.0
0.02897045244690674 1117.0 45242.0
0.029085872576177285 1124.0 49304.0
0.02920129270544783 1120.0 36070.5
0.029316712834718376 1119.0 39258.0
0.02943213296398892 1124.0 51092.0
0.02966297322253001 1124.0 51163.0
0.029778393351800554 1124.0 51164.0
0.030009233610341645 1124.0 51169.0
0.030240073868882732 1122.5 37235.5
0.03035549399815328 1118.0 28143.5
0.030586334256694367 1119.25 39283.5
0.03070175438596491 1122.5 37258.0
0.030817174515235458 1123.0 37277.0
0.030932594644506 1125.0 51253.0
0.031048014773776545 1120.0 44062.5
0.03139427516158818 1117.0 24427.0
0.03150969529085872 1117.5 54054.0
0.031625115420129274 1120.0 53166.666666666664
0.03185595567867036 1125.0 51388.0
0.03208679593721145 1117.0 24569.0
0.032317636195752536 1118.0 45715.0
0.03243305632502309 1118.0 66001.5
0.03254847645429363 1117.0 36881.0
0.032663896583564174 1117.6666666666667 53250.666666666664
0.03277931671283472 1118.0 49429.0
0.03289473684210526 1117.5 49103.0
0.033010156971375805 1117.0 48773.0
0.0332409972299169 1118.0 86933.0
0.03347183748845799 1117.0 25167.0
0.03358725761772853 1117.0 25290.0
0.033702677746999074 1116.0 32951.0
0.033818097876269625 1117.0 25576.0
0.03404893813481071 1116.0 48675.0
0.034164358264081256 1117.0 25592.0
0.0342797783933518 1117.0 25614.0
0.03439519852262234 1117.0 49321.0
0.03474145891043398 1117.0 51330.0
0.034856879039704525 1116.0 49782.0
0.03497229916897507 1120.5 51208.0
0.03508771929824561 1116.0 50141.0
0.035203139427516156 1116.5 50781.5
0.035318559556786706 1117.0 52160.0
0.03543397968605725 1120.5 51251.0
0.03566481994459834 1120.0 49078.5
0.036011080332409975 1117.0 30725.0
0.03612650046168052 1117.0 31135.0
0.038781163434903045 1117.0 32975.0
0.038896583564173595 1117.0 33004.0
0.03901200369344414 1117.0 33009.0
0.03912742382271468 1117.0 33021.0
0.03935826408125577 1121.0 98455.0
0.03970452446906741 1117.0 33178.0
0.03981994459833795 1117.0 33178.0
0.04132040627885503 1125.0 59000.0
0.04178208679593721 1125.0 59082.0
0.04189750692520776 1125.0 59082.0
0.0420129270544783 1125.0 59082.0
0.04247460757156048 1125.0 59104.0
0.04362880886426593 1118.0 63308.0
0.04374422899353647 1118.0 63310.0
0.043859649122807015 1119.0 63468.0
0.043975069252077566 1119.0 64106.0
0.04409048938134811 1119.0 64116.0
0.04524469067405355 1117.0 61929.0
0.0453601108033241 1117.0 61935.0
0.04547553093259465 1117.0 61935.0
0.04593721144967682 1117.0 61998.0
0.046052631578947366 1116.5 60242.5
0.046168051708217916 1121.0 38256.0
0.04628347183748846 1121.0 38256.0
0.046745152354570635 1119.0 69162.0
0.04697599261311173 1119.0 69162.0
0.047437673130193904 1121.0 48593.0
0.04755309325946445 1121.0 48609.0
0.047668513388735 1120.5 72995.0
0.04778393351800554 1120.5 73331.5
0.047899353647276086 1120.0 97926.0
0.04813019390581717 1120.0 113676.0
0.048591874422899355 1120.0 98100.0
0.049284395198522624 1120.0 98134.0
0.049630655586334255 1120.0 98839.0
0.0497460757156048 1120.0 99227.0
0.050092336103416436 1120.0 99247.0
0.05055401662049862 1120.0 114957.0
0.05066943674976916 1120.0 114957.0
0.050784856879039705 1120.0 116232.0
0.05101569713758079 1120.0 116246.0
0.051131117266851336 1120.0 116411.0
0.05159279778393352 1121.0 49602.0
0.05170821791320406 1121.0 49630.0
0.05193905817174515 1121.0 49646.0
0.0530932594644506 1120.0 103805.0
0.053208679593721143 1120.0 103821.0
0.05332409972299169 1120.0 103900.0
0.05343951985226224 1120.0 103901.0
0.05355493998153278 1120.0 103902.0
0.053670360110803325 1120.0 103917.0
0.05378578024007387 1120.0 103917.0
0.05390120036934441 1120.0 103940.0
0.05447830101569714 1117.0 49049.0
0.054709141274238225 1120.0 103945.0
0.05482456140350877 1120.0 104052.0
0.05528624192059095 1120.0 104350.0
0.055401662049861494 1120.0 104350.0
0.05563250230840259 1118.0 50254.0
0.05574792243767313 1118.0 50254.0
0.05620960295475531 1120.0 104370.0
0.05632502308402586 1121.0 126651.0
0.0564404432132964 1120.5 115510.5
0.056555863342566945 1120.0 104370.0
0.05701754385964912 1120.0 104449.0
0.058287165281625114 1120.0 104874.0
0.05840258541089566 1120.0 104874.0
0.05851800554016621 1120.0 105110.0
0.05909510618651893 1120.0 108648.0
0.059441366574330565 1120.0 108657.0
0.06001846722068329 1120.0 108798.0
0.06024930747922438 1120.0 108801.0
0.0608264081255771 1120.0 109028.0
0.061865189289012 1118.0 56091.0
0.062326869806094184 1121.0 137222.0
0.06244228993536473 1121.0 137234.0
0.06267313019390582 1118.0 59040.0
0.06371191135734072 1121.0 139021.0
0.06382733148661127 1121.0 139183.0
0.06394275161588181 1121.0 139190.0
0.06405817174515235 1121.0 139200.0
0.0641735918744229 1121.0 139353.0
0.06440443213296398 1121.0 139411.0
0.06451985226223453 1121.0 139414.0
0.06463527239150507 1121.0 139414.0
0.06475069252077563 1121.0 139416.0
0.06486611265004617 1121.0 139416.0
0.06498153277931672 1121.0 139416.0
0.06532779316712835 1121.0 140045.0
0.06613573407202217 1118.0 61123.0
0.06636657433056325 1118.0 61151.0
0.0664819944598338 1120.0 102640.0
0.06659741458910434 1118.0 61680.0
0.06671283471837489 1120.0 102865.5
0.06682825484764543 1120.0 102891.0
0.06694367497691597 1122.0 144102.0
0.06717451523545706 1118.0 61691.0
0.0672899353647276 1118.0 61694.0
0.06740535549399815 1118.0 61706.0
0.06752077562326869 1118.0 61708.0
0.06763619575253925 1118.0 61718.0
0.06775161588180979 1118.0 61867.0
0.06786703601108034 1118.0 61867.0
0.06832871652816251 1119.0 84209.0
0.06936749769159742 1119.0 84430.0
0.06948291782086796 1119.0 84431.0
0.0695983379501385 1119.0 84435.0
0.06994459833795014 1119.0 85238.0
0.07017543859649122 1119.0 85240.0
0.07029085872576177 1119.0 85502.0
0.07040627885503231 1119.0 85502.0
0.07052169898430287 1119.0 85510.0
0.0708679593721145 1122.0 146870.0
0.07098337950138504 1122.0 146870.0
0.07109879963065559 1119.0 89207.0
0.07121421975992613 1119.0 89220.0
0.0716759002770083 1119.0 92014.0
0.07259926131117267 1122.0 150712.0
0.0729455216989843 1119.0 92411.0
0.07306094182825484 1119.0 92466.0
0.07317636195752539 1119.0 92466.0
0.07329178208679593 1119.0 92471.0
0.07340720221606649 1119.0 92472.0
0.07363804247460758 1119.0 92484.0
0.07375346260387812 1119.0 92484.0
0.07386888273314866 1119.0 102484.0
0.07444598337950138 1122.0 152192.0
0.07467682363804247 1122.0 152265.0
0.07479224376731301 1123.0 104799.0
0.07490766389658357 1123.0 104882.0
0.07502308402585411 1123.0 104887.0
0.07536934441366575 1123.0 105062.0
0.07640812557710065 1119.0 106941.0
0.07663896583564174 1120.0 90289.0
0.07710064635272391 1123.0 106725.0
0.07721606648199446 1123.0 107383.0
0.07744690674053555 1122.0 161069.0
0.07756232686980609 1122.0 161069.0
0.07767774699907663 1122.0 161069.0
0.07790858725761773 1121.0 135270.0
0.07802400738688828 1121.0 135285.5
0.07813942751615882 1122.0 161071.0
0.07825484764542937 1122.0 164835.0
0.07837026777469991 1122.0 164835.0
0.078601108033241 1120.0 109610.0
0.07883194829178208 1120.0 109964.0
0.07906278855032317 1122.0 164881.0
0.07917820867959371 1122.0 164881.0
0.07929362880886427 1122.0 164881.0
0.07975530932594645 1122.0 165019.0
0.07998614958448753 1123.0 109924.0
0.08010156971375808 1122.5 138113.0
0.08044783010156971 1122.0 166305.0
0.08067867036011081 1120.0 112629.0
0.08102493074792244 1120.0 112633.0
0.08114035087719298 1122.0 166356.0
0.08125577100646353 1123.0 110016.0
0.08137119113573407 1120.0 112675.0
0.08148661126500462 1121.0 139529.5
0.08160203139427516 1121.6666666666667 129717.0
0.0817174515235457 1121.6666666666667 129744.33333333333
0.08183287165281625 1122.0 166456.0
0.08194829178208679 1123.0 110135.0
0.08217913204062789 1122.0 166478.0
0.08229455216989844 1122.0 166478.0
0.08240997229916898 1120.0 114073.0
0.08264081255771007 1123.0 111490.0
0.08275623268698061 1123.0 111495.0
0.08287165281625115 1120.0 114886.0
0.0829870729455217 1123.0 111495.0
0.08310249307479224 1121.5 113195.5
0.08321791320406279 1120.0 114893.0
0.08333333333333333 1122.0 137292.0
0.08344875346260387 1123.0 148507.5
0.08356417359187442 1121.5 113298.0
0.08367959372114497 1123.0 111902.0
0.08379501385041552 1120.0 114946.0
0.08391043397968606 1123.0 112060.0
0.0840258541089566 1120.0 114956.0
0.08414127423822715 1123.0 148803.5
0.08425669436749769 1123.0 185516.0
0.08437211449676824 1123.0 185518.0
0.08448753462603878 1123.0 185518.0
0.08471837488457987 1122.0 137618.33333333334
0.08483379501385041 1123.0 112270.0
0.08552631578947369 1123.0 112433.0
0.08621883656509695 1123.0 189627.0
0.08668051708217914 1123.0 189690.0
0.08725761772853186 1123.0 189973.0
0.08760387811634349 1123.0 190004.0
0.08771929824561403 1123.0 190004.0
0.08887349953831948 1123.0 190231.0
0.08933518005540166 1123.0 190918.0
0.08945060018467221 1123.0 200696.0
0.09002770083102493 1123.0 200812.0
0.09060480147737765 1123.0 201054.0
0.09129732225300093 1124.0 176396.0
0.09141274238227147 1124.0 176396.0
0.09210526315789473 1123.0 209162.0
0.09222068328716528 1123.0 209191.0
0.09233610341643583 1122.0 166499.5
0.09245152354570638 1124.0 176589.0
0.09256694367497692 1124.0 176791.0
0.09268236380424746 1124.0 176791.0
0.09279778393351801 1124.0 176791.0
0.09291320406278855 1124.0 176792.0
0.09314404432132964 1124.0 176794.0
0.09325946445060018 1124.0 176808.0
0.09337488457987073 1124.0 176810.0
0.09349030470914127 1123.0 209585.0
0.09360572483841181 1123.0 209585.0
0.09372114496768236 1123.0 209585.0
0.09383656509695291 1123.0 209586.0
0.09395198522622346 1123.0 209586.0
0.094067405355494 1123.0 209674.0
0.09418282548476455 1123.0 211638.0
0.09429824561403509 1123.0 211638.0
0.09533702677747 1120.0 104300.0
0.09545244690674054 1120.0 104300.0
0.09568328716528163 1121.0 132077.0
0.09602954755309326 1121.0 132080.0
0.09833795013850416 1123.0 212023.0
0.10168513388734995 1123.0 129358.0
0.10203139427516159 1123.0 129450.0
0.10237765466297322 1123.0 129450.0
0.10457063711911357 1123.0 130365.0
0.10468605724838412 1123.0 130365.0
0.10480147737765466 1123.0 174356.0
0.1049168975069252 1123.0 174432.5
0.10503231763619575 1122.0 139977.0
0.10514773776546629 1122.5 180052.5
0.10526315789473684 1122.0 140962.0
0.10549399815327794 1123.0 219164.0
0.10584025854108957 1123.0 131302.0
0.10595567867036011 1123.0 219225.0
0.10607109879963066 1123.0 220088.0
0.10630193905817174 1123.0 220092.0
0.10653277931671283 1123.0 175812.0
0.10664819944598337 1123.0 220265.0
0.10676361957525392 1123.0 175943.5
0.10687903970452448 1121.5 125294.5
0.10699445983379502 1120.0 118983.0
0.10907202216066482 1120.0 120285.0
0.1093028624192059 1120.0 127790.0
0.10941828254847645 1120.0 127790.0
0.11103416435826408 1120.0 128707.0
0.11114958448753462 1120.0 128711.0
0.11126500461680518 1120.0 128711.0
0.11138042474607572 1120.0 128724.0
0.11149584487534626 1120.0 130396.0
0.11161126500461681 1121.5 133206.5
0.11230378578024007 1120.0 130710.0
0.11253462603878116 1120.0 130724.0
0.11265004616805172 1120.0 130781.0
0.11276546629732226 1120.0 130782.0
0.11299630655586335 1120.0 130911.0
0.11322714681440443 1121.5 134713.5
0.11334256694367498 1121.5 134715.0
0.11357340720221606 1120.0 131403.0
0.11368882733148661 1121.5 134783.0
0.11403508771929824 1120.0 132441.0
0.11449676823638043 1123.0 138190.0
0.11461218836565097 1123.0 138190.0
0.11472760849492152 1123.0 138190.0
0.11484302862419206 1123.0 138193.0
0.11553554939981532 1123.0 138614.0
0.11565096952908588 1123.0 138614.0
0.11576638965835642 1123.0 138614.0
0.11599722991689751 1123.0 138680.0
0.11611265004616805 1123.0 138685.0
0.11634349030470914 1120.0 142375.0
0.11645891043397968 1120.0 143025.0
0.11657433056325023 1123.0 139145.0
0.11749769159741459 1120.0 143444.0
0.11761311172668514 1120.0 143444.0
0.11784395198522622 1123.0 140349.0
0.11819021237303785 1123.0 140369.0
0.1183056325023084 1123.0 140429.0
0.1185364727608495 1120.0 143876.0
0.11865189289012004 1121.5 142166.0
0.11876731301939059 1120.0 144210.0
0.11888273314866113 1121.5 142401.0
0.11980609418282548 1120.0 144765.0
0.12003693444136658 1120.0 144766.0
0.12015235457063712 1120.0 144766.0
0.12072945521698984 1120.0 144793.0
0.12084487534626039 1120.0 144793.0
0.12096029547553093 1120.0 144896.0
0.12107571560480147 1123.0 141080.0
0.12119113573407202 1123.0 141080.0
0.12234533702677747 1120.0 145108.0
0.1226915974145891 1120.0 145169.0
0.12303785780240074 1120.0 145211.0
0.1252308402585411 1120.0 146092.0
0.12534626038781163 1120.0 146092.0
0.12569252077562326 1120.0 146108.0
0.12869344413665743 1123.0 146037.0
0.12880886426592797 1123.0 146038.0
0.1298476454293629 1120.0 148458.0
0.13030932594644506 1124.0 271920.0
0.1304247460757156 1122.0 210227.0
0.13077100646352724 1120.0 148658.0
0.13088642659279778 1124.0 272049.0
0.13111726685133887 1124.0 273649.0
0.13157894736842105 1122.0 211410.5
0.1316943674976916 1120.0 149167.0
0.13180978762696213 1122.0 211412.5
0.13192520775623268 1124.0 273781.0
0.13204062788550322 1120.0 149250.0
0.13215604801477376 1122.0 211536.5
0.13227146814404434 1120.0 149250.0
0.13238688827331488 1124.0 273869.0
0.13284856879039705 1123.0 180373.0
0.1329639889196676 1123.0 180394.0
0.13307940904893814 1123.0 180394.0
0.13319482917820868 1123.0 180398.0
0.13342566943674977 1123.0 215188.0
0.1337719298245614 1124.0 274691.0
0.13388734995383195 1124.0 274691.0
0.1340027700831025 1124.0 274702.0
0.13411819021237303 1120.0 149934.0
0.13446445060018467 1123.0 215356.0
0.1345798707294552 1123.0 215946.0
0.13469529085872575 1123.0 222073.0
0.14104339796860574 1123.0 229398.0
0.14115881809787628 1123.0 230755.0
0.14185133887349954 1126.0 231389.0
0.1419667590027701 1126.0 231389.0
0.1425438596491228 1126.0 233451.0
0.14265927977839335 1126.0 233451.0
0.1427746999076639 1126.0 233467.0
0.1435826408125577 1126.0 235542.0
0.15039242843951986 1120.0 162188.0
0.15062326869806095 1120.0 162244.0
0.1525854108956602 1120.0 162679.0
0.15270083102493076 1120.0 162709.0
0.1528162511542013 1122.0 223616.5
0.15293167128347185 1120.0 162772.0
0.1530470914127424 1124.0 285585.0
0.15316251154201294 1120.0 162774.0
0.15327793167128348 1120.0 162774.0
0.1536241920590951 1124.0 286214.0
0.15443213296398892 1124.0 286242.0
0.15454755309325946 1124.0 286242.0
0.15466297322253 1124.0 286969.0
0.15627885503231764 1120.0 164553.0
0.15662511542012927 1120.0 164596.0
0.16124192059095105 1120.0 168425.0
0.16412742382271467 1120.0 169500.0
0.16528162511542013 1121.0 169627.0
0.17613111726685135 1121.0 182338.0
0.17693905817174516 1121.0 182522.0
0.1770544783010157 1121.0 182526.0
0.17716989843028624 1121.0 182527.0
0.1772853185595568 1121.0 182623.0
0.17740073868882733 1121.0 182623.0
0.17751615881809787 1121.0 182642.0
0.17763157894736842 1121.0 182642.0
0.1791320406278855 1121.0 182866.0
0.1793628808864266 1121.0 182866.0
0.18074792243767313 1125.0 195684.0
0.18086334256694367 1125.0 195889.0
0.1809787626962142 1125.0 195983.0
0.18109418282548476 1125.0 195983.0
0.1814404432132964 1121.0 185817.0
0.18259464450600185 1121.0 186185.0
0.18305632502308403 1123.0 191424.5
0.18317174515235457 1125.0 197471.0
0.18640350877192982 1125.0 202038.0
0.18674976915974145 1125.0 202968.0
0.18963527239150507 1126.0 297540.0
0.18975069252077562 1126.0 297541.0
0.20648661126500462 1125.0 234064.0
0.20729455216989842 1121.0 233764.0
0.2138734995383195 1123.0 260961.0
0.2322253000923361 1132.0 356645.0
0.23234072022160665 1132.0 356645.0
0.23280240073868882 1132.0 362577.0
0.23291782086795937 1132.0 362615.0
0.23337950138504154 1132.0 362706.0
0.23372576177285317 1132.0 362719.0
0.3271006463527239 1134.0 539529.0
0.32721606648199447 1134.0 540153.0
0.327331486611265 1134.0 540153.0
0.32767774699907665 1134.0 540181.0
0.32917820867959374 1134.0 541042.0
0.32940904893813483 1134.0 541059.0
0.32952446906740535 1134.0 541059.0
0.32975530932594643 1134.0 541086.0
0.329870729455217 1134.0 541086.0
0.3302169898430286 1134.0 541213.0
0.33056325023084027 1134.0 541227.0
0.33090951061865187 1134.0 541260.0
0.33102493074792244 1134.0 541386.0
0.33125577100646353 1134.0 546664.0
0.33252539242843954 1134.0 556514.0
0.33541089566020316 1136.0 558554.0
0.3605724838411819 1136.0 596532.0
0.3654201292705448 1136.0 646931.0
0.3666897506925208 1136.0 652048.0
0.3688827331486611 1136.0 656468.0
0.3770775623268698 1139.0 693295.0
0.4164358264081256 1140.0 791750.0
0.4249769159741459 1140.0 811391.0
0.5796398891966759 1142.0 1098360.0
0.7935133887349953 1142.0 1359321.0
1.0 1143.0 1593385.0
