587176
0.00011542012927054478 1065.5901431209602 0.0
0.00023084025854108956 1698.0886784330607 0.0
0.00034626038781163435 2375.8089780324735 0.0
0.0004616805170821791 2910.673846153846 0.0
0.0005771006463527239 3441.965235173824 0.0
0.0006925207756232687 3962.0197740112994 0.0
0.0008079409048938135 4028.3237410071943 0.0
0.0009233610341643582 4632.1278538812785 0.0
0.001038781163434903 4759.950276243094 0.0
0.0011542012927054479 5332.951724137931 0.0
0.0012696214219759926 6102.6834532374105 0.0
0.0013850415512465374 6112.102362204724 0.0
0.0015004616805170822 6478.252173913043 0.0
0.001615881809787627 6758.551724137931 0.0
0.0017313019390581717 7387.767441860465 0.0
0.0018467220683287165 6714.328767123287 0.0
0.0019621421975992612 7569.375 0.0
0.002077562326869806 7751.014925373134 0.0
0.0021929824561403508 8323.547169811322 0.0
0.0023084025854108957 8333.5 0.0
0.0024238227146814403 8910.716666666667 0.0
0.0025392428439519853 8961.725490196079 0.0
0.00265466297322253 9434.65306122449 0.0
0.002770083102493075 9274.487804878048 0.0
0.0028855032317636198 8731.222222222223 0.0
0.0030009233610341643 10083.558139534884 0.0
0.0031163434903047093 10248.29411764706 0.0
0.003231763619575254 9950.952380952382 0.0
0.003347183748845799 11566.555555555555 0.0
0.0034626038781163434 11404.03125 0.0
0.0035780240073868884 10727.676470588236 0.0
0.003693444136657433 10342.5 0.0
0.003808864265927978 10857.034482758621 0.0
0.0039242843951985225 10945.0 0.0
0.004039704524469067 11715.772727272728 0.0
0.004155124653739612 12433.190476190477 0.0
0.004270544783010157 10864.05 0.0
0.0043859649122807015 13594.6 0.0
0.004501385041551247 10370.07142857143 0.0
0.0046168051708217915 10821.09090909091 0.0
0.004732225300092336 11744.466666666667 0.0
0.004847645429362881 12885.470588235294 0.0
0.004963065558633426 12774.666666666666 0.0
0.0050784856879039705 13217.807692307691 0.0
0.005193905817174515 12164.90909090909 0.0
0.00530932594644506 11369.333333333334 0.0
0.005424746075715605 14499.47619047619 0.0
0.00554016620498615 13649.555555555555 0.0
0.005655586334256694 13988.235294117647 0.0
0.0057710064635272396 15280.866666666667 0.0
0.005886426592797784 15913.2 0.0
0.006001846722068329 16077.75 0.0
0.006117266851338873 13275.45 0.0
0.006232686980609419 14550.25 0.0
0.006348107109879963 15644.533333333333 0.0
0.006463527239150508 15340.470588235294 0.0
0.006578947368421052 15790.76923076923 0.0
0.006694367497691598 15775.181818181818 0.0
0.006809787626962142 14589.666666666666 0.0
0.006925207756232687 17722.88888888889 0.0
0.007040627885503232 17655.384615384617 0.0
0.007156048014773777 21088.0 0.0
0.007271468144044321 18457.555555555555 0.0
0.007386888273314866 19763.125 0.0
0.007502308402585411 18675.833333333332 0.0
0.007617728531855956 22002.125 0.0
0.0077331486611265 20853.0 0.0
0.007848568790397045 17651.25 0.0
0.00796398891966759 20925.5 0.0
0.008079409048938134 20603.125 0.0
0.00819482917820868 20095.0 0.0
0.008310249307479225 20444.133333333335 0.0
0.008425669436749769 20511.333333333332 0.0
0.008541089566020314 21336.583333333332 0.0
0.00865650969529086 19408.545454545456 0.0
0.008771929824561403 18845.75 0.0
0.008887349953831948 20322.11111111111 0.0
0.009002770083102494 18135.81818181818 0.0
0.009118190212373038 20066.85714285714 0.0
0.009233610341643583 19782.1 0.0
0.009349030470914127 21438.833333333332 0.0
0.009464450600184672 21573.25 0.0
0.009579870729455217 20204.714285714286 0.0
0.009695290858725761 21857.0 0.0
0.009810710987996307 21613.5 0.0
0.009926131117266852 22599.25 0.0
0.010041551246537396 21585.583333333332 0.0
0.010156971375807941 20626.8 0.0
0.010272391505078486 21671.18181818182 0.0
0.01038781163434903 22103.6 0.0
0.010503231763619576 19199.777777777777 0.0
0.01061865189289012 20376.3 0.0
0.010734072022160665 19172.7 0.0
0.01084949215143121 19776.5 0.0
0.010964912280701754 20535.428571428572 0.0
0.0110803324099723 20960.666666666668 0.0
0.011195752539242845 21424.714285714286 0.0
0.011311172668513388 22503.428571428572 0.0
0.011426592797783934 23803.0 0.0
0.011542012927054479 24737.8 0.0
0.011657433056325023 22767.833333333332 0.0
0.011772853185595568 21744.571428571428 0.0
0.011888273314866112 20562.0 0.0
0.012003693444136657 21140.125 0.0
0.012119113573407203 18478.0 0.0
0.012234533702677746 21902.166666666668 0.0
0.012349953831948292 20972.5 0.0
0.012465373961218837 21087.0 0.0
0.012580794090489381 24087.333333333332 0.0
0.012696214219759926 26443.0 0.0
0.012811634349030472 24877.666666666668 0.0
0.012927054478301015 18820.75 0.0
0.01304247460757156 28104.666666666668 0.0
0.013157894736842105 24287.0 0.0
0.01327331486611265 25252.2 0.0
0.013388734995383195 22290.5 0.0
0.013504155124653739 20090.333333333332 0.0
0.013619575253924284 21278.0 0.0
0.01373499538319483 22642.6 0.0
0.013850415512465374 25280.2 0.0
0.013965835641735919 23520.666666666668 0.0
0.014081255771006464 25448.6 0.0
0.014196675900277008 23953.0 0.0
0.014312096029547553 29274.5 0.0
0.014427516158818097 24139.666666666668 0.0
0.014542936288088643 25526.8 0.0
0.014658356417359188 26958.0 0.0
0.014773776546629732 25099.5 0.0
0.014889196675900277 22284.0 0.0
0.015004616805170823 22795.0 0.0
0.015120036934441366 23620.0 0.0
0.015235457063711912 30914.666666666668 0.0
0.015350877192982455 29356.333333333332 0.0
0.015466297322253 26530.75 0.0
0.015581717451523546 23583.333333333332 0.0
0.01569713758079409 22924.0 0.0
0.015812557710064637 22173.666666666668 0.0
0.01592797783933518 24249.2 0.0
0.016043397968605724 24591.0 0.0
0.016158818097876268 24263.6 0.0
0.016274238227146815 23150.333333333332 0.0
0.01638965835641736 27722.666666666668 0.0
0.016505078485687903 29362.5 0.0
0.01662049861495845 24658.0 0.0
0.016735918744228993 33826.75 0.0
0.016851338873499537 34543.666666666664 0.0
0.016966759002770084 34545.0 0.0
0.017082179132040628 32672.0 0.0
0.01719759926131117 28206.5 0.0
0.01731301939058172 33686.5 0.0
0.017428439519852262 31544.0 0.0
0.017543859649122806 29671.5 0.0
0.017659279778393353 26917.0 0.0
0.017774699907663897 28554.666666666668 0.0
0.01789012003693444 35300.25 0.0
0.018005540166204988 33329.75 0.0
0.01812096029547553 36823.5 0.0
0.018236380424746075 32465.0 0.0
0.018351800554016622 34571.333333333336 0.0
0.018467220683287166 42694.0 0.0
0.01858264081255771 34602.166666666664 0.0
0.018698060941828253 30460.2 0.0
0.0188134810710988 27112.5 0.0
0.018928901200369344 32526.5 0.0
0.019044321329639888 30430.333333333332 0.0
0.019159741458910435 36408.0 0.0
0.01927516158818098 27395.5 0.0
0.019390581717451522 36804.5 0.0
0.01950600184672207 30512.333333333332 0.0
0.019621421975992613 27491.0 0.0
0.019736842105263157 29602.0 0.0
0.019852262234533704 28316.5 0.0
0.019967682363804248 38920.5 0.0
0.02008310249307479 37203.0 0.0
0.02019852262234534 29190.5 0.0
0.020313942751615882 31869.333333333332 0.0
0.020429362880886426 30450.6 0.0
0.020544783010156973 35095.0 0.0
0.020660203139427517 42953.5 0.0
0.02077562326869806 41206.5 0.0
0.020891043397968604 40951.5 0.0
0.02100646352723915 43737.6 0.0
0.021121883656509695 45052.0 0.0
0.02146814404432133 46573.0 0.0
0.021583564173591873 36935.0 0.0
0.02169898430286242 41999.0 0.0
0.021814404432132964 42010.0 0.0
0.021929824561403508 34758.25 0.0
0.022045244690674055 35375.5 0.0
0.0221606648199446 33306.0 0.0
0.022276084949215142 36649.5 0.0
0.02239150507848569 40047.5 0.0
0.022506925207756233 38359.75 0.0
0.022737765466297324 48830.0 0.0
0.022853185595567867 40097.0 0.0
0.02296860572483841 39237.666666666664 0.0
0.023199445983379502 31700.0 0.0
0.023314866112650046 25440.0 0.0
0.02343028624192059 32857.0 0.0
0.023545706371191136 37322.0 0.0
0.02366112650046168 37344.0 0.0
0.023776546629732224 36761.5 0.0
0.02389196675900277 43222.0 0.0
0.024007386888273315 38956.0 0.0
0.02412280701754386 37603.333333333336 0.0
0.024238227146814405 39425.0 0.0
0.02435364727608495 37666.0 0.0
0.024469067405355493 60147.0 0.0
0.02458448753462604 60195.0 0.0
0.024699907663896584 43031.0 0.0
0.024815327793167127 25877.0 0.0
0.024930747922437674 38819.0 0.0
0.025046168051708218 32059.5 0.0
0.025161588180978762 37923.333333333336 0.0
0.02527700831024931 42955.333333333336 0.0
0.025392428439519853 25976.0 0.0
0.025507848568790396 35538.5 0.0
0.025623268698060944 39002.6 0.0
0.025738688827331487 40347.666666666664 0.0
0.02585410895660203 44769.0 0.0
0.025969529085872575 42911.5 0.0
0.02608494921514312 37939.666666666664 0.0
0.02631578947368421 36573.666666666664 0.0
0.026431209602954756 28099.0 0.0
0.0265466297322253 40469.5 0.0
0.026662049861495844 37336.5 0.0
0.02677746999076639 39336.0 0.0
0.026892890120036934 37923.666666666664 0.0
0.027008310249307478 38512.666666666664 0.0
0.027123730378578025 43657.0 0.0
0.02723915050784857 43907.333333333336 0.0
0.027354570637119113 62177.0 0.0
0.02746999076638966 39116.5 0.0
0.027585410895660203 46868.0 0.0
0.027700831024930747 48939.0 0.0
0.027816251154201294 40779.0 0.0
0.02804709141274238 46983.0 0.0
0.02816251154201293 47470.0 0.0
0.028277931671283472 43278.0 0.0
0.028393351800554016 47796.5 0.0
0.02850877192982456 40873.25 0.0
0.028624192059095107 44490.0 0.0
0.02873961218836565 43685.5 0.0
0.028855032317636194 38812.5 0.0
0.02897045244690674 42115.0 0.0
0.029085872576177285 41365.0 0.0
0.02920129270544783 44401.666666666664 0.0
0.029316712834718376 42669.0 0.0
0.02943213296398892 39580.0 0.0
0.03012465373961219 40605.0 0.0
0.03035549399815328 40636.0 0.0
0.030470914127423823 40643.0 0.0
0.030586334256694367 40627.0 0.0
0.030817174515235458 40723.0 0.0
0.030932594644506 40731.0 0.0
0.031048014773776545 42233.0 0.0
0.031163434903047092 42932.0 0.0
0.031278855032317636 55502.5 0.0
0.03139427516158818 55517.0 0.0
0.03150969529085872 34168.0 0.0
0.031625115420129274 51164.5 0.0
0.03174053554939982 34279.0 0.0
0.031971375807940905 34448.0 0.0
0.03208679593721145 53452.333333333336 0.0
0.03220221606648199 41015.0 0.0
0.032317636195752536 41020.0 0.0
0.03243305632502309 52437.0 0.0
0.03254847645429363 68188.0 0.0
0.032663896583564174 60341.5 0.0
0.03277931671283472 45558.333333333336 0.0
0.03289473684210526 50896.666666666664 0.0
0.033010156971375805 38388.0 0.0
0.033125577100646356 42941.0 0.0
0.0332409972299169 43538.0 0.0
0.03335641735918744 43557.0 0.0
0.03347183748845799 68508.0 0.0
0.03358725761772853 62267.0 0.0
0.033702677746999074 49949.0 0.0
0.033818097876269625 52084.0 0.0
0.03393351800554017 52695.5 0.0
0.03404893813481071 52839.5 0.0
0.0342797783933518 31764.0 0.0
0.03439519852262234 59112.5 0.0
0.03451061865189289 45314.0 0.0
0.03474145891043398 47483.0 0.0
0.034856879039704525 47485.5 0.0
0.03497229916897507 45360.0 0.0
0.035203139427516156 39733.5 0.0
0.035318559556786706 50668.5 0.0
0.03543397968605725 43977.666666666664 0.0
0.035549399815327794 37335.0 0.0
0.03566481994459834 42212.0 0.0
0.03578024007386888 49600.0 0.0
0.036011080332409975 39857.0 0.0
0.03624192059095106 58276.5 0.0
0.036357340720221606 59187.333333333336 0.0
0.03647276084949215 55995.0 0.0
0.036588180978762694 57494.0 0.0
0.03681902123730379 56671.0 0.0
0.03693444136657433 45624.5 0.0
0.037049861495844875 46700.666666666664 0.0
0.03716528162511542 46765.333333333336 0.0
0.03728070175438596 43836.0 0.0
0.037396121883656507 43784.5 0.0
0.03751154201292706 49857.0 0.0
0.0376269621421976 57934.0 0.0
0.037742382271468145 57992.0 0.0
0.03785780240073869 45893.0 0.0
0.03797322253000923 50493.0 0.0
0.038088642659279776 50495.0 0.0
0.038204062788550326 53623.0 0.0
0.03831948291782087 56739.0 0.0
0.038434903047091414 50724.25 0.0
0.03855032317636196 58681.666666666664 0.0
0.0386657433056325 56625.333333333336 0.0
0.038781163434903045 48863.0 0.0
0.038896583564173595 60221.25 0.0
0.03901200369344414 60174.0 0.0
0.03912742382271468 55070.666666666664 0.0
0.039242843951985226 64577.0 0.0
0.03935826408125577 66268.66666666667 0.0
0.039473684210526314 62644.5 0.0
0.03958910433979686 61266.0 0.0
0.039935364727608495 65740.5 0.0
0.04005078485687904 60481.5 0.0
0.04016620498614958 51484.0 0.0
0.040281625115420126 51485.0 0.0
0.04039704524469068 57103.0 0.0
0.04051246537396122 51529.0 0.0
0.04074330563250231 62512.0 0.0
0.04085872576177285 75639.0 0.0
0.040974145891043395 60753.0 0.0
0.041089566020313946 56233.0 0.0
0.04132040627885503 51783.0 0.0
0.04143582640812558 51784.0 0.0
0.04155124653739612 99818.0 0.0
0.0420129270544783 54039.0 0.0
0.04235918744228993 43569.0 0.0
0.04247460757156048 56655.0 0.0
0.04259002770083103 56660.0 0.0
0.04293628808864266 62537.666666666664 0.0
0.043167128347183746 43629.0 0.0
0.0432825484764543 43632.0 0.0
0.04339796860572484 43640.0 0.0
0.04362880886426593 43657.0 0.0
0.04374422899353647 46599.5 0.0
0.043859649122807015 44518.0 0.0
0.043975069252077566 44561.0 0.0
0.04409048938134811 49895.0 0.0
0.0443213296398892 60097.0 0.0
0.04443674976915974 52153.5 0.0
0.04466759002770083 57557.5 0.0
0.045013850415512466 70397.0 0.0
0.04512927054478301 70398.0 0.0
0.04524469067405355 70453.0 0.0
0.0453601108033241 70456.0 0.0
0.04559095106186519 50250.0 0.0
0.045706371191135735 60365.5 0.0
0.04582179132040628 60382.5 0.0
0.04593721144967682 61583.0 0.0
0.046052631578947366 61628.0 0.0
0.04628347183748846 70507.0 0.0
0.046398891966759004 70519.0 0.0
0.04651431209602955 67025.0 0.0
0.04686057248384118 70506.5 0.0
0.04697599261311173 60982.5 0.0
0.04720683287165282 63696.0 0.0
0.04732225300092336 58408.0 0.0
0.047437673130193904 61153.5 0.0
0.04755309325946445 58508.0 0.0
0.04847645429362881 62827.0 0.0
0.048591874422899355 62833.0 0.0
0.04951523545706371 63006.0 0.0
0.049630655586334255 63009.0 0.0
0.04986149584487535 63017.0 0.0
0.05055401662049862 65329.0 0.0
0.050784856879039705 64300.0 0.0
0.05090027700831025 63310.0 0.0
0.05286241920590951 78001.0 0.0
0.05355493998153278 66153.0 0.0
0.05378578024007387 66159.0 0.0
0.05482456140350877 67629.0 0.0
0.05493998153277932 67675.0 0.0
0.05505540166204986 67773.0 0.0
0.055863342566943676 60613.0 0.0
0.05597876269621422 60625.0 0.0
0.05609418282548476 60782.0 0.0
0.0564404432132964 72719.0 0.0
0.056555863342566945 72766.0 0.0
0.057594644506001845 76369.0 0.0
0.05771006463527239 76373.0 0.0
0.05851800554016621 76539.0 0.0
0.05863342566943675 76564.0 0.0
0.058748845798707296 76638.0 0.0
0.05886426592797784 74550.0 0.0
0.05897968605724838 76668.0 0.0
0.05990304709141274 61648.0 0.0
0.060133887349953834 62411.0 0.0
0.0608264081255771 61734.0 0.0
0.060941828254847646 61736.0 0.0
0.06105724838411819 61762.0 0.0
0.061172668513388734 61763.0 0.0
0.06128808864265928 61805.0 0.0
0.06209602954755309 66609.5 0.0
0.06221144967682364 62146.0 0.0
0.06267313019390582 62228.0 0.0
0.06313481071098799 63198.0 0.0
0.06325023084025855 70376.33333333333 0.0
0.06336565096952909 76100.0 0.0
0.06348107109879964 73913.5 0.0
0.06359649122807018 63466.0 0.0
0.06428901200369344 76178.0 0.0
0.06498153277931672 78360.0 0.0
0.06752077562326869 80072.0 0.0
0.0765235457063712 69423.0 0.0
0.08114035087719298 85235.0 0.0
0.08125577100646353 85274.0 0.0
0.08217913204062789 85395.0 0.0
0.08229455216989844 96008.0 0.0
0.08287165281625115 95858.0 0.0
0.08310249307479224 72552.0 0.0
0.08564173591874423 101405.0 0.0
0.08621883656509695 136024.0 0.0
0.09325946445060018 116175.0 0.0
0.0997229916897507 132835.0 0.0
0.11080332409972299 118840.0 0.0
0.11276546629732226 115149.0 0.0
0.11357340720221606 115290.0 0.0
0.11368882733148661 115487.0 0.0
0.1216528162511542 114561.0 0.0
0.1226915974145891 93558.0 0.0
0.127539242843952 126733.0 0.0
0.1291551246537396 124238.0 0.0
0.13769621421975992 127350.0 0.0
0.15373961218836565 144402.0 0.0
0.18594182825484765 222470.0 0.0
0.18617266851338873 285601.0 0.0
0.20556325023084027 153028.0 0.0
0.2914358264081256 218101.0 0.0
0.391735918744229 364325.0 0.0
0.41897506925207756 287094.0 0.0
0.4791089566020314 305448.0 0.0
0.608264081255771 356774.0 0.0
1.0 587176.0 0.0
