504431
0.0001 597 0 0
0.0001 945 0 0
0.0002 1414 0 0
0.0003 1767 0 0
0.0003 2020 0 0
0.0004 2187 1 0
0.0005 2452 0 0
0.0006 2749 0 0
0.0006 2940 0 0
0.0007 3048 0 0
0.0008 3217 0 0
0.0008 3421 1 0
0.0009 3721 0 0
0.0010 4126 1 0
0.0010 3898 1 0
0.0011 4070 1 0
0.0012 4136 1 0
0.0012 4701 0 0
0.0013 4770 1 0
0.0014 4730 0 0
0.0015 5025 0 0
0.0015 5282 1 0
0.0016 4895 1 0
0.0017 5222 0 0
0.0017 5427 0 0
0.0018 5628 0 0
0.0019 6043 0 0
0.0019 5996 10 0
0.0020 5891 9 0
0.0021 6174 1 0
0.0021 5975 1 0
0.0022 6272 12 0
0.0023 6250 3 0
0.0024 6607 2 0
0.0024 6743 0 0
0.0025 7079 1 0
0.0026 7110 1 0
0.0026 7155 0 0
0.0027 7206 1 0
0.0028 7139 1 0
0.0028 7592 2 0
0.0029 7460 3 0
0.0030 7473 3 0
0.0030 7771 2 0
0.0031 7883 3 0
0.0032 7471 1 0
0.0033 11228 6 0
0.0033 7823 3 0
0.0034 7862 1 0
0.0035 9157 3 0
0.0035 7697 0 0
0.0036 8467 3 0
0.0037 8538 2 0
0.0037 7980 2 0
0.0038 8443 1 0
0.0039 9246 4 0
0.0039 8789 4 0
0.0040 9072 3 0
0.0041 9024 1 0
0.0042 9159 1 0
0.0042 8675 2 0
0.0043 9242 5 0
0.0044 10073 1 0
0.0044 10027 4 0
0.0045 9895 12 0
0.0046 11128 5 0
0.0046 11350 3 0
0.0047 10353 3 0
0.0048 8612 2 0
0.0048 10380 0 0
0.0049 9196 0 0
0.0050 9809 4 0
0.0051 8357 8 0
0.0051 12333 6 0
0.0052 9728 2 0
0.0053 11324 2 0
0.0053 11558 8 0
0.0054 10332 2 0
0.0055 10119 2 0
0.0055 10586 2 0
0.0056 10797 0 0
0.0057 11316 2 0
0.0057 11856 0 0
0.0058 10804 3 0
0.0059 10745 1 0
0.0060 11437 5 0
0.0060 11815 2 0
0.0061 15878 5 0
0.0062 15297 2 0
0.0062 15364 2 0
0.0063 11712 0 0
0.0064 15763 0 0
0.0064 11394 2 0
0.0065 12637 0 0
0.0066 13558 1 0
0.0067 14845 3 0
0.0067 14345 3 0
0.0068 14120 5 0
0.0069 14069 20 0
0.0069 11826 0 0
0.0070 12576 17 0
0.0071 14561 14 0
0.0071 14257 11 0
0.0072 14197 12 0
0.0073 15097 1 0
0.0073 13446 7 0
0.0074 13867 0 0
0.0076 15516 17 0
0.0076 13384 0 0
0.0077 47486 31 0
0.0078 10762 19 0
0.0078 13936 0 0
0.0080 17210 10 0
0.0080 14445 0 0
0.0081 20378 290 0
0.0082 17483 26 0
0.0082 15687 7 0
0.0083 15873 0 0
0.0084 12336 0 0
0.0085 11492 1 0
0.0087 14727 27 0
0.0087 16264 42 0
0.0088 11875 0 0
0.0089 14558 0 0
0.0089 16065 5 0
0.0090 15949 3 0
0.0091 24895 0 0
0.0092 28220 4 0
0.0094 12631 1 0
0.0094 18706 3 0
0.0095 16792 3 0
0.0096 15483 6 0
0.0096 15206 3 0
0.0098 13430 0 0
0.0099 17170 0 0
0.0102 16330 0 0
0.0103 16387 0 0
0.0105 19577 6 0
0.0106 15614 0 0
0.0107 19444 290 0
0.0107 14250 0 0
0.0112 14735 17 0
0.0114 17838 1 0
0.0118 20237 4 0
0.0120 17348 2 0
0.0122 24173 1 0
0.0123 19888 0 0
0.0124 19466 16 0
0.0125 23531 0 0
0.0125 58159 0 0
0.0127 31582 4 0
0.0130 24418 14 0
0.0132 21343 294 0
0.0139 30315 0 0
0.0143 23400 3 0
0.0147 20107 0 0
0.0149 17671 0 0
0.0150 22018 0 0
0.0151 20976 1 0
0.0154 37213 6 0
0.0155 23015 10 0
0.0156 26091 14 0
0.0157 57398 10 0
0.0159 23039 0 0
0.0162 26906 14 0
0.0164 28762 14 0
0.0165 25395 0 0
0.0166 24614 0 0
0.0171 25401 27 0
0.0172 33933 4 0
0.0172 28977 0 0
0.0179 27286 0 0
0.0179 32516 4 0
0.0184 32987 4 0
0.0188 29033 0 0
0.0190 23375 9 0
0.0191 32672 292 0
0.0193 27666 0 0
0.0194 24179 4 0
0.0196 25597 1 0
0.0197 24281 9 0
0.0198 26646 1 0
0.0200 31124 0 0
0.0201 25708 38 0
0.0202 21859 0 0
0.0208 26445 1 0
0.0209 31903 32 0
0.0210 21580 0 0
0.0212 24922 4 0
0.0213 27144 10 0
0.0215 35249 4 0
0.0219 29870 5 0
0.0220 30028 584 0
0.0220 33168 32 0
0.0222 22367 6 0
0.0227 25091 6 0
0.0234 26982 52 0
0.0238 33970 1 0
0.0239 28055 42 0
0.0241 34604 0 0
0.0242 99210 2 0
0.0243 44962 17 0
0.0247 25939 3 0
0.0247 28390 52 0
0.0248 41640 0 0
0.0249 28276 4 0
0.0253 32171 0 0
0.0254 29123 9 0
0.0257 30604 4 0
0.0258 33165 0 0
0.0259 28547 6 0
0.0261 41674 0 0
0.0262 31232 0 0
0.0265 33968 586 0
0.0265 30574 6 0
0.0267 32592 5 0
0.0272 34592 32 0
0.0274 32228 27 0
0.0278 44109 31 0
0.0281 42717 0 0
0.0281 31417 6 0
0.0285 28292 0 0
0.0287 33492 10 0
0.0292 43769 0 0
0.0292 36977 32 0
0.0296 101999 2 0
0.0297 42530 44 0
0.0299 48887 18 0
0.0305 40607 6 0
0.0310 36517 295 0
0.0314 39126 5 0
0.0320 38157 2 0
0.0321 35309 316 0
0.0323 40322 4 0
0.0328 32246 27 0
0.0329 55701 5 0
0.0330 43645 52 0
0.0330 39984 590 0
0.0333 30307 0 0
0.0333 44052 14 0
0.0334 33928 66 0
0.0335 39464 30 0
0.0344 45346 37 0
0.0346 43554 1 0
0.0346 41938 0 0
0.0349 58781 23 0
0.0351 45794 4 0
0.0354 44710 8 0
0.0356 47214 590 0
0.0357 41509 34 0
0.0362 43869 0 0
0.0364 59915 5 0
0.0364 42429 45 0
0.0366 47567 71 0
0.0375 81102 21 0
0.0385 36335 30 0
0.0392 38662 44 0
0.0401 42132 44 0
0.0405 53591 70 0
0.0413 53490 9 0
0.0414 44311 47 0
0.0416 50057 71 0
0.0418 38023 34 0
0.0418 44737 10 0
0.0420 55691 6 0
0.0420 47405 317 0
0.0421 58963 40 0
0.0423 40360 62 0
0.0429 48946 1 0
0.0434 64607 7 0
0.0436 113952 12 0
0.0440 54364 56 0
0.0457 44073 17 0
0.0463 51586 30 0
0.0464 54573 71 0
0.0466 40708 74 0
0.0471 59580 36 0
0.0472 44225 73 0
0.0478 47644 74 0
0.0495 49538 44 0
0.0499 48209 69 0
0.0500 63286 75 0
0.1000 76128 131 0
0.1500 111413 156 0
0.2000 142246 226 0
0.2500 188388 272 0
0.3000 222932 333 0
0.3500 242259 363 0
0.4000 259239 392 0
0.4501 278611 436 0
0.5001 302264 472 0
0.5501 316733 478 0
0.6000 333950 478 0
0.6500 353112 1078 0
0.7001 382431 1085 0
0.7501 398643 1163 0
0.8001 451222 1175 0
0.8501 468448 1226 0
0.9000 481177 1300 0
0.9501 494555 1374 0
1.0000 504431 1483 0
