14963
0.00011542012927054478 1011.715027700831 0.0
0.00023084025854108956 1507.074754901961 0.0
0.00034626038781163435 2201.567853705486 0.0
0.0004616805170821791 2610.2503840245777 0.0
0.0005771006463527239 3013.1146788990827 0.0
0.0006925207756232687 3447.219718309859 0.0
0.0008079409048938135 3715.1849056603774 0.0
0.0009233610341643582 3786.926108374384 0.0
0.001038781163434903 4146.79347826087 0.0
0.0011542012927054479 4441.051612903226 0.0
0.0012696214219759926 4616.212121212121 0.0
0.0013850415512465374 4834.1 0.0
0.0015004616805170822 5013.388888888889 0.0
0.001615881809787627 5109.5 0.0
0.0017313019390581717 5189.717391304348 0.0
0.0018467220683287165 5350.682926829269 0.0
0.0019621421975992612 5538.652777777777 0.0
0.002077562326869806 5853.257575757576 0.0
0.0021929824561403508 5989.283333333334 0.0
0.0023084025854108957 6067.104166666667 0.0
0.0024238227146814403 5906.025 0.0
0.0025392428439519853 6211.131578947368 0.0
0.00265466297322253 6274.976744186047 0.0
0.002770083102493075 6362.391304347826 0.0
0.0028855032317636198 6579.648648648648 0.0
0.0030009233610341643 6532.414634146341 0.0
0.0031163434903047093 6548.7 0.0
0.003231763619575254 6532.607142857143 0.0
0.003347183748845799 6710.366666666667 0.0
0.0034626038781163434 6902.633333333333 0.0
0.0035780240073868884 6741.92 0.0
0.003693444136657433 6885.814814814815 0.0
0.003808864265927978 7403.0 0.0
0.0039242843951985225 7433.423076923077 0.0
0.004039704524469067 7330.590909090909 0.0
0.004155124653739612 7107.448275862069 0.0
0.004270544783010157 7319.129032258064 0.0
0.0043859649122807015 7362.3448275862065 0.0
0.004501385041551247 7259.0 0.0
0.0046168051708217915 7465.695652173913 0.0
0.004732225300092336 7756.588235294118 0.0
0.004847645429362881 7646.066666666667 0.0
0.004963065558633426 7460.65 0.0
0.0050784856879039705 7508.444444444444 0.0
0.005193905817174515 7742.2307692307695 0.0
0.00530932594644506 7677.277777777777 0.0
0.005424746075715605 7541.0 0.0
0.00554016620498615 7714.210526315789 0.0
0.005655586334256694 7414.285714285715 0.0
0.0057710064635272396 7515.153846153846 0.0
0.005886426592797784 7625.444444444444 0.0
0.006001846722068329 7598.555555555556 0.0
0.006117266851338873 7748.090909090909 0.0
0.006232686980609419 7836.5 0.0
0.006348107109879963 8375.142857142857 0.0
0.006463527239150508 8039.923076923077 0.0
0.006578947368421052 8188.25 0.0
0.006694367497691598 8075.555555555556 0.0
0.006809787626962142 8109.181818181818 0.0
0.006925207756232687 8224.8125 0.0
0.007040627885503232 8300.142857142857 0.0
0.007156048014773777 8236.0 0.0
0.007271468144044321 8338.222222222223 0.0
0.007386888273314866 8458.29411764706 0.0
0.007502308402585411 8350.5625 0.0
0.007617728531855956 8242.181818181818 0.0
0.0077331486611265 8407.076923076924 0.0
0.007848568790397045 8464.285714285714 0.0
0.00796398891966759 8329.333333333334 0.0
0.008079409048938134 8627.0 0.0
0.00819482917820868 8357.363636363636 0.0
0.008310249307479225 8235.375 0.0
0.008425669436749769 8216.538461538461 0.0
0.008541089566020314 8442.09090909091 0.0
0.00865650969529086 8440.857142857143 0.0
0.008771929824561403 8367.142857142857 0.0
0.008887349953831948 8811.25 0.0
0.009002770083102494 8670.0 0.0
0.009118190212373038 8408.142857142857 0.0
0.009233610341643583 8684.0 0.0
0.009349030470914127 8707.42857142857 0.0
0.009464450600184672 8607.636363636364 0.0
0.009579870729455217 8841.57142857143 0.0
0.009695290858725761 8360.333333333334 0.0
0.009810710987996307 7500.0 0.0
0.009926131117266852 7903.0 0.0
0.010041551246537396 7924.2 0.0
0.010156971375807941 8414.0 0.0
0.010272391505078486 8753.5 0.0
0.01038781163434903 8690.142857142857 0.0
0.010503231763619576 8936.0 0.0
0.01061865189289012 9030.57142857143 0.0
0.010734072022160665 8657.625 0.0
0.01084949215143121 8924.0 0.0
0.010964912280701754 9020.25 0.0
0.0110803324099723 8902.0 0.0
0.011195752539242845 9295.6 0.0
0.011311172668513388 9166.0 0.0
0.011426592797783934 9177.25 0.0
0.011542012927054479 9225.5 0.0
0.011657433056325023 9589.0 0.0
0.011772853185595568 9205.0 0.0
0.011888273314866112 9272.42857142857 0.0
0.012003693444136657 9180.666666666666 0.0
0.012119113573407203 9463.25 0.0
0.012234533702677746 8886.166666666666 0.0
0.012349953831948292 8886.0 0.0
0.012465373961218837 9302.714285714286 0.0
0.012580794090489381 9111.75 0.0
0.012696214219759926 9031.0 0.0
0.012811634349030472 9379.0 0.0
0.012927054478301015 9363.333333333334 0.0
0.01304247460757156 8669.0 0.0
0.013157894736842105 9166.2 0.0
0.01327331486611265 9538.0 0.0
0.013388734995383195 8887.5 0.0
0.013504155124653739 8916.0 0.0
0.013619575253924284 9047.0 0.0
0.01373499538319483 9174.666666666666 0.0
0.013850415512465374 9072.75 0.0
0.013965835641735919 9197.666666666666 0.0
0.014081255771006464 9382.5 0.0
0.014196675900277008 9077.0 0.0
0.014312096029547553 10038.0 0.0
0.014427516158818097 9388.142857142857 0.0
0.014542936288088643 9500.4 0.0
0.014658356417359188 9383.75 0.0
0.014773776546629732 9365.0 0.0
0.014889196675900277 9428.5 0.0
0.015004616805170823 9353.75 0.0
0.015120036934441366 9444.0 0.0
0.015235457063711912 9503.5 0.0
0.015350877192982455 9499.5 0.0
0.015466297322253 9393.0 0.0
0.015581717451523546 9524.0 0.0
0.01569713758079409 9640.5 0.0
0.015812557710064637 9318.0 0.0
0.01592797783933518 9729.333333333334 0.0
0.016043397968605724 9664.25 0.0
0.016158818097876268 9787.0 0.0
0.016274238227146815 9462.0 0.0
0.01638965835641736 9737.6 0.0
0.016505078485687903 9416.75 0.0
0.01662049861495845 9738.5 0.0
0.016735918744228993 9369.5 0.0
0.016851338873499537 9829.0 0.0
0.016966759002770084 9371.5 0.0
0.017082179132040628 9607.0 0.0
0.01719759926131117 9869.5 0.0
0.01731301939058172 9754.0 0.0
0.017428439519852262 9757.0 0.0
0.017543859649122806 9835.0 0.0
0.017659279778393353 9720.0 0.0
0.017774699907663897 9648.0 0.0
0.01789012003693444 9835.0 0.0
0.018005540166204988 9836.0 0.0
0.01812096029547553 10066.0 0.0
0.018236380424746075 10073.0 0.0
0.018351800554016622 10026.0 0.0
0.018467220683287166 9785.5 0.0
0.01858264081255771 9785.5 0.0
0.018698060941828253 9434.5 0.0
0.0188134810710988 10292.0 0.0
0.018928901200369344 10176.0 0.0
0.019044321329639888 10306.75 0.0
0.019159741458910435 10489.0 0.0
0.01927516158818098 9926.0 0.0
0.019390581717451522 9406.333333333334 0.0
0.01950600184672207 9487.75 0.0
0.019621421975992613 9822.0 0.0
0.019736842105263157 9640.333333333334 0.0
0.019852262234533704 9761.666666666666 0.0
0.019967682363804248 10193.0 0.0
0.02008310249307479 9686.5 0.0
0.02019852262234534 9836.5 0.0
0.020313942751615882 9557.0 0.0
0.020429362880886426 9581.666666666666 0.0
0.020544783010156973 9721.333333333334 0.0
0.020660203139427517 9621.333333333334 0.0
0.02077562326869806 9851.0 0.0
0.020891043397968604 9663.5 0.0
0.02100646352723915 9671.0 0.0
0.021121883656509695 11249.0 0.0
0.02123730378578024 9812.5 0.0
0.021583564173591873 10068.333333333334 0.0
0.02169898430286242 9776.25 0.0
0.021814404432132964 9585.333333333334 0.0
0.021929824561403508 9939.0 0.0
0.022045244690674055 9797.5 0.0
0.022276084949215142 10151.666666666666 0.0
0.02239150507848569 10469.0 0.0
0.022506925207756233 10292.0 0.0
0.022622345337026777 10244.333333333334 0.0
0.022737765466297324 10444.0 0.0
0.022853185595567867 9797.0 0.0
0.02296860572483841 10121.0 0.0
0.023084025854108958 10006.0 0.0
0.023199445983379502 10450.0 0.0
0.023314866112650046 10326.0 0.0
0.023545706371191136 10074.0 0.0
0.023776546629732224 10330.0 0.0
0.02389196675900277 10195.5 0.0
0.024007386888273315 10459.5 0.0
0.02412280701754386 9832.0 0.0
0.024238227146814405 10201.666666666666 0.0
0.02435364727608495 10209.5 0.0
0.024469067405355493 10443.75 0.0
0.02458448753462604 9648.5 0.0
0.024699907663896584 10171.0 0.0
0.024815327793167127 10208.0 0.0
0.024930747922437674 9929.0 0.0
0.025046168051708218 10304.5 0.0
0.025161588180978762 9932.0 0.0
0.02527700831024931 10277.0 0.0
0.025392428439519853 10555.0 0.0
0.025738688827331487 10620.0 0.0
0.02585410895660203 9903.0 0.0
0.025969529085872575 10238.5 0.0
0.02608494921514312 10706.0 0.0
0.026200369344413665 10708.0 0.0
0.02631578947368421 10072.0 0.0
0.026662049861495844 10483.0 0.0
0.02677746999076639 10814.5 0.0
0.026892890120036934 10699.25 0.0
0.027008310249307478 10339.333333333334 0.0
0.027123730378578025 10386.333333333334 0.0
0.02723915050784857 9913.5 0.0
0.027354570637119113 9905.0 0.0
0.02746999076638966 10000.0 0.0
0.027585410895660203 10272.75 0.0
0.027700831024930747 10218.0 0.0
0.027816251154201294 10415.5 0.0
0.027931671283471838 10491.666666666666 0.0
0.02804709141274238 10319.0 0.0
0.02816251154201293 10450.2 0.0
0.028277931671283472 10110.0 0.0
0.028393351800554016 10372.5 0.0
0.02850877192982456 10653.0 0.0
0.02873961218836565 10030.0 0.0
0.028855032317636194 10700.0 0.0
0.02897045244690674 10139.0 0.0
0.02920129270544783 10347.0 0.0
0.02943213296398892 10169.5 0.0
0.029547553093259463 10426.333333333334 0.0
0.02966297322253001 10143.0 0.0
0.029778393351800554 10368.5 0.0
0.030009233610341645 10709.0 0.0
0.03012465373961219 10224.666666666666 0.0
0.030240073868882732 10428.666666666666 0.0
0.03035549399815328 10446.333333333334 0.0
0.030470914127423823 10468.0 0.0
0.030586334256694367 10468.5 0.0
0.03070175438596491 10596.5 0.0
0.030817174515235458 10460.2 0.0
0.030932594644506 10322.5 0.0
0.031048014773776545 10387.333333333334 0.0
0.031163434903047092 10278.333333333334 0.0
0.031278855032317636 10487.0 0.0
0.03139427516158818 10310.666666666666 0.0
0.03150969529085872 10641.5 0.0
0.031625115420129274 10356.0 0.0
0.03174053554939982 10241.5 0.0
0.03185595567867036 10242.0 0.0
0.031971375807940905 10390.6 0.0
0.03208679593721145 10233.0 0.0
0.03220221606648199 10504.5 0.0
0.032317636195752536 10777.0 0.0
0.03254847645429363 10491.0 0.0
0.032663896583564174 10254.0 0.0
0.03277931671283472 10179.0 0.0
0.03289473684210526 10429.0 0.0
0.033010156971375805 10094.0 0.0
0.033125577100646356 10174.0 0.0
0.03439519852262234 10558.0 0.0
0.03451061865189289 10558.0 0.0
0.03462603878116344 10558.0 0.0
0.03474145891043398 10314.0 0.0
0.034856879039704525 10436.0 0.0
0.03497229916897507 10558.0 0.0
0.035203139427516156 10065.0 0.0
0.035318559556786706 10066.0 0.0
0.03543397968605725 10398.5 0.0
0.035549399815327794 10066.0 0.0
0.03578024007386888 10196.0 0.0
0.035895660203139425 10067.0 0.0
0.036011080332409975 10067.0 0.0
0.03624192059095106 10069.0 0.0
0.036357340720221606 10291.5 0.0
0.03647276084949215 10291.5 0.0
0.036588180978762694 10331.0 0.0
0.03681902123730379 10319.5 0.0
0.03693444136657433 10167.5 0.0
0.037049861495844875 10167.333333333334 0.0
0.03716528162511542 10173.666666666666 0.0
0.03751154201292706 10091.0 0.0
0.03785780240073869 10099.0 0.0
0.03797322253000923 10188.0 0.0
0.038088642659279776 10285.0 0.0
0.038434903047091414 10104.0 0.0
0.0386657433056325 10596.0 0.0
0.038781163434903045 10334.666666666666 0.0
0.038896583564173595 10492.0 0.0
0.03901200369344414 10361.0 0.0
0.039473684210526314 10377.0 0.0
0.03958910433979686 10377.0 0.0
0.03970452446906741 10118.0 0.0
0.03981994459833795 10331.5 0.0
0.039935364727608495 10360.0 0.0
0.04005078485687904 10544.0 0.0
0.04016620498614958 10545.0 0.0
0.040281625115420126 10545.0 0.0
0.04039704524469068 10546.0 0.0
0.04051246537396122 10546.0 0.0
0.041089566020313946 11269.0 0.0
0.04120498614958449 11269.0 0.0
0.04143582640812558 10560.0 0.0
0.04155124653739612 10560.0 0.0
0.041666666666666664 10564.0 0.0
0.04178208679593721 10565.0 0.0
0.04189750692520776 10565.0 0.0
0.0420129270544783 10918.0 0.0
0.042128347183748846 10483.0 0.0
0.04224376731301939 10384.0 0.0
0.04235918744228993 10565.0 0.0
0.04247460757156048 10743.5 0.0
0.04259002770083103 10744.0 0.0
0.04270544783010157 10344.5 0.0
0.042820867959372115 10397.5 0.0
0.04293628808864266 10257.0 0.0
0.0430517082179132 10790.5 0.0
0.045013850415512466 10553.0 0.0
0.04512927054478301 10554.0 0.0
0.04524469067405355 10288.0 0.0
0.04547553093259465 10294.0 0.0
0.04559095106186519 10294.0 0.0
0.04582179132040628 10308.0 0.0
0.04593721144967682 10312.0 0.0
0.04686057248384118 10704.0 0.0
0.04697599261311173 10705.0 0.0
0.04709141274238227 10665.0 0.0
0.047437673130193904 10667.0 0.0
0.04755309325946445 10669.0 0.0
0.047899353647276086 10669.0 0.0
0.048591874422899355 10680.0 0.0
0.0487072945521699 10695.5 0.0
0.048938134810710986 10818.0 0.0
0.04905355493998153 10818.0 0.0
0.04916897506925208 10750.5 0.0
0.049284395198522624 10819.0 0.0
0.04939981532779317 10819.0 0.0
0.04951523545706371 10819.0 0.0
0.0497460757156048 10819.0 0.0
0.04997691597414589 10821.0 0.0
0.05020775623268698 10824.0 0.0
0.050323176361957524 10824.0 0.0
0.05043859649122807 10980.0 0.0
0.05066943674976916 10980.0 0.0
0.05090027700831025 10829.0 0.0
0.051131117266851336 10983.0 0.0
0.05124653739612189 10984.0 0.0
0.05136195752539243 10984.0 0.0
0.051477377654662974 10984.0 0.0
0.05159279778393352 10752.0 0.0
0.051823638042474605 10869.5 0.0
0.0520544783010157 10986.0 0.0
0.052977839335180056 10755.0 0.0
0.0530932594644506 10755.0 0.0
0.053208679593721143 10755.0 0.0
0.05343951985226224 10993.0 0.0
0.053670360110803325 10759.0 0.0
0.05378578024007387 10694.5 0.0
0.05390120036934441 10766.0 0.0
0.054016620498614956 10627.0 0.0
0.05424746075715605 10774.0 0.0
0.054362880886426594 10630.0 0.0
0.05447830101569714 10630.0 0.0
0.05482456140350877 10634.0 0.0
0.0574792243767313 11031.0 0.0
0.05782548476454294 10759.0 0.0
0.05817174515235457 10897.5 0.0
0.058287165281625114 11033.0 0.0
0.05897968605724838 11035.0 0.0
0.05909510618651893 11035.0 0.0
0.05921052631578947 11035.0 0.0
0.060480147737765465 11052.0 0.0
0.061172668513388734 11054.0 0.0
0.06278855032317636 11054.0 0.0
0.06301939058171745 11054.0 0.0
0.06359649122807018 10955.0 0.0
0.06428901200369344 10959.0 0.0
0.06475069252077563 10964.0 0.0
0.06509695290858726 11072.0 0.0
0.0652123730378578 10964.0 0.0
0.06532779316712835 11019.0 0.0
0.06544321329639889 10965.0 0.0
0.06555863342566944 10965.0 0.0
0.06567405355493998 11073.0 0.0
0.06578947368421052 11073.0 0.0
0.0664819944598338 11077.0 0.0
0.06659741458910434 11018.5 0.0
0.06717451523545706 11075.0 0.0
0.06740535549399815 11021.0 0.0
0.06798245614035088 11194.0 0.0
0.06809787626962142 11194.0 0.0
0.06821329639889197 11305.0 0.0
0.06832871652816251 11305.0 0.0
0.06844413665743306 11306.0 0.0
0.06925207756232687 10969.0 0.0
0.06948291782086796 10969.0 0.0
0.06971375807940905 10979.0 0.0
0.0698291782086796 11004.0 0.0
0.06994459833795014 11004.0 0.0
0.07006001846722068 11139.0 0.0
0.07029085872576177 11004.0 0.0
0.07052169898430287 11073.5 0.0
0.07098337950138504 11014.0 0.0
0.07132963988919667 11022.0 0.0
0.07144506001846722 11023.0 0.0
0.07502308402585411 11807.0 0.0
0.0752539242843952 11807.0 0.0
0.07848568790397045 11939.0 0.0
0.07906278855032317 11127.0 0.0
0.07929362880886427 11127.0 0.0
0.08056325023084025 11128.0 0.0
0.08079409048938135 11206.0 0.0
0.0809095106186519 11206.0 0.0
0.08102493074792244 11580.5 0.0
0.08114035087719298 11955.0 0.0
0.08148661126500462 11955.0 0.0
0.08321791320406279 11596.0 0.0
0.08333333333333333 11604.0 0.0
0.08356417359187442 11605.0 0.0
0.08379501385041552 11605.0 0.0
0.08425669436749769 11611.0 0.0
0.08471837488457987 11611.0 0.0
0.08483379501385041 11611.0 0.0
0.08518005540166206 11155.0 0.0
0.08541089566020314 11155.0 0.0
0.08552631578947369 11170.0 0.0
0.0861034164358264 11613.0 0.0
0.08668051708217914 11617.0 0.0
0.08691135734072022 11620.0 0.0
0.0873730378578024 11622.0 0.0
0.08933518005540166 11234.0 0.0
0.09106648199445984 11230.0 0.0
0.09118190212373038 11230.0 0.0
0.0917590027700831 11231.0 0.0
0.09187442289935364 11231.0 0.0
0.09198984302862419 11231.0 0.0
0.0951061865189289 11245.0 0.0
0.09522160664819945 11246.0 0.0
0.09533702677747 11246.0 0.0
0.09556786703601108 11247.0 0.0
0.09579870729455217 11272.0 0.0
0.09626038781163435 11639.0 0.0
0.09637580794090489 11639.0 0.0
0.10837950138504156 12498.0 0.0
0.1084949215143121 12498.0 0.0
0.10861034164358264 12498.0 0.0
0.10872576177285319 12498.0 0.0
0.10884118190212373 12499.0 0.0
0.1093028624192059 12501.0 0.0
0.109533702677747 12501.0 0.0
0.10964912280701754 12501.0 0.0
0.11011080332409973 12503.0 0.0
0.11022622345337027 12503.0 0.0
0.11045706371191136 12503.0 0.0
0.11138042474607572 11702.0 0.0
0.1118421052631579 12503.0 0.0
0.11207294552169898 12503.0 0.0
0.11218836565096953 12503.0 0.0
0.11253462603878116 12504.0 0.0
0.11265004616805172 12504.0 0.0
0.11276546629732226 12504.0 0.0
0.11322714681440443 12509.0 0.0
0.11334256694367498 12509.0 0.0
0.11345798707294552 12509.0 0.0
0.1139196675900277 12509.0 0.0
0.1141505078485688 12509.0 0.0
0.11426592797783934 12509.0 0.0
0.11438134810710988 12509.0 0.0
0.11449676823638043 12509.0 0.0
0.11461218836565097 12510.0 0.0
0.11472760849492152 12510.0 0.0
0.11484302862419206 12510.0 0.0
0.1149584487534626 12511.0 0.0
0.11507386888273315 12511.0 0.0
0.11530470914127423 12514.0 0.0
0.11703601108033242 12520.0 0.0
0.11969067405355494 12538.0 0.0
0.11980609418282548 12538.0 0.0
0.11992151431209604 12539.0 0.0
0.12142197599261312 12539.0 0.0
0.12153739612188366 12539.0 0.0
0.12176823638042475 12539.0 0.0
0.12199907663896584 12539.0 0.0
0.12211449676823638 11715.0 0.0
0.12234533702677747 11715.0 0.0
0.12246075715604801 12539.0 0.0
0.12257617728531855 12539.0 0.0
0.12349953831948292 12539.0 0.0
0.12384579870729455 12650.0 0.0
0.13654201292705448 11842.0 0.0
0.13723453370267774 11842.0 0.0
0.13746537396121883 11842.0 0.0
0.1386195752539243 11667.5 0.0
0.13896583564173592 11950.0 0.0
0.13908125577100647 11843.0 0.0
0.139196675900277 11843.0 0.0
0.13931209602954756 11843.0 0.0
0.1396583564173592 11898.0 0.0
0.13977377654662973 11953.0 0.0
0.14012003693444136 11843.0 0.0
0.14035087719298245 11843.0 0.0
0.140466297322253 11843.0 0.0
0.14058171745152354 11844.0 0.0
0.14069713758079408 11844.0 0.0
0.14081255771006462 11845.0 0.0
0.14185133887349954 11956.0 0.0
0.1419667590027701 11956.0 0.0
0.14208217913204063 11956.0 0.0
0.14219759926131118 11956.0 0.0
0.14231301939058172 12007.0 0.0
0.1425438596491228 12007.0 0.0
0.1427746999076639 12007.0 0.0
0.14289012003693444 12007.0 0.0
0.14300554016620498 12007.0 0.0
0.14312096029547552 12007.0 0.0
0.14323638042474607 12008.0 0.0
0.1433518005540166 12008.0 0.0
0.14346722068328716 12008.0 0.0
0.14369806094182824 12008.0 0.0
0.1438134810710988 12008.0 0.0
0.14462142197599262 12012.0 0.0
0.14473684210526316 12013.0 0.0
0.1450831024930748 12013.0 0.0
0.14577562326869806 12014.0 0.0
0.14635272391505078 12014.0 0.0
0.14646814404432132 12014.0 0.0
0.14658356417359186 11771.0 0.0
0.1466989843028624 11771.0 0.0
0.14681440443213298 11774.0 0.0
0.14704524469067407 11775.0 0.0
0.14762234533702678 11775.0 0.0
0.14773776546629733 11775.0 0.0
0.14796860572483841 11775.0 0.0
0.1481994459833795 11775.0 0.0
0.14946906740535548 11865.0 0.0
0.15177746999076638 11834.0 0.0
0.15189289012003693 11834.0 0.0
0.1530470914127424 11893.0 0.0
0.15316251154201294 11896.0 0.0
0.15743305632502308 11913.0 0.0
0.1577793167128347 11913.0 0.0
0.1611265004616805 11919.0 0.0
0.17843951985226222 12116.0 0.0
0.17855493998153277 12116.0 0.0
0.17890120036934443 11986.0 0.0
0.17970914127423823 11989.0 0.0
0.17982456140350878 11989.0 0.0
0.17993998153277932 11989.0 0.0
0.18005540166204986 11989.0 0.0
0.1804016620498615 11989.0 0.0
0.18051708217913204 11992.0 0.0
0.18063250230840258 11992.0 0.0
0.18074792243767313 11992.0 0.0
0.18524930747922438 11994.0 0.0
0.1858264081255771 12050.0 0.0
0.18594182825484765 12130.0 0.0
0.1860572483841182 12052.0 0.0
0.1866343490304709 12052.0 0.0
0.18674976915974145 12053.0 0.0
0.18928901200369344 12134.0 0.0
0.18940443213296398 12134.0 0.0
0.18951985226223453 12135.0 0.0
0.19667590027700832 12137.0 0.0
0.21064173591874422 12338.0 0.0
0.2131809787626962 12914.0 0.0
0.21756694367497692 12934.0 0.0
0.24942289935364728 12483.0 0.0
0.26188827331486614 12505.0 0.0
0.2719298245614035 12517.0 0.0
0.3048245614035088 13277.0 0.0
0.33898891966759004 12708.0 0.0
0.4776084949215143 13155.0 0.0
0.6951754385964912 13988.0 0.0
1.0 14963.0 0.0
