678920
0.00011542012927054478 1179.8975069252078 183.908702677747
0.00023084025854108956 1706.65900697579 267.12187115305704
0.00034626038781163435 2694.808 499.691
0.0004616805170821791 3161.4928774928776 712.4501424501425
0.0005771006463527239 3685.075 799.2522727272727
0.0006925207756232687 4392.917177914111 943.7423312883435
0.0008079409048938135 4969.659090909091 1087.685606060606
0.0009233610341643582 5654.671428571429 1377.2619047619048
0.001038781163434903 5894.812807881774 1421.527093596059
0.0011542012927054479 5951.568965517241 1668.3505747126437
0.0012696214219759926 6263.137096774193 1940.9354838709678
0.0013850415512465374 7064.528455284553 2095.39837398374
0.0015004616805170822 8006.763636363637 2546.3727272727274
0.001615881809787627 8141.284210526316 2167.5684210526315
0.0017313019390581717 8204.74025974026 3362.4415584415583
0.0018467220683287165 8124.1125 2393.975
0.0019621421975992612 9274.892857142857 2762.345238095238
0.002077562326869806 9861.476923076923 3187.923076923077
0.0021929824561403508 10155.2 3029.2714285714287
0.0023084025854108957 10542.05357142857 3584.4285714285716
0.0024238227146814403 10460.796610169491 3774.915254237288
0.0025392428439519853 11134.490566037735 3770.9056603773583
0.00265466297322253 11349.893617021276 4195.744680851064
0.002770083102493075 12915.065217391304 5499.565217391304
0.0028855032317636198 12024.777777777777 3604.5
0.0030009233610341643 10877.97435897436 3917.7179487179487
0.0031163434903047093 10972.947368421053 3413.315789473684
0.003231763619575254 12588.222222222223 3589.703703703704
0.003347183748845799 11866.628571428571 4154.571428571428
0.0034626038781163434 13685.142857142857 4328.9047619047615
0.0035780240073868884 13027.368421052632 4313.631578947368
0.003693444136657433 12050.40909090909 4487.272727272727
0.003808864265927978 13528.0 4991.0
0.0039242843951985225 13501.708333333334 4919.333333333333
0.004039704524469067 13943.421052631578 5144.1578947368425
0.004155124653739612 13468.08 5810.96
0.004270544783010157 15699.57142857143 8785.619047619048
0.0043859649122807015 16911.16 6594.36
0.004501385041551247 16751.263157894737 7479.789473684211
0.0046168051708217915 16469.235294117647 6095.588235294118
0.004732225300092336 16339.29411764706 8616.29411764706
0.004847645429362881 18832.76923076923 7372.076923076923
0.004963065558633426 18698.30769230769 7138.2692307692305
0.0050784856879039705 18594.333333333332 6496.133333333333
0.005193905817174515 19957.36842105263 8829.736842105263
0.00530932594644506 18243.57894736842 7843.631578947368
0.005424746075715605 18844.42105263158 11425.631578947368
0.00554016620498615 20383.352941176472 10947.70588235294
0.005655586334256694 25503.29411764706 10816.117647058823
0.0057710064635272396 18207.3 9099.95
0.005886426592797784 17325.125 9016.4375
0.006001846722068329 17474.1 9449.7
0.006117266851338873 17673.375 8427.916666666666
0.006232686980609419 16824.222222222223 7933.666666666667
0.006348107109879963 15964.416666666666 8395.5
0.006463527239150508 17646.909090909092 6439.090909090909
0.006578947368421052 17241.125 7486.8125
0.006694367497691598 17394.636363636364 8903.636363636364
0.006809787626962142 18731.333333333332 16453.88888888889
0.006925207756232687 18356.636363636364 9356.363636363636
0.007040627885503232 21511.0 9992.0
0.007156048014773777 19747.833333333332 10038.916666666666
0.007271468144044321 20000.333333333332 10777.666666666666
0.007386888273314866 18298.1 8830.3
0.007502308402585411 24138.81818181818 12383.90909090909
0.007617728531855956 21410.4 12406.0
0.0077331486611265 23660.4375 12593.1875
0.007848568790397045 20712.8 10474.3
0.00796398891966759 22876.4 9605.0
0.008079409048938134 22021.18181818182 9545.0
0.00819482917820868 21392.583333333332 12284.25
0.008310249307479225 25049.2 14256.0
0.008425669436749769 21719.222222222223 14434.888888888889
0.008541089566020314 22277.545454545456 14088.09090909091
0.00865650969529086 23615.625 13805.75
0.008771929824561403 19602.6 8262.2
0.008887349953831948 22950.0 8471.25
0.009002770083102494 23997.0 13322.0
0.009118190212373038 25841.5 15937.833333333334
0.009233610341643583 21858.8 8896.6
0.009349030470914127 20657.25 8679.625
0.009464450600184672 23935.0 13012.125
0.009579870729455217 21929.76923076923 12013.076923076924
0.009695290858725761 24768.25 12420.166666666666
0.009810710987996307 20242.5 11676.75
0.009926131117266852 23367.083333333332 14995.25
0.010041551246537396 25687.5 18292.0
0.010156971375807941 25838.571428571428 18420.5
0.010272391505078486 28010.2 20221.3
0.01038781163434903 26067.833333333332 17781.75
0.010503231763619576 24219.777777777777 16049.0
0.01061865189289012 25910.222222222223 17538.444444444445
0.010734072022160665 25610.14285714286 14928.285714285714
0.01084949215143121 27150.444444444445 16187.888888888889
0.010964912280701754 17842.5 6245.5
0.0110803324099723 23844.5 13792.25
0.011195752539242845 26722.2 19479.4
0.011311172668513388 24698.5 17845.8
0.011426592797783934 28018.6 18509.5
0.011542012927054479 31799.375 22971.0
0.011657433056325023 31497.428571428572 24101.571428571428
0.011772853185595568 35685.666666666664 26014.0
0.011888273314866112 27344.5 13312.5
0.012003693444136657 31301.8 22100.0
0.012119113573407203 28401.0 18705.285714285714
0.012234533702677746 29499.85714285714 19276.14285714286
0.012349953831948292 27587.5 18965.0
0.012465373961218837 31222.4 20885.0
0.012580794090489381 31780.6 17552.2
0.012696214219759926 33043.166666666664 19361.5
0.012811634349030472 33265.5 21046.75
0.012927054478301015 34983.0 22151.714285714286
0.01304247460757156 30491.0 17321.285714285714
0.013157894736842105 31173.666666666668 26134.333333333332
0.01327331486611265 34171.0 40838.0
0.013388734995383195 28744.0 15733.666666666666
0.013504155124653739 31450.5 17883.0
0.013619575253924284 32879.5 24938.833333333332
0.01373499538319483 31630.25 28496.75
0.013850415512465374 30236.0 26608.5
0.013965835641735919 31538.333333333332 20626.333333333332
0.014081255771006464 34621.5 20953.5
0.014196675900277008 32173.333333333332 24149.666666666668
0.014312096029547553 35018.0 36473.5
0.014427516158818097 47714.833333333336 22793.833333333332
0.014542936288088643 35289.0 28364.0
0.014658356417359188 30789.75 24926.5
0.014773776546629732 21136.0 7273.0
0.014889196675900277 32443.4 22647.2
0.015004616805170823 30223.0 17483.8
0.015120036934441366 31788.75 21899.0
0.015235457063711912 37161.42857142857 19086.285714285714
0.015350877192982455 34891.0 22728.333333333332
0.015466297322253 32444.5 25023.5
0.015581717451523546 35524.5 27430.833333333332
0.01569713758079409 38086.333333333336 29094.833333333332
0.015812557710064637 37338.8 23265.2
0.01592797783933518 32015.285714285714 19406.85714285714
0.016043397968605724 34036.666666666664 23772.833333333332
0.016158818097876268 33767.6 19042.0
0.016274238227146815 28993.2 18743.6
0.01638965835641736 29290.0 15673.333333333334
0.016505078485687903 27884.5 20677.25
0.01662049861495845 24717.5 16683.0
0.016735918744228993 26520.666666666668 21755.666666666668
0.016851338873499537 28550.666666666668 22359.333333333332
0.016966759002770084 34283.0 15748.0
0.017082179132040628 36851.0 21724.0
0.01719759926131117 30822.0 16761.0
0.01731301939058172 22424.0 6444.0
0.017428439519852262 38688.0 31995.0
0.017543859649122806 33670.0 22981.0
0.017659279778393353 44519.0 29653.0
0.017774699907663897 40012.0 27175.0
0.01789012003693444 36355.0 24096.5
0.018005540166204988 41157.0 29544.0
0.018236380424746075 41305.0 29914.0
0.01858264081255771 33776.0 32242.0
0.018698060941828253 37646.5 29463.0
0.018928901200369344 41770.0 30308.0
0.019044321329639888 50833.0 36474.0
0.019159741458910435 49312.0 34895.333333333336
0.01927516158818098 42350.0 28136.6
0.019390581717451522 41650.75 27485.0
0.01950600184672207 42474.2 28268.4
0.019621421975992613 38710.5 24728.0
0.019736842105263157 38135.666666666664 22738.333333333332
0.019852262234533704 54367.0 37371.5
0.019967682363804248 38216.75 27648.25
0.02008310249307479 47632.0 31257.5
0.02019852262234534 46035.333333333336 31557.666666666668
0.020313942751615882 49084.0 32192.0
0.020429362880886426 40944.666666666664 33920.0
0.020544783010156973 44799.0 20050.0
0.020660203139427517 33521.0 18538.0
0.02077562326869806 34446.5 20685.5
0.020891043397968604 37359.0 17312.5
0.02100646352723915 45337.5 26533.5
0.021121883656509695 45340.0 26533.5
0.02123730378578024 53851.0 55162.0
0.021352723915050786 54110.0 55348.0
0.02146814404432133 45911.0 32471.0
0.021583564173591873 43796.0 28001.25
0.02169898430286242 38603.333333333336 28368.166666666668
0.021929824561403508 38761.0 33918.0
0.022045244690674055 40622.333333333336 25386.333333333332
0.0221606648199446 38615.0 27597.5
0.022276084949215142 46000.0 32592.0
0.02239150507848569 43041.666666666664 32618.666666666668
0.022506925207756233 46004.0 32592.0
0.022622345337026777 43632.5 31952.5
0.022737765466297324 41263.0 31313.0
0.023084025854108958 41008.0 26323.666666666668
0.023199445983379502 42788.0 32230.75
0.023314866112650046 44940.0 34006.333333333336
0.02343028624192059 46290.0 33353.0
0.023545706371191136 45474.5 29831.333333333332
0.02366112650046168 47455.25 29677.5
0.023776546629732224 45675.25 28029.25
0.02389196675900277 47926.0 28951.5
0.024007386888273315 44649.0 30844.5
0.02412280701754386 48032.666666666664 34624.666666666664
0.024238227146814405 47758.0 34383.0
0.02435364727608495 47585.5 34400.0
0.024469067405355493 46334.0 38883.0
0.024699907663896584 49452.5 38327.0
0.024815327793167127 47956.0 22372.0
0.024930747922437674 47283.0 39151.0
0.025046168051708218 47972.0 22372.0
0.025161588180978762 53009.5 32171.0
0.02527700831024931 49004.5 33385.0
0.025392428439519853 46524.0 40609.0
0.025507848568790396 46527.0 40609.0
0.025623268698060944 42782.0 29633.0
0.025738688827331487 54271.0 39533.5
0.02585410895660203 55681.0 42996.0
0.025969529085872575 49350.0 29571.0
0.02608494921514312 51517.333333333336 34054.666666666664
0.026200369344413665 50653.0 36573.0
0.02631578947368421 57519.5 47415.0
0.026431209602954756 64464.0 58154.0
0.026662049861495844 52734.333333333336 33161.0
0.02677746999076639 55985.0 43243.0
0.026892890120036934 50561.5 31001.0
0.027008310249307478 52284.5 32959.5
0.027123730378578025 51892.0 34300.666666666664
0.02723915050784857 53811.5 40168.5
0.027354570637119113 47717.0 43526.0
0.02746999076638966 49133.666666666664 38305.666666666664
0.027585410895660203 56957.5 36755.75
0.027700831024930747 48001.0 34348.0
0.027816251154201294 44589.0 31205.0
0.027931671283471838 48054.5 34369.5
0.02816251154201293 48040.0 44728.0
0.028277931671283472 48370.0 45590.0
0.028393351800554016 56531.0 43387.0
0.02850877192982456 48398.0 45623.0
0.02873961218836565 37585.5 28380.5
0.029085872576177285 44128.0 31268.0
0.029316712834718376 44165.0 31333.0
0.02943213296398892 43797.666666666664 36855.333333333336
0.029547553093259463 53902.0 53305.0
0.02966297322253001 53911.0 53305.0
0.030240073868882732 57729.0 67377.0
0.030470914127423823 54724.0 39725.0
0.030586334256694367 65723.0 64536.5
0.03070175438596491 62100.0 45319.0
0.030817174515235458 60126.0 56688.0
0.030932594644506 58065.0 67593.0
0.031163434903047092 60529.0 61750.0
0.031278855032317636 66580.0 47708.0
0.03150969529085872 47718.0 34376.0
0.031625115420129274 57109.0 46686.0
0.03185595567867036 97870.0 74701.33333333333
0.03254847645429363 64826.0 52828.0
0.032663896583564174 56486.0 40259.0
0.033125577100646356 49484.0 35612.0
0.0332409972299169 57827.0 44702.0
0.03335641735918744 64782.666666666664 49899.0
0.03347183748845799 56110.0 37970.0
0.033702677746999074 56121.0 37975.0
0.033818097876269625 48335.0 35149.5
0.03393351800554017 40486.0 32048.0
0.03404893813481071 53413.0 42837.0
0.03451061865189289 51080.0 34930.0
0.03462603878116344 51481.0 35277.0
0.036011080332409975 51844.0 35574.0
0.03612650046168052 52453.0 45943.0
0.03624192059095106 52454.0 45945.0
0.036357340720221606 60851.0 70282.0
0.03647276084949215 55074.666666666664 50606.666666666664
0.036703601108033244 56690.0 58582.5
0.03681902123730379 52550.0 46064.0
0.03693444136657433 52632.0 46065.0
0.03716528162511542 52684.0 46120.0
0.03728070175438596 52730.0 46121.0
0.037742382271468145 51665.0 40237.0
0.03785780240073869 51875.0 40255.0
0.03797322253000923 51879.0 40259.0
0.038088642659279776 52013.0 40259.0
0.038204062788550326 52052.0 40261.0
0.03831948291782087 52167.0 40575.0
0.038434903047091414 59502.5 52183.0
0.03855032317636196 62432.0 72474.0
0.0386657433056325 57214.666666666664 48467.666666666664
0.038781163434903045 62649.0 72592.0
0.038896583564173595 52316.0 40733.0
0.03901200369344414 52326.0 40734.0
0.03912742382271468 54568.0 36531.0
0.03935826408125577 52479.0 41029.0
0.03958910433979686 49478.0 36273.0
0.04005078485687904 76950.0 91928.0
0.04016620498614958 65987.66666666667 52442.666666666664
0.040281625115420126 74541.33333333333 71998.33333333333
0.04039704524469068 71125.25 72149.25
0.04051246537396122 65044.5 66623.5
0.040627885503231764 49835.0 36339.0
0.04074330563250231 76488.0 59437.0
0.04085872576177285 73805.0 62886.0
0.040974145891043395 56271.0 43381.0
0.041089566020313946 66851.0 67702.0
0.04120498614958449 66878.5 67962.0
0.04132040627885503 70988.75 63345.75
0.04143582640812558 54403.0 42665.0
0.04155124653739612 56403.0 43933.0
0.041666666666666664 74671.0 66684.5
0.04178208679593721 70995.0 59278.666666666664
0.04189750692520776 65892.75 53807.0
0.0420129270544783 92520.0 89379.0
0.042128347183748846 77763.0 93061.0
0.04224376731301939 70196.0 38483.0
0.04235918744228993 63859.0 44964.0
0.04270544783010157 57410.0 58355.0
0.042820867959372115 50763.0 37105.0
0.04293628808864266 58207.5 41706.0
0.0430517082179132 67833.0 52017.0
0.043167128347183746 82250.5 70460.0
0.04339796860572484 97972.0 94707.0
0.043513388734995384 64492.0 46135.0
0.04362880886426593 51114.0 37591.0
0.04374422899353647 72250.66666666667 69704.66666666667
0.043859649122807015 59673.0 51876.0
0.043975069252077566 59349.0 55910.5
0.04420590951061865 80074.0 57141.0
0.04443674976915974 66932.0 59242.0
0.044552169898430284 74892.0 59746.0
0.04466759002770083 61853.666666666664 59947.0
0.04478301015697138 56768.5 50478.5
0.04489843028624192 53647.0 40224.0
0.045013850415512466 53653.0 40226.0
0.04512927054478301 58703.0 56727.0
0.04524469067405355 53668.0 40253.0
0.04559095106186519 81565.0 57853.0
0.045706371191135735 81571.0 57853.0
0.04593721144967682 81865.0 58002.0
0.046168051708217916 60419.0 54159.0
0.04628347183748846 70823.5 77283.0
0.046398891966759004 60592.0 55204.0
0.04662973222530009 60614.0 55206.0
0.04697599261311173 60626.0 55206.0
0.04709141274238227 60628.0 55206.0
0.04732225300092336 78951.5 59981.5
0.04755309325946445 75839.0 61858.0
0.047668513388735 73266.33333333333 58499.0
0.047899353647276086 68231.0 68845.5
0.04813019390581717 75942.0 61972.0
0.04824561403508772 75328.0 72148.5
0.04836103416435827 61873.0 55507.0
0.04847645429362881 68347.0 70452.5
0.048591874422899355 75966.0 61980.0
0.0487072945521699 74817.0 85200.0
0.04882271468144044 74820.0 85200.0
0.048938134810710986 68380.5 70499.5
0.04905355493998153 73886.0 64699.5
0.04916897506925208 76337.0 62188.0
0.04951523545706371 76398.0 62306.0
0.049630655586334255 81543.5 72037.5
0.0497460757156048 75211.33333333333 66730.33333333333
0.04986149584487535 69553.0 59216.5
0.04997691597414589 78299.33333333333 82915.66666666667
0.050092336103416436 84656.0 71113.33333333333
0.05124653739612189 84602.0 101472.0
0.05136195752539243 74154.0 79103.0
0.05159279778393352 73316.5 75274.0
0.05170821791320406 61964.0 49051.0
0.051823638042474605 61968.0 49073.0
0.05216989843028624 76012.0 86542.0
0.052516158818097874 76288.0 86807.0
0.052977839335180056 86642.0 102285.0
0.0530932594644506 86647.0 102286.0
0.053208679593721143 81594.0 94603.0
0.05332409972299169 86688.0 102299.0
0.05343951985226224 86709.0 102321.0
0.05355493998153278 86722.0 102369.0
0.05378578024007387 65996.0 63565.0
0.05390120036934441 62865.0 50059.0
0.054709141274238225 63466.0 50463.0
0.05482456140350877 63491.0 50464.0
0.05493998153277932 63499.0 50464.0
0.055401662049861494 64016.0 50752.0
0.05551708217913204 64017.0 50752.0
0.05574792243767313 64075.0 50829.0
0.055863342566943676 64098.0 50850.0
0.05609418282548476 64113.0 50854.0
0.05632502308402586 66939.0 64464.0
0.0564404432132964 66947.0 64464.0
0.056555863342566945 66947.0 64464.0
0.05667128347183749 66999.0 64474.0
0.05678670360110803 64847.0 57275.5
0.05713296398891967 67263.0 64796.0
0.05840258541089566 62854.0 50161.0
0.05851800554016621 83976.0 83710.5
0.058748845798707296 63058.0 50258.0
0.05886426592797784 68071.0 65152.0
0.05897968605724838 63073.0 50276.0
0.06001846722068329 66214.0 53160.0
0.06151892890120037 108754.0 121556.0
0.06174976915974146 108874.0 121662.0
0.061980609418282546 108895.0 121784.0
0.06209602954755309 108903.0 121785.0
0.06440443213296398 105449.0 99796.0
0.07017543859649122 92099.0 85529.0
0.07029085872576177 92240.0 85840.0
0.07075253924284396 92321.0 85860.0
0.0708679593721145 92323.0 85860.0
0.07259926131117267 94418.0 154991.0
0.07283010156971376 97497.0 157496.0
0.07409972299168975 202308.0 134570.0
0.09002770083102493 112863.0 137962.0
0.09014312096029548 112865.0 137980.0
0.09060480147737765 112911.0 138054.0
0.0907202216066482 112915.0 138054.0
0.09337488457987073 93762.0 96975.0
0.09360572483841181 93768.0 96975.0
0.09522160664819945 137330.0 148646.0
0.09556786703601108 96395.0 111656.0
0.09568328716528163 96416.0 111657.0
0.10087719298245613 128666.0 145086.0
0.10099261311172668 128668.0 145086.0
0.10110803324099724 128676.0 145086.0
0.10145429362880887 128724.0 145095.0
0.1097645429362881 139637.0 159471.0
0.1265004616805171 174935.0 221581.0
0.12661588180978764 175052.0 221606.0
0.12684672206832873 175067.0 221609.0
0.12719298245614036 175083.0 221622.0
0.1273084025854109 175087.0 221628.0
0.12742382271468145 175088.0 221630.0
0.12765466297322253 177077.0 235610.0
0.1394275161588181 158523.0 208978.0
0.13954293628808864 158524.0 208979.0
0.1396583564173592 158525.0 208979.0
0.14958448753462603 147075.0 203206.0
0.14969990766389657 147089.0 203211.0
0.1528162511542013 194663.0 225415.0
0.15650969529085873 155022.0 262504.0
0.21283471837488457 221092.0 278575.0
0.2517313019390582 235828.0 411150.0
0.2673130193905817 268515.0 444589.0
0.28566481994459836 267432.0 436071.0
0.3018236380424746 265674.0 492969.0
0.31325023084025855 302973.0 466574.0
0.3414127423822715 392026.0 579159.0
0.34533702677746997 292150.0 547652.0
0.6585872576177285 472070.0 1014226.0
1.0 678920.0 1593385.0
