692036
0.00011542012927054478 777.1733610341644 85.49307479224376
0.00023084025854108956 1190.6738265712013 125.50676213206046
0.00034626038781163435 1893.1768990634755 273.22788761706556
0.0004616805170821791 2248.7819314641742 268.6323987538941
0.0005771006463527239 2713.8606194690265 363.94026548672565
0.0006925207756232687 3040.546961325967 391.16022099447514
0.0008079409048938135 3456.456603773585 644.6867924528302
0.0009233610341643582 3640.587155963303 866.4357798165138
0.001038781163434903 3915.8288770053477 652.4705882352941
0.0011542012927054479 4616.656976744186 639.0058139534884
0.0012696214219759926 4561.0 622.5441176470588
0.0013850415512465374 5131.762711864407 881.3559322033898
0.0015004616805170822 5455.98347107438 934.8181818181819
0.001615881809787627 6075.927083333333 998.7395833333334
0.0017313019390581717 5749.076923076923 989.8589743589744
0.0018467220683287165 5890.2307692307695 1069.753846153846
0.0019621421975992612 6051.044117647059 1165.4558823529412
0.002077562326869806 7120.4375 1607.84375
0.0021929824561403508 7443.793103448276 2180.206896551724
0.0023084025854108957 7537.163265306122 1391.3877551020407
0.0024238227146814403 7284.7307692307695 2254.3653846153848
0.0025392428439519853 7502.378378378378 2312.4054054054054
0.00265466297322253 7721.666666666667 2281.8444444444444
0.002770083102493075 7194.7441860465115 1107.3023255813953
0.0028855032317636198 8255.047619047618 2326.5238095238096
0.0030009233610341643 9302.642857142857 2421.1666666666665
0.0031163434903047093 9726.823529411764 1823.3529411764705
0.003231763619575254 9455.9375 1859.28125
0.003347183748845799 10363.407407407407 2171.185185185185
0.0034626038781163434 10881.272727272728 1625.1818181818182
0.0035780240073868884 7957.894736842105 1453.9473684210527
0.003693444136657433 9928.058823529413 2582.764705882353
0.003808864265927978 10504.827586206897 2260.5172413793102
0.0039242843951985225 9368.75 2607.0833333333335
0.004039704524469067 11300.2 4971.0
0.004155124653739612 12388.04 3204.24
0.004270544783010157 12070.344827586207 4651.896551724138
0.0043859649122807015 12305.458333333334 3042.7083333333335
0.004501385041551247 13079.0 4985.9047619047615
0.0046168051708217915 12069.954545454546 2708.2727272727275
0.004732225300092336 11474.272727272728 3681.7727272727275
0.004847645429362881 13010.277777777777 3156.6666666666665
0.004963065558633426 13878.166666666666 3699.8888888888887
0.0050784856879039705 12419.0 3580.1428571428573
0.005193905817174515 13238.8 4575.05
0.00530932594644506 12978.235294117647 4890.941176470588
0.005424746075715605 14302.04347826087 4402.173913043478
0.00554016620498615 12030.333333333334 4172.833333333333
0.005655586334256694 12455.08695652174 3698.7391304347825
0.0057710064635272396 15379.809523809523 4766.857142857143
0.005886426592797784 17006.5 7461.05
0.006001846722068329 16213.818181818182 5607.409090909091
0.006117266851338873 16248.777777777777 5291.666666666667
0.006232686980609419 16746.666666666668 6344.6
0.006348107109879963 15049.588235294117 6998.117647058823
0.006463527239150508 14447.642857142857 4213.428571428572
0.006578947368421052 14567.2 3977.6
0.006694367497691598 19680.222222222223 7109.111111111111
0.006809787626962142 17050.933333333334 4562.466666666666
0.006925207756232687 21224.46153846154 5944.615384615385
0.007040627885503232 16007.2 6746.6
0.007156048014773777 22255.3 4746.4
0.007271468144044321 16160.083333333334 8374.5
0.007386888273314866 17977.375 10159.625
0.007502308402585411 20016.0 8026.083333333333
0.007617728531855956 13549.666666666666 4697.888888888889
0.0077331486611265 15697.3 5232.9
0.007848568790397045 20517.88888888889 5086.444444444444
0.00796398891966759 19493.0 6752.833333333333
0.008079409048938134 17584.8 7157.4
0.00819482917820868 15853.90909090909 4400.818181818182
0.008310249307479225 18756.333333333332 5512.333333333333
0.008425669436749769 23351.18181818182 5822.545454545455
0.008541089566020314 22247.30769230769 7102.0
0.00865650969529086 22995.846153846152 7019.2307692307695
0.008771929824561403 15296.454545454546 5163.454545454545
0.008887349953831948 19517.625 5971.75
0.009002770083102494 16241.777777777777 5348.777777777777
0.009118190212373038 16582.0 4600.2
0.009233610341643583 14400.222222222223 4994.666666666667
0.009349030470914127 15387.0 4752.0
0.009464450600184672 16626.0 5497.4
0.009579870729455217 15118.125 4788.0
0.009695290858725761 15788.0 6297.0
0.009810710987996307 17013.666666666668 7976.833333333333
0.009926131117266852 16999.0 5195.285714285715
0.010041551246537396 21339.8 8837.4
0.010156971375807941 21174.5 6500.5
0.010272391505078486 31971.0 8249.75
0.01038781163434903 24409.0 6845.75
0.010503231763619576 19456.8 7598.2
0.01061865189289012 35065.333333333336 12947.0
0.010734072022160665 39956.4 10176.0
0.01084949215143121 18294.125 5311.0
0.010964912280701754 23208.18181818182 7872.0
0.0110803324099723 18796.0 5292.636363636364
0.011195752539242845 26681.4 9037.4
0.011311172668513388 28164.875 9289.5
0.011426592797783934 17240.5 6068.0
0.011542012927054479 20222.666666666668 6826.666666666667
0.011657433056325023 19576.222222222223 7427.111111111111
0.011772853185595568 18488.14285714286 7406.571428571428
0.011888273314866112 23134.8 8287.8
0.012003693444136657 18274.428571428572 6164.857142857143
0.012119113573407203 22715.2 5566.2
0.012234533702677746 20676.777777777777 7283.111111111111
0.012349953831948292 24413.0 6626.571428571428
0.012465373961218837 21907.85714285714 9422.285714285714
0.012580794090489381 22577.571428571428 7449.142857142857
0.012696214219759926 22483.777777777777 8057.444444444444
0.012811634349030472 21764.75 7765.125
0.012927054478301015 13704.0 4010.0
0.01304247460757156 25854.85714285714 11490.42857142857
0.013157894736842105 29024.0 8114.666666666667
0.01327331486611265 30011.333333333332 8305.0
0.013388734995383195 40430.0 8103.0
0.013504155124653739 23340.0 8086.0
0.013619575253924284 34674.5 12755.25
0.01373499538319483 36159.333333333336 11964.666666666666
0.013850415512465374 22381.4 8955.0
0.013965835641735919 30853.25 9838.5
0.014081255771006464 32146.0 12284.25
0.014196675900277008 22523.4 9078.6
0.014312096029547553 24373.0 9600.5
0.014427516158818097 24203.0 7521.6
0.014542936288088643 23201.5 7395.166666666667
0.014658356417359188 30119.6 10749.8
0.014773776546629732 33495.0 11650.6
0.014889196675900277 22510.75 9714.75
0.015004616805170823 29102.8 11192.4
0.015120036934441366 27647.2 9557.6
0.015235457063711912 28388.14285714286 10508.0
0.015350877192982455 34435.666666666664 14468.0
0.015466297322253 29945.0 10279.333333333334
0.015581717451523546 35532.5 11925.25
0.01569713758079409 31637.75 9947.0
0.015812557710064637 26338.333333333332 10399.666666666666
0.01592797783933518 29639.0 10051.75
0.016043397968605724 31208.0 12337.666666666666
0.016158818097876268 29096.0 12408.0
0.016274238227146815 26251.0 15822.0
0.01638965835641736 28203.0 11677.0
0.016505078485687903 26768.5 7075.5
0.016735918744228993 25270.8 9185.4
0.016851338873499537 27725.75 10456.0
0.016966759002770084 23475.666666666668 8886.0
0.017082179132040628 26851.5 11508.5
0.01719759926131117 28862.75 11111.75
0.01731301939058172 28167.6 11004.0
0.017428439519852262 27517.0 12152.0
0.017543859649122806 28411.5 15450.0
0.017659279778393353 30563.0 12611.0
0.017774699907663897 24948.0 9247.0
0.01789012003693444 28805.0 12501.0
0.018005540166204988 22085.0 7067.0
0.01812096029547553 23702.0 8075.5
0.018236380424746075 25885.0 10672.0
0.018351800554016622 26039.0 10672.0
0.018467220683287166 25466.0 10530.0
0.01858264081255771 25906.666666666668 9072.666666666666
0.018698060941828253 24706.0 10351.8
0.0188134810710988 23906.0 8131.5
0.018928901200369344 29268.0 9986.0
0.019044321329639888 30080.0 9682.5
0.019159741458910435 33274.666666666664 8621.0
0.01927516158818098 26908.75 10141.0
0.019390581717451522 19316.0 5654.0
0.01950600184672207 23399.0 9612.0
0.019621421975992613 36688.333333333336 17618.0
0.019736842105263157 34401.5 16489.0
0.019852262234533704 46455.0 37951.0
0.019967682363804248 30389.0 8034.0
0.02008310249307479 29929.333333333332 18808.0
0.02019852262234534 27598.8 11409.6
0.020313942751615882 23077.333333333332 10176.333333333334
0.020429362880886426 31831.833333333332 18484.666666666668
0.020544783010156973 32145.75 19994.75
0.020660203139427517 31151.0 9431.5
0.02077562326869806 35454.0 26411.333333333332
0.020891043397968604 33309.0 20782.2
0.02100646352723915 30102.666666666668 13187.0
0.021121883656509695 51523.0 27475.0
0.02123730378578024 31300.666666666668 10917.666666666666
0.021352723915050786 37019.0 18440.5
0.02146814404432133 20739.5 6634.5
0.021583564173591873 34017.75 18270.75
0.02169898430286242 36946.0 12293.666666666666
0.021814404432132964 41376.75 20721.5
0.021929824561403508 31120.0 11957.666666666666
0.022045244690674055 28863.4 14459.8
0.0221606648199446 21857.0 10445.5
0.022276084949215142 30686.0 18410.0
0.02239150507848569 30819.0 12637.0
0.022622345337026777 40129.0 13911.0
0.022737765466297324 40156.0 13914.0
0.022853185595567867 23425.0 11018.0
0.02296860572483841 29239.0 18553.5
0.023314866112650046 24887.0 8437.0
0.02343028624192059 70777.0 11595.0
0.023545706371191136 35742.0 22093.5
0.02366112650046168 53090.0 21502.0
0.023776546629732224 41294.0 14180.0
0.02389196675900277 49216.0 17318.666666666668
0.024007386888273315 48299.0 15058.0
0.02412280701754386 39764.0 12253.75
0.024238227146814405 24673.0 12165.0
0.02435364727608495 24955.0 11974.5
0.024469067405355493 33303.0 13048.5
0.02458448753462604 29708.666666666668 14518.666666666666
0.024699907663896584 35277.333333333336 15193.333333333334
0.024815327793167127 32236.5 15694.5
0.024930747922437674 32436.5 12185.5
0.025046168051708218 23483.0 10264.0
0.025392428439519853 25480.0 12029.0
0.025507848568790396 25514.0 12029.0
0.025623268698060944 32096.0 11529.0
0.025738688827331487 28817.5 11779.0
0.02631578947368421 72980.0 12242.0
0.026431209602954756 26597.0 8221.5
0.0265466297322253 50635.0 9056.0
0.026662049861495844 28284.0 5870.0
0.02677746999076639 73119.0 12273.0
0.026892890120036934 73633.0 12479.0
0.027008310249307478 76675.0 12496.0
0.02723915050784857 84095.5 20979.5
0.027354570637119113 91482.0 29458.0
0.02746999076638966 59436.0 13343.5
0.027585410895660203 91492.0 29458.0
0.027700831024930747 42131.0 14169.0
0.027931671283471838 42249.0 14190.0
0.02804709141274238 44144.0 18946.0
0.02816251154201293 91594.0 29484.0
0.028393351800554016 52361.0 18901.0
0.02850877192982456 62826.333333333336 22524.0
0.028624192059095107 72219.0 24335.0
0.028855032317636194 68458.0 24495.5
0.02897045244690674 64558.0 21590.0
0.029085872576177285 27777.0 11948.0
0.02920129270544783 40228.5 15643.5
0.029316712834718376 42429.0 20079.0
0.02943213296398892 44086.75 22910.5
0.029547553093259463 40289.25 20717.75
0.02966297322253001 35202.5 16129.5
0.029778393351800554 38746.5 14043.5
0.029893813481071098 50145.333333333336 19883.0
0.030009233610341645 49564.0 15910.0
0.03012465373961219 47294.0 20311.0
0.030240073868882732 50326.333333333336 19954.666666666668
0.03035549399815328 43543.0 19944.333333333332
0.030470914127423823 48565.666666666664 22973.333333333332
0.030586334256694367 46843.0 23795.333333333332
0.03070175438596491 66981.5 26661.5
0.030817174515235458 53171.333333333336 25789.0
0.030932594644506 59577.25 23014.75
0.031048014773776545 31429.0 13366.0
0.031163434903047092 55939.333333333336 22291.333333333332
0.031278855032317636 36363.0 13821.666666666666
0.03139427516158818 51979.5 24291.5
0.03150969529085872 53383.0 25481.333333333332
0.031625115420129274 32809.0 19704.0
0.031971375807940905 31696.0 13612.0
0.03208679593721145 31746.0 13619.0
0.032317636195752536 44327.0 24680.0
0.03243305632502309 56859.0 35840.0
0.03254847645429363 56873.0 35840.0
0.032663896583564174 42538.0 24780.5
0.03277931671283472 33613.5 22898.0
0.03289473684210526 56999.0 35908.0
0.033010156971375805 42676.5 24838.5
0.033125577100646356 28165.0 13664.0
0.0332409972299169 33288.0 13785.0
0.03335641735918744 33954.5 15217.5
0.03347183748845799 33962.0 15217.5
0.03358725761772853 33347.0 13785.0
0.033702677746999074 45019.5 21171.5
0.034164358264081256 37779.0 23718.0
0.0342797783933518 37905.5 23818.0
0.03451061865189289 41073.0 32808.0
0.03462603878116344 41079.0 32816.0
0.03474145891043398 51111.0 35009.0
0.03497229916897507 51142.5 35011.5
0.03508771929824561 34854.0 23371.0
0.035203139427516156 71657.5 33082.0
0.035318559556786706 41213.0 33151.0
0.03578024007386888 41292.0 33152.0
0.036011080332409975 51682.0 35418.0
0.03612650046168052 62033.0 37647.0
0.03624192059095106 41402.0 33189.0
0.036357340720221606 38533.0 17807.0
0.03647276084949215 51755.5 35432.5
0.036588180978762694 50362.0 27745.5
0.03693444136657433 41574.0 33285.0
0.037049861495844875 40142.0 25561.0
0.03716528162511542 40180.5 25583.5
0.03728070175438596 41594.0 33285.0
0.03751154201292706 41669.0 33290.0
0.0376269621421976 41672.0 33290.0
0.038088642659279776 42325.0 25834.5
0.038204062788550326 41745.0 33309.0
0.038434903047091414 41755.0 33309.0
0.03855032317636196 41759.0 33309.0
0.03912742382271468 42670.0 34612.0
0.03935826408125577 42942.0 26506.0
0.039473684210526314 43159.0 18397.0
0.03958910433979686 43170.0 18397.0
0.04143582640812558 49212.0 36726.0
0.041666666666666664 49225.0 36729.0
0.0420129270544783 49434.0 36934.0
0.042128347183748846 49467.0 36934.0
0.04235918744228993 51239.0 33496.0
0.04247460757156048 51244.5 33496.0
0.04259002770083103 51272.5 33503.0
0.04270544783010157 51399.5 33509.0
0.042820867959372115 49784.0 36960.0
0.04293628808864266 53118.0 30113.0
0.04409048938134811 62376.5 34177.5
0.04420590951061865 44989.0 21392.0
0.0443213296398892 63438.0 33766.0
0.04443674976915974 54251.0 27601.5
0.044552169898430284 56645.333333333336 29934.333333333332
0.04466759002770083 54296.5 27603.0
0.04478301015697138 63459.0 33772.0
0.04489843028624192 63489.0 33779.0
0.045013850415512466 63494.0 33779.0
0.04512927054478301 45205.0 21915.0
0.04524469067405355 63598.0 33785.0
0.04547553093259465 48258.0 25429.0
0.045706371191135735 54880.0 23012.0
0.04582179132040628 50887.5 22940.0
0.04593721144967682 63652.0 33785.0
0.046052631578947366 55295.5 28066.5
0.046168051708217916 46923.0 22282.0
0.04628347183748846 51066.0 23011.0
0.046398891966759004 46933.0 22282.0
0.04651431209602955 55470.0 23749.0
0.04662973222530009 55678.0 24024.0
0.04686057248384118 55684.0 24024.0
0.04697599261311173 55687.0 24024.0
0.04709141274238227 48649.5 21114.0
0.04720683287165282 41595.0 18202.0
0.04732225300092336 55714.0 24034.0
0.047437673130193904 56822.0 27640.5
0.04755309325946445 57927.0 31247.0
0.04813019390581717 48826.0 21204.0
0.04824561403508772 48830.5 21204.0
0.04847645429362881 41924.0 18470.0
0.048591874422899355 55895.0 24084.0
0.048938134810710986 42900.0 18938.0
0.04905355493998153 43042.0 18964.0
0.04916897506925208 55955.0 24105.0
0.049284395198522624 43079.0 19071.0
0.04939981532779317 45271.5 20868.5
0.04951523545706371 48888.666666666664 22026.666666666668
0.049630655586334255 53047.0 23976.75
0.04986149584487535 47625.0 22902.0
0.05043859649122807 63401.0 29088.0
0.05055401662049862 63482.0 29107.0
0.050784856879039705 48326.0 25563.0
0.05090027700831025 53498.5 25571.0
0.051131117266851336 64939.0 28159.0
0.05124653739612189 58677.0 25590.0
0.05136195752539243 65052.0 28285.5
0.051477377654662974 65059.0 28285.5
0.05159279778393352 65064.0 28289.0
0.05170821791320406 58810.0 25749.0
0.052516158818097874 48840.0 25818.0
0.05274699907663897 48901.0 25820.0
0.052977839335180056 49079.0 25822.0
0.0530932594644506 59206.0 26736.0
0.053208679593721143 49106.0 25835.0
0.05332409972299169 49118.0 25843.0
0.054016620498614956 49171.0 25910.0
0.05424746075715605 58111.5 31046.5
0.05447830101569714 64127.0 26861.0
0.05459372114496768 76003.5 42863.0
0.054709141274238225 64596.0 26964.0
0.05482456140350877 87426.0 58762.0
0.05505540166204986 89435.0 55558.0
0.055863342566943676 65489.0 27452.0
0.05597876269621422 65524.0 27452.0
0.0564404432132964 88613.0 66847.0
0.05667128347183749 88641.0 66924.0
0.05771006463527239 105459.0 33951.0
0.05782548476454294 105469.0 33965.0
0.05805632502308403 105800.0 35744.0
0.058287165281625114 105877.0 35777.0
0.05840258541089566 105878.0 35782.0
0.06244228993536473 78951.0 47333.0
0.06255771006463527 78956.0 47333.0
0.06267313019390582 158486.0 45531.0
0.06463527239150507 75567.0 35965.0
0.06486611265004617 75603.0 35978.0
0.06498153277931672 75626.0 35978.0
0.06509695290858726 75627.0 35978.0
0.06555863342566944 77802.0 42175.5
0.06567405355493998 77835.0 42176.5
0.06578947368421052 75682.0 36046.0
0.06590489381348107 77851.0 42176.5
0.06613573407202217 75708.0 36354.0
0.06636657433056325 75731.0 36380.0
0.0664819944598338 75734.0 36380.0
0.06659741458910434 75751.0 36380.0
0.06682825484764543 75758.0 36380.0
0.06717451523545706 96768.0 68029.0
0.0672899353647276 96771.0 68029.0
0.06763619575253925 96775.0 68029.0
0.06775161588180979 96784.0 68031.0
0.06798245614035088 96845.0 68065.0
0.06809787626962142 97525.0 68087.0
0.06879039704524469 97579.0 68280.0
0.0695983379501385 97650.0 79489.0
0.06971375807940905 97663.0 79489.0
0.07063711911357341 76466.0 36575.0
0.07352262234533703 114765.0 58654.0
0.07490766389658357 90720.0 42376.0
0.07606186518928901 91123.0 42502.0
0.07640812557710065 91205.0 42531.0
0.07756232686980609 120125.0 44054.0
0.078601108033241 113204.5 69893.0
0.08125577100646353 94758.0 59805.0
0.0817174515235457 82811.0 38981.0
0.08183287165281625 95032.0 60012.0
0.08194829178208679 82888.0 39007.0
0.08264081255771007 83029.0 39022.0
0.08494921514312095 107464.0 49633.0
0.08702677746999077 99268.0 63667.0
0.08806555863342568 99546.0 63779.0
0.08829639889196676 99558.0 63815.0
0.08852723915050785 99581.0 63815.0
0.0886426592797784 99583.0 63815.0
0.08921975992613111 99681.0 63859.0
0.0917590027700831 127865.0 50156.0
0.09233610341643583 127882.0 50161.0
0.09245152354570638 77701.0 56031.0
0.09325946445060018 122496.0 65424.0
0.09914589104339797 132031.0 52263.0
0.0994921514312096 132067.0 52280.0
0.09960757156048015 130630.0 108904.0
0.09983841181902124 119579.0 103902.0
0.09995383194829179 132835.0 52582.0
0.10006925207756233 132837.0 52582.0
0.10133887349953832 133127.0 52702.0
0.10145429362880887 179092.5 67931.0
0.10156971375807941 104948.0 71454.0
0.10249307479224377 115431.0 85983.0
0.10260849492151432 115444.0 86016.0
0.10272391505078486 115517.0 86016.0
0.1028393351800554 115538.0 86016.0
0.10295475530932595 115547.0 86017.0
0.10307017543859649 115547.0 86017.0
0.10364727608494921 117303.0 86293.0
0.1084949215143121 153656.0 115000.0
0.11715143120960296 132865.0 110796.0
0.13284856879039705 118741.0 78576.0
0.13307940904893814 118744.0 78604.0
0.13342566943674977 118778.0 78624.0
0.13354108956602032 118811.0 78924.0
0.1368882733148661 110966.0 74262.0
0.16412742382271467 351311.0 109939.0
0.19609879963065557 161623.0 142324.0
0.21918282548476453 378215.0 165497.0
0.22183748845798706 180232.0 123895.0
0.22553093259464452 218579.0 128171.0
0.2420360110803324 224002.0 193924.0
0.3591874422899354 291481.0 304720.0
0.555286241920591 368823.0 447044.0
0.7744690674053555 608986.0 612541.0
1.0 692036.0 740712.0
