8709
0.00011542012927054478 579.9054709141275 0.06625115420129271
0.00023084025854108956 783.3866446826052 0.0
0.00034626038781163435 907.0189873417721 0.0
0.0004616805170821791 970.8738601823708 0.0
0.0005771006463527239 1014.8403547671841 0.0
0.0006925207756232687 1046.6916666666666 0.0
0.0008079409048938135 1087.277397260274 1.9657534246575343
0.0009233610341643582 1102.0982142857142 0.0
0.001038781163434903 1115.6010928961748 0.0
0.0011542012927054479 1142.9281045751634 3.7516339869281046
0.0012696214219759926 1164.410447761194 0.0
0.0013850415512465374 1139.123076923077 0.0
0.0015004616805170822 1167.4134615384614 0.0
0.001615881809787627 1161.9591836734694 0.0
0.0017313019390581717 1174.8970588235295 0.0
0.0018467220683287165 1161.1375 0.0
0.0019621421975992612 1145.7121212121212 0.0
0.002077562326869806 1184.609375 0.0
0.0021929824561403508 1234.5846153846153 8.830769230769231
0.0023084025854108957 1224.8387096774193 0.0
0.0024238227146814403 1209.5471698113208 0.0
0.0025392428439519853 1213.698113207547 0.0
0.00265466297322253 1218.2820512820513 0.0
0.002770083102493075 1221.1914893617022 0.0
0.0028855032317636198 1247.675 0.0
0.0030009233610341643 1252.9642857142858 0.0
0.0031163434903047093 1265.780487804878 0.0
0.003231763619575254 1229.5714285714287 0.0
0.003347183748845799 1285.8055555555557 0.0
0.0034626038781163434 1275.3333333333333 0.0
0.0035780240073868884 1300.344827586207 0.0
0.003693444136657433 1313.8148148148148 0.0
0.003808864265927978 1308.6206896551723 0.0
0.0039242843951985225 1284.3333333333333 0.0
0.004039704524469067 1242.8695652173913 0.0
0.004155124653739612 1222.5652173913043 0.0
0.004270544783010157 1275.608695652174 0.0
0.0043859649122807015 1286.6 0.0
0.004501385041551247 1312.7777777777778 0.0
0.0046168051708217915 1320.65 0.0
0.004732225300092336 1355.611111111111 0.0
0.004847645429362881 1374.65 0.0
0.004963065558633426 1426.5294117647059 0.0
0.0050784856879039705 1425.05 0.0
0.005193905817174515 1440.142857142857 0.0
0.00530932594644506 1474.7058823529412 0.0
0.005424746075715605 1422.0 0.0
0.00554016620498615 1384.9375 0.0
0.005655586334256694 1489.888888888889 0.0
0.0057710064635272396 1568.1538461538462 0.0
0.005886426592797784 1580.5384615384614 0.0
0.006001846722068329 1443.8 0.0
0.006117266851338873 1411.3333333333333 0.0
0.006232686980609419 1461.1666666666667 0.0
0.006348107109879963 1526.875 0.0
0.006463527239150508 1427.8 0.0
0.006578947368421052 1640.7 0.0
0.006694367497691598 1482.6363636363637 0.0
0.006809787626962142 1374.4285714285713 0.0
0.006925207756232687 1385.4 0.0
0.007040627885503232 1514.8333333333333 0.0
0.007156048014773777 1509.5454545454545 0.0
0.007271468144044321 1516.125 0.0
0.007386888273314866 1481.7142857142858 0.0
0.007502308402585411 1704.1666666666667 0.0
0.007617728531855956 1587.7142857142858 0.0
0.0077331486611265 1589.5 0.0
0.007848568790397045 1631.9 0.0
0.00796398891966759 1459.1818181818182 0.0
0.008079409048938134 1378.4444444444443 0.0
0.00819482917820868 1521.8 0.0
0.008310249307479225 1414.6666666666667 0.0
0.008425669436749769 1482.7272727272727 0.0
0.008541089566020314 1605.5714285714287 0.0
0.00865650969529086 1644.0 0.0
0.008771929824561403 1460.142857142857 0.0
0.008887349953831948 1637.1 0.0
0.009002770083102494 1730.4166666666667 47.833333333333336
0.009118190212373038 1756.5555555555557 0.0
0.009233610341643583 1474.857142857143 0.0
0.009349030470914127 1578.3333333333333 0.0
0.009464450600184672 1593.5 0.0
0.009579870729455217 1515.3333333333333 0.0
0.009695290858725761 1904.0 0.0
0.009810710987996307 1868.5 0.0
0.009926131117266852 1733.0 0.0
0.010041551246537396 1327.6666666666667 0.0
0.010156971375807941 1520.6666666666667 0.0
0.010272391505078486 1626.4285714285713 0.0
0.01038781163434903 1661.6666666666667 0.0
0.010503231763619576 1521.6666666666667 0.0
0.01061865189289012 1432.4 0.0
0.010734072022160665 1616.0 0.0
0.01084949215143121 1720.2857142857142 0.0
0.010964912280701754 1666.5 0.0
0.0110803324099723 1767.6 0.0
0.011195752539242845 1594.125 0.0
0.011311172668513388 1582.7142857142858 0.0
0.011426592797783934 2104.0 0.0
0.011542012927054479 1562.5 0.0
0.011657433056325023 1667.0 0.0
0.011772853185595568 1541.8 0.0
0.011888273314866112 1368.5 0.0
0.012003693444136657 1656.1666666666667 0.0
0.012119113573407203 1508.625 0.0
0.012234533702677746 1627.2 0.0
0.012349953831948292 1745.0 0.0
0.012465373961218837 1604.25 0.0
0.012580794090489381 1897.1666666666667 0.0
0.012696214219759926 1931.5 0.0
0.012811634349030472 1787.0 0.0
0.012927054478301015 1701.75 0.0
0.01304247460757156 1633.6666666666667 0.0
0.013157894736842105 1700.5 0.0
0.01327331486611265 1791.8333333333333 0.0
0.013388734995383195 1789.5 0.0
0.013504155124653739 1919.75 0.0
0.013619575253924284 1956.0 0.0
0.01373499538319483 1917.75 0.0
0.013850415512465374 1704.25 0.0
0.013965835641735919 1767.3333333333333 0.0
0.014081255771006464 1745.6666666666667 0.0
0.014196675900277008 1740.2 0.0
0.014312096029547553 1529.0 0.0
0.014427516158818097 1674.3333333333333 0.0
0.014542936288088643 1747.0 0.0
0.014658356417359188 1764.5 0.0
0.014773776546629732 1767.6666666666667 0.0
0.014889196675900277 1586.5 0.0
0.015004616805170823 1696.8333333333333 0.0
0.015120036934441366 1919.0 0.0
0.015235457063711912 1791.5 0.0
0.015466297322253 2003.0 0.0
0.015581717451523546 1952.0 0.0
0.01569713758079409 1528.0 0.0
0.015812557710064637 1810.4 0.0
0.016043397968605724 1768.5 0.0
0.016158818097876268 1563.5 0.0
0.016274238227146815 2492.0 0.0
0.01638965835641736 1899.5 0.0
0.016505078485687903 1691.0 0.0
0.01662049861495845 1751.75 0.0
0.016735918744228993 1596.3333333333333 0.0
0.016851338873499537 1662.25 0.0
0.016966759002770084 1549.5 0.0
0.017082179132040628 1600.0 0.0
0.01719759926131117 1549.5 0.0
0.01731301939058172 1701.0 0.0
0.017428439519852262 1656.75 0.0
0.017543859649122806 1652.3333333333333 0.0
0.017659279778393353 1782.3333333333333 0.0
0.017774699907663897 1860.0 0.0
0.01789012003693444 1923.25 0.0
0.018005540166204988 1944.3333333333333 0.0
0.01812096029547553 1672.0 0.0
0.018236380424746075 1948.0 0.0
0.018351800554016622 1860.0 0.0
0.01858264081255771 1619.5 0.0
0.018698060941828253 1282.0 0.0
0.0188134810710988 1619.5 0.0
0.019159741458910435 1282.0 0.0
0.01950600184672207 1590.5 0.0
0.019621421975992613 1783.0 0.0
0.019736842105263157 1783.0 0.0
0.02019852262234534 1784.0 0.0
0.020313942751615882 1630.5 0.0
0.020544783010156973 1842.0 0.0
0.02077562326869806 1419.0 0.0
0.020891043397968604 1785.0 0.0
0.02100646352723915 1861.0 0.0
0.02123730378578024 2327.5 0.0
0.02146814404432133 2870.0 0.0
0.021583564173591873 1937.0 0.0
0.022045244690674055 2485.0 0.0
0.0221606648199446 2870.0 0.0
0.022276084949215142 2870.0 0.0
0.022622345337026777 2116.5 0.0
0.022737765466297324 1950.0 0.0
0.022853185595567867 2283.0 0.0
0.02296860572483841 2412.5 0.0
0.023084025854108958 1951.0 0.0
0.023199445983379502 2128.0 0.0
0.023314866112650046 2416.0 0.0
0.023545706371191136 1995.0 0.0
0.02366112650046168 2205.5 0.0
0.023776546629732224 1995.0 0.0
0.02389196675900277 2874.0 0.0
0.024007386888273315 2151.3333333333335 0.0
0.02412280701754386 2874.0 0.0
0.024238227146814405 1526.0 0.0
0.02435364727608495 1526.0 0.0
0.024469067405355493 2416.0 0.0
0.02458448753462604 2231.0 0.0
0.024699907663896584 2420.5 0.0
0.024930747922437674 2301.6666666666665 0.0
0.025046168051708218 2244.5 0.0
0.025161588180978762 2064.0 0.0
0.025507848568790396 2425.0 0.0
0.02585410895660203 2580.5 0.0
0.025969529085872575 2425.0 0.0
0.02608494921514312 2286.0 0.0
0.02631578947368421 2286.0 0.0
0.026662049861495844 2286.0 0.0
0.02677746999076639 2433.5 0.0
0.026892890120036934 2286.0 0.0
0.027008310249307478 2286.0 0.0
0.027123730378578025 2286.0 0.0
0.02723915050784857 2286.0 0.0
0.027354570637119113 2286.0 0.0
0.027585410895660203 2259.0 0.0
0.027700831024930747 2354.0 0.0
0.027816251154201294 2232.0 0.0
0.027931671283471838 2322.0 0.0
0.02804709141274238 2322.0 0.0
0.02816251154201293 2322.0 0.0
0.028277931671283472 2322.0 0.0
0.028393351800554016 2322.0 0.0
0.02850877192982456 2466.0 0.0
0.02873961218836565 2634.0 0.0
0.028855032317636194 2372.0 0.0
0.02897045244690674 2211.5 0.0
0.029085872576177285 2110.0 0.0
0.02920129270544783 2110.0 0.0
0.02943213296398892 2634.0 0.0
0.029547553093259463 2634.0 0.0
0.029778393351800554 2117.0 0.0
0.029893813481071098 2390.3333333333335 0.0
0.030009233610341645 2360.0 0.0
0.03012465373961219 2481.5 0.0
0.030240073868882732 2440.75 0.0
0.03035549399815328 2395.0 0.0
0.030470914127423823 2302.3333333333335 0.0
0.030586334256694367 2349.5 0.0
0.030817174515235458 2582.0 0.0
0.030932594644506 2691.0 0.0
0.031048014773776545 2800.0 0.0
0.031163434903047092 2675.0 0.0
0.031278855032317636 2800.0 0.0
0.03139427516158818 2800.0 0.0
0.031625115420129274 2347.5 0.0
0.03174053554939982 2150.5 0.0
0.03185595567867036 2093.0 0.0
0.031971375807940905 2264.75 0.0
0.03208679593721145 2652.0 0.0
0.032317636195752536 2271.0 0.0
0.03243305632502309 2271.0 0.0
0.032663896583564174 2271.0 0.0
0.03277931671283472 2271.0 0.0
0.03289473684210526 2596.5 0.0
0.033010156971375805 2737.0 0.0
0.033125577100646356 2737.0 0.0
0.0332409972299169 2922.0 0.0
0.03335641735918744 2922.0 0.0
0.03347183748845799 2656.0 0.0
0.03358725761772853 2922.0 0.0
0.034856879039704525 2657.0 0.0
0.03543397968605725 2842.0 0.0
0.03566481994459834 2789.5 0.0
0.03578024007386888 2789.5 0.0
0.035895660203139425 2749.5 0.0
0.036011080332409975 2574.6666666666665 0.0
0.03612650046168052 2750.6666666666665 0.0
0.03624192059095106 2473.0 0.0
0.036357340720221606 2602.0 0.0
0.036588180978762694 2737.0 0.0
0.03681902123730379 2737.0 0.0
0.03693444136657433 2737.0 0.0
0.037049861495844875 2737.0 0.0
0.03716528162511542 2537.0 0.0
0.03728070175438596 2291.0 0.0
0.037396121883656507 2291.0 0.0
0.03751154201292706 2268.6666666666665 0.0
0.0376269621421976 2362.0 0.0
0.037742382271468145 2362.0 0.0
0.03785780240073869 2362.0 0.0
0.03797322253000923 2362.0 0.0
0.038088642659279776 2154.0 0.0
0.03831948291782087 2155.0 0.0
0.038434903047091414 2155.0 0.0
0.03855032317636196 2865.0 0.0
0.0386657433056325 2865.0 0.0
0.038781163434903045 2155.0 0.0
0.038896583564173595 2937.5 0.0
0.03901200369344414 2599.0 0.0
0.03912742382271468 3008.0 0.0
0.039473684210526314 2155.0 0.0
0.03970452446906741 2213.0 0.0
0.03981994459833795 2213.0 0.0
0.039935364727608495 2540.5 0.0
0.04005078485687904 2868.0 0.0
0.04016620498614958 2213.0 0.0
0.04051246537396122 2373.0 0.0
0.040627885503231764 2373.0 0.0
0.04085872576177285 2164.0 0.0
0.040974145891043395 2164.0 0.0
0.04143582640812558 2341.0 0.0
0.04155124653739612 3189.0 0.0
0.041666666666666664 2374.0 0.0
0.0420129270544783 2374.0 0.0
0.04247460757156048 2374.0 0.0
0.0430517082179132 2940.0 0.0
0.0432825484764543 2940.0 0.0
0.043513388734995384 2526.0 0.0
0.04362880886426593 2418.5 0.0
0.04374422899353647 2311.0 0.0
0.043859649122807015 2418.5 0.0
0.043975069252077566 2418.5 0.0
0.04409048938134811 2416.0 0.0
0.0443213296398892 2526.0 0.0
0.04443674976915974 2526.0 0.0
0.044552169898430284 2526.0 0.0
0.04466759002770083 2733.0 0.0
0.04478301015697138 3109.5 0.0
0.04489843028624192 3204.0 0.0
0.045013850415512466 3204.0 0.0
0.04512927054478301 3109.5 0.0
0.04524469067405355 3015.0 0.0
0.0453601108033241 2767.0 0.0
0.04547553093259465 3110.0 0.0
0.04559095106186519 2791.0 0.0
0.045706371191135735 3110.5 0.0
0.04582179132040628 3206.0 0.0
0.04593721144967682 2376.0 0.0
0.046052631578947366 2791.0 0.0
0.046168051708217916 3206.0 0.0
0.046398891966759004 2376.0 0.0
0.04651431209602955 2696.5 0.0
0.04662973222530009 2376.0 0.0
0.04686057248384118 3017.0 0.0
0.04697599261311173 2376.0 0.0
0.04709141274238227 3111.5 0.0
0.04720683287165282 3111.5 0.0
0.04732225300092336 3111.5 0.0
0.047437673130193904 3111.5 0.0
0.04755309325946445 3017.0 0.0
0.047668513388735 2376.0 0.0
0.04778393351800554 3018.0 0.0
0.047899353647276086 3018.0 0.0
0.04813019390581717 3018.0 0.0
0.04836103416435827 3018.0 0.0
0.04847645429362881 3018.0 0.0
0.05170821791320406 2449.0 0.0
0.051823638042474605 2449.0 0.0
0.05193905817174515 2551.0 0.0
0.0520544783010157 2751.5 0.0
0.05216989843028624 2751.5 0.0
0.05228531855955679 2554.0 0.0
0.05240073868882733 2449.0 0.0
0.05263157894736842 2700.5 0.0
0.05274699907663897 2952.0 0.0
0.05286241920590951 2953.0 0.0
0.052977839335180056 2701.0 0.0
0.0530932594644506 2701.0 0.0
0.053208679593721143 2706.5 0.0
0.05332409972299169 2707.5 0.0
0.05343951985226224 2966.0 0.0
0.05355493998153278 2449.0 0.0
0.054016620498614956 2449.0 0.0
0.05424746075715605 2449.0 0.0
0.054362880886426594 2624.5 0.0
0.05459372114496768 2707.5 0.0
0.054709141274238225 2738.3333333333335 0.0
0.05493998153277932 2451.0 0.0
0.05505540166204986 2708.5 0.0
0.05528624192059095 2451.0 0.0
0.055401662049861494 2451.0 0.0
0.05551708217913204 2452.0 0.0
0.05563250230840259 2452.0 0.0
0.05574792243767313 2452.0 0.0
0.055863342566943676 2626.5 0.0
0.05597876269621422 2628.5 0.0
0.05609418282548476 2800.0 0.0
0.05620960295475531 2801.0 0.0
0.05632502308402586 2801.0 0.0
0.056555863342566945 2801.0 0.0
0.058748845798707296 3288.0 0.0
0.05909510618651893 3288.0 0.0
0.05921052631578947 3288.0 0.0
0.05932594644506002 3288.0 0.0
0.06105724838411819 2830.0 0.0
0.061172668513388734 2830.0 0.0
0.06151892890120037 2831.0 0.0
0.06174976915974146 2831.0 0.0
0.06336565096952909 3491.0 0.0
0.06602031394275161 2467.0 0.0
0.06775161588180979 3037.0 0.0
0.06798245614035088 3037.0 0.0
0.06844413665743306 2458.0 0.0
0.0685595567867036 2458.0 0.0
0.06913665743305633 3512.0 0.0
0.06925207756232687 3324.5 0.0
0.07040627885503231 3138.0 0.0
0.07052169898430287 3138.0 0.0
0.07063711911357341 3325.0 0.0
0.07075253924284396 3352.5 0.0
0.07121421975992613 2459.0 0.0
0.07132963988919667 2459.0 0.0
0.07144506001846722 3193.0 0.0
0.07156048014773776 2826.0 0.0
0.07271468144044321 2827.5 0.0
0.07317636195752539 2475.0 0.0
0.07340720221606649 2462.0 0.0
0.07375346260387812 3197.0 0.0
0.07409972299168975 2462.0 0.0
0.0742151431209603 2466.0 0.0
0.07444598337950138 2786.5 0.0
0.07456140350877193 2970.0 0.0
0.07467682363804247 2970.0 0.0
0.07502308402585411 2608.0 0.0
0.0762927054478301 3474.0 0.0
0.07640812557710065 3626.0 0.0
0.07663896583564174 3753.0 0.0
0.07710064635272391 2477.0 0.0
0.07721606648199446 2477.0 0.0
0.07744690674053555 2477.0 0.0
0.07767774699907663 2477.0 0.0
0.07779316712834719 2477.0 0.0
0.07802400738688828 2477.0 0.0
0.07813942751615882 2732.5 0.0
0.07825484764542937 2988.0 0.0
0.07906278855032317 2610.0 0.0
0.07940904893813482 3030.0 0.0
0.07952446906740536 3030.0 0.0
0.0796398891966759 3030.0 0.0
0.07987072945521699 2824.5 0.0
0.08010156971375808 3096.5 0.0
0.08021698984302862 3096.5 0.0
0.08033240997229917 3372.0 0.0
0.08044783010156971 3372.0 0.0
0.08056325023084025 3372.0 0.0
0.08067867036011081 3182.0 0.0
0.08079409048938135 3373.0 0.0
0.08137119113573407 3373.0 0.0
0.08148661126500462 3373.0 0.0
0.08160203139427516 2708.0 0.0
0.08448753462603878 2991.0 0.0
0.08460295475530932 3212.5 0.0
0.08471837488457987 3212.5 0.0
0.08483379501385041 2991.0 0.0
0.08564173591874423 5768.0 574.0
0.08575715604801477 3435.0 0.0
0.08668051708217914 2991.0 0.0
0.08829639889196676 3436.0 0.0
0.0884118190212373 3436.0 0.0
0.09164358264081256 3448.0 0.0
0.0917590027700831 3448.0 0.0
0.09210526315789473 3448.0 0.0
0.09222068328716528 3448.0 0.0
0.0930286241920591 3388.0 0.0
0.09325946445060018 3388.0 0.0
0.09418282548476455 3456.0 0.0
0.09429824561403509 3456.0 0.0
0.09487534626038781 3456.0 0.0
0.0951061865189289 3456.0 0.0
0.09522160664819945 3456.0 0.0
0.09556786703601108 3456.0 0.0
0.09718374884579871 3464.0 0.0
0.09787626962142197 3464.0 0.0
0.09799168975069251 3464.0 0.0
0.09833795013850416 3462.0 0.0
0.0984533702677747 3462.0 0.0
0.09856879039704525 3478.0 0.0
0.09891505078485688 3479.0 0.0
0.09903047091412742 3464.0 0.0
0.10814866112650046 3491.0 0.0
0.1084949215143121 3501.0 0.0
0.10872576177285319 3501.0 0.0
0.10941828254847645 3501.0 0.0
0.11241920590951061 3529.0 0.0
0.11276546629732226 3529.0 0.0
0.1128808864265928 3529.0 0.0
0.1139196675900277 3529.0 0.0
0.11403508771929824 3529.0 0.0
0.1141505078485688 3529.0 0.0
0.11426592797783934 3529.0 0.0
0.11438134810710988 3529.0 0.0
0.11449676823638043 3529.0 0.0
0.11530470914127423 3529.0 0.0
0.11553554939981532 3529.0 0.0
0.11599722991689751 3529.0 0.0
0.11611265004616805 3529.0 0.0
0.1162280701754386 3529.0 0.0
0.11634349030470914 3529.0 0.0
0.11680517082179132 3531.0 0.0
0.11865189289012004 3531.0 0.0
0.11876731301939059 3531.0 0.0
0.11899815327793167 3531.0 0.0
0.12384579870729455 3537.0 0.0
0.15743305632502308 4079.0 0.0
0.15985687903970452 4079.0 0.0
0.15997229916897507 4079.0 0.0
0.1600877192982456 4079.0 0.0
0.16020313942751616 4079.0 0.0
0.1603185595567867 4079.0 0.0
0.1605493998153278 4079.0 0.0
0.16124192059095105 4079.0 0.0
0.16135734072022162 4079.0 0.0
0.16147276084949216 4079.0 0.0
0.1615881809787627 4079.0 0.0
0.1618190212373038 4079.0 0.0
0.16204986149584488 4079.0 0.0
0.16228070175438597 4079.0 0.0
0.1623961218836565 4079.0 0.0
0.1672437673130194 6221.0 574.0
0.1682825484764543 4086.0 0.0
0.16851338873499538 4086.0 0.0
0.17532317636195752 4245.0 0.0
0.17543859649122806 4245.0 0.0
0.1755540166204986 4245.0 0.0
0.1757848568790397 4245.0 0.0
0.1987534626038781 4275.0 0.0
0.1989843028624192 4277.5 0.0
0.19909972299168974 4280.0 0.0
0.20071560480147738 4275.0 0.0
0.20083102493074792 4275.0 0.0
0.20094644506001846 4275.0 0.0
0.20117728531855955 4275.0 0.0
0.2012927054478301 4275.0 0.0
0.20140812557710064 4282.0 0.0
0.20152354570637118 4283.0 0.0
0.20325484764542937 4331.0 0.0
0.20371652816251154 4061.0 0.0
0.20383194829178208 4061.0 0.0
0.20521698984302864 4331.0 0.0
0.20544783010156972 4331.0 0.0
0.2056786703601108 4331.0 0.0
0.2077562326869806 4331.0 0.0
0.20810249307479226 4331.0 0.0
0.2082179132040628 4331.0 0.0
0.20833333333333334 4331.0 0.0
0.2084487534626039 4331.0 0.0
0.20856417359187443 4331.0 0.0
0.20879501385041552 4331.0 0.0
0.21295013850415512 4331.0 0.0
0.21306555863342566 4331.0 0.0
0.2131809787626962 4331.0 0.0
0.21329639889196675 4331.0 0.0
0.2134118190212373 4331.0 0.0
0.22253000923361035 4312.0 0.0
0.22541551246537397 4377.0 0.0
0.22899353647276086 4365.0 0.0
0.2291089566020314 4365.0 0.0
0.2293397968605725 4365.0 0.0
0.22945521698984303 4365.0 0.0
0.23084025854108955 4384.0 0.0
0.2309556786703601 4384.0 0.0
0.23107109879963064 4384.0 0.0
0.23176361957525393 4384.0 0.0
0.23187903970452448 4384.0 0.0
0.23199445983379502 4384.0 0.0
0.2322253000923361 4384.0 0.0
0.2324561403508772 4384.0 0.0
0.23268698060941828 4384.0 0.0
0.23280240073868882 4384.0 0.0
0.23545706371191136 4385.0 0.0
0.2355724838411819 4385.0 0.0
0.23695752539242845 4386.0 0.0
0.23753462603878117 4386.0 0.0
0.23765004616805172 4386.0 0.0
0.23776546629732226 4386.0 0.0
0.2378808864265928 4386.0 0.0
0.23799630655586335 4386.0 0.0
0.24088180978762697 4387.0 0.0
0.24111265004616805 4387.0 0.0
0.2412280701754386 4390.0 0.0
0.2420360110803324 4390.0 0.0
0.24249769159741458 4410.0 0.0
0.24261311172668512 4410.0 0.0
0.24388273314866113 4390.0 0.0
0.24399815327793167 4390.0 0.0
0.2443444136657433 4390.0 0.0
0.24469067405355494 4390.0 0.0
0.24480609418282548 4390.0 0.0
0.2451523545706371 4390.0 0.0
0.24630655586334257 4390.0 0.0
0.24676823638042475 4411.0 0.0
0.2468836565096953 4411.0 0.0
0.24699907663896584 4411.0 0.0
0.2484995383194829 4411.0 0.0
0.24873037857802402 4411.0 0.0
0.24884579870729456 4411.0 0.0
0.2489612188365651 4411.0 0.0
0.24907663896583565 4411.0 0.0
0.2491920590951062 4411.0 0.0
0.24930747922437674 4411.0 0.0
0.24942289935364728 4411.0 0.0
0.24953831948291783 4411.0 0.0
0.25057710064635275 4411.0 0.0
0.25069252077562326 4411.0 0.0
0.25080794090489383 4411.0 0.0
0.25092336103416435 4411.0 0.0
0.2520775623268698 4411.0 0.0
0.25219298245614036 4411.0 0.0
0.25242382271468145 4411.0 0.0
0.25253924284395196 4411.0 0.0
0.25346260387811637 4411.0 0.0
0.2535780240073869 4411.0 0.0
0.2546168051708218 4411.0 0.0
0.2547322253000923 4411.0 0.0
0.2548476454293629 4411.0 0.0
0.2549630655586334 4411.0 0.0
0.255078485687904 4411.0 0.0
0.25530932594644506 4411.0 0.0
0.25565558633425667 4411.0 0.0
0.25577100646352724 4411.0 0.0
0.2562326869806094 4412.0 0.0
0.25634810710988 4412.0 0.0
0.2658125577100646 4424.0 0.0
0.27008310249307477 4440.0 0.0
0.46018005540166207 5197.0 0.0
0.4602954755309326 5197.0 0.0
0.5384349030470914 5228.0 0.0
0.5386657433056325 5228.0 0.0
0.5388965835641736 5228.0 0.0
0.5409741458910434 5228.0 0.0
0.541089566020314 5228.0 0.0
0.5440904893813481 5233.0 0.0
0.5443213296398892 5233.0 0.0
0.5444367497691598 5233.0 0.0
0.5446675900277008 5233.0 0.0
0.5447830101569714 5233.0 0.0
0.5452446906740536 5237.0 0.0
0.5455909510618652 5237.0 0.0
0.548938134810711 5237.0 0.0
0.5491689750692521 5238.0 0.0
0.560826408125577 5242.0 0.0
0.8309095106186519 6024.0 0.0
0.9981532779316713 8708.0 574.0
1.0 8709.0 574.0
