341652
0.00011542012927054478 639.5669436749769 0.0
0.00023084025854108956 999.0113017999163 0.0
0.00034626038781163435 1411.3369351669942 0.0
0.0004616805170821791 1887.5885167464114 0.0
0.0005771006463527239 2027.6592427616927 0.0
0.0006925207756232687 2267.7738095238096 0.0
0.0008079409048938135 2753.2122302158273 0.0
0.0009233610341643582 2868.7803738317757 0.0
0.001038781163434903 3447.9664804469276 0.0
0.0011542012927054479 3446.5421052631577 0.0
0.0012696214219759926 3931.1007194244603 0.0
0.0013850415512465374 3879.9661016949153 0.0
0.0015004616805170822 3943.8790322580644 0.0
0.001615881809787627 4137.509090909091 0.0
0.0017313019390581717 3949.778947368421 0.0
0.0018467220683287165 4366.105882352941 0.0
0.0019621421975992612 4463.1463414634145 0.0
0.002077562326869806 4721.267605633803 0.0
0.0021929824561403508 4586.237288135593 0.0
0.0023084025854108957 5310.3448275862065 0.0
0.0024238227146814403 5099.673076923077 0.0
0.0025392428439519853 5008.68 0.0
0.00265466297322253 5303.0888888888885 0.0
0.002770083102493075 5589.725 0.0
0.0028855032317636198 5652.382352941177 0.0
0.0030009233610341643 6026.1578947368425 0.0
0.0031163434903047093 6411.804878048781 0.0
0.003231763619575254 5955.3 0.0
0.003347183748845799 5980.219512195122 0.0
0.0034626038781163434 6637.0 0.0
0.0035780240073868884 6978.212121212121 0.0
0.003693444136657433 6874.3421052631575 0.0
0.003808864265927978 6795.78125 0.0
0.0039242843951985225 7229.594594594595 0.0
0.004039704524469067 7026.135135135135 0.0
0.004155124653739612 6666.322580645161 0.0
0.004270544783010157 7532.888888888889 0.0
0.0043859649122807015 7158.538461538462 0.0
0.004501385041551247 7621.190476190476 0.0
0.0046168051708217915 7557.363636363636 0.0
0.004732225300092336 7820.714285714285 0.0
0.004847645429362881 8435.545454545454 0.0
0.004963065558633426 8292.875 0.0
0.0050784856879039705 8858.4 0.0
0.005193905817174515 8275.8 0.0
0.00530932594644506 8737.76923076923 0.0
0.005424746075715605 8907.42857142857 0.0
0.00554016620498615 8736.9 0.0
0.005655586334256694 8899.5 0.0
0.0057710064635272396 8887.238095238095 0.0
0.005886426592797784 9013.78947368421 0.0
0.006001846722068329 8963.277777777777 0.0
0.006117266851338873 9268.777777777777 0.0
0.006232686980609419 9569.266666666666 0.0
0.006348107109879963 10108.588235294117 0.0
0.006463527239150508 10622.07142857143 0.0
0.006578947368421052 10633.666666666666 0.0
0.006694367497691598 9861.6 0.0
0.006809787626962142 9692.857142857143 0.0
0.006925207756232687 11062.818181818182 0.0
0.007040627885503232 11764.555555555555 0.0
0.007156048014773777 11993.166666666666 0.0
0.007271468144044321 11234.411764705883 0.0
0.007386888273314866 11349.09090909091 0.0
0.007502308402585411 10504.166666666666 0.0
0.007617728531855956 10936.545454545454 0.0
0.0077331486611265 11750.111111111111 0.0
0.007848568790397045 11243.545454545454 0.0
0.00796398891966759 12871.727272727272 0.0
0.008079409048938134 13371.888888888889 0.0
0.00819482917820868 13441.222222222223 0.0
0.008310249307479225 11431.857142857143 0.0
0.008425669436749769 10579.833333333334 0.0
0.008541089566020314 13708.666666666666 0.0
0.00865650969529086 15115.0 0.0
0.008771929824561403 11624.888888888889 0.0
0.008887349953831948 13259.714285714286 0.0
0.009002770083102494 13685.857142857143 0.0
0.009118190212373038 13795.5 0.0
0.009233610341643583 14446.333333333334 0.0
0.009349030470914127 14392.285714285714 0.0
0.009464450600184672 10478.5 0.0
0.009579870729455217 12882.111111111111 0.0
0.009695290858725761 14480.42857142857 0.0
0.009810710987996307 11780.142857142857 0.0
0.009926131117266852 13000.5 0.0
0.010041551246537396 14653.166666666666 0.0
0.010156971375807941 13787.375 0.0
0.010272391505078486 14320.5 0.0
0.01038781163434903 13779.888888888889 0.0
0.010503231763619576 13512.857142857143 0.0
0.01061865189289012 14549.666666666666 0.0
0.010734072022160665 14416.166666666666 0.0
0.01084949215143121 14004.25 0.0
0.010964912280701754 15176.0 0.0
0.0110803324099723 15906.0 0.0
0.011195752539242845 12272.285714285714 0.0
0.011311172668513388 13434.0 0.0
0.011426592797783934 14459.875 0.0
0.011542012927054479 14942.333333333334 0.0
0.011657433056325023 15764.0 0.0
0.011772853185595568 15546.625 0.0
0.011888273314866112 14853.0 0.0
0.012003693444136657 13580.333333333334 0.0
0.012119113573407203 10361.0 0.0
0.012349953831948292 21763.0 0.0
0.012465373961218837 21783.0 0.0
0.012580794090489381 16601.0 0.0
0.012696214219759926 12622.0 0.0
0.012811634349030472 14088.0 0.0
0.012927054478301015 14844.75 0.0
0.01304247460757156 19194.0 0.0
0.013157894736842105 17542.666666666668 0.0
0.01327331486611265 17778.5 0.0
0.013388734995383195 17286.0 0.0
0.013504155124653739 19525.0 0.0
0.013619575253924284 19526.5 0.0
0.01373499538319483 17735.0 0.0
0.013850415512465374 16931.333333333332 0.0
0.013965835641735919 18434.8 0.0
0.014081255771006464 17307.5 0.0
0.014196675900277008 15432.25 0.0
0.014312096029547553 17350.0 0.0
0.014427516158818097 17731.8 0.0
0.014542936288088643 14838.5 0.0
0.014658356417359188 16553.5 0.0
0.014773776546629732 16172.8 0.0
0.014889196675900277 16904.333333333332 0.0
0.015004616805170823 16114.6 0.0
0.015120036934441366 15504.6 0.0
0.015235457063711912 16877.14285714286 0.0
0.015350877192982455 17232.0 0.0
0.015466297322253 17180.0 0.0
0.015581717451523546 17224.6 0.0
0.01569713758079409 17236.333333333332 0.0
0.015812557710064637 19203.5 0.0
0.01592797783933518 13994.0 0.0
0.016043397968605724 13343.0 0.0
0.016158818097876268 24486.0 0.0
0.016274238227146815 20869.5 0.0
0.01638965835641736 20539.5 0.0
0.016505078485687903 16761.333333333332 0.0
0.01662049861495845 19108.2 0.0
0.016735918744228993 21270.5 0.0
0.016851338873499537 25544.0 0.0
0.016966759002770084 22944.0 0.0
0.017082179132040628 19141.75 0.0
0.01719759926131117 13829.666666666666 0.0
0.01731301939058172 18621.333333333332 0.0
0.017428439519852262 19294.0 0.0
0.017774699907663897 17555.0 0.0
0.01789012003693444 63709.5 0.0
0.018351800554016622 14465.0 0.0
0.018467220683287166 40057.0 0.0
0.01858264081255771 18327.0 0.0
0.018698060941828253 14331.0 0.0
0.0188134810710988 19514.666666666668 0.0
0.018928901200369344 15904.0 0.0
0.019044321329639888 19082.0 0.0
0.019159741458910435 18041.666666666668 0.0
0.01927516158818098 20396.333333333332 0.0
0.019390581717451522 19283.0 0.0
0.01950600184672207 20289.0 0.0
0.019621421975992613 15608.333333333334 0.0
0.019736842105263157 21358.5 0.0
0.019852262234533704 24194.0 0.0
0.019967682363804248 28018.0 0.0
0.02008310249307479 18753.0 0.0
0.02019852262234534 18164.5 0.0
0.020544783010156973 28862.0 0.0
0.020660203139427517 16500.0 0.0
0.020891043397968604 16518.0 0.0
0.02100646352723915 21225.0 0.0
0.021121883656509695 21232.5 0.0
0.02123730378578024 21248.0 0.0
0.021352723915050786 21686.0 0.0
0.02146814404432133 19258.0 0.0
0.021583564173591873 16757.0 0.0
0.021814404432132964 23032.5 0.0
0.021929824561403508 18717.5 0.0
0.022045244690674055 19130.333333333332 0.0
0.0221606648199446 17745.0 0.0
0.022276084949215142 20246.5 0.0
0.02239150507848569 17761.0 0.0
0.022506925207756233 20331.25 0.0
0.022622345337026777 19136.0 0.0
0.022737765466297324 21655.5 0.0
0.022853185595567867 22178.666666666668 0.0
0.02296860572483841 25355.5 0.0
0.023084025854108958 23120.0 0.0
0.023199445983379502 19479.0 0.0
0.02343028624192059 23388.0 0.0
0.023545706371191136 26964.0 0.0
0.02366112650046168 26968.0 0.0
0.023776546629732224 27000.0 0.0
0.02389196675900277 27000.0 0.0
0.024007386888273315 22429.5 0.0
0.02412280701754386 24156.0 0.0
0.02435364727608495 27214.0 0.0
0.024469067405355493 26139.0 0.0
0.024815327793167127 25850.0 0.0
0.024930747922437674 23466.0 0.0
0.025046168051708218 21080.0 0.0
0.025161588180978762 25880.0 0.0
0.02527700831024931 26026.0 0.0
0.025392428439519853 25896.0 0.0
0.025507848568790396 23678.0 0.0
0.025623268698060944 30917.0 0.0
0.025738688827331487 28620.5 0.0
0.02585410895660203 25652.5 0.0
0.025969529085872575 31104.0 0.0
0.02608494921514312 31071.666666666668 0.0
0.026200369344413665 27107.0 0.0
0.02631578947368421 27137.0 0.0
0.026431209602954756 32967.0 0.0
0.02677746999076639 26214.0 0.0
0.026892890120036934 26488.0 0.0
0.027008310249307478 28724.5 0.0
0.027123730378578025 26526.0 0.0
0.02723915050784857 23972.0 0.0
0.027354570637119113 21384.0 0.0
0.02746999076638966 24012.0 0.0
0.027585410895660203 26661.0 0.0
0.027816251154201294 22875.0 0.0
0.02804709141274238 22886.0 0.0
0.02850877192982456 31477.5 0.0
0.028624192059095107 31082.0 0.0
0.028855032317636194 32038.0 0.0
0.029085872576177285 31572.0 0.0
0.02920129270544783 32048.0 0.0
0.02943213296398892 32057.0 0.0
0.029547553093259463 33017.5 0.0
0.02966297322253001 33904.0 0.0
0.029778393351800554 24046.666666666668 0.0
0.029893813481071098 28579.5 0.0
0.030009233610341645 17590.0 0.0
0.030240073868882732 25667.333333333332 0.0
0.03035549399815328 25697.333333333332 0.0
0.030470914127423823 26951.0 0.0
0.030586334256694367 28638.5 0.0
0.03070175438596491 27253.0 0.0
0.030817174515235458 27258.5 0.0
0.030932594644506 31634.0 0.0
0.031163434903047092 31656.0 0.0
0.031278855032317636 32734.0 0.0
0.03139427516158818 32737.0 0.0
0.03150969529085872 23466.0 0.0
0.031625115420129274 23689.0 0.0
0.03174053554939982 26080.5 0.0
0.03185595567867036 25696.333333333332 0.0
0.031971375807940905 32358.0 0.0
0.03208679593721145 23790.0 0.0
0.032317636195752536 23734.5 0.0
0.032663896583564174 31145.5 0.0
0.03277931671283472 23603.0 0.0
0.03289473684210526 23623.0 0.0
0.033125577100646356 26100.0 0.0
0.0332409972299169 24013.0 0.0
0.03335641735918744 26794.0 0.0
0.03347183748845799 25419.0 0.0
0.03358725761772853 26920.0 0.0
0.033702677746999074 31601.5 0.0
0.033818097876269625 35323.0 0.0
0.03393351800554017 24075.5 0.0
0.034164358264081256 24129.0 0.0
0.0342797783933518 24130.0 0.0
0.03439519852262234 24187.0 0.0
0.03451061865189289 31291.0 0.0
0.03462603878116344 24318.0 0.0
0.03474145891043398 27955.5 0.0
0.034856879039704525 27956.5 0.0
0.03508771929824561 27981.0 0.0
0.035203139427516156 24324.0 0.0
0.035318559556786706 24324.0 0.0
0.03543397968605725 28446.0 0.0
0.035549399815327794 25174.0 0.0
0.03566481994459834 29664.5 0.0
0.036011080332409975 24382.0 0.0
0.03612650046168052 24887.5 0.0
0.036357340720221606 24437.0 0.0
0.036703601108033244 24470.0 0.0
0.03693444136657433 28465.666666666668 0.0
0.037049861495844875 30580.0 0.0
0.03716528162511542 24540.0 0.0
0.03728070175438596 29551.0 0.0
0.037396121883656507 29603.0 0.0
0.03751154201292706 29635.0 0.0
0.0376269621421976 36543.0 0.0
0.037742382271468145 29809.0 0.0
0.03785780240073869 34264.0 0.0
0.03797322253000923 31988.0 0.0
0.038088642659279776 34311.5 0.0
0.038204062788550326 36609.0 0.0
0.03831948291782087 34328.0 0.0
0.038434903047091414 31787.0 0.0
0.038781163434903045 25399.0 0.0
0.038896583564173595 32112.0 0.0
0.03901200369344414 32124.0 0.0
0.03958910433979686 26696.0 0.0
0.039935364727608495 33188.0 0.0
0.04005078485687904 32582.0 0.0
0.040281625115420126 31990.0 0.0
0.04039704524469068 31993.0 0.0
0.04051246537396122 32002.0 0.0
0.04132040627885503 33559.0 0.0
0.04155124653739612 34344.0 0.0
0.041666666666666664 33615.0 0.0
0.04178208679593721 34405.0 0.0
0.04224376731301939 32518.0 0.0
0.04235918744228993 38825.0 0.0
0.04247460757156048 35303.0 0.0
0.04259002770083103 33541.0 0.0
0.04270544783010157 33566.0 0.0
0.042820867959372115 32650.0 0.0
0.043167128347183746 33429.5 0.0
0.0432825484764543 34174.0 0.0
0.04339796860572484 34174.0 0.0
0.043859649122807015 36494.0 0.0
0.043975069252077566 33594.0 0.0
0.04409048938134811 32124.0 0.0
0.04420590951061865 35395.5 0.0
0.0443213296398892 33967.5 0.0
0.04443674976915974 37451.0 0.0
0.044552169898430284 41250.0 0.0
0.045013850415512466 38415.666666666664 0.0
0.04512927054478301 38802.0 0.0
0.04559095106186519 36242.0 0.0
0.04593721144967682 41520.0 0.0
0.046168051708217916 41533.0 0.0
0.047437673130193904 36199.0 0.0
0.04755309325946445 30895.0 0.0
0.04778393351800554 31149.0 0.0
0.04801477377654663 31153.0 0.0
0.04824561403508772 39101.0 0.0
0.04836103416435827 35411.0 0.0
0.04847645429362881 33864.5 0.0
0.048591874422899355 31193.0 0.0
0.0487072945521699 34608.333333333336 0.0
0.04882271468144044 33657.0 0.0
0.048938134810710986 29653.5 0.0
0.04905355493998153 31253.0 0.0
0.04916897506925208 42879.0 0.0
0.049284395198522624 37074.5 0.0
0.04939981532779317 29773.0 0.0
0.049630655586334255 40847.0 0.0
0.0497460757156048 31558.0 0.0
0.04986149584487535 31563.0 0.0
0.04997691597414589 42980.0 0.0
0.050092336103416436 37324.5 0.0
0.05020775623268698 37335.5 0.0
0.050323176361957524 37349.5 0.0
0.05043859649122807 43068.0 0.0
0.05055401662049862 37369.0 0.0
0.05066943674976916 43101.0 0.0
0.050784856879039705 37433.0 0.0
0.05090027700831025 43220.0 0.0
0.05101569713758079 34660.5 0.0
0.051131117266851336 34663.0 0.0
0.05136195752539243 40854.0 0.0
0.051477377654662974 38641.0 0.0
0.05159279778393352 37615.333333333336 0.0
0.05170821791320406 37808.0 0.0
0.051823638042474605 37530.5 0.0
0.05193905817174515 37555.0 0.0
0.0520544783010157 31857.0 0.0
0.05240073868882733 42008.0 0.0
0.052516158818097874 41631.5 0.0
0.05286241920590951 42055.0 0.0
0.05355493998153278 42386.0 0.0
0.053670360110803325 33895.0 0.0
0.05390120036934441 42543.0 0.0
0.054016620498614956 42543.0 0.0
0.054362880886426594 42700.0 0.0
0.05447830101569714 40517.0 0.0
0.05459372114496768 42739.0 0.0
0.05482456140350877 43068.0 0.0
0.05493998153277932 43116.5 0.0
0.05505540166204986 43119.5 0.0
0.05517082179132041 42924.0 0.0
0.05528624192059095 42931.0 0.0
0.055401662049861494 42939.0 0.0
0.055863342566943676 43246.0 0.0
0.05597876269621422 43517.0 0.0
0.05609418282548476 43519.0 0.0
0.05620960295475531 43293.0 0.0
0.05632502308402586 43302.5 0.0
0.0564404432132964 43576.0 0.0
0.05667128347183749 43895.0 0.0
0.05678670360110803 43654.0 0.0
0.056902123730378576 43911.5 0.0
0.05701754385964912 43664.0 0.0
0.05713296398891967 43676.0 0.0
0.0574792243767313 44216.0 0.0
0.05771006463527239 41501.5 0.0
0.05782548476454294 44222.0 0.0
0.05794090489381348 44010.5 0.0
0.05805632502308403 43951.0 0.0
0.05817174515235457 43953.0 0.0
0.06024930747922438 43941.0 0.0
0.06071098799630656 46047.0 0.0
0.060941828254847646 46060.0 0.0
0.06105724838411819 43436.0 0.0
0.061172668513388734 46066.0 0.0
0.06128808864265928 40873.0 0.0
0.06140350877192982 40875.0 0.0
0.06151892890120037 40877.0 0.0
0.06174976915974146 40680.5 0.0
0.061865189289012 41006.0 0.0
0.061980609418282546 41009.0 0.0
0.062326869806094184 41018.0 0.0
0.06244228993536473 48490.0 0.0
0.06255771006463527 55974.0 0.0
0.06267313019390582 56018.0 0.0
0.06359649122807018 40592.0 0.0
0.06428901200369344 45420.0 0.0
0.06451985226223453 57131.0 0.0
0.06463527239150507 45465.0 0.0
0.06498153277931672 57172.0 0.0
0.0652123730378578 45971.0 0.0
0.06625115420129271 57245.0 0.0
0.06636657433056325 57263.0 0.0
0.0664819944598338 57264.0 0.0
0.06694367497691597 46230.0 0.0
0.06705909510618652 46232.0 0.0
0.06717451523545706 46233.0 0.0
0.06740535549399815 46268.0 0.0
0.06809787626962142 46410.0 0.0
0.06821329639889197 46419.0 0.0
0.06844413665743306 46429.0 0.0
0.07317636195752539 44082.0 0.0
0.07329178208679593 51386.5 0.0
0.07340720221606649 48369.333333333336 0.0
0.07363804247460758 42365.0 0.0
0.07375346260387812 50548.5 0.0
0.07386888273314866 42425.0 0.0
0.07398430286241921 50555.0 0.0
0.07409972299168975 58690.0 0.0
0.07479224376731301 58742.0 0.0
0.07548476454293629 58791.0 0.0
0.077331486611265 47199.0 0.0
0.07756232686980609 47210.0 0.0
0.07848568790397045 51190.0 0.0
0.078601108033241 51190.0 0.0
0.07871652816251154 51193.0 0.0
0.07883194829178208 51313.0 0.0
0.07917820867959371 51413.0 0.0
0.07929362880886427 51417.0 0.0
0.07987072945521699 51502.0 0.0
0.07998614958448753 51505.0 0.0
0.08056325023084025 51546.0 0.0
0.08067867036011081 52370.0 0.0
0.08079409048938135 52442.0 0.0
0.0809095106186519 52449.0 0.0
0.08102493074792244 52457.0 0.0
0.08114035087719298 52624.0 0.0
0.08125577100646353 52624.0 0.0
0.08160203139427516 52636.0 0.0
0.08229455216989844 52731.0 0.0
0.08333333333333333 48411.0 0.0
0.08644967682363804 56224.0 0.0
0.0865650969529086 56228.0 0.0
0.09198984302862419 55217.0 0.0
0.09245152354570638 55304.0 0.0
0.09695290858725762 54094.0 0.0
0.09753000923361034 64230.0 0.0
0.10607109879963066 65348.0 0.0
0.1139196675900277 57702.0 0.0
0.1141505078485688 57136.0 0.0
0.11611265004616805 59949.0 0.0
0.1162280701754386 60874.0 0.0
0.12222991689750692 74327.0 0.0
0.12246075715604801 74334.0 0.0
0.12257617728531855 74337.0 0.0
0.12303785780240074 74352.0 0.0
0.12338411819021237 74396.0 0.0
0.12349953831948292 74398.0 0.0
0.12511542012927054 74492.0 0.0
0.12788550323176362 75958.0 0.0
0.12800092336103416 75958.0 0.0
0.12869344413665743 76101.0 0.0
0.12880886426592797 76103.0 0.0
0.12903970452446906 76140.0 0.0
0.13238688827331488 78825.0 0.0
0.1352723915050785 73304.0 0.0
0.13550323176361959 73306.0 0.0
0.137927054478301 73863.0 0.0
0.13827331486611266 73867.0 0.0
0.13885041551246538 67579.0 0.0
0.15027700831024932 164776.0 0.0
0.1530470914127424 71936.0 0.0
0.16170360110803325 94560.0 0.0
0.18005540166204986 87024.0 0.0
0.18063250230840258 87059.0 0.0
0.18086334256694367 87085.0 0.0
0.18213296398891968 92159.0 0.0
0.20579409048938135 104761.0 0.0
0.25057710064635275 114058.0 0.0
0.3588411819021237 139931.0 0.0
0.38885041551246535 150469.0 0.0
0.48130193905817176 172872.0 0.0
0.49088180978762697 177376.0 0.0
0.6411588180978762 281878.0 0.0
1.0 341652.0 0.0
