1139
0.0001162655505173817 571.1733519358214 184.95302871759097
0.0002325311010347634 769.5361544782252 361.9502875924404
0.0003487966515521451 882.5846585594013 463.8110383536015
0.0004650622020695268 940.6058823529412 638.2308823529412
0.0005813277525869085 984.2806236080178 913.543429844098
0.0006975933031042902 996.1428571428571 921.1924198250729
0.0008138588536216719 1022.6863468634687 1342.439114391144
0.0009301244041390535 1031.7037037037037 1352.0277777777778
0.0010463899546564353 1044.804469273743 1787.268156424581
0.001162655505173817 1053.167832167832 1538.1048951048951
0.0012789210556911988 1056.376 1692.848
0.0013951866062085804 1064.2342342342342 2734.4144144144143
0.001511452156725962 1066.1904761904761 2814.535714285714
0.0016277177072433438 1070.5652173913043 3534.6195652173915
0.0017439832577607255 1077.2173913043478 4322.159420289855
0.001860248808278107 1083.6666666666667 3863.733333333333
0.001976514358795489 1085.3970588235295 3451.1470588235293
0.0020927799093128706 1083.8955223880596 2951.910447761194
0.002209045459830252 1087.8135593220338 3504.4745762711864
0.002325311010347634 1087.1224489795918 2904.183673469388
0.002441576560865016 1088.7755102040817 2815.612244897959
0.0025578421113823975 1091.2608695652175 5333.326086956522
0.002674107661899779 1092.1521739130435 3864.608695652174
0.0027903732124171608 1092.9512195121952 5622.073170731707
0.0029066387629345424 1093.8064516129032 5880.612903225807
0.003022904313451924 1092.3225806451612 5142.290322580645
0.003139169863969306 1096.1379310344828 4859.310344827586
0.0032554354144866877 1097.2 8244.225
0.0033717009650040693 1097.1818181818182 6512.030303030303
0.003487966515521451 1097.7037037037037 5138.740740740741
0.0036042320660388326 1098.0666666666666 6994.866666666667
0.003720497616556214 1097.53125 6452.46875
0.0038367631670735963 1099.4285714285713 6240.678571428572
0.003953028717590978 1098.774193548387 4056.516129032258
0.0040692942681083595 1096.68 4104.24
0.004185559818625741 1100.08 5122.36
0.004301825369143123 1101.76 5062.2
0.004418090919660504 1102.3333333333333 8557.666666666666
0.004534356470177886 1102.8095238095239 8702.333333333334
0.004650622020695268 1103.2692307692307 6873.884615384615
0.004766887571212649 1103.2083333333333 6595.875
0.004883153121730032 1102.2272727272727 9486.772727272728
0.004999418672247413 1105.909090909091 9743.727272727272
0.005115684222764795 1104.2222222222222 8910.5
0.005231949773282177 1106.642857142857 8752.642857142857
0.005348215323799558 1102.9333333333334 5874.333333333333
0.00546448087431694 1101.5 4891.928571428572
0.0055807464248343215 1102.0 5609.0625
0.005697011975351703 1104.2666666666667 5196.4
0.005813277525869085 1106.7692307692307 8206.538461538461
0.005929543076386466 1104.0 6609.538461538462
0.006045808626903848 1102.4166666666667 6907.5
0.0061620741774212305 1104.125 7011.9375
0.006278339727938612 1103.5833333333333 4543.916666666667
0.006394605278455994 1103.111111111111 5692.666666666667
0.006510870828973375 1106.2142857142858 7091.285714285715
0.006627136379490757 1107.4545454545455 9910.545454545454
0.006743401930008139 1104.857142857143 6338.285714285715
0.00685966748052552 1105.0 6539.416666666667
0.006975933031042902 1105.125 5482.875
0.0070921985815602835 1105.7857142857142 8826.214285714286
0.007208464132077665 1106.5 10712.833333333334
0.007324729682595047 1107.0 6697.0
0.007440995233112428 1105.6666666666667 6957.888888888889
0.007557260783629811 1109.3636363636363 10396.0
0.0076735263341471925 1106.2 9328.5
0.007789791884664574 1106.2857142857142 10758.714285714286
0.007906057435181956 1107.5714285714287 10143.57142857143
0.008022322985699337 1107.1666666666667 6714.333333333333
0.008138588536216719 1106.8333333333333 7730.0
0.008254854086734102 1109.0 19180.5
0.008371119637251482 1107.0 8391.142857142857
0.008487385187768865 1106.0 4913.6
0.008603650738286246 1110.2857142857142 10258.142857142857
0.008719916288803628 1108.6666666666667 11519.666666666666
0.008836181839321009 1106.2 7415.6
0.008952447389838391 1109.0 11044.4
0.009068712940355772 1107.7142857142858 12456.42857142857
0.009184978490873155 1107.0 8996.4
0.009301244041390535 1108.4444444444443 8570.666666666666
0.009417509591907918 1109.2857142857142 13011.285714285714
0.009533775142425299 1109.25 11679.75
0.009650040692942681 1107.5 12590.75
0.009766306243460064 1110.5 13965.875
0.009882571793977444 1111.0 17029.571428571428
0.009998837344494827 1109.857142857143 16024.57142857143
0.010115102895012208 1109.0 16443.166666666668
0.01023136844552959 1108.2857142857142 19482.285714285714
0.01034763399604697 1108.5714285714287 16257.714285714286
0.010463899546564353 1109.0 10783.714285714286
0.010580165097081734 1110.3333333333333 12671.916666666666
0.010696430647599117 1109.5 11119.5
0.010812696198116497 1111.5714285714287 26002.0
0.01092896174863388 1110.0 16663.666666666668
0.011045227299151262 1108.3333333333333 11299.333333333334
0.011161492849668643 1110.0 16812.666666666668
0.011277758400186026 1109.5 13631.0
0.011394023950703406 1112.3333333333333 18931.0
0.011510289501220789 1109.5 10923.0
0.01162655505173817 1107.5 11524.5
0.011742820602255552 1110.3333333333333 21423.333333333332
0.011859086152772933 1111.6666666666667 17053.333333333332
0.011975351703290315 1114.0 11602.0
0.012091617253807696 1109.2 15664.6
0.012207882804325079 1108.25 14069.0
0.012324148354842461 1111.25 13022.25
0.012440413905359842 1110.5 16553.5
0.012556679455877224 1109.0 14942.0
0.012672945006394605 1109.6666666666667 12786.666666666666
0.012789210556911988 1111.0 22043.0
0.012905476107429368 1111.6666666666667 19727.333333333332
0.01302174165794675 1113.0 20744.5
0.013138007208464132 1113.0 11513.0
0.013254272758981514 1114.0 19629.0
0.013370538309498895 1112.25 15900.0
0.013486803860016277 1108.0 12833.0
0.013603069410533658 1113.0 24238.0
0.01371933496105104 1112.0 15577.0
0.013835600511568423 1111.0 19994.0
0.013951866062085804 1112.5 16709.0
0.014068131612603186 1112.0 13398.0
0.014184397163120567 1112.0 13398.0
0.01430066271363795 1111.25 23338.5
0.01441692826415533 1112.3333333333333 22521.666666666668
0.014533193814672713 1111.4 21614.0
0.014649459365190094 1110.5 23050.25
0.014765724915707476 1108.6666666666667 13088.0
0.014881990466224857 1107.0 12806.0
0.01499825601674224 1108.75 13611.0
0.015230787117777003 1113.0 19456.0
0.015463318218811766 1112.0 13724.0
0.015579583769329148 1112.6666666666667 14625.666666666666
0.01569584931984653 1110.75 19796.75
0.01581211487036391 1113.3333333333333 16938.0
0.015928380420881294 1112.0 14247.857142857143
0.016044645971398673 1111.0 27750.0
0.016277177072433438 1113.2 18955.8
0.01639344262295082 1114.0 19516.0
0.016509708173468203 1115.25 20296.25
0.016625973723985582 1114.4 36682.6
0.016742239274502965 1111.0 27761.0
0.016858504825020347 1113.0 20055.6
0.01697477037553773 1113.6666666666667 18379.333333333332
0.01709103592605511 1113.0 24811.333333333332
0.017323567027089874 1110.3333333333333 16998.333333333332
0.017556098128124635 1114.25 25072.0
0.017672363678642018 1114.0 28586.666666666668
0.017904894779676783 1113.0 32068.0
0.018021160330194165 1113.4 28969.4
0.018137425880711544 1114.0 29138.5
0.018253691431228927 1112.0 24813.0
0.01836995698174631 1110.5 26380.0
0.01848622253226369 1111.0 23846.333333333332
0.01860248808278107 1113.0 26737.333333333332
0.018718753633298453 1113.0 24738.5
0.018835019183815836 1115.0 34527.0
0.018951284734333218 1112.0 31501.0
0.019067550284850597 1112.3333333333333 31740.333333333332
0.01918381583536798 1115.6666666666667 26384.333333333332
0.019300081385885362 1114.6666666666667 24418.0
0.019416346936402745 1113.8 24769.6
0.019532612486920127 1115.3333333333333 25870.333333333332
0.019648878037437506 1116.0 27578.0
0.01976514358795489 1115.0 29522.5
0.01988140913847227 1113.5 24880.5
0.019997674688989654 1113.0 21391.0
0.020113940239507033 1111.5 19467.25
0.020230205790024415 1112.5 20469.5
0.020346471340541798 1111.2 18454.2
0.02046273689105918 1111.0 17561.333333333332
0.020579002441576563 1112.0 19846.0
0.020811533542611324 1115.0 27139.0
0.020927799093128707 1114.25 34123.0
0.021160330194163468 1111.0 22907.0
0.02127659574468085 1112.25 24454.75
0.021392861295198233 1115.5 35387.5
0.021509126845715616 1110.5 16808.0
0.021741657946750377 1112.6666666666667 22630.666666666668
0.02185792349726776 1111.5 14097.5
0.021974189047785142 1111.0 14049.0
0.022090454598302525 1111.5 14187.0
0.022206720148819904 1112.0 20682.0
0.022322985699337286 1112.0 14267.0
0.02243925124985467 1112.6666666666667 29117.0
0.02255551680037205 1113.0 36523.0
0.02267178235088943 1115.0 40719.0
0.022788047901406813 1110.0 20172.0
0.023020579002441578 1112.5 25038.0
0.023136844552958957 1115.0 29773.0
0.02325311010347634 1115.0 29774.0
0.02336937565399372 1115.0 29775.0
0.023718172305545866 1110.0 20867.0
0.02395070340658063 1116.0 53964.0
0.024183234507615392 1114.0 31573.0
0.024299500058132775 1114.5 60777.5
0.024415765608650157 1116.0 54766.0
0.02453203115916754 1116.0 54766.0
0.024997093361237066 1114.0 35429.5
0.025229624462271828 1112.0 15899.0
0.025462155563306593 1112.0 15908.0
0.025578421113823975 1112.3333333333333 29155.666666666668
0.025694686664341354 1116.0 31772.0
0.025810952214858737 1110.5 24920.0
0.02592721776537612 1112.5 32807.0
0.0260434833158935 1114.6666666666667 29255.333333333332
0.026159748866410884 1113.5 37266.0
0.026276014416928263 1113.0 30584.333333333332
0.026392279967445646 1114.0 28535.0
0.026508545517963028 1113.3333333333333 34378.0
0.02662481106848041 1114.0 28541.5
0.02674107661899779 1114.0 42943.0
0.026857342169515172 1113.0 44453.5
0.026973607720032555 1114.0 71652.0
0.02743866992210208 1116.0 42992.0
0.027554935472619464 1114.0 35671.0
0.027671201023136846 1111.0 39943.5
0.027903732124171608 1111.0 36549.0
0.028136263225206373 1114.0 35833.5
0.02825252877572375 1113.25 35917.5
0.028368794326241134 1113.0 25496.0
0.028485059876758517 1117.0 35001.0
0.0286013254272759 1113.3333333333333 29825.666666666668
0.02871759097779328 1113.0 34093.75
0.02883385652831066 1111.0 37641.0
0.028950122078828043 1111.5 42291.5
0.029298918730380187 1113.0 21974.0
0.02941518428089757 1112.0 32133.0
0.029531449831414952 1111.0 38123.0
0.029647715381932335 1111.0 38163.0
0.029763980932449714 1112.3333333333333 28912.666666666668
0.029880246482967096 1112.0 32433.0
0.02999651203348448 1111.5 42641.0
0.03011277758400186 1113.0 22623.0
0.030229043134519244 1112.0 47195.0
0.030345308685036623 1112.0 47195.0
0.030461574235554005 1111.0 38480.0
0.030577839786071388 1111.0 38551.0
0.031042901988140914 1111.0 38758.0
0.031159167538658297 1111.0 38758.0
0.03127543308917568 1114.0 46215.0
0.031507964190210444 1114.0 46225.0
0.03162422974072782 1114.5 37974.5
0.0317404952912452 1114.0 46867.0
0.033717009650040694 1115.0 37236.0
0.03383327520055807 1115.0 37255.0
0.0342983374026276 1115.0 44054.0
0.03441460295314498 1114.3333333333333 47950.333333333336
0.03453086850366237 1117.0 38368.0
0.03464713405417975 1119.0 45242.0
0.03487966515521451 1115.0 53042.0
0.03499593070573189 1111.0 61117.0
0.03511219625624927 1112.5 55410.0
0.035344727357284035 1116.5 53316.5
0.03546099290780142 1116.5 53358.5
0.0355772584583188 1118.5 60413.0
0.03569352400883618 1118.5 60447.5
0.035809789559353565 1118.5 60611.5
0.035926055109870944 1114.0 60022.0
0.03604232066038833 1116.0 61037.666666666664
0.03615858621090571 1116.6666666666667 55493.0
0.03627485176142309 1119.0 47964.0
0.036391117311940474 1117.0 60216.333333333336
0.03650738286245785 1116.0 66832.5
0.03662364841297523 1116.6666666666667 57942.0
0.03673991396349262 1115.5 62984.0
0.03685617951401 1116.0 56994.25
0.03697244506452738 1116.0 46353.5
0.03708871061504476 1113.0 44479.0
0.03720497616556214 1115.5 63155.0
0.03732124171607953 1114.0 63000.0
0.037437507266596906 1114.5 72107.5
0.03755377281711429 1113.5 56542.0
0.03767003836763167 1116.0 50867.0
0.03778630391814905 1116.0 50867.0
0.037902569468666436 1114.5 47911.5
0.038018835019183815 1113.5 47344.0
0.038135100569701194 1114.5 47962.5
0.03825136612021858 1116.0 50950.0
0.03836763167073596 1114.0 49896.0
0.038600162771770724 1111.0 37563.0
0.03883269387280549 1114.0 51411.0
0.03894895942332287 1115.0 51964.0
0.03918149052435763 1116.0 52521.0
0.0394140216253924 1111.0 63336.0
0.03953028717590978 1114.0 53116.0
0.03964655272642716 1114.0 53126.0
0.03976281827694454 1111.0 42024.0
0.03999534937797931 1112.5 48128.5
0.040111614928496686 1111.0 42031.0
0.040227880479014065 1114.5 48381.5
0.04046041158004883 1114.5 49594.0
0.040576677130566216 1114.5 49619.5
0.040692942681083595 1113.5 50859.0
0.040809208231600974 1113.0 45367.0
0.04092547378211836 1113.5 50890.0
0.04104173933263574 1113.5 50943.0
0.041158004883153125 1114.5 49825.0
0.041274270433670504 1114.5 49848.0
0.04139053598418788 1114.0 59535.0
0.04150680153470527 1114.5 51289.5
0.04162306708522265 1113.3333333333333 56424.666666666664
0.04173933263574003 1114.0 44395.0
0.04185559818625741 1115.0 43281.0
0.04197186373677479 1115.0 43308.0
0.04220439483780956 1115.0 59500.5
0.04243692593884432 1113.0 45533.0
0.04266945703987909 1111.0 66616.0
0.042785722590396466 1113.0 70924.0
0.042901988140913845 1115.0 75240.0
0.04301825369143123 1115.0 75836.0
0.04313451924194861 1115.0 75836.0
0.04325078479246599 1115.0 75836.0
0.043367050342983375 1115.0 75840.0
0.04371584699453552 1115.0 77602.0
0.043948378095570284 1111.0 67063.0
0.04406464364608766 1113.0 72342.5
0.04418090919660505 1114.5 70273.0
0.04429717474712243 1115.0 77654.0
0.04441344029763981 1115.0 77696.0
0.04464597139867457 1115.0 77696.0
0.04476223694919195 1115.0 77697.0
0.04487850249970934 1114.5 70330.5
0.044994768050226716 1114.0 63494.0
0.0451110336007441 1114.0 63546.0
0.04522729915126148 1114.5 70728.0
0.045459830252296246 1114.0 63754.0
0.045576095802813625 1114.0 63754.0
0.04569236135333101 1115.0 44745.0
0.04673875130798744 1115.0 45126.0
0.04708754795953959 1113.0 46828.0
0.04743634461109173 1113.0 46981.0
0.04755261016160912 1113.0 46988.0
0.04778514126264388 1117.0 93237.0
0.048133937914196026 1115.5 79344.0
0.04859900011626555 1120.0 50428.0
0.048831531217300314 1117.0 84763.0
0.04894779676781769 1120.0 103917.0
0.04941285896988722 1116.5 73245.5
0.0495291245204046 1116.0 88121.0
0.04964539007092199 1115.0 80750.0
0.04976165562143937 1117.0 95560.0
0.049877921171956746 1118.5 99900.5
0.04999418672247413 1120.0 104228.0
0.0502267178235089 1118.5 99945.5
0.050342983374026276 1117.0 95741.0
0.050459248924543655 1115.0 80976.0
0.05069178002557842 1117.5 92825.5
0.050924311126613185 1117.0 49660.0
0.051040576677130564 1119.0 58698.0
0.05115684222764795 1118.5 50680.5
0.05127310777816533 1117.0 49927.0
0.05138937332868271 1117.6666666666667 66702.0
0.051505638879200094 1118.5 51112.5
0.05162190442971747 1119.0 72298.25
0.05173816998023486 1118.0 63883.0
0.05185443553075224 1119.0 60347.0
0.05197070108126962 1120.0 52682.0
0.052086966631787 1115.0 81442.0
0.05220323218230438 1117.5 67155.5
0.05243576328333915 1120.0 56296.0
0.052552028833856526 1117.0 97378.0
0.05278455993489129 1120.0 56371.0
0.053017091035926056 1118.5 101243.5
0.053133356586443435 1120.0 105090.0
0.05324962213696082 1117.0 97406.0
0.0533658876874782 1117.0 97412.0
0.05348215323799558 1120.0 105196.0
0.053598418788512965 1121.0 105399.0
0.053714684339030344 1121.0 105399.0
0.05394721544006511 1116.0 102454.0
0.05406348099058249 1118.5 105022.5
0.054179746541099874 1118.0 94053.0
0.05429601209161725 1118.5 105028.0
0.05441227764213463 1118.5 105473.5
0.05452854319265202 1118.5 105494.5
0.0546448087431694 1118.5 106682.5
0.05476107429368678 1118.5 106703.5
0.05487733984420416 1118.0 94274.5
0.05499360539472154 1121.0 106346.0
0.05510987094523893 1116.0 107946.0
0.05534240204627369 1116.0 109674.0
0.056388792000930124 1121.0 107618.0
0.05662132310196489 1116.0 110301.0
0.05673758865248227 1115.5 98874.5
0.05697011975351703 1115.5 99009.5
0.05708638530403441 1116.0 110476.0
0.0572026508545518 1115.5 99058.0
0.05731891640506918 1115.0 87631.0
0.05766771305662132 1120.0 70696.0
0.057900244157656086 1120.0 70840.0
0.058016509708173465 1120.0 70863.0
0.058365306359725616 1117.0 111095.0
0.058481571910242995 1117.0 111097.0
0.058946634112312525 1117.0 111454.0
0.05941169631438205 1118.0 109805.0
0.05952796186489943 1115.0 89305.0
0.05964422741541681 1115.0 89327.0
0.05987675851645158 1115.0 89327.0
0.05999302406696896 1115.0 89346.0
0.060109289617486336 1115.0 90121.0
0.06022555516800372 1115.0 90168.0
0.060574351819555866 1119.0 111975.0
0.06138821067317754 1115.0 94074.0
0.06150447622369492 1115.0 94086.0
0.0616207417742123 1115.0 94542.0
0.061737007324729684 1115.0 51802.0
0.06185327287524706 1115.0 94605.0
0.06196953842576445 1115.0 51803.0
0.06243460062783397 1115.0 51854.0
0.06255086617835136 1115.0 51893.0
0.06266713172886873 1115.0 51893.0
0.0628996628299035 1116.0 84579.0
0.06301592838042089 1116.0 84752.0
0.06313219393093826 1116.0 84752.5
0.06324845948145565 1117.0 117872.0
0.0634809905824904 1115.0 52597.0
0.06359725613300779 1115.0 52655.0
0.06394605278455993 1116.0 102664.0
0.06406231833507732 1115.0 52668.0
0.06417858388559469 1115.0 58517.0
0.06441111498662946 1115.0 58666.0
0.06452738053714685 1115.0 58666.0
0.06499244273921637 1115.0 58729.0
0.06510870828973375 1115.0 58729.0
0.06522497384025114 1115.0 58729.0
0.06534123939076851 1115.0 58729.0
0.06557377049180328 1116.0 83857.66666666667
0.06569003604232065 1116.5 96346.5
0.06580630159283804 1116.0 83904.66666666667
0.06592256714335543 1116.5 96457.5
0.06603883269387281 1114.5 67354.0
0.06615509824439018 1114.5 67354.0
0.06627136379490757 1114.0 75765.0
0.06650389489594233 1115.3333333333333 93011.0
0.06662016044645971 1116.0 101713.5
0.0667364259969771 1116.0 101742.0
0.06685269154749447 1115.0 59415.0
0.06696895709801186 1115.0 59428.0
0.06708522264852924 1115.0 59428.0
0.06720148819904662 1117.0 144150.0
0.067317753749564 1116.0 101818.5
0.06755028485059877 1117.0 144928.0
0.07161957911870713 1114.0 77204.0
0.0717358446692245 1114.0 77204.0
0.07394489012905477 1120.0 95519.0
0.07406115567957214 1120.0 95561.0
0.07417742123008952 1120.0 95569.0
0.07429368678060691 1120.0 98958.0
0.07510754563422858 1118.0 153669.0
0.07534007673526334 1120.0 101209.0
0.07545634228578073 1119.0 127454.5
0.07580513893733287 1118.0 154106.0
0.07638646668991977 1120.0 101456.0
0.07650273224043716 1120.0 101799.0
0.07661899779095455 1120.0 101823.0
0.07673526334147192 1120.0 101835.0
0.0768515288919893 1120.0 102357.0
0.07696779444250669 1120.0 102364.0
0.07708405999302406 1120.0 102391.0
0.07720032554354145 1120.0 102391.0
0.07731659109405883 1120.0 102436.0
0.07813044994768051 1116.0 82744.0
0.07824671549819788 1116.0 82748.0
0.07836298104871527 1116.0 82868.0
0.07847924659923265 1116.0 82892.0
0.07964190210440647 1116.0 83137.0
0.08080455760958029 1116.0 83325.0
0.08103708871061505 1116.0 83329.0
0.08196721311475409 1120.0 108050.0
0.08208347866527148 1120.0 108054.0
0.08231600976630625 1120.0 108056.0
0.0832461341704453 1120.0 108472.0
0.08487385187768864 1116.0 85464.0
0.08522264852924079 1116.0 86422.0
0.08557144518079293 1116.0 86641.0
0.08592024183234508 1120.0 116628.0
0.08603650738286246 1120.0 116629.0
0.09173351935821417 1120.0 160164.0
0.09208231600976631 1120.0 160581.0
0.09219858156028368 1120.0 160581.0
0.09533775142425299 1120.0 161189.0
0.09580281362632252 1120.0 161397.0
0.09603534472735728 1120.0 161430.0
0.09777932798511801 1120.0 161705.0
0.10219741890477851 1121.0 207585.0
0.10277874665736542 1120.0 177663.0
0.10301127775840019 1117.0 120857.0
0.10312754330891757 1117.0 120859.0
0.10336007440995233 1117.0 120870.0
0.10370887106150448 1117.0 120925.0
0.10382513661202186 1117.0 120949.0
0.10394140216253923 1117.0 120954.0
0.10510405766771305 1117.0 121106.0
0.10824322753168236 1122.0 175631.0
0.1085920241832345 1122.0 175680.0
0.10882455528426926 1122.0 175745.0
0.10905708638530404 1122.0 175760.0
0.10940588303685618 1122.0 176048.0
0.10975467968840832 1122.0 176049.0
0.10998721078944308 1122.0 176058.0
0.11068480409254738 1123.0 176335.0
0.11103360074409953 1123.0 176337.0
0.1111498662946169 1123.0 176337.0
0.11126613184513429 1123.0 177611.0
0.11138239739565167 1123.0 177637.0
0.11149866294616904 1123.0 177678.0
0.11173119404720382 1123.0 177840.0
0.11184745959772119 1123.0 177869.0
0.11207999069875596 1123.0 177879.0
0.11219625624927335 1123.0 177879.0
0.1162655505173817 1120.0 188505.0
0.11707940937100338 1120.0 192184.0
0.1188233926287641 1122.0 193952.0
0.12986861992791535 1119.0 219814.0
0.13044994768050228 1119.0 220904.0
0.13056621323101966 1119.0 220921.0
0.13068247878153702 1119.0 220921.0
0.13568189745378445 1119.0 238691.0
0.1373096151610278 1123.0 266018.0
0.13963492617137543 1123.0 269300.0
0.1416114405301709 1124.0 302658.0
0.1448668759446576 1124.0 323768.0
0.14626206255086618 1119.0 247481.0
0.14637832810138357 1119.0 247482.0
0.14649459365190093 1119.0 247539.0
0.14742471805604 1119.0 248838.0
0.1492849668643181 1122.0 234501.0
0.1494012324148355 1122.0 234505.0
0.14951749796535285 1122.0 234511.0
0.149866294616905 1119.0 251642.0
0.1499825601674224 1119.0 252696.0
0.15009882571793978 1119.0 252696.0
0.15079641902104407 1119.0 252826.0
0.15277293337983955 1119.0 254243.0
0.15393558888501338 1128.0 241445.0
0.15416811998604812 1128.0 242920.0
0.16312056737588654 1119.0 315568.0
0.1632368329264039 1119.0 315568.0
0.16346936402743867 1119.0 315573.0
0.16370189512847344 1119.0 315623.0
0.16474828508312986 1119.0 316344.0
0.1670735960934775 1129.0 260908.0
0.16718986164399488 1124.0 289334.5
0.16730612719451227 1124.0 289334.5
0.16742239274502965 1129.0 260934.0
0.16753865829554704 1119.0 317742.0
0.16765492384606442 1119.0 317742.0
0.16777118939658178 1119.0 317742.0
0.16788745494709917 1119.0 317742.0
0.16800372049761655 1119.0 317752.0
0.16811998604813394 1119.0 317861.0
0.16823625159865133 1119.0 317910.0
0.1683525171491687 1119.0 317910.0
0.16881757935123823 1119.0 318065.0
0.16893384490175561 1119.0 318065.0
0.169050110452273 1119.0 318065.0
0.16928264155330774 1119.0 318073.0
0.17486338797814208 1130.0 272343.0
0.17509591907917685 1130.0 272585.0
0.17521218462969423 1130.0 272755.0
0.1753284501802116 1130.0 272755.0
0.17556098128124636 1130.0 273823.0
0.19939541913730963 1119.0 340696.0
0.20102313684455295 1119.0 342582.0
0.2014881990466225 1119.0 344492.0
0.20160446459713988 1119.0 344637.0
0.20172073014765726 1119.0 344693.0
0.20183699569817462 1119.0 344693.0
0.201953261248692 1119.0 344693.0
0.2020695267992094 1119.0 344696.0
0.20218579234972678 1119.0 344712.0
0.20230205790024416 1119.0 344828.0
0.20241832345076155 1119.0 344828.0
0.2026508545517963 1119.0 344928.0
0.20358097895593535 1119.0 347682.0
0.20369724450645274 1119.0 347682.0
0.20672014881990466 1119.0 348476.0
0.20718521102197418 1119.0 348509.0
0.21253342634577374 1131.0 322051.0
0.2128822229973259 1131.0 322482.0
0.21311475409836064 1131.0 322483.0
0.21497500290663876 1131.0 322706.0
0.21555633065922566 1126.5 337119.0
0.21625392396232995 1122.0 351501.0
0.21648645506336472 1126.5 338051.5
0.2166027206138821 1122.0 353241.0
0.2167189861643995 1122.0 353282.0
0.21695151726543424 1122.0 353317.0
0.21741657946750378 1122.0 353439.0
0.21753284501802117 1122.0 353439.0
0.2178816416695733 1122.0 353462.0
0.21811417277060807 1131.0 323107.0
0.2185792349726776 1122.0 354317.0
0.21892803162422975 1131.0 323143.0
0.21904429717474713 1131.0 323148.0
0.2191605627252645 1131.0 323250.0
0.21927682827578188 1131.0 323310.0
0.21950935937681665 1122.0 354418.0
0.22764794791303336 1122.0 356758.0
0.22799674456458552 1122.0 356759.0
0.2281130101151029 1122.0 356764.0
0.22834554121613765 1122.0 356764.0
0.33147308452505525 1134.0 501189.0
0.3315893500755726 1134.0 501357.0
0.33193814672712474 1134.0 501363.0
0.3333333333333333 1134.0 510389.0
0.33403092663643763 1134.0 511128.0
0.33461225438902453 1134.0 511198.0
0.3347285199395419 1134.0 511228.0
0.37321241716079523 1127.0 680532.0
0.3864666899197768 1135.0 575111.0
0.38658295547029414 1135.0 575131.0
0.38669922102081156 1135.0 575425.0
0.3873968143239158 1135.0 575712.0
0.38786187652598536 1135.0 575760.0
0.38809440762702013 1135.0 576071.0
0.3883269387280549 1136.0 586779.0
0.38844320427857226 1136.0 586846.0
0.3923962329961632 1136.0 587628.0
0.392628764097198 1136.0 587631.0
0.3982095105220323 1136.0 591914.0
0.40286013254272757 1136.0 595191.0
0.5079641902104406 1136.0 716297.0
0.6267875828392048 1137.0 910249.0
1.0 1139.0 1590781.0
