336992
0.00011542012927054478 635.7411126500461 85.49307479224376
0.00023084025854108956 1035.4353038445638 169.48656469615543
0.00034626038781163435 1472.455095862765 239.85166498486376
0.0004616805170821791 1831.3557993730408 310.5297805642633
0.0005771006463527239 2045.9933184855233 346.8752783964365
0.0006925207756232687 2341.0845481049564 497.8250728862974
0.0008079409048938135 2571.714285714286 546.040293040293
0.0009233610341643582 2606.309090909091 573.3
0.001038781163434903 2988.3502538071066 826.984771573604
0.0011542012927054479 3360.97385620915 967.3398692810457
0.0012696214219759926 3578.058394160584 678.3430656934306
0.0013850415512465374 3744.685483870968 1132.6048387096773
0.0015004616805170822 3694.161616161616 1288.909090909091
0.001615881809787627 4003.868131868132 854.5274725274726
0.0017313019390581717 4269.219512195122 855.780487804878
0.0018467220683287165 4518.972602739726 1035.849315068493
0.0019621421975992612 4630.378787878788 1013.1060606060606
0.002077562326869806 4597.637931034483 1131.8793103448277
0.0021929824561403508 5234.181818181818 1508.5454545454545
0.0023084025854108957 5469.207547169812 1532.1132075471698
0.0024238227146814403 5421.7307692307695 1847.7307692307693
0.0025392428439519853 5260.787234042553 1381.5106382978724
0.00265466297322253 5342.695652173913 1553.0217391304348
0.002770083102493075 5289.930232558139 1167.9302325581396
0.0028855032317636198 5795.886363636364 1727.7045454545455
0.0030009233610341643 5435.5142857142855 1455.4571428571428
0.0031163434903047093 5999.1 1508.8333333333333
0.003231763619575254 5721.423076923077 1370.576923076923
0.003347183748845799 5726.25 1367.625
0.0034626038781163434 6093.870967741936 1725.516129032258
0.0035780240073868884 6863.115384615385 2448.269230769231
0.003693444136657433 6613.967741935484 2608.064516129032
0.003808864265927978 7663.423076923077 2782.230769230769
0.0039242843951985225 6999.888888888889 2357.222222222222
0.004039704524469067 7857.428571428572 2685.8928571428573
0.004155124653739612 8295.125 3486.7916666666665
0.004270544783010157 7639.04 2647.04
0.0043859649122807015 7694.833333333333 2857.6111111111113
0.004501385041551247 9281.70588235294 3945.529411764706
0.0046168051708217915 8297.35 2686.1
0.004732225300092336 8817.764705882353 3604.4117647058824
0.004847645429362881 8739.52 3496.44
0.004963065558633426 9434.241379310344 3231.310344827586
0.0050784856879039705 8754.227272727272 3896.0
0.005193905817174515 8245.318181818182 2606.5
0.00530932594644506 8325.15 2741.6
0.005424746075715605 8229.611111111111 2411.777777777778
0.00554016620498615 8418.25 3005.1
0.005655586334256694 8919.8 3207.733333333333
0.0057710064635272396 8099.523809523809 3252.1428571428573
0.005886426592797784 9233.944444444445 3426.777777777778
0.006001846722068329 9936.6875 3888.625
0.006117266851338873 9315.916666666666 3793.875
0.006232686980609419 8712.684210526315 3432.9473684210525
0.006348107109879963 8637.833333333334 3250.3333333333335
0.006463527239150508 9341.92857142857 2665.0714285714284
0.006578947368421052 9577.8125 2953.5
0.006694367497691598 9671.5 3174.375
0.006809787626962142 9646.357142857143 3186.6428571428573
0.006925207756232687 9992.714285714286 2705.6428571428573
0.007040627885503232 11766.75 4522.0
0.007156048014773777 9215.6 3595.6
0.007271468144044321 10090.0 3957.5
0.007386888273314866 10540.0 4100.25
0.007502308402585411 10036.714285714286 4016.0
0.007617728531855956 10087.25 3974.25
0.0077331486611265 10357.857142857143 3838.0
0.007848568790397045 11630.375 5336.125
0.00796398891966759 12355.666666666666 6000.333333333333
0.008079409048938134 11568.5 4721.75
0.00819482917820868 11029.333333333334 5741.666666666667
0.008310249307479225 10980.57142857143 5247.214285714285
0.008425669436749769 11690.90909090909 5681.636363636364
0.008541089566020314 11959.636363636364 5718.090909090909
0.00865650969529086 11064.083333333334 5097.666666666667
0.008771929824561403 11080.916666666666 4588.5
0.008887349953831948 10910.833333333334 5168.333333333333
0.009002770083102494 11045.583333333334 5232.416666666667
0.009118190212373038 11670.25 6249.125
0.009233610341643583 11640.625 4335.75
0.009349030470914127 12007.7 5757.0
0.009464450600184672 11942.75 5143.875
0.009579870729455217 12501.0 6572.8
0.009695290858725761 12922.666666666666 6920.222222222223
0.009810710987996307 13060.0 7658.0
0.009926131117266852 11852.4 5042.4
0.010041551246537396 12108.0 4106.4
0.010156971375807941 12232.875 5657.125
0.010272391505078486 13168.25 5644.375
0.01038781163434903 12731.666666666666 5177.166666666667
0.010503231763619576 12458.0 6161.2
0.01061865189289012 15005.0 7541.333333333333
0.010734072022160665 13346.083333333334 6671.25
0.01084949215143121 14193.111111111111 5227.444444444444
0.010964912280701754 12468.2 3447.4
0.0110803324099723 12582.75 4633.75
0.011195752539242845 13184.0 4678.333333333333
0.011311172668513388 14337.142857142857 5717.857142857143
0.011426592797783934 13382.142857142857 6225.571428571428
0.011542012927054479 11450.6 5902.2
0.011657433056325023 14648.0 4210.0
0.011772853185595568 15603.333333333334 6254.333333333333
0.011888273314866112 13381.75 5641.75
0.012003693444136657 16100.25 6285.75
0.012119113573407203 15286.857142857143 7746.285714285715
0.012234533702677746 13384.333333333334 7553.166666666667
0.012349953831948292 13658.5 7811.666666666667
0.012465373961218837 13861.5 8588.75
0.012580794090489381 14507.5 9975.75
0.012696214219759926 15363.5 9552.5
0.012811634349030472 13732.0 9891.75
0.012927054478301015 13335.25 8354.5
0.01304247460757156 15129.285714285714 8489.0
0.013157894736842105 15628.5 9626.0
0.01327331486611265 14029.0 6981.75
0.013388734995383195 13027.25 5343.0
0.013504155124653739 15649.25 7716.5
0.013619575253924284 14400.5 9651.0
0.013850415512465374 14777.666666666666 5852.0
0.013965835641735919 13333.0 4229.5
0.014081255771006464 16899.0 8648.75
0.014196675900277008 15937.2 6757.2
0.014312096029547553 18313.0 11472.333333333334
0.014427516158818097 16723.5 9074.0
0.014542936288088643 16462.571428571428 8649.42857142857
0.014658356417359188 18041.4 10288.8
0.014773776546629732 20724.0 14456.25
0.014889196675900277 17227.0 6861.0
0.015004616805170823 17443.166666666668 9184.333333333334
0.015120036934441366 18469.75 11317.25
0.015235457063711912 18012.666666666668 11605.666666666666
0.015350877192982455 18326.0 13772.5
0.015466297322253 17859.333333333332 9344.166666666666
0.015581717451523546 19968.5 11554.5
0.01569713758079409 17573.375 8631.5
0.015812557710064637 19049.166666666668 11472.0
0.01592797783933518 17061.6 7948.0
0.016043397968605724 17923.0 13200.0
0.016158818097876268 18927.5 9896.5
0.016274238227146815 18294.0 11935.333333333334
0.01638965835641736 17325.6 9506.6
0.016505078485687903 18052.333333333332 11080.166666666666
0.01662049861495845 18471.6 8778.0
0.016735918744228993 18562.0 12133.5
0.016851338873499537 19225.625 13100.625
0.016966759002770084 18492.6 9370.2
0.017082179132040628 20005.5 17050.5
0.01719759926131117 22569.0 14799.333333333334
0.017428439519852262 18086.0 11778.0
0.017543859649122806 21782.6 14493.2
0.017659279778393353 22541.5 16150.5
0.017774699907663897 18828.75 11822.5
0.01789012003693444 18730.5 10453.333333333334
0.018005540166204988 18980.333333333332 12419.666666666666
0.01812096029547553 19290.5 13227.0
0.018236380424746075 19987.428571428572 9519.142857142857
0.018351800554016622 18149.25 9468.5
0.018467220683287166 42999.25 13463.25
0.01858264081255771 19499.333333333332 12282.666666666666
0.018698060941828253 19974.666666666668 19668.0
0.0188134810710988 20901.666666666668 13929.666666666666
0.018928901200369344 21162.0 19769.75
0.019044321329639888 19856.25 17686.75
0.019159741458910435 21171.833333333332 16733.833333333332
0.01927516158818098 21389.0 23743.0
0.019390581717451522 17269.0 10243.0
0.01950600184672207 20581.6 17917.0
0.019621421975992613 22750.333333333332 22808.333333333332
0.019852262234533704 20554.5 12520.25
0.019967682363804248 26541.0 17822.0
0.02008310249307479 26544.0 17822.0
0.02019852262234534 19793.0 11700.0
0.020313942751615882 26793.0 17909.0
0.020429362880886426 24368.333333333332 22899.333333333332
0.020544783010156973 26233.25 28643.75
0.020660203139427517 24407.0 20495.0
0.02077562326869806 21241.5 10691.0
0.020891043397968604 27262.666666666668 21830.0
0.02100646352723915 22991.5 15057.5
0.021121883656509695 27158.0 18018.0
0.02123730378578024 26546.0 23829.666666666668
0.021352723915050786 29131.333333333332 33619.0
0.02146814404432133 28190.0 31559.0
0.021583564173591873 22139.666666666668 13121.666666666666
0.02169898430286242 25189.666666666668 25118.333333333332
0.021814404432132964 23921.0 13674.0
0.021929824561403508 22662.666666666668 22169.0
0.022045244690674055 21411.6 16910.8
0.0221606648199446 23491.0 23458.333333333332
0.022276084949215142 22756.0 22297.0
0.02239150507848569 26814.333333333332 30700.333333333332
0.022506925207756233 24884.0 26186.5
0.022622345337026777 30263.5 41485.0
0.022737765466297324 22689.333333333332 21845.333333333332
0.022853185595567867 23354.0 19470.0
0.02296860572483841 24643.5 21884.5
0.023084025854108958 26299.2 24937.8
0.023199445983379502 26006.0 25324.8
0.023314866112650046 26900.0 25849.0
0.02343028624192059 27348.5 27233.5
0.023545706371191136 27570.666666666668 25087.0
0.02366112650046168 27701.0 24281.0
0.023776546629732224 23634.0 16433.0
0.02389196675900277 25567.5 16969.5
0.024007386888273315 28897.0 18790.0
0.02412280701754386 25877.5 16259.0
0.024238227146814405 26945.0 26508.666666666668
0.02435364727608495 25213.0 25766.333333333332
0.02458448753462604 26657.0 31000.0
0.024699907663896584 29359.5 32314.0
0.024815327793167127 20416.5 11639.5
0.024930747922437674 24192.0 25167.666666666668
0.025046168051708218 24289.0 19279.0
0.02527700831024931 29750.0 45770.0
0.025392428439519853 19484.0 11613.0
0.025507848568790396 22068.0 16993.0
0.025623268698060944 22607.5 16866.0
0.025738688827331487 21944.5 15837.0
0.02585410895660203 22015.0 15999.0
0.025969529085872575 27643.0 29200.5
0.02608494921514312 22803.5 19154.0
0.026200369344413665 23290.0 18921.666666666668
0.02631578947368421 21688.0 12022.0
0.026431209602954756 26119.333333333332 18965.666666666668
0.0265466297322253 28661.333333333332 21313.333333333332
0.026662049861495844 29040.0 27472.25
0.02677746999076639 27602.2 24387.6
0.026892890120036934 27667.25 26014.0
0.027008310249307478 27704.0 21168.0
0.027123730378578025 26766.25 19739.0
0.02723915050784857 25237.666666666668 16210.666666666666
0.027354570637119113 23483.25 16569.75
0.02746999076638966 24671.8 17085.6
0.027585410895660203 24090.666666666668 18133.333333333332
0.027700831024930747 23242.0 16779.0
0.027816251154201294 22042.0 12140.0
0.027931671283471838 25441.0 24219.0
0.02804709141274238 22254.0 12173.0
0.02816251154201293 22464.0 12278.0
0.028277931671283472 25783.666666666668 19745.0
0.028393351800554016 27960.5 25810.0
0.02850877192982456 28115.0 21011.333333333332
0.028624192059095107 28106.5 20029.5
0.02873961218836565 28694.333333333332 19820.0
0.028855032317636194 27824.25 22498.75
0.02897045244690674 26218.0 19243.0
0.029085872576177285 27078.5 16151.0
0.02920129270544783 28496.5 22160.0
0.029316712834718376 23485.0 17476.0
0.02943213296398892 27308.666666666668 18260.333333333332
0.029547553093259463 22224.0 12010.0
0.02966297322253001 26264.5 16822.25
0.029778393351800554 26152.0 17886.0
0.029893813481071098 24577.0 16444.0
0.030009233610341645 27156.0 21921.5
0.03012465373961219 28210.0 21845.0
0.030240073868882732 28212.0 21845.0
0.03035549399815328 26134.0 21998.0
0.03070175438596491 25748.0 17653.5
0.030817174515235458 25765.5 17659.0
0.031163434903047092 21974.0 12026.0
0.03139427516158818 32813.0 21822.0
0.03150969529085872 28672.0 22101.0
0.031625115420129274 30782.333333333332 21140.666666666668
0.03174053554939982 28682.0 22112.0
0.03185595567867036 32993.0 21847.0
0.031971375807940905 28686.0 22128.0
0.03208679593721145 22237.0 12175.0
0.03220221606648199 33013.0 21860.0
0.03243305632502309 33048.0 21898.0
0.032663896583564174 22355.0 12204.0
0.033010156971375805 28898.0 22386.0
0.033125577100646356 28000.666666666668 19090.666666666668
0.0332409972299169 27402.5 18674.0
0.03335641735918744 25735.0 15842.75
0.03347183748845799 25880.0 17637.5
0.03358725761772853 28470.0 28642.666666666668
0.033702677746999074 25925.25 19801.5
0.033818097876269625 25956.75 19868.0
0.03393351800554017 26669.333333333332 20704.0
0.03404893813481071 24937.75 18144.0
0.034164358264081256 23809.0 18874.5
0.0342797783933518 23287.0 19655.0
0.03439519852262234 27649.333333333332 31316.333333333332
0.03451061865189289 26951.0 31086.0
0.03462603878116344 28600.0 24759.5
0.03474145891043398 27348.666666666668 21624.0
0.034856879039704525 26871.0 33498.666666666664
0.03497229916897507 28574.0 31214.25
0.03508771929824561 30253.0 23980.0
0.035203139427516156 28041.0 42634.0
0.035318559556786706 28733.0 59633.0
0.03543397968605725 28077.5 42652.0
0.03566481994459834 26816.5 38771.5
0.03578024007386888 27094.333333333332 34396.666666666664
0.035895660203139425 24890.0 17679.0
0.036011080332409975 30721.0 40141.666666666664
0.03612650046168052 28756.333333333332 21972.0
0.03624192059095106 29314.0 20125.0
0.036357340720221606 24289.0 19787.0
0.03647276084949215 23696.0 21891.0
0.036588180978762694 27782.333333333332 20791.0
0.036703601108033244 24008.0 21962.0
0.03681902123730379 24044.0 21981.0
0.03693444136657433 24506.5 19838.0
0.037049861495844875 25393.0 17886.0
0.03716528162511542 29399.0 22735.5
0.03728070175438596 28541.333333333332 24034.333333333332
0.037396121883656507 28639.0 24186.333333333332
0.0376269621421976 26681.0 26660.0
0.03797322253000923 31126.0 26645.0
0.038088642659279776 30493.0 24944.0
0.038204062788550326 34192.5 28824.5
0.03831948291782087 32396.0 28465.0
0.038434903047091414 34251.5 28870.5
0.03855032317636196 37351.0 31096.0
0.0386657433056325 37371.0 31233.0
0.038781163434903045 37444.0 31335.0
0.038896583564173595 37450.0 31335.0
0.03912742382271468 34242.5 27555.5
0.039242843951985226 31736.333333333332 27618.666666666668
0.03935826408125577 29989.0 23328.0
0.039473684210526314 44387.0 33337.0
0.03970452446906741 38617.0 32248.0
0.04005078485687904 31480.0 26774.0
0.04039704524469068 31891.0 32448.0
0.04051246537396122 29492.0 30143.0
0.04074330563250231 33925.0 27920.5
0.04085872576177285 35957.0 23816.0
0.040974145891043395 35962.0 23816.0
0.041089566020313946 35966.0 23816.0
0.04132040627885503 30346.0 23368.0
0.04143582640812558 31360.0 27980.0
0.042128347183748846 31194.0 23563.0
0.04224376731301939 31195.0 23563.0
0.04247460757156048 31233.0 24094.0
0.04259002770083103 31300.0 24104.0
0.04270544783010157 31331.0 24104.0
0.042820867959372115 31349.0 24111.0
0.0432825484764543 27195.0 28043.0
0.04339796860572484 27205.0 28043.0
0.043513388734995384 32621.0 32653.0
0.04362880886426593 27212.0 28043.0
0.043859649122807015 32708.0 32795.0
0.043975069252077566 29425.0 20443.0
0.04409048938134811 32729.0 32808.0
0.04420590951061865 32730.0 32808.0
0.04443674976915974 32744.0 32808.0
0.044552169898430284 32747.0 32808.0
0.04466759002770083 32755.0 32809.0
0.04478301015697138 32760.0 32810.0
0.04489843028624192 31210.5 26673.0
0.045013850415512466 32846.0 32813.0
0.04524469067405355 36861.0 24205.0
0.046052631578947366 33037.0 32865.0
0.046168051708217916 36920.0 24227.0
0.046398891966759004 35037.5 28658.5
0.04651431209602955 33131.0 32948.0
0.046745152354570635 30236.0 26838.0
0.04709141274238227 30260.0 26878.0
0.047437673130193904 37316.0 24868.0
0.047668513388735 30446.0 27227.0
0.04778393351800554 30494.0 27235.0
0.047899353647276086 30501.0 27235.0
0.04824561403508772 31248.0 27772.0
0.0487072945521699 37794.5 36924.0
0.04882271468144044 43428.0 39500.0
0.048938134810710986 43447.0 39500.0
0.04905355493998153 43499.0 39602.0
0.04939981532779317 43502.0 39602.0
0.049630655586334255 43589.0 39651.0
0.04997691597414589 43633.0 39653.0
0.050092336103416436 43638.0 39653.0
0.05020775623268698 43644.0 39653.0
0.05066943674976916 38704.0 35336.5
0.050784856879039705 38716.0 35346.0
0.05090027700831025 33555.0 30648.0
0.05101569713758079 33560.0 30648.0
0.05124653739612189 33575.0 30648.0
0.051477377654662974 43990.0 40677.0
0.05216989843028624 34014.0 30819.0
0.05228531855955679 43492.0 61381.0
0.052516158818097874 34054.0 30856.0
0.05263157894736842 34077.0 30858.0
0.05274699907663897 34077.0 30858.0
0.05286241920590951 34079.0 30858.0
0.05332409972299169 33604.0 24667.0
0.05343951985226224 33605.0 24667.0
0.05355493998153278 33905.5 27767.0
0.053670360110803325 33932.0 27794.5
0.05378578024007387 33937.0 27795.5
0.05390120036934441 33690.0 24753.0
0.0541320406278855 34152.0 25806.0
0.05424746075715605 32134.0 21676.0
0.05459372114496768 34267.0 30877.0
0.054709141274238225 34285.0 30879.0
0.05482456140350877 34286.0 30879.0
0.05493998153277932 41625.0 29412.0
0.05505540166204986 41640.0 29414.0
0.05517082179132041 38013.0 30205.5
0.05528624192059095 33508.5 24860.0
0.055401662049861494 36088.666666666664 27417.0
0.05551708217913204 37439.666666666664 29468.0
0.05563250230840259 41699.0 29504.0
0.05574792243767313 41715.0 29504.0
0.055863342566943676 41721.0 29504.0
0.05597876269621422 35245.0 33281.0
0.05632502308402586 37094.5 35311.0
0.0564404432132964 38875.0 37346.0
0.05667128347183749 34259.0 30344.0
0.05771006463527239 41887.0 29513.0
0.05817174515235457 39292.0 38901.0
0.05840258541089566 39300.0 38901.0
0.06128808864265928 42133.0 29882.0
0.06140350877192982 41056.5 35426.0
0.06151892890120037 41075.5 35452.0
0.06174976915974146 42168.0 29942.0
0.06221144967682364 46970.0 51018.0
0.06278855032317636 47066.0 51192.0
0.06532779316712835 40640.0 41717.0
0.06602031394275161 40877.0 42902.0
0.06625115420129271 40941.0 42912.0
0.0664819944598338 40954.0 42916.0
0.06671283471837489 40976.0 42924.0
0.06694367497691597 41012.0 42934.0
0.06705909510618652 41046.0 42938.0
0.06717451523545706 41048.0 42938.0
0.06740535549399815 41058.0 42938.0
0.06763619575253925 41078.0 42938.0
0.06786703601108034 38255.0 35355.0
0.06798245614035088 41089.0 42938.0
0.06809787626962142 39695.0 39153.0
0.0685595567867036 39043.0 35888.0
0.06867497691597414 39083.0 35933.0
0.06879039704524469 50861.0 52909.0
0.06890581717451523 50866.0 52923.0
0.06902123730378577 50869.0 52923.0
0.06925207756232687 50891.0 52928.0
0.06936749769159742 50891.0 52928.0
0.0695983379501385 50910.0 52931.0
0.06994459833795014 50917.0 52931.0
0.07006001846722068 50923.0 52931.0
0.07017543859649122 50949.0 52945.0
0.07029085872576177 50953.0 52945.0
0.07052169898430287 39199.0 35966.0
0.07098337950138504 43733.0 30986.0
0.07109879963065559 43776.0 30994.0
0.07179132040627885 43819.0 31006.0
0.0719067405355494 43821.0 31006.0
0.07202216066481995 43824.0 31006.0
0.07248384118190213 53850.0 73318.0
0.07363804247460758 44160.0 37035.0
0.07398430286241921 44181.0 37035.0
0.07433056325023084 50263.0 59090.0
0.07490766389658357 44327.0 37057.0
0.07513850415512466 44380.0 37181.0
0.07536934441366575 44381.0 37203.0
0.07548476454293629 44387.0 37210.0
0.07560018467220683 44395.0 37210.0
0.07571560480147738 44397.0 37216.0
0.07583102493074792 44401.0 37216.0
0.07606186518928901 44410.0 37216.0
0.07617728531855955 49786.0 44259.0
0.0762927054478301 44425.0 37218.0
0.07640812557710065 42507.0 45578.0
0.0765235457063712 44722.0 37529.0
0.07663896583564174 44736.0 37529.0
0.07686980609418283 44810.0 37532.0
0.07698522622345337 44811.0 37532.0
0.07710064635272391 44937.0 37532.0
0.077331486611265 47134.5 39422.0
0.07756232686980609 49325.0 41312.0
0.07779316712834719 44977.0 37532.0
0.07906278855032317 45265.0 37750.0
0.08391043397968606 50753.0 46166.0
0.08414127423822715 50766.0 46191.0
0.08564173591874423 62901.0 89628.0
0.08691135734072022 50693.0 40871.0
0.08725761772853186 58417.0 47052.0
0.09060480147737765 56999.0 89127.0
0.09268236380424746 51376.0 102924.0
0.11253462603878116 56210.0 71244.0
0.12765466297322253 74861.0 84936.0
0.15443213296398892 80560.0 99136.0
0.1561634349030471 81774.0 125594.0
0.16124192059095105 70297.0 105592.0
0.19390581717451524 102876.0 132473.0
0.2123730378578024 187131.0 154481.0
0.2149122807017544 106425.0 131988.0
0.2518467220683287 100685.0 194719.0
0.30505540166204986 206272.0 257405.0
0.37107571560480146 150062.0 257582.0
0.44309787626962144 165988.0 288588.0
0.5569021237303786 256551.0 452124.0
1.0 336992.0 740712.0
