1034752
0.0001 1048 4 0
0.0001 1644 8 0
0.0002 2598 9 0
0.0003 3157 13 0
0.0003 3721 14 0
0.0004 4466 17 0
0.0005 4839 15 0
0.0006 5098 18 0
0.0006 5777 23 0
0.0007 6044 30 0
0.0008 6658 28 0
0.0008 6901 42 0
0.0009 7418 40 0
0.0010 7814 46 0
0.0010 8060 54 0
0.0011 8824 65 0
0.0012 9423 79 0
0.0012 9458 81 0
0.0013 9772 60 0
0.0014 10156 61 0
0.0015 10444 108 0
0.0015 9918 90 0
0.0016 10463 59 0
0.0017 10484 56 0
0.0017 11821 80 0
0.0018 12349 119 0
0.0019 12873 67 0
0.0019 12284 116 0
0.0020 12585 137 0
0.0021 13518 193 0
0.0021 13861 163 0
0.0022 12629 134 0
0.0023 12895 107 0
0.0024 13498 139 0
0.0024 13813 123 0
0.0025 13921 93 0
0.0026 14786 219 0
0.0026 14779 98 0
0.0027 14475 185 0
0.0028 15125 178 0
0.0028 15488 98 0
0.0029 17170 79 0
0.0030 16793 108 0
0.0030 15179 74 0
0.0031 15195 105 0
0.0032 15860 140 0
0.0033 16303 159 0
0.0033 17876 180 0
0.0034 18207 148 0
0.0035 18160 176 0
0.0035 20799 180 0
0.0036 18259 151 0
0.0037 17919 186 0
0.0037 17074 176 0
0.0038 18872 179 0
0.0039 19659 129 0
0.0039 19477 270 0
0.0040 20462 394 0
0.0041 19225 325 0
0.0042 18904 310 0
0.0042 23392 652 0
0.0043 19921 612 0
0.0044 19894 153 0
0.0044 20522 191 0
0.0045 19127 177 0
0.0046 20893 240 0
0.0046 22721 181 0
0.0047 31421 386 0
0.0048 23753 126 0
0.0048 24497 153 0
0.0049 23055 192 0
0.0050 23284 273 0
0.0051 21542 237 0
0.0051 23150 646 0
0.0052 23964 218 0
0.0053 23847 126 0
0.0053 24209 221 0
0.0054 19956 184 0
0.0055 24240 196 0
0.0055 21992 221 0
0.0056 22274 428 0
0.0057 20770 353 0
0.0057 21412 397 0
0.0058 25384 637 0
0.0059 26812 835 0
0.0060 26149 212 0
0.0060 27715 684 0
0.0061 27985 164 0
0.0062 29045 458 0
0.0062 29861 547 0
0.0063 27153 414 0
0.0064 26634 450 0
0.0064 39204 211 0
0.0065 24889 499 0
0.0066 24695 387 0
0.0067 22861 984 0
0.0067 29536 94 0
0.0068 30226 333 0
0.0069 26477 363 0
0.0069 45348 684 0
0.0070 31511 645 0
0.0071 26393 138 0
0.0071 29134 388 0
0.0072 22832 173 0
0.0073 28015 3443 0
0.0074 27642 323 0
0.0076 25138 463 0
0.0076 29353 270 0
0.0077 31936 1362 0
0.0078 26887 2315 0
0.0078 46594 1578 0
0.0079 21393 14 0
0.0080 29455 204 0
0.0080 26136 63 0
0.0081 27964 106 0
0.0082 48023 356 0
0.0082 46389 137 0
0.0083 28990 367 0
0.0085 29261 504 0
0.0086 34428 6640 0
0.0087 33483 252 0
0.0089 46415 234 0
0.0093 52824 1398 0
0.0094 27450 2021 0
0.0094 36736 419 0
0.0096 34685 96 0
0.0097 30832 925 0
0.0098 36470 640 0
0.0098 38218 396 0
0.0104 33243 482 0
0.0105 36027 24 0
0.0106 43322 230 0
0.0109 40493 1179 0
0.0113 41849 1172 0
0.0114 39870 2014 0
0.0115 43064 502 0
0.0116 45944 1132 0
0.0119 46787 622 0
0.0121 59258 1784 0
0.0123 38831 429 0
0.0123 53327 278 0
0.0125 48624 1073 0
0.0126 71081 1251 0
0.0127 137621 331 0
0.0129 45067 951 0
0.0132 41570 644 0
0.0134 42725 1029 0
0.0136 29073 108 0
0.0137 52698 301 0
0.0139 55940 556 0
0.0140 63553 1541 0
0.0141 39978 520 0
0.0141 36576 668 0
0.0145 38925 1233 0
0.0146 56177 882 0
0.0147 83360 1269 0
0.0148 55911 1012 0
0.0155 93423 684 0
0.0157 47897 294 0
0.0160 47566 1376 0
0.0161 55659 536 0
0.0162 53603 879 0
0.0165 57606 425 0
0.0168 45983 1034 0
0.0170 52738 1422 0
0.0171 53670 2517 0
0.0172 81075 1662 0
0.0174 58185 1114 0
0.0177 73235 1467 0
0.0178 58114 1024 0
0.0179 64326 585 0
0.0181 61611 801 0
0.0188 54705 1759 0
0.0190 68450 1911 0
0.0196 50046 1110 0
0.0197 62544 561 0
0.0198 53962 403 0
0.0199 149504 509 0
0.0200 75182 1978 0
0.0200 62227 1037 0
0.0201 63742 1965 0
0.0203 70212 601 0
0.0206 88800 1736 0
0.0212 58884 1032 0
0.0215 71912 940 0
0.0218 56640 1158 0
0.0219 72160 1050 0
0.0222 90307 1777 0
0.0224 65528 1371 0
0.0227 52544 1277 0
0.0228 80395 1050 0
0.0229 160913 544 0
0.0229 72778 802 0
0.0233 72144 784 0
0.0236 59641 1754 0
0.0238 68807 684 0
0.0240 74504 2086 0
0.0240 56768 1118 0
0.0242 93284 446 0
0.0247 81881 833 0
0.0248 57587 1304 0
0.0249 68750 512 0
0.0253 70838 1593 0
0.0256 62155 641 0
0.0257 98398 446 0
0.0258 67328 1861 0
0.0259 110600 1195 0
0.0260 85830 2662 0
0.0263 67850 3066 0
0.0263 84336 1124 0
0.0266 84103 1263 0
0.0269 132804 2261 0
0.0271 106324 521 0
0.0273 81213 2101 0
0.0274 102285 465 0
0.0274 68964 1176 0
0.0277 109904 523 0
0.0279 79120 1282 0
0.0281 83292 1176 0
0.0283 78054 829 0
0.0285 90615 2667 0
0.0286 130637 1089 0
0.0289 102578 1221 0
0.0290 75174 775 0
0.0292 88051 829 0
0.0294 76165 2018 0
0.0299 76767 1680 0
0.0299 92876 1931 0
0.0305 89948 1222 0
0.0306 91858 837 0
0.0307 101939 2281 0
0.0308 140709 2326 0
0.0314 96746 2721 0
0.0316 87203 2115 0
0.0321 74928 1215 0
0.0322 78221 3089 0
0.0326 72542 1078 0
0.0331 113650 565 0
0.0338 187303 1364 0
0.0340 103040 992 0
0.0341 118595 1284 0
0.0342 79102 803 0
0.0343 85756 1713 0
0.0344 100092 2081 0
0.0346 72179 3378 0
0.0353 109642 2297 0
0.0354 95538 1413 0
0.0357 98036 1671 0
0.0366 109953 1740 0
0.0371 90128 2129 0
0.0376 89306 917 0
0.0377 87517 1116 0
0.0378 114975 947 0
0.0378 74304 1957 0
0.0382 98639 1625 0
0.0384 193682 1580 0
0.0385 86975 1322 0
0.0389 100878 1683 0
0.0391 97143 3117 0
0.0397 129685 1553 0
0.0398 93039 1709 0
0.0401 77287 3467 0
0.0402 100400 8755 0
0.0402 120449 918 0
0.0405 117658 2474 0
0.0405 113753 1951 0
0.0406 116940 1241 0
0.0418 128738 2618 0
0.0430 128583 1425 0
0.0431 112833 3218 0
0.0437 216569 1725 0
0.0443 92457 1890 0
0.0451 134860 1905 0
0.0458 109566 2305 0
0.0461 98812 3475 0
0.0479 117286 1815 0
0.0486 109016 1960 0
0.0499 107879 2901 0
0.0500 134107 3034 0
0.1000 205444 9470 0
0.1500 321775 13018 0
0.2000 378782 14474 0
0.2499 419102 16204 0
0.2999 467725 18164 0
0.3500 523025 20882 0
0.4000 560635 30073 0
0.4500 665727 31916 0
0.5000 714264 36264 0
0.5500 744643 38088 0
0.6000 785644 40256 0
0.6500 822302 42803 0
0.7000 857285 45373 0
0.7500 900151 47453 0
0.8000 922991 49767 0
0.8500 947892 52847 0
0.9000 989082 54811 0
0.9501 1013698 56332 0
1.0000 1034752 60156 0
