784560
0.00011542012927054478 1201.1143813481071 0.0
0.00023084025854108956 1739.4208400646203 0.0
0.00034626038781163435 2679.3326653306613 0.0
0.0004616805170821791 3091.7437888198756 0.0
0.0005771006463527239 4014.5 0.0
0.0006925207756232687 4426.266106442577 0.0
0.0008079409048938135 5065.794676806084 0.0
0.0009233610341643582 6213.445414847161 0.0
0.001038781163434903 6575.890710382514 0.0
0.0011542012927054479 7272.344594594595 0.0
0.0012696214219759926 8384.361538461539 0.0
0.0013850415512465374 7708.811023622047 0.0
0.0015004616805170822 8669.443396226416 0.0
0.001615881809787627 9149.134020618556 0.0
0.0017313019390581717 8998.186813186812 0.0
0.0018467220683287165 8478.644736842105 0.0
0.0019621421975992612 9337.837837837838 0.0
0.002077562326869806 9570.71875 0.0
0.0021929824561403508 9274.22972972973 0.0
0.0023084025854108957 10650.265625 0.0
0.0024238227146814403 10582.833333333334 0.0
0.0025392428439519853 9530.086206896553 0.0
0.00265466297322253 10889.390243902439 0.0
0.002770083102493075 10031.263157894737 0.0
0.0028855032317636198 10665.054054054053 0.0
0.0030009233610341643 9401.939393939394 0.0
0.0031163434903047093 11609.51282051282 0.0
0.003231763619575254 13828.35294117647 0.0
0.003347183748845799 11524.176470588236 0.0
0.0034626038781163434 14069.384615384615 0.0
0.0035780240073868884 11732.4 0.0
0.003693444136657433 13797.130434782608 0.0
0.003808864265927978 13236.4 0.0
0.0039242843951985225 13381.935483870968 0.0
0.004039704524469067 12815.923076923076 0.0
0.004155124653739612 13721.407407407407 0.0
0.004270544783010157 14138.68 0.0
0.0043859649122807015 14898.387096774193 0.0
0.004501385041551247 14172.962962962964 0.0
0.0046168051708217915 13613.391304347826 0.0
0.004732225300092336 14927.518518518518 0.0
0.004847645429362881 15798.91304347826 0.0
0.004963065558633426 16514.954545454544 0.0
0.0050784856879039705 16704.823529411766 0.0
0.005193905817174515 17236.2 0.0
0.00530932594644506 18786.64285714286 0.0
0.005424746075715605 15633.42857142857 0.0
0.00554016620498615 17284.69230769231 0.0
0.005655586334256694 15549.5625 0.0
0.0057710064635272396 17144.090909090908 0.0
0.005886426592797784 16628.615384615383 0.0
0.006001846722068329 18348.090909090908 0.0
0.006117266851338873 18231.0 0.0
0.006232686980609419 17873.14285714286 0.0
0.006348107109879963 17234.083333333332 0.0
0.006463527239150508 17117.222222222223 0.0
0.006578947368421052 16481.266666666666 0.0
0.006694367497691598 22476.125 0.0
0.006809787626962142 20286.916666666668 0.0
0.006925207756232687 20683.272727272728 0.0
0.007040627885503232 17539.833333333332 0.0
0.007156048014773777 22060.083333333332 0.0
0.007271468144044321 20051.0 0.0
0.007386888273314866 19881.363636363636 0.0
0.007502308402585411 24160.875 0.0
0.007617728531855956 22849.714285714286 0.0
0.0077331486611265 21804.333333333332 0.0
0.007848568790397045 23004.571428571428 0.0
0.00796398891966759 22098.909090909092 0.0
0.008079409048938134 23042.14285714286 0.0
0.00819482917820868 23944.909090909092 0.0
0.008310249307479225 24932.5 0.0
0.008425669436749769 22492.8 0.0
0.008541089566020314 25922.18181818182 0.0
0.00865650969529086 29910.428571428572 0.0
0.008771929824561403 29761.88888888889 0.0
0.008887349953831948 23739.125 0.0
0.009002770083102494 27035.666666666668 0.0
0.009118190212373038 27566.4 0.0
0.009233610341643583 32331.0 0.0
0.009349030470914127 26472.85714285714 0.0
0.009464450600184672 33366.0 0.0
0.009579870729455217 23027.5 0.0
0.009695290858725761 23143.714285714286 0.0
0.009810710987996307 24413.0 0.0
0.009926131117266852 27835.666666666668 0.0
0.010041551246537396 23413.571428571428 0.0
0.010156971375807941 36082.333333333336 0.0
0.010272391505078486 26795.666666666668 0.0
0.01038781163434903 27191.833333333332 0.0
0.010503231763619576 25610.0 0.0
0.01061865189289012 23997.333333333332 0.0
0.010734072022160665 33507.57142857143 0.0
0.01084949215143121 39663.0 0.0
0.010964912280701754 31173.428571428572 0.0
0.0110803324099723 30332.428571428572 0.0
0.011195752539242845 33305.42857142857 0.0
0.011311172668513388 31714.222222222223 0.0
0.011426592797783934 27953.25 0.0
0.011542012927054479 29905.30769230769 0.0
0.011657433056325023 26465.8 0.0
0.011772853185595568 24155.0 0.0
0.011888273314866112 27711.14285714286 0.0
0.012003693444136657 30007.0 0.0
0.012119113573407203 33604.75 0.0
0.012234533702677746 32573.166666666668 0.0
0.012349953831948292 37959.8 0.0
0.012465373961218837 19885.0 0.0
0.012580794090489381 36843.625 0.0
0.012696214219759926 42631.4 0.0
0.012811634349030472 43928.6 0.0
0.012927054478301015 31548.0 0.0
0.01304247460757156 36661.6 0.0
0.013157894736842105 35909.0 0.0
0.01327331486611265 37984.5 0.0
0.013388734995383195 34047.0 0.0
0.013504155124653739 30434.6 0.0
0.013619575253924284 34828.142857142855 0.0
0.01373499538319483 46099.0 0.0
0.013850415512465374 43921.5 0.0
0.013965835641735919 43562.666666666664 0.0
0.014081255771006464 39090.0 0.0
0.014196675900277008 29240.5 0.0
0.014312096029547553 33131.2 0.0
0.014427516158818097 39138.75 0.0
0.014542936288088643 40141.6 0.0
0.014658356417359188 36955.333333333336 0.0
0.014773776546629732 30768.125 0.0
0.014889196675900277 25614.714285714286 0.0
0.015004616805170823 29184.1 0.0
0.015120036934441366 32405.555555555555 0.0
0.015235457063711912 28155.0 0.0
0.015350877192982455 40779.8 0.0
0.015466297322253 31581.5 0.0
0.015581717451523546 33936.25 0.0
0.01569713758079409 37627.333333333336 0.0
0.015812557710064637 43092.333333333336 0.0
0.01592797783933518 47371.857142857145 0.0
0.016043397968605724 42481.0 0.0
0.016158818097876268 34689.0 0.0
0.016274238227146815 48639.75 0.0
0.01638965835641736 37412.666666666664 0.0
0.016505078485687903 42496.25 0.0
0.01662049861495845 46425.25 0.0
0.016735918744228993 37643.6 0.0
0.016851338873499537 46341.857142857145 0.0
0.016966759002770084 34743.125 0.0
0.017082179132040628 32859.166666666664 0.0
0.01719759926131117 42356.0 0.0
0.01731301939058172 26719.0 0.0
0.017428439519852262 31078.5 0.0
0.017543859649122806 30250.0 0.0
0.017659279778393353 28094.0 0.0
0.017774699907663897 30111.5 0.0
0.01789012003693444 28476.0 0.0
0.018005540166204988 41018.0 0.0
0.01812096029547553 41962.666666666664 0.0
0.018236380424746075 44949.6 0.0
0.018351800554016622 48948.333333333336 0.0
0.018467220683287166 46438.0 0.0
0.018698060941828253 45545.25 0.0
0.0188134810710988 42613.0 0.0
0.018928901200369344 37716.0 0.0
0.019044321329639888 34800.0 0.0
0.019159741458910435 59517.0 0.0
0.01927516158818098 37240.0 0.0
0.019390581717451522 49569.0 0.0
0.01950600184672207 50655.0 0.0
0.019736842105263157 24814.0 0.0
0.019852262234533704 34510.0 0.0
0.019967682363804248 31112.666666666668 0.0
0.02019852262234534 25264.0 0.0
0.020429362880886426 43372.0 0.0
0.020544783010156973 41028.5 0.0
0.020660203139427517 30989.0 0.0
0.02077562326869806 47995.0 0.0
0.020891043397968604 43278.25 0.0
0.02100646352723915 43294.75 0.0
0.021121883656509695 54586.0 0.0
0.02123730378578024 43141.5 0.0
0.021352723915050786 43624.25 0.0
0.02146814404432133 57318.0 0.0
0.021583564173591873 42427.0 0.0
0.02169898430286242 48977.666666666664 0.0
0.021814404432132964 48434.5 0.0
0.021929824561403508 46101.5 0.0
0.0221606648199446 37691.0 0.0
0.022276084949215142 34350.0 0.0
0.02239150507848569 57639.0 0.0
0.022506925207756233 37717.0 0.0
0.022622345337026777 63296.5 0.0
0.022737765466297324 63966.0 0.0
0.022853185595567867 47530.0 0.0
0.023199445983379502 33305.5 0.0
0.023314866112650046 28725.0 0.0
0.02343028624192059 64756.0 0.0
0.02366112650046168 45473.25 0.0
0.023776546629732224 41327.0 0.0
0.02389196675900277 47318.5 0.0
0.024007386888273315 51066.0 0.0
0.02412280701754386 47072.4 0.0
0.024238227146814405 57145.333333333336 0.0
0.02435364727608495 57365.333333333336 0.0
0.024469067405355493 54747.5 0.0
0.024699907663896584 50501.0 0.0
0.024815327793167127 61120.0 0.0
0.025046168051708218 50837.333333333336 0.0
0.025161588180978762 51178.666666666664 0.0
0.02527700831024931 57203.0 0.0
0.025392428439519853 39281.0 0.0
0.025507848568790396 62733.666666666664 0.0
0.025623268698060944 62004.25 0.0
0.025738688827331487 48280.666666666664 0.0
0.02585410895660203 52096.5 0.0
0.025969529085872575 67272.0 0.0
0.02608494921514312 67301.5 0.0
0.026200369344413665 54099.0 0.0
0.02631578947368421 62861.0 0.0
0.026431209602954756 63026.0 0.0
0.0265466297322253 62882.0 0.0
0.026662049861495844 50144.666666666664 0.0
0.02677746999076639 43853.5 0.0
0.026892890120036934 58640.0 0.0
0.027123730378578025 61900.5 0.0
0.02723915050784857 33691.0 0.0
0.02746999076638966 75012.0 0.0
0.027585410895660203 67220.5 0.0
0.027700831024930747 38310.5 0.0
0.027816251154201294 67264.5 0.0
0.027931671283471838 56176.0 0.0
0.02804709141274238 42868.0 0.0
0.02816251154201293 49422.75 0.0
0.028277931671283472 55132.75 0.0
0.028393351800554016 42863.0 0.0
0.02850877192982456 42951.0 0.0
0.02897045244690674 72206.5 0.0
0.029085872576177285 60445.5 0.0
0.02920129270544783 59313.0 0.0
0.029316712834718376 55593.333333333336 0.0
0.02943213296398892 59396.0 0.0
0.029547553093259463 65389.5 0.0
0.02966297322253001 66611.0 0.0
0.029893813481071098 56774.0 0.0
0.030009233610341645 67905.0 0.0
0.03012465373961219 67871.5 0.0
0.030240073868882732 65393.5 0.0
0.03035549399815328 68076.0 0.0
0.030470914127423823 59170.0 0.0
0.030586334256694367 55058.25 0.0
0.03070175438596491 57969.4 0.0
0.030817174515235458 58610.5 0.0
0.030932594644506 49906.0 0.0
0.031048014773776545 62857.5 0.0
0.031163434903047092 62235.75 0.0
0.031278855032317636 45355.0 0.0
0.03139427516158818 73077.0 0.0
0.03150969529085872 57568.5 0.0
0.031625115420129274 69394.33333333333 0.0
0.03174053554939982 77028.0 0.0
0.03185595567867036 58664.0 0.0
0.031971375807940905 58669.0 0.0
0.03208679593721145 58674.0 0.0
0.03254847645429363 73065.0 0.0
0.032663896583564174 73071.0 0.0
0.03277931671283472 73074.0 0.0
0.03289473684210526 73084.0 0.0
0.033010156971375805 60285.5 0.0
0.03335641735918744 73188.0 0.0
0.03347183748845799 65790.0 0.0
0.03358725761772853 68966.0 0.0
0.033702677746999074 74334.0 0.0
0.033818097876269625 57519.0 0.0
0.03393351800554017 73365.0 0.0
0.03404893813481071 73758.0 0.0
0.034164358264081256 73399.0 0.0
0.0342797783933518 76475.0 0.0
0.03439519852262234 65676.0 0.0
0.03451061865189289 65745.33333333333 0.0
0.03462603878116344 61404.0 0.0
0.03474145891043398 49359.0 0.0
0.034856879039704525 61473.5 0.0
0.03508771929824561 49443.0 0.0
0.035203139427516156 49449.0 0.0
0.035318559556786706 63538.0 0.0
0.03543397968605725 70588.5 0.0
0.035549399815327794 62390.0 0.0
0.03566481994459834 63166.5 0.0
0.03578024007386888 63190.0 0.0
0.035895660203139425 80909.0 0.0
0.036011080332409975 80934.0 0.0
0.03612650046168052 80960.0 0.0
0.036357340720221606 76092.0 0.0
0.03647276084949215 63412.0 0.0
0.036588180978762694 50939.0 0.0
0.037049861495844875 66923.0 0.0
0.037396121883656507 76669.0 0.0
0.03751154201292706 81918.0 0.0
0.0376269621421976 81928.0 0.0
0.037742382271468145 81934.0 0.0
0.03901200369344414 77842.0 0.0
0.03912742382271468 83568.0 0.0
0.03935826408125577 83609.0 0.0
0.03958910433979686 83755.0 0.0
0.039935364727608495 84008.0 0.0
0.040627885503231764 84302.0 0.0
0.04074330563250231 84303.0 0.0
0.04085872576177285 84306.0 0.0
0.0443213296398892 59882.0 0.0
0.04443674976915974 67812.0 0.0
0.044552169898430284 75616.0 0.0
0.04466759002770083 75627.0 0.0
0.04489843028624192 75668.0 0.0
0.045013850415512466 75675.0 0.0
0.04512927054478301 75677.5 0.0
0.04524469067405355 59262.0 0.0
0.0453601108033241 92425.0 0.0
0.04559095106186519 92511.0 0.0
0.045706371191135735 83756.5 0.0
0.04582179132040628 83773.0 0.0
0.046168051708217916 75183.0 0.0
0.04628347183748846 75185.0 0.0
0.046398891966759004 75201.0 0.0
0.046745152354570635 75258.0 0.0
0.04686057248384118 93778.0 0.0
0.04697599261311173 84637.5 0.0
0.04720683287165282 84652.5 0.0
0.04732225300092336 84659.0 0.0
0.047437673130193904 75303.0 0.0
0.04755309325946445 75316.0 0.0
0.047668513388735 75523.0 0.0
0.04778393351800554 96180.0 0.0
0.04801477377654663 97807.0 0.0
0.04813019390581717 97813.0 0.0
0.04939981532779317 77568.0 0.0
0.049630655586334255 61248.0 0.0
0.04986149584487535 78038.0 0.0
0.05090027700831025 61646.0 0.0
0.05101569713758079 82680.0 0.0
0.051131117266851336 72192.5 0.0
0.05136195752539243 103527.0 0.0
0.05193905817174515 86133.0 0.0
0.05216989843028624 86154.0 0.0
0.05332409972299169 102116.0 0.0
0.05343951985226224 102203.0 0.0
0.054016620498614956 84827.0 0.0
0.0541320406278855 84894.0 0.0
0.054362880886426594 62195.0 0.0
0.05459372114496768 73611.5 0.0
0.054709141274238225 85031.0 0.0
0.05493998153277932 85513.0 0.0
0.05505540166204986 85523.0 0.0
0.05574792243767313 86287.0 0.0
0.055863342566943676 86287.0 0.0
0.05597876269621422 86303.0 0.0
0.05817174515235457 109388.0 0.0
0.058287165281625114 109409.0 0.0
0.05840258541089566 109424.0 0.0
0.05909510618651893 87354.0 0.0
0.05955678670360111 89553.0 0.0
0.05967220683287165 87780.0 0.0
0.059787626962142196 89073.5 0.0
0.05990304709141274 87913.0 0.0
0.06001846722068329 87958.0 0.0
0.06024930747922438 87987.0 0.0
0.06267313019390582 103164.0 0.0
0.06405817174515235 94552.0 0.0
0.0641735918744229 94700.0 0.0
0.06428901200369344 94709.0 0.0
0.06440443213296398 94711.0 0.0
0.06475069252077563 81998.0 0.0
0.06486611265004617 95000.0 0.0
0.06498153277931672 95026.0 0.0
0.0652123730378578 95505.0 0.0
0.06544321329639889 95524.0 0.0
0.06671283471837489 118003.0 0.0
0.06821329639889197 96587.0 0.0
0.06925207756232687 99663.0 0.0
0.06948291782086796 99671.0 0.0
0.0695983379501385 99724.0 0.0
0.0698291782086796 99737.0 0.0
0.07017543859649122 99812.0 0.0
0.0719067405355494 109806.0 0.0
0.07202216066481995 110366.0 0.0
0.0721375807940905 110371.0 0.0
0.07225300092336104 110403.0 0.0
0.07236842105263158 110422.0 0.0
0.07248384118190213 110447.0 0.0
0.07259926131117267 119646.5 0.0
0.07271468144044321 119648.5 0.0
0.07283010156971376 111169.0 0.0
0.07306094182825484 120987.0 0.0
0.07329178208679593 128241.0 0.0
0.07433056325023084 129291.0 0.0
0.0809095106186519 97310.0 0.0
0.08102493074792244 97534.0 0.0
0.08114035087719298 97546.0 0.0
0.08125577100646353 97549.0 0.0
0.08333333333333333 118779.0 0.0
0.08344875346260387 120212.0 0.0
0.08356417359187442 120217.0 0.0
0.08367959372114497 120234.0 0.0
0.08379501385041552 120245.0 0.0
0.08391043397968606 123051.0 0.0
0.0840258541089566 98117.0 0.0
0.08414127423822715 120340.0 0.0
0.08460295475530932 134745.0 0.0
0.08471837488457987 122492.0 0.0
0.08483379501385041 119090.0 0.0
0.08541089566020314 100936.0 0.0
0.08552631578947369 134530.0 0.0
0.08587257617728532 233768.0 0.0
0.08598799630655586 121487.0 0.0
0.0861034164358264 121565.0 0.0
0.08852723915050785 107689.0 0.0
0.09014312096029548 126282.0 0.0
0.09141274238227147 137069.0 0.0
0.09152816251154201 137082.0 0.0
0.09164358264081256 137088.0 0.0
0.0917590027700831 137143.0 0.0
0.09187442289935364 137172.0 0.0
0.09233610341643583 138962.0 0.0
0.09268236380424746 138057.0 0.0
0.09291320406278855 140201.0 0.0
0.09372114496768236 139838.0 0.0
0.09487534626038781 135792.0 0.0
0.09522160664819945 144612.0 0.0
0.09533702677747 144614.0 0.0
0.09683748845798708 141557.0 0.0
0.13030932594644506 175240.0 0.0
0.13204062788550322 190484.0 0.0
0.1337719298245614 164416.0 0.0
0.14392890120036936 200299.0 0.0
0.1786703601108033 191219.0 0.0
0.1812096029547553 314162.0 0.0
0.18444136657433055 320664.0 0.0
0.2033702677746999 242000.0 0.0
0.24711449676823638 366470.0 0.0
0.27354570637119113 266049.0 0.0
0.2759695290858726 321664.0 0.0
0.4793397968605725 464069.0 0.0
0.5206602031394275 513691.0 0.0
1.0 784560.0 0.0
