1124
0.00011542012927054478 443.47310710987995 85.49307479224376
0.00023084025854108956 613.7242540904716 137.78873917228103
0.00034626038781163435 737.2212618841833 226.05012964563525
0.0004616805170821791 813.0394557823129 280.84761904761905
0.0005771006463527239 864.0886597938145 349.1340206185567
0.0006925207756232687 896.5779569892474 438.10752688172045
0.0008079409048938135 922.0255474452555 479.36861313868616
0.0009233610341643582 952.17903930131 548.6069868995634
0.001038781163434903 962.0793650793651 747.1058201058202
0.0011542012927054479 976.3899371069182 1024.7924528301887
0.0012696214219759926 988.8768115942029 920.3405797101449
0.0013850415512465374 993.1478260869566 1300.4434782608696
0.0015004616805170822 1008.5181818181818 1339.490909090909
0.001615881809787627 1014.0 1430.6701030927834
0.0017313019390581717 1011.8235294117648 985.8333333333334
0.0018467220683287165 1020.7692307692307 1327.3186813186812
0.0019621421975992612 1028.3918918918919 1168.3108108108108
0.002077562326869806 1036.5671641791046 1321.5671641791046
0.0021929824561403508 1036.875 1368.734375
0.0023084025854108957 1041.450980392157 1058.313725490196
0.0024238227146814403 1039.7169811320755 1184.811320754717
0.0025392428439519853 1049.9183673469388 1686.0816326530612
0.00265466297322253 1039.6486486486488 1157.7837837837837
0.002770083102493075 1051.3684210526317 1475.8157894736842
0.0028855032317636198 1053.7894736842106 1902.1315789473683
0.0030009233610341643 1057.3103448275863 1639.4137931034484
0.0031163434903047093 1059.3684210526317 1657.7105263157894
0.003231763619575254 1063.103448275862 1825.7586206896551
0.003347183748845799 1060.3636363636363 1989.6363636363637
0.0034626038781163434 1060.142857142857 2263.6428571428573
0.0035780240073868884 1066.551724137931 2723.2413793103447
0.003693444136657433 1073.7333333333333 4005.6
0.003808864265927978 1068.642857142857 2510.3928571428573
0.0039242843951985225 1067.3461538461538 2080.653846153846
0.004039704524469067 1067.1363636363637 2560.090909090909
0.004155124653739612 1063.5 2074.4
0.004270544783010157 1071.2105263157894 2622.4210526315787
0.0043859649122807015 1075.85 6427.65
0.004501385041551247 1072.15 5036.25
0.0046168051708217915 1072.5333333333333 3711.0666666666666
0.004732225300092336 1072.842105263158 3603.6315789473683
0.004847645429362881 1077.8461538461538 3053.4615384615386
0.004963065558633426 1080.5 3082.722222222222
0.0050784856879039705 1078.65 2986.85
0.005193905817174515 1080.3 7332.8
0.00530932594644506 1076.909090909091 3406.4545454545455
0.005424746075715605 1083.2222222222222 3913.3333333333335
0.00554016620498615 1080.4615384615386 3155.6923076923076
0.005655586334256694 1084.8461538461538 5151.153846153846
0.0057710064635272396 1081.4 3852.266666666667
0.005886426592797784 1085.9 3414.0
0.006001846722068329 1088.142857142857 4214.714285714285
0.006117266851338873 1087.6153846153845 7432.923076923077
0.006232686980609419 1083.111111111111 4192.333333333333
0.006348107109879963 1082.9 3389.2
0.006463527239150508 1085.3846153846155 5780.076923076923
0.006578947368421052 1088.6363636363637 5170.727272727273
0.006694367497691598 1082.3846153846155 3643.923076923077
0.006809787626962142 1086.2727272727273 3583.909090909091
0.006925207756232687 1087.8333333333333 3822.1666666666665
0.007040627885503232 1088.8181818181818 4300.363636363636
0.007156048014773777 1079.25 4197.375
0.007271468144044321 1094.25 6106.25
0.007386888273314866 1090.5 5263.166666666667
0.007502308402585411 1080.2857142857142 3793.4285714285716
0.007617728531855956 1089.4285714285713 5306.714285714285
0.0077331486611265 1093.909090909091 7065.0
0.007848568790397045 1091.3076923076924 6328.538461538462
0.00796398891966759 1091.0 5409.727272727273
0.008079409048938134 1090.7777777777778 4912.222222222223
0.00819482917820868 1090.7142857142858 4257.142857142857
0.008310249307479225 1092.0 9783.0
0.008425669436749769 1096.5714285714287 7985.857142857143
0.008541089566020314 1093.0 10512.7
0.00865650969529086 1089.8461538461538 9705.461538461539
0.008771929824561403 1094.25 7033.25
0.008887349953831948 1092.4545454545455 5591.818181818182
0.009002770083102494 1094.0 5766.142857142857
0.009118190212373038 1082.8333333333333 5468.666666666667
0.009233610341643583 1086.8 4571.1
0.009349030470914127 1088.25 4645.75
0.009464450600184672 1090.25 5762.0
0.009579870729455217 1099.875 8210.75
0.009695290858725761 1099.5 7935.5
0.009810710987996307 1099.8 7836.4
0.009926131117266852 1088.0 5943.166666666667
0.010041551246537396 1094.3333333333333 18022.0
0.010156971375807941 1089.0 5542.875
0.010272391505078486 1094.2727272727273 9119.181818181818
0.01038781163434903 1094.0 4019.8571428571427
0.010503231763619576 1094.75 14839.0
0.01061865189289012 1094.4285714285713 11384.857142857143
0.010734072022160665 1093.6 5541.8
0.01084949215143121 1095.6666666666667 7062.0
0.010964912280701754 1097.0 7295.857142857143
0.0110803324099723 1095.4285714285713 12158.142857142857
0.011195752539242845 1095.7272727272727 9242.636363636364
0.011311172668513388 1090.7777777777778 10026.333333333334
0.011426592797783934 1097.2857142857142 13458.0
0.011542012927054479 1096.1666666666667 6620.333333333333
0.011657433056325023 1099.5 8473.375
0.011772853185595568 1099.6666666666667 7217.5
0.011888273314866112 1099.2222222222222 7856.222222222223
0.012003693444136657 1098.9 6876.4
0.012119113573407203 1099.0 6566.777777777777
0.012234533702677746 1097.1666666666667 6794.333333333333
0.012349953831948292 1099.8 7427.2
0.012465373961218837 1101.75 8709.5
0.012580794090489381 1098.0 5425.666666666667
0.013157894736842105 1103.5 7367.5
0.01327331486611265 1101.0 6217.75
0.013388734995383195 1098.4 5270.8
0.013504155124653739 1099.6666666666667 8910.0
0.013619575253924284 1101.4285714285713 9240.142857142857
0.01373499538319483 1100.142857142857 8407.285714285714
0.013850415512465374 1096.0 10205.0
0.013965835641735919 1099.4 8211.6
0.014081255771006464 1098.0 4779.5
0.014196675900277008 1097.857142857143 6898.0
0.014312096029547553 1100.8 9570.2
0.014427516158818097 1107.0 13063.0
0.014542936288088643 1101.8333333333333 7449.666666666667
0.014658356417359188 1097.4 6889.4
0.014773776546629732 1094.6666666666667 5746.0
0.014889196675900277 1097.0 9689.25
0.015004616805170823 1100.5 7928.0
0.015120036934441366 1103.3333333333333 7871.0
0.015235457063711912 1103.5 6885.0
0.015350877192982455 1104.25 9317.25
0.015466297322253 1104.25 9339.5
0.015581717451523546 1104.25 9339.5
0.01569713758079409 1102.75 7516.25
0.015812557710064637 1099.6666666666667 5281.333333333333
0.01592797783933518 1093.6666666666667 4283.0
0.016043397968605724 1099.75 9235.75
0.016158818097876268 1107.0 16509.0
0.01638965835641736 1101.3333333333333 10848.0
0.016505078485687903 1098.5 9875.0
0.01662049861495845 1096.5 5175.0
0.016735918744228993 1096.5 5175.0
0.016851338873499537 1098.6666666666667 8383.0
0.016966759002770084 1102.0 10787.5
0.017082179132040628 1099.0 9675.0
0.01719759926131117 1098.6666666666667 10818.333333333334
0.01731301939058172 1100.5 9593.5
0.017428439519852262 1100.0 15202.0
0.017543859649122806 1101.0 16788.0
0.017659279778393353 1102.0 18496.0
0.017774699907663897 1099.0 9310.25
0.01789012003693444 1099.5 13079.0
0.018005540166204988 1096.6666666666667 8115.333333333333
0.01812096029547553 1101.3333333333333 9865.0
0.018236380424746075 1099.0 9952.5
0.018351800554016622 1102.6 11530.8
0.018467220683287166 1100.0 9050.0
0.01858264081255771 1101.3333333333333 15281.333333333334
0.018698060941828253 1101.25 10276.5
0.0188134810710988 1102.6666666666667 11226.0
0.018928901200369344 1101.4 10485.0
0.019044321329639888 1102.2 11592.0
0.019159741458910435 1101.6 12855.0
0.01927516158818098 1100.0 12351.333333333334
0.019390581717451522 1099.5 10883.5
0.019621421975992613 1102.0 9173.666666666666
0.019736842105263157 1102.6666666666667 12856.666666666666
0.019852262234533704 1100.0 9850.0
0.019967682363804248 1107.0 12789.0
0.02008310249307479 1103.0 11663.0
0.02019852262234534 1105.3333333333333 14995.333333333334
0.020313942751615882 1105.0 15228.333333333334
0.020429362880886426 1104.0 13572.333333333334
0.020544783010156973 1102.0 13097.0
0.020660203139427517 1104.0 16934.0
0.02077562326869806 1103.6 14208.8
0.020891043397968604 1106.0 12229.5
0.02100646352723915 1103.6666666666667 11721.5
0.021121883656509695 1103.3333333333333 11998.666666666666
0.02123730378578024 1103.3333333333333 10066.0
0.021352723915050786 1102.4 11325.6
0.02146814404432133 1101.6666666666667 11144.333333333334
0.021583564173591873 1101.0 14228.0
0.02169898430286242 1103.6666666666667 14098.666666666666
0.021814404432132964 1101.6 12668.2
0.021929824561403508 1101.6666666666667 13156.333333333334
0.022045244690674055 1099.5 8531.0
0.0221606648199446 1104.6666666666667 14926.0
0.022276084949215142 1104.5 14300.5
0.02239150507848569 1102.0 7732.5
0.022506925207756233 1102.0 7732.5
0.022622345337026777 1101.5 14797.0
0.022737765466297324 1100.0 11531.0
0.022853185595567867 1101.5 14832.0
0.02296860572483841 1101.0 11867.0
0.023084025854108958 1100.0 8740.5
0.023199445983379502 1102.5 11703.25
0.023314866112650046 1102.5 11270.5
0.02343028624192059 1104.0 10185.0
0.023545706371191136 1104.0 15453.0
0.02366112650046168 1104.5 11495.5
0.023776546629732224 1106.3333333333333 15877.0
0.02389196675900277 1106.3333333333333 16051.333333333334
0.024007386888273315 1103.0 8474.0
0.02412280701754386 1106.0 13745.0
0.024238227146814405 1106.2 13640.2
0.02435364727608495 1106.0 13037.25
0.024469067405355493 1107.5 15970.5
0.02458448753462604 1107.0 15448.5
0.024699907663896584 1107.0 18326.5
0.024815327793167127 1104.3333333333333 14193.0
0.024930747922437674 1104.0 10758.0
0.025046168051708218 1110.0 26189.0
0.025161588180978762 1106.0 19374.0
0.025392428439519853 1110.0 26319.0
0.025507848568790396 1105.3333333333333 16629.333333333332
0.025623268698060944 1104.5 11098.0
0.025738688827331487 1105.3333333333333 17811.0
0.02585410895660203 1105.3333333333333 12387.333333333334
0.025969529085872575 1104.0 12752.0
0.02608494921514312 1105.5 14111.0
0.026200369344413665 1104.0 11838.5
0.02631578947368421 1106.0 13256.0
0.026431209602954756 1107.0 50217.0
0.0265466297322253 1102.0 6760.0
0.02677746999076639 1102.0 6760.0
0.026892890120036934 1106.75 25244.0
0.027008310249307478 1109.0 21865.5
0.027123730378578025 1107.0 50486.0
0.02723915050784857 1105.0 31607.5
0.027354570637119113 1106.6666666666667 30045.0
0.02746999076638966 1106.25 24992.5
0.027585410895660203 1106.25 28152.5
0.027700831024930747 1110.0 27079.0
0.027816251154201294 1106.5 40866.0
0.027931671283471838 1106.0 18503.0
0.02804709141274238 1106.0 16266.0
0.02816251154201293 1106.6666666666667 16350.666666666666
0.028277931671283472 1106.5 15202.5
0.028393351800554016 1108.0 23267.0
0.028624192059095107 1105.0 9951.0
0.028855032317636194 1110.0 27137.0
0.02897045244690674 1106.0 12574.0
0.029085872576177285 1108.0 19987.5
0.02943213296398892 1106.0 20447.0
0.029547553093259463 1109.0 13094.0
0.02966297322253001 1107.5 12841.0
0.029778393351800554 1106.0 12451.0
0.030009233610341645 1109.0 13425.0
0.03012465373961219 1109.0 13425.0
0.030240073868882732 1107.0 16178.0
0.03035549399815328 1108.3333333333333 18898.666666666668
0.030470914127423823 1108.0 18159.333333333332
0.030586334256694367 1105.5 11791.5
0.030817174515235458 1109.5 23341.5
0.030932594644506 1111.0 24362.0
0.031048014773776545 1110.0 23825.0
0.031163434903047092 1111.0 24375.0
0.031278855032317636 1110.0 24227.0
0.03139427516158818 1111.0 29127.0
0.03150969529085872 1110.5 26725.0
0.031625115420129274 1110.5 26745.0
0.03174053554939982 1110.0 24268.0
0.03185595567867036 1110.0 24268.0
0.031971375807940905 1110.0 24268.0
0.03208679593721145 1110.6666666666667 22883.333333333332
0.03220221606648199 1110.6666666666667 22894.333333333332
0.032317636195752536 1108.5 23651.0
0.03243305632502309 1110.0 15145.0
0.03254847645429363 1105.0 12346.0
0.032663896583564174 1109.25 26229.5
0.03277931671283472 1110.3333333333333 27324.666666666668
0.03289473684210526 1107.0 19641.0
0.033010156971375805 1107.0 19641.0
0.033125577100646356 1106.0 23311.0
0.0332409972299169 1108.3333333333333 21836.0
0.03347183748845799 1109.0 26958.0
0.03358725761772853 1110.0 15570.0
0.033702677746999074 1106.5 19133.25
0.033818097876269625 1107.0 19896.0
0.03393351800554017 1109.0 27026.0
0.03404893813481071 1108.5 25112.5
0.034164358264081256 1106.0 13545.0
0.0342797783933518 1110.0 26116.0
0.03439519852262234 1107.6666666666667 21377.333333333332
0.03451061865189289 1108.75 22383.0
0.03462603878116344 1107.0 13738.0
0.03474145891043398 1108.0 23586.0
0.034856879039704525 1107.5 19097.0
0.03497229916897507 1108.0 23625.0
0.03508771929824561 1108.0 23625.0
0.035203139427516156 1108.5 25364.5
0.035318559556786706 1108.0 23781.0
0.03543397968605725 1107.5 19196.5
0.035549399815327794 1107.3333333333333 17423.0
0.03566481994459834 1107.0 14242.5
0.03578024007386888 1107.0 13860.0
0.035895660203139425 1107.0 15509.0
0.036011080332409975 1107.0 14690.0
0.03612650046168052 1107.5 19605.5
0.03624192059095106 1108.0 24471.0
0.036357340720221606 1108.6666666666667 24167.666666666668
0.03647276084949215 1109.0 24108.0
0.036588180978762694 1110.0 24744.5
0.036703601108033244 1107.0 15513.0
0.03681902123730379 1108.0 24910.0
0.03693444136657433 1108.0 24910.0
0.03751154201292706 1106.5 21941.5
0.0376269621421976 1106.5 21942.5
0.03797322253000923 1104.0 15951.0
0.038088642659279776 1104.0 15951.0
0.038204062788550326 1109.0 28307.0
0.03855032317636196 1106.6666666666667 27496.333333333332
0.0386657433056325 1108.5 34959.5
0.038781163434903045 1108.5 34959.5
0.038896583564173595 1106.5 17630.0
0.03901200369344414 1106.5 17642.5
0.03912742382271468 1109.0 19257.0
0.039242843951985226 1109.0 19259.0
0.03935826408125577 1106.5 17656.0
0.039473684210526314 1104.0 16127.0
0.039935364727608495 1109.0 29502.0
0.04005078485687904 1110.3333333333333 22990.333333333332
0.040281625115420126 1110.0 34125.0
0.04039704524469068 1113.0 33543.0
0.040627885503231764 1113.0 19187.0
0.040974145891043395 1110.5 25380.0
0.04224376731301939 1111.0 55532.0
0.04235918744228993 1111.0 55540.0
0.04247460757156048 1111.0 55540.0
0.0430517082179132 1112.0 39667.0
0.04339796860572484 1111.5 47655.0
0.043513388734995384 1111.5 47655.0
0.04362880886426593 1111.0 55644.0
0.04374422899353647 1111.5 47666.5
0.043975069252077566 1111.5 47715.0
0.04409048938134811 1109.0 40796.5
0.04420590951061865 1109.0 40797.5
0.0443213296398892 1111.0 55788.0
0.04443674976915974 1107.0 26841.0
0.044552169898430284 1107.0 26856.0
0.04466759002770083 1107.0 26862.0
0.04489843028624192 1107.0 27403.0
0.045013850415512466 1107.0 27405.0
0.04512927054478301 1107.0 27405.0
0.04524469067405355 1107.0 27408.0
0.0453601108033241 1107.0 27420.0
0.04547553093259465 1107.0 27420.0
0.04559095106186519 1107.0 27420.0
0.045706371191135735 1107.0 27427.0
0.046398891966759004 1112.0 40026.0
0.04651431209602955 1112.0 40026.0
0.04662973222530009 1112.0 40026.0
0.04697599261311173 1112.0 20952.0
0.04709141274238227 1112.0 20952.0
0.04720683287165282 1112.0 20956.0
0.047668513388735 1112.0 21442.0
0.04778393351800554 1112.0 21442.0
0.047899353647276086 1112.0 21519.0
0.04801477377654663 1112.0 21524.0
0.04813019390581717 1112.0 21587.0
0.04824561403508772 1112.0 21588.0
0.04836103416435827 1114.0 22052.0
0.04882271468144044 1114.0 24806.0
0.048938134810710986 1108.0 29724.0
0.05066943674976916 1113.0 46807.0
0.050784856879039705 1108.0 29944.0
0.051131117266851336 1113.0 47365.0
0.05124653739612189 1113.0 47365.0
0.05390120036934441 1108.0 33022.0
0.054016620498614956 1108.0 33022.0
0.05447830101569714 1108.0 33022.0
0.05528624192059095 1108.0 33057.0
0.0564404432132964 1114.0 44405.0
0.05678670360110803 1108.0 33197.0
0.059787626962142196 1110.0 24839.0
0.05990304709141274 1111.5 44280.0
0.06001846722068329 1113.0 63815.0
0.06024930747922438 1112.0 35433.0
0.06036472760849492 1114.0 45977.0
0.060480147737765465 1114.0 46139.0
0.060941828254847646 1113.0 65009.0
0.06128808864265928 1112.5 48327.5
0.06140350877192982 1112.0 45477.0
0.06151892890120037 1113.0 38736.5
0.061634349030470915 1113.0 38736.5
0.061865189289012 1114.0 46188.0
0.061980609418282546 1112.5 35617.0
0.06209602954755309 1112.5 35617.0
0.06221144967682364 1111.0 25035.0
0.062326869806094184 1114.0 46202.0
0.0629039704524469 1114.0 46205.0
0.06313481071098799 1112.5 35983.5
0.06325023084025855 1112.0 25046.0
0.06336565096952909 1112.0 25055.0
0.06451985226223453 1113.0 39739.0
0.06463527239150507 1113.0 39742.0
0.06475069252077563 1113.0 39759.0
0.06486611265004617 1113.0 39765.0
0.06555863342566944 1113.0 39853.0
0.0698291782086796 1114.0 49105.0
0.06994459833795014 1114.0 49128.0
0.07006001846722068 1114.0 49130.0
0.07017543859649122 1114.0 49134.0
0.07063711911357341 1114.0 49154.0
0.07202216066481995 1114.0 49402.0
0.0721375807940905 1114.0 40481.0
0.07225300092336104 1114.0 45532.5
0.07236842105263158 1114.0 50629.0
0.07259926131117267 1114.0 50629.0
0.07271468144044321 1112.0 42836.0
0.07306094182825484 1112.0 42911.0
0.07317636195752539 1114.0 42533.0
0.07329178208679593 1114.0 42533.0
0.07340720221606649 1112.0 42946.0
0.07352262234533703 1112.0 42948.0
0.07363804247460758 1112.0 42963.0
0.07375346260387812 1112.0 43038.0
0.07386888273314866 1112.0 43039.0
0.07479224376731301 1112.0 43780.0
0.07513850415512466 1114.0 52869.0
0.07583102493074792 1114.0 51491.0
0.07594644506001846 1114.0 42009.5
0.07606186518928901 1112.0 44863.0
0.07617728531855955 1112.0 44863.0
0.07640812557710065 1114.0 42095.0
0.0765235457063712 1114.0 42129.0
0.07663896583564174 1114.0 30529.0
0.07686980609418283 1113.0 37801.5
0.07698522622345337 1113.0 37889.5
0.07710064635272391 1113.0 37889.5
0.07756232686980609 1114.0 31187.0
0.07779316712834719 1114.0 31231.0
0.07837026777469991 1114.0 53863.0
0.07848568790397045 1114.0 53863.0
0.078601108033241 1114.0 53863.0
0.07871652816251154 1114.5 50080.5
0.07883194829178208 1113.0 50473.0
0.07894736842105263 1114.0 54225.0
0.07917820867959371 1115.0 46031.0
0.07940904893813482 1114.5 49738.0
0.0796398891966759 1114.0 54388.0
0.07975530932594645 1114.0 53551.0
0.07987072945521699 1114.5 50946.5
0.07998614958448753 1115.0 48336.0
0.08021698984302862 1115.0 48339.0
0.08033240997229917 1115.0 48523.0
0.08056325023084025 1115.0 48564.0
0.08137119113573407 1114.0 32446.0
0.08148661126500462 1114.0 32446.0
0.08160203139427516 1115.0 33172.0
0.08217913204062789 1114.0 53801.0
0.08229455216989844 1114.0 53868.0
0.08240997229916898 1114.0 53895.0
0.08379501385041552 1114.0 55274.0
0.08391043397968606 1114.0 55274.0
0.08414127423822715 1114.0 55276.0
0.08425669436749769 1114.0 62953.0
0.08437211449676824 1114.0 55287.0
0.08460295475530932 1114.0 55298.0
0.08471837488457987 1114.0 55298.0
0.08875807940904894 1114.0 71413.0
0.08887349953831948 1114.0 71655.0
0.08933518005540166 1114.0 71785.0
0.08945060018467221 1117.0 57514.0
0.0896814404432133 1117.0 57760.0
0.08979686057248384 1117.0 57760.0
0.08991228070175439 1117.0 57760.0
0.0904893813481071 1117.0 57783.0
0.09060480147737765 1117.0 57783.0
0.09256694367497692 1115.0 40422.0
0.0930286241920591 1117.0 58929.0
0.09314404432132964 1117.0 59005.0
0.09337488457987073 1117.0 59011.0
0.09349030470914127 1117.0 59011.0
0.09360572483841181 1117.0 59036.0
0.09383656509695291 1114.0 74000.0
0.09395198522622346 1114.0 74000.0
0.094067405355494 1114.0 74000.0
0.09579870729455217 1114.0 74805.0
0.09602954755309326 1115.5 67270.5
0.09626038781163435 1117.0 59443.0
0.09637580794090489 1117.0 60548.0
0.09695290858725762 1114.0 76015.0
0.10341643582640812 1113.0 73223.0
0.10514773776546629 1115.0 73778.0
0.1053785780240074 1115.0 73784.0
0.10549399815327794 1115.0 73787.0
0.10560941828254848 1115.0 73883.0
0.12765466297322253 1116.0 71528.0
0.12777008310249308 1116.0 71532.0
0.12800092336103416 1116.0 71534.0
0.1281163434903047 1116.0 71534.0
0.12846260387811634 1116.0 71539.0
0.12857802400738688 1116.0 71539.0
0.1291551246537396 1117.0 91194.0
0.12927054478301014 1117.0 91196.0
0.1296168051708218 1116.0 71748.0
0.12996306555863343 1116.0 71933.0
0.13007848568790398 1117.0 71963.0
0.13019390581717452 1117.0 71963.0
0.13030932594644506 1117.0 72563.0
0.13319482917820868 1117.0 92739.0
0.13342566943674977 1117.0 92739.0
0.13354108956602032 1117.0 92747.0
0.13538781163434904 1117.0 92787.0
0.13550323176361959 1117.0 92787.0
0.13561865189289013 1117.0 92793.0
0.13573407202216067 1117.0 92793.0
0.13584949215143122 1117.0 92795.0
0.13619575253924285 1117.0 93678.0
0.1363111726685134 1117.0 93678.0
0.13665743305632502 1117.0 93689.0
0.13700369344413665 1117.0 93756.0
0.1371191135734072 1117.0 93767.0
0.13723453370267774 1117.0 93767.0
0.13734995383194828 1117.0 93769.0
0.13746537396121883 1117.0 93775.0
0.13758079409048937 1117.0 93782.0
0.13769621421975992 1117.0 93837.0
0.13827331486611266 1117.0 93894.0
0.13850415512465375 1117.0 93922.0
0.13931209602954756 1117.0 94094.0
0.1394275161588181 1117.0 94094.0
0.1450831024930748 1115.0 90010.0
0.15454755309325946 1115.0 92109.0
0.15477839335180055 1115.0 92138.0
0.1548938134810711 1115.0 92138.0
0.15524007386888272 1115.0 92147.0
0.1563942751615882 1115.0 92333.0
0.15650969529085873 1115.0 92333.0
0.15766389658356417 1115.0 92353.0
0.1577793167128347 1115.0 92361.0
0.15789473684210525 1115.0 92361.0
0.15835641735918743 1115.0 92389.0
0.1623961218836565 1118.0 101037.0
0.16331948291782086 1118.0 101152.0
0.16620498614958448 1118.0 101481.0
0.1667820867959372 1118.0 101578.0
0.16770544783010158 1118.0 101673.0
0.16782086795937212 1118.0 101677.0
0.16793628808864267 1118.0 101677.0
0.16816712834718375 1118.0 101683.0
0.16885964912280702 1118.0 101715.0
0.16978301015697136 1118.0 101756.0
0.1705909510618652 1118.0 101902.0
0.17070637119113574 1118.0 101902.0
0.17082179132040629 1118.0 102104.0
0.17093721144967683 1118.0 102110.0
0.17105263157894737 1118.0 102110.0
0.17278393351800553 1118.0 102520.0
0.17520775623268697 1118.0 107652.0
0.18155586334256693 1117.0 119928.0
0.18178670360110805 1117.0 119934.0
0.18213296398891968 1117.0 120476.0
0.2435364727608495 1117.0 186425.0
0.24365189289012004 1117.0 186520.0
0.24376731301939059 1117.0 186523.0
0.24388273314866113 1117.0 186523.0
0.24399815327793167 1117.0 186523.0
0.24411357340720222 1117.0 186535.0
0.24422899353647276 1117.0 186536.0
0.2677746999076639 1120.0 148074.0
0.27770083102493076 1120.0 164392.0
0.3411819021237304 1119.0 262551.0
0.3412973222530009 1119.0 262551.0
0.3414127423822715 1119.0 262551.0
0.341528162511542 1119.0 262551.0
0.34164358264081257 1119.0 262565.0
0.3417590027700831 1119.0 263691.0
0.34233610341643583 1119.0 263691.0
0.3429132040627885 1119.0 263754.0
0.34314404432132967 1119.0 263755.0
0.48257156048014777 1121.0 357849.0
0.4826869806094183 1121.0 357849.0
0.48291782086795937 1121.0 357858.0
0.48314866112650046 1121.0 357861.0
0.483264081255771 1121.0 357863.0
0.4841874422899354 1121.0 358031.0
0.48499538319482915 1121.0 358412.0
0.48522622345337024 1121.0 358416.0
0.4853416435826408 1121.0 358416.0
0.48545706371191133 1121.0 358416.0
0.4855724838411819 1121.0 358416.0
0.4856879039704525 1121.0 358418.0
0.48614958448753465 1121.0 358506.0
0.4868421052631579 1121.0 358518.0
0.4873037857802401 1121.0 358748.0
0.48753462603878117 1121.0 358810.0
0.48811172668513386 1121.0 358822.0
0.5290858725761773 1122.0 375421.0
0.5293167128347184 1122.0 375422.0
0.5305863342566943 1122.0 375565.0
0.6153047091412742 1123.0 430863.0
0.6154201292705448 1123.0 430863.0
0.6171514312096029 1123.0 431699.0
0.6173822714681441 1123.0 435145.0
0.6282317636195752 1123.0 452646.0
0.6560480147737765 1123.0 515875.0
0.6705909510618652 1123.0 521345.0
0.6727839335180056 1123.0 523240.0
0.6762465373961218 1123.0 531855.0
0.6806325023084026 1123.0 557059.0
0.7212603878116344 1123.0 576246.0
0.9989612188365651 1124.0 740638.0
0.9996537396121884 1124.0 740684.0
1.0 1124.0 740712.0
