724133
0.0001 959 0 0
0.0001 1523 0 0
0.0002 2215 0 0
0.0003 2717 0 0
0.0003 3157 0 0
0.0004 3706 0 0
0.0005 4011 0 0
0.0006 4271 0 0
0.0006 4822 0 0
0.0007 4928 0 0
0.0008 5152 0 0
0.0008 5693 0 0
0.0009 5918 0 0
0.0010 5728 0 0
0.0010 6457 0 0
0.0011 6206 0 0
0.0012 6559 0 0
0.0012 7137 0 0
0.0013 7457 0 0
0.0014 7731 0 0
0.0015 7713 0 0
0.0015 8154 0 0
0.0016 7916 0 0
0.0017 8291 0 0
0.0017 8279 0 0
0.0018 8855 0 0
0.0019 9146 0 0
0.0019 9169 0 0
0.0020 10301 0 0
0.0021 10050 0 0
0.0021 9927 0 0
0.0022 9964 0 0
0.0023 9937 0 0
0.0024 10648 0 0
0.0024 10695 0 0
0.0025 10685 0 0
0.0026 10044 0 0
0.0026 10618 0 0
0.0027 10840 0 0
0.0028 10787 0 0
0.0028 11594 0 0
0.0029 11890 0 0
0.0030 11254 0 0
0.0030 11671 0 0
0.0031 12059 0 0
0.0032 12565 0 0
0.0033 12542 0 0
0.0033 12304 0 0
0.0034 13892 0 0
0.0035 13440 0 0
0.0035 12363 0 0
0.0036 13588 0 0
0.0037 12730 0 0
0.0037 13756 0 0
0.0038 14308 0 0
0.0039 13636 0 0
0.0039 14667 0 0
0.0040 16523 0 0
0.0041 15263 0 0
0.0042 13299 0 0
0.0042 15155 0 0
0.0043 16397 0 0
0.0044 15728 0 0
0.0044 14758 0 0
0.0045 14354 0 0
0.0046 15234 0 0
0.0046 16354 0 0
0.0047 14817 0 0
0.0048 14711 0 0
0.0048 14425 0 0
0.0049 16166 0 0
0.0050 17960 0 0
0.0051 16868 0 0
0.0051 14634 0 0
0.0052 15173 0 0
0.0053 20268 0 0
0.0053 16934 0 0
0.0054 18114 0 0
0.0055 22328 0 0
0.0055 17369 0 0
0.0056 19814 0 0
0.0057 20071 0 0
0.0057 17248 0 0
0.0058 16242 0 0
0.0059 20873 0 0
0.0060 17296 0 0
0.0060 18912 0 0
0.0061 21666 0 0
0.0062 16013 0 0
0.0062 18078 0 0
0.0063 21728 0 0
0.0064 14745 0 0
0.0064 18973 0 0
0.0065 16519 0 0
0.0066 15023 0 0
0.0067 17317 0 0
0.0067 18022 0 0
0.0068 17594 0 0
0.0069 26280 0 0
0.0069 20369 0 0
0.0070 18890 0 0
0.0071 23091 0 0
0.0071 25672 0 0
0.0072 20623 0 0
0.0073 17704 0 0
0.0073 20626 0 0
0.0074 22233 0 0
0.0075 21980 0 0
0.0076 21352 0 0
0.0076 22227 0 0
0.0077 25658 0 0
0.0078 18718 0 0
0.0078 17572 0 0
0.0080 22418 0 0
0.0080 21722 0 0
0.0081 18157 0 0
0.0082 18114 0 0
0.0082 17379 0 0
0.0083 18819 0 0
0.0084 19719 0 0
0.0085 20243 0 0
0.0085 24088 0 0
0.0086 24257 0 0
0.0087 22019 0 0
0.0087 18667 0 0
0.0088 29286 0 0
0.0089 32684 0 0
0.0090 29864 0 0
0.0091 24673 0 0
0.0092 33327 0 0
0.0093 23346 0 0
0.0094 30168 0 0
0.0094 21095 0 0
0.0096 19769 0 0
0.0097 22323 0 0
0.0098 43620 0 0
0.0098 20214 0 0
0.0099 25459 0 0
0.0100 32201 0 0
0.0101 21482 0 0
0.0102 27159 0 0
0.0103 40326 0 0
0.0103 22966 0 0
0.0104 19187 0 0
0.0105 25170 0 0
0.0105 26009 0 0
0.0106 48127 0 0
0.0109 23673 0 0
0.0110 24054 0 0
0.0112 22400 0 0
0.0112 25747 0 0
0.0114 33553 0 0
0.0115 26828 0 0
0.0116 27605 0 0
0.0117 43242 0 0
0.0118 63329 0 0
0.0119 21069 0 0
0.0122 34052 0 0
0.0123 39728 0 0
0.0123 34564 0 0
0.0127 43010 0 0
0.0130 49172 0 0
0.0131 24967 0 0
0.0132 38222 0 0
0.0132 43406 0 0
0.0134 29557 0 0
0.0136 40958 0 0
0.0139 30626 0 0
0.0143 30699 0 0
0.0144 29590 0 0
0.0145 36693 0 0
0.0148 30659 0 0
0.0149 101096 0 0
0.0152 35658 0 0
0.0154 38295 0 0
0.0156 27584 0 0
0.0159 35661 0 0
0.0159 48332 0 0
0.0161 31809 0 0
0.0161 58706 0 0
0.0164 48051 0 0
0.0166 55796 0 0
0.0166 49208 0 0
0.0167 61521 0 0
0.0168 33704 0 0
0.0170 51695 0 0
0.0171 33721 0 0
0.0172 77164 0 0
0.0174 29673 0 0
0.0177 34160 0 0
0.0180 34741 0 0
0.0182 53830 0 0
0.0183 56680 0 0
0.0185 30698 0 0
0.0186 43272 0 0
0.0187 41304 0 0
0.0188 49185 0 0
0.0189 32602 0 0
0.0191 66424 0 0
0.0193 54203 0 0
0.0196 37259 0 0
0.0198 32712 0 0
0.0200 42973 0 0
0.0200 36752 0 0
0.0201 47589 0 0
0.0205 38368 0 0
0.0207 34986 0 0
0.0209 56015 0 0
0.0212 33791 0 0
0.0215 56144 0 0
0.0220 38577 0 0
0.0221 60433 0 0
0.0226 46124 0 0
0.0232 110980 0 0
0.0233 49849 0 0
0.0240 60476 0 0
0.0241 113969 0 0
0.0242 59501 0 0
0.0245 40244 0 0
0.0248 46839 0 0
0.0249 40063 0 0
0.0251 40976 0 0
0.0258 40056 0 0
0.0261 63921 0 0
0.0263 64418 0 0
0.0269 48784 0 0
0.0269 56353 0 0
0.0270 42655 0 0
0.0272 54218 0 0
0.0275 59401 0 0
0.0279 46408 0 0
0.0283 48234 0 0
0.0283 40554 0 0
0.0285 57955 0 0
0.0288 118305 0 0
0.0290 86761 0 0
0.0292 52550 0 0
0.0295 67582 0 0
0.0301 54277 0 0
0.0303 50868 0 0
0.0303 74899 0 0
0.0312 50602 0 0
0.0320 56374 0 0
0.0321 44085 0 0
0.0321 60827 0 0
0.0322 89758 0 0
0.0324 55397 0 0
0.0325 57093 0 0
0.0329 70783 0 0
0.0333 59019 0 0
0.0334 69805 0 0
0.0335 123264 0 0
0.0336 58652 0 0
0.0339 72428 0 0
0.0342 67304 0 0
0.0348 74990 0 0
0.0352 65650 0 0
0.0353 91610 0 0
0.0355 53299 0 0
0.0359 67095 0 0
0.0361 58269 0 0
0.0363 78884 0 0
0.0364 65872 0 0
0.0369 47693 0 0
0.0370 105587 0 0
0.0380 59360 0 0
0.0380 67222 0 0
0.0384 67465 0 0
0.0389 58775 0 0
0.0389 96538 0 0
0.0396 64895 0 0
0.0400 68926 0 0
0.0409 96192 0 0
0.0409 66312 0 0
0.0414 70106 0 0
0.0415 61035 0 0
0.0419 138338 0 0
0.0420 77696 0 0
0.0429 81822 0 0
0.0432 79597 0 0
0.0436 67335 0 0
0.0437 70445 0 0
0.0439 77158 0 0
0.0444 74312 0 0
0.0452 60733 0 0
0.0454 87044 0 0
0.0461 101739 0 0
0.0464 76897 0 0
0.0466 83747 0 0
0.0468 63352 0 0
0.0472 66912 0 0
0.0493 91130 0 0
0.0499 86146 0 0
0.0500 91344 0 0
0.1000 147441 0 0
0.1500 177056 0 0
0.2000 218329 0 0
0.2500 274639 0 0
0.3000 312871 0 0
0.3500 393706 0 0
0.4000 420833 0 0
0.4500 441555 0 0
0.5000 467184 0 0
0.5500 488160 0 0
0.6000 515337 0 0
0.6500 538891 0 0
0.7000 565516 0 0
0.7500 600115 0 0
0.7999 620165 0 0
0.8500 652875 0 0
0.9000 681182 0 0
0.9500 707835 0 0
1.0000 724133 0 0
