492834
0.00011542012927054478 1047.9439058171745 167.9862650046168
0.00023084025854108956 1558.000421407501 270.4070796460177
0.00034626038781163435 2436.5185185185187 529.0892687559354
0.0004616805170821791 2741.8914373088687 586.3822629969419
0.0005771006463527239 3408.783185840708 735.4800884955753
0.0006925207756232687 3878.524096385542 1114.7981927710844
0.0008079409048938135 4185.296992481203 1207.8383458646617
0.0009233610341643582 4512.276595744681 950.2510638297872
0.001038781163434903 5181.225 1298.725
0.0011542012927054479 5222.609467455622 1662.3609467455622
0.0012696214219759926 5836.4857142857145 1867.7714285714285
0.0013850415512465374 5897.437037037037 1996.9481481481482
0.0015004616805170822 6342.436893203883 2053.4757281553398
0.001615881809787627 6346.653846153846 2024.1057692307693
0.0017313019390581717 7255.83908045977 1960.2298850574712
0.0018467220683287165 7559.763888888889 2144.277777777778
0.0019621421975992612 8158.791666666667 2915.6666666666665
0.002077562326869806 7741.236111111111 2164.7361111111113
0.0021929824561403508 9308.709677419354 2752.3225806451615
0.0023084025854108957 8237.823529411764 2708.1176470588234
0.0024238227146814403 8794.288461538461 3441.8653846153848
0.0025392428439519853 8941.0 4776.695652173913
0.00265466297322253 9002.185185185184 4445.111111111111
0.002770083102493075 8590.146341463415 3277.8048780487807
0.0028855032317636198 9485.96 3555.16
0.0030009233610341643 9607.971428571429 3574.714285714286
0.0031163434903047093 9579.472222222223 3744.722222222222
0.003231763619575254 9734.5 4472.233333333334
0.003347183748845799 9941.714285714286 3959.214285714286
0.0034626038781163434 10073.722222222223 3923.0
0.0035780240073868884 10409.878787878788 3406.4848484848485
0.003693444136657433 10318.806451612903 3624.935483870968
0.003808864265927978 11051.6875 6040.5
0.0039242843951985225 10972.3125 7663.71875
0.004039704524469067 12056.444444444445 9010.185185185184
0.004155124653739612 11534.105263157895 4659.894736842105
0.004270544783010157 12212.137931034482 8540.51724137931
0.0043859649122807015 11059.272727272728 7503.272727272727
0.004501385041551247 11786.714285714286 6380.857142857143
0.0046168051708217915 11415.666666666666 8210.285714285714
0.004732225300092336 11356.12 4175.88
0.004847645429362881 12988.5 6960.555555555556
0.004963065558633426 14070.176470588236 9506.235294117647
0.0050784856879039705 15327.5 8546.125
0.005193905817174515 14883.941176470587 8313.176470588236
0.00530932594644506 13732.047619047618 5745.952380952381
0.005424746075715605 15325.058823529413 9788.823529411764
0.00554016620498615 15183.3125 6246.9375
0.005655586334256694 15300.823529411764 8166.823529411765
0.0057710064635272396 14692.764705882353 5808.529411764706
0.005886426592797784 16269.076923076924 10496.538461538461
0.006001846722068329 14780.285714285714 6388.857142857143
0.006117266851338873 16873.75 5040.0
0.006232686980609419 16506.615384615383 8366.076923076924
0.006348107109879963 15368.272727272728 6413.181818181818
0.006463527239150508 14273.692307692309 6987.307692307692
0.006578947368421052 14936.2 8389.466666666667
0.006694367497691598 15775.92857142857 10357.285714285714
0.006809787626962142 15547.083333333334 10000.833333333334
0.006925207756232687 15668.875 14888.875
0.007040627885503232 16261.1 19933.1
0.007156048014773777 14570.0 8381.0
0.007271468144044321 14298.692307692309 12006.923076923076
0.007386888273314866 17459.0 15882.2
0.007502308402585411 18366.5 6089.75
0.007617728531855956 18007.75 7919.5
0.0077331486611265 16204.75 7713.0
0.007848568790397045 18695.85714285714 8058.428571428572
0.00796398891966759 15441.6 7874.4
0.008079409048938134 16771.0 9799.5
0.00819482917820868 16916.75 10203.0
0.008310249307479225 18075.666666666668 20486.166666666668
0.008425669436749769 17583.222222222223 7969.444444444444
0.008541089566020314 18290.9 9454.7
0.00865650969529086 19996.14285714286 8143.428571428572
0.008771929824561403 17463.0 16762.125
0.008887349953831948 16629.5 14597.2
0.009002770083102494 21032.125 19151.125
0.009118190212373038 22792.4 10379.0
0.009233610341643583 17427.5 8877.333333333334
0.009349030470914127 21954.14285714286 10851.857142857143
0.009464450600184672 25876.4 11985.0
0.009579870729455217 23875.85714285714 15855.0
0.009695290858725761 24532.5 15895.125
0.009810710987996307 27061.0 28495.0
0.009926131117266852 19218.0 18920.0
0.010041551246537396 19659.833333333332 16636.666666666668
0.010156971375807941 17060.2 8244.2
0.010272391505078486 23633.5 12535.375
0.01038781163434903 20268.0 9827.5
0.010503231763619576 20702.444444444445 13181.444444444445
0.01061865189289012 18688.222222222223 13344.555555555555
0.010734072022160665 23259.333333333332 23346.0
0.01084949215143121 20023.0 13184.4
0.010964912280701754 16939.833333333332 10807.5
0.0110803324099723 22934.125 12156.375
0.011195752539242845 22985.0 12900.833333333334
0.011311172668513388 28312.0 25706.0
0.011426592797783934 19648.0 12882.0
0.011542012927054479 17687.285714285714 10386.42857142857
0.011657433056325023 18455.2 12429.6
0.011772853185595568 24519.14285714286 20063.85714285714
0.011888273314866112 29039.5 27802.833333333332
0.012003693444136657 24691.166666666668 20874.0
0.012119113573407203 27970.2 23381.4
0.012234533702677746 24585.8 19013.8
0.012349953831948292 23476.0 17386.0
0.012465373961218837 21810.545454545456 18757.909090909092
0.012580794090489381 24605.727272727272 22903.454545454544
0.012696214219759926 20460.0 11829.666666666666
0.012811634349030472 19633.333333333332 13944.666666666666
0.012927054478301015 21173.555555555555 14655.444444444445
0.01304247460757156 21216.81818181818 14522.454545454546
0.013157894736842105 20169.3 13380.6
0.01327331486611265 20740.14285714286 13990.857142857143
0.013388734995383195 21231.333333333332 14898.444444444445
0.013504155124653739 21400.5 13726.0
0.013619575253924284 23691.714285714286 16144.714285714286
0.01373499538319483 26529.1 19624.9
0.013850415512465374 24186.833333333332 20042.5
0.013965835641735919 24416.0 21201.166666666668
0.014081255771006464 24396.2 20703.2
0.014196675900277008 23392.75 21739.75
0.014312096029547553 25369.714285714286 21201.428571428572
0.014427516158818097 24796.833333333332 24067.833333333332
0.014542936288088643 26155.0 23061.166666666668
0.014658356417359188 25629.0 18128.25
0.014773776546629732 24424.0 17338.166666666668
0.014889196675900277 25926.166666666668 22920.166666666668
0.015004616805170823 26309.0 19441.75
0.015120036934441366 25231.0 20970.5
0.015235457063711912 21867.0 12360.0
0.015350877192982455 24184.5 18845.5
0.015466297322253 22796.5 18002.0
0.01569713758079409 22219.666666666668 16621.666666666668
0.015812557710064637 24410.0 17045.0
0.01592797783933518 22403.75 16610.25
0.016043397968605724 22113.0 18096.75
0.016158818097876268 24909.8 16983.6
0.016274238227146815 24966.5 18177.5
0.01638965835641736 25482.333333333332 19794.5
0.016505078485687903 23109.4 16011.8
0.01662049861495845 24520.333333333332 18524.666666666668
0.016735918744228993 28403.833333333332 20980.333333333332
0.016851338873499537 25038.5 13706.0
0.016966759002770084 25030.5 16873.5
0.017082179132040628 30784.0 24311.333333333332
0.01719759926131117 25940.333333333332 16425.666666666668
0.01731301939058172 21695.5 12178.5
0.017428439519852262 25448.5 19446.0
0.017543859649122806 24633.0 18092.0
0.017659279778393353 30233.0 37563.0
0.017774699907663897 25563.0 29236.5
0.01789012003693444 22024.0 12565.0
0.018005540166204988 26723.714285714286 22460.285714285714
0.01812096029547553 26882.666666666668 25922.5
0.018236380424746075 27525.8 27025.2
0.018351800554016622 27570.25 28668.75
0.018467220683287166 22506.75 13778.75
0.01858264081255771 24601.5 18358.75
0.018698060941828253 26473.5 28641.75
0.0188134810710988 28096.5 21872.833333333332
0.018928901200369344 30867.5 24012.5
0.019044321329639888 26718.8 21504.4
0.019159741458910435 28218.0 25815.333333333332
0.01927516158818098 28985.4 29196.4
0.019390581717451522 27685.666666666668 29183.333333333332
0.01950600184672207 28021.75 20107.5
0.019621421975992613 29677.333333333332 22746.333333333332
0.019736842105263157 25125.666666666668 16741.333333333332
0.019852262234533704 27403.666666666668 19522.0
0.019967682363804248 30844.75 23774.0
0.02008310249307479 29928.5 26569.0
0.02019852262234534 50716.8 33748.8
0.020313942751615882 27000.6 18440.8
0.020429362880886426 27721.2 19740.6
0.020544783010156973 28063.25 20079.75
0.020660203139427517 29462.25 27529.25
0.02077562326869806 32975.666666666664 24210.333333333332
0.020891043397968604 30951.4 24674.2
0.02100646352723915 28435.0 23246.0
0.021121883656509695 27249.0 22014.0
0.02123730378578024 26970.0 27038.25
0.021352723915050786 29896.0 22402.0
0.02146814404432133 27862.2 25196.6
0.021583564173591873 31519.333333333332 25433.0
0.02169898430286242 29498.125 27908.875
0.021814404432132964 32181.75 27695.0
0.021929824561403508 29825.0 26891.0
0.022045244690674055 41167.333333333336 35935.666666666664
0.0221606648199446 35139.0 36880.75
0.022276084949215142 32591.5 29833.25
0.02239150507848569 31356.75 28369.25
0.022506925207756233 28934.8 29533.8
0.022622345337026777 36668.75 28805.75
0.022737765466297324 33026.8 29560.0
0.022853185595567867 37090.2 39340.4
0.02296860572483841 34896.666666666664 47409.666666666664
0.023084025854108958 40551.0 27277.5
0.023199445983379502 40597.0 27284.5
0.023314866112650046 44679.0 40011.0
0.02343028624192059 28344.0 20161.0
0.023545706371191136 36555.666666666664 25060.333333333332
0.02366112650046168 31400.0 27488.0
0.023776546629732224 26435.333333333332 26301.0
0.02389196675900277 35622.5 26649.5
0.024007386888273315 36307.666666666664 24488.333333333332
0.02412280701754386 39333.0 24313.0
0.024238227146814405 50174.0 27911.0
0.02435364727608495 50175.0 27911.0
0.024469067405355493 36245.5 28828.25
0.02458448753462604 38023.5 22869.5
0.024699907663896584 28604.0 20824.0
0.024815327793167127 33178.666666666664 33012.0
0.024930747922437674 46768.0 40689.5
0.025161588180978762 43315.0 53445.0
0.02527700831024931 43477.0 53605.0
0.025392428439519853 43495.0 53899.0
0.025969529085872575 53299.5 53271.5
0.026200369344413665 43788.0 54117.0
0.026431209602954756 43810.0 54119.0
0.026662049861495844 43823.0 54128.0
0.026892890120036934 43828.0 54128.0
0.027008310249307478 43839.0 54159.0
0.027354570637119113 43915.0 54309.0
0.027700831024930747 35343.0 28251.0
0.027816251154201294 31528.5 27822.75
0.027931671283471838 30087.5 29132.5
0.02804709141274238 30814.666666666668 34422.0
0.02816251154201293 35592.5 32388.5
0.028277931671283472 35755.75 34788.25
0.028393351800554016 24948.0 36499.0
0.02850877192982456 37271.0 41236.666666666664
0.028624192059095107 24980.0 36512.0
0.028855032317636194 34879.0 40703.0
0.02897045244690674 36444.0 36582.5
0.029085872576177285 36146.0 22656.0
0.02920129270544783 36500.0 31865.0
0.029316712834718376 33795.0 28527.0
0.02943213296398892 36526.0 31866.0
0.029547553093259463 30927.5 34431.5
0.02966297322253001 25549.0 37031.0
0.029778393351800554 67010.0 50106.0
0.029893813481071098 67023.0 50129.0
0.030009233610341645 35084.5 48086.5
0.03012465373961219 35159.5 48147.5
0.030240073868882732 41451.0 35141.666666666664
0.03035549399815328 26291.0 38214.0
0.030470914127423823 39311.5 34500.5
0.030586334256694367 39314.0 34500.5
0.03070175438596491 46903.5 44202.0
0.030817174515235458 58469.5 56685.0
0.030932594644506 47902.0 50573.0
0.031048014773776545 26753.0 38338.0
0.031163434903047092 47534.0 44438.5
0.031278855032317636 58693.0 56915.5
0.03139427516158818 49951.0 63643.0
0.031625115420129274 39524.333333333336 40907.666666666664
0.03174053554939982 43841.5 49157.0
0.03185595567867036 42694.0 36518.5
0.031971375807940905 43005.5 48071.0
0.03208679593721145 45019.0 32876.5
0.03220221606648199 53951.0 31118.0
0.032317636195752536 50949.0 34899.5
0.03243305632502309 51017.5 34901.5
0.03254847645429363 50760.0 64845.0
0.032663896583564174 49589.0 63222.5
0.03277931671283472 48663.0 64135.0
0.033125577100646356 50935.0 64966.0
0.0332409972299169 49162.0 65016.0
0.03358725761772853 32391.0 26821.0
0.033702677746999074 49229.0 65047.0
0.033818097876269625 44274.0 47866.0
0.03393351800554017 49283.0 65240.0
0.03404893813481071 49291.0 65275.0
0.03451061865189289 49345.0 65386.0
0.03474145891043398 49354.0 65386.0
0.035203139427516156 48909.0 41940.0
0.035318559556786706 48941.0 41997.0
0.03543397968605725 46076.0 49134.0
0.035549399815327794 47520.5 45579.5
0.03566481994459834 48969.0 42025.0
0.035895660203139425 48983.0 42027.0
0.03647276084949215 53765.0 81715.0
0.036588180978762694 53785.0 81717.0
0.036703601108033244 53800.0 81717.0
0.03681902123730379 53113.0 54180.0
0.03693444136657433 53287.0 54206.0
0.03716528162511542 53875.0 83476.0
0.03728070175438596 53635.5 68894.0
0.037396121883656507 53322.0 54238.0
0.03751154201292706 53407.0 54403.0
0.0376269621421976 53748.0 69010.5
0.03831948291782087 54104.0 83602.0
0.03912742382271468 54194.0 84121.0
0.039242843951985226 54201.0 84121.0
0.039473684210526314 54225.0 84197.0
0.03958910433979686 54230.0 84199.0
0.03981994459833795 54245.0 84325.0
0.039935364727608495 54255.0 84330.0
0.04005078485687904 54261.0 84365.0
0.04016620498614958 54264.0 84365.0
0.04039704524469068 54422.0 84392.0
0.04085872576177285 55632.0 56080.0
0.04155124653739612 43212.0 49259.0
0.041666666666666664 43230.0 49259.0
0.04189750692520776 43256.0 49261.0
0.042820867959372115 49203.0 44922.0
0.04293628808864266 50419.5 52276.5
0.0430517082179132 49576.0 45015.0
0.043167128347183746 49591.0 45016.0
0.0432825484764543 51773.0 57291.5
0.04339796860572484 49706.0 45068.0
0.04362880886426593 50976.0 52475.0
0.04374422899353647 51046.0 52608.5
0.04409048938134811 52401.0 60131.0
0.0443213296398892 52563.0 60900.0
0.04443674976915974 52565.0 60900.0
0.044552169898430284 57437.0 86334.0
0.04466759002770083 52761.0 61421.0
0.04478301015697138 52764.0 61454.0
0.04489843028624192 55786.5 70324.5
0.045013850415512466 58765.0 79197.0
0.04512927054478301 52857.0 61597.0
0.04524469067405355 52862.0 61597.0
0.04651431209602955 56447.0 70366.0
0.04662973222530009 58338.0 86560.0
0.04686057248384118 62435.0 61174.0
0.04709141274238227 62691.0 61225.0
0.04732225300092336 51684.0 47019.0
0.04755309325946445 59160.0 79579.0
0.04778393351800554 44952.0 50267.0
0.047899353647276086 44959.0 50267.0
0.04801477377654663 44964.0 50267.0
0.04836103416435827 45137.0 50288.0
0.04847645429362881 45159.0 50289.0
0.048591874422899355 45163.0 50291.0
0.049630655586334255 54312.0 65414.0
0.0497460757156048 54370.0 66373.0
0.04986149584487535 54372.0 66373.0
0.050092336103416436 64831.0 81013.0
0.05020775623268698 54409.0 66373.0
0.05240073868882733 52882.0 58874.0
0.052516158818097874 52883.0 58874.0
0.05274699907663897 53325.0 59136.0
0.053208679593721143 53483.0 59366.0
0.05332409972299169 53547.0 59376.0
0.05355493998153278 54753.0 61167.0
0.05378578024007387 54758.0 61175.0
0.0541320406278855 54861.0 61221.0
0.05459372114496768 54925.0 61645.0
0.054709141274238225 54946.0 61661.0
0.05482456140350877 54952.0 61661.0
0.05493998153277932 56298.0 64539.0
0.05563250230840259 62638.0 64861.0
0.05667128347183749 62952.0 65405.0
0.05678670360110803 62962.0 65410.0
0.056902123730378576 49174.0 52507.0
0.05713296398891967 49190.0 52523.0
0.05782548476454294 63078.0 65486.0
0.06140350877192982 68969.0 117686.0
0.061634349030470915 68973.0 117686.0
0.06174976915974146 68974.0 117686.0
0.061865189289012 68980.0 117686.0
0.061980609418282546 60372.0 86597.5
0.06209602954755309 66675.0 92857.5
0.062326869806094184 58079.5 61785.5
0.06244228993536473 58085.5 61785.5
0.06255771006463527 69013.0 117695.0
0.06267313019390582 60428.5 86604.0
0.06278855032317636 53522.0 71645.0
0.0629039704524469 64428.0 68078.0
0.06313481071098799 64402.5 97757.0
0.06336565096952909 64610.0 97951.5
0.06371191135734072 78982.0 79773.0
0.06382733148661127 64692.0 98054.5
0.06405817174515235 60187.0 78524.0
0.0641735918744229 97850.0 81834.0
0.06428901200369344 60190.0 78524.0
0.06451985226223453 60206.0 78595.0
0.06486611265004617 65078.0 99258.5
0.06498153277931672 60343.0 79041.0
0.06509695290858726 69846.0 119489.0
0.06532779316712835 65107.0 99269.5
0.06602031394275161 61373.0 79904.0
0.06717451523545706 65631.0 69537.0
0.0672899353647276 65640.0 69537.0
0.06740535549399815 68595.0 78468.0
0.06752077562326869 65759.0 69564.0
0.06763619575253925 67179.5 74062.0
0.06775161588180979 65762.0 69585.0
0.06786703601108034 65769.0 69585.0
0.06821329639889197 65833.0 69597.0
0.06867497691597414 69347.5 100115.0
0.06925207756232687 73723.0 82427.0
0.06936749769159742 69448.0 79168.0
0.0698291782086796 71291.0 80212.0
0.06994459833795014 71292.0 80212.0
0.07006001846722068 71303.0 80212.0
0.07029085872576177 95129.5 83974.0
0.07040627885503231 71314.0 80212.0
0.07063711911357341 77321.0 107413.0
0.07075253924284396 77323.0 107418.0
0.0708679593721145 77480.0 107570.0
0.07098337950138504 77666.0 109582.0
0.07248384118190213 57372.0 74047.0
0.07259926131117267 57380.0 74047.0
0.07271468144044321 57400.0 74114.0
0.07340720221606649 78675.0 110796.0
0.07363804247460758 78940.0 110884.0
0.07444598337950138 79095.0 111872.0
0.07456140350877193 79118.0 111882.0
0.07467682363804247 79125.0 111882.0
0.07560018467220683 75871.0 127863.0
0.07640812557710065 75771.0 86413.0
0.07686980609418283 75796.0 86420.0
0.07721606648199446 75924.0 86538.0
0.07744690674053555 75988.0 86589.0
0.07756232686980609 76036.0 86598.0
0.08240997229916898 91572.0 165117.0
0.08494921514312095 79260.0 90052.0
0.08506463527239151 79297.0 90241.0
0.08518005540166206 79303.0 90241.0
0.08541089566020314 79934.0 90446.0
0.08552631578947369 80015.0 90449.0
0.08575715604801477 80024.0 90449.0
0.08621883656509695 81916.0 115779.0
0.08633425669436749 80422.0 91430.0
0.0865650969529086 82023.0 115859.0
0.08691135734072022 75773.0 96242.0
0.0873730378578024 75803.0 96264.0
0.09337488457987073 83345.0 134213.0
0.09395198522622346 64879.0 110257.0
0.09533702677747 89032.0 147807.0
0.09556786703601108 85186.0 185232.0
0.09787626962142197 81436.0 101930.0
0.09868421052631579 86079.0 186173.0
0.10122345337026778 73204.0 102370.0
0.11865189289012004 94882.0 126135.0
0.13642659279778394 115671.0 172443.0
0.14462142197599262 123826.0 178729.0
0.1484302862419206 124520.0 229060.0
0.1580101569713758 133271.0 292980.0
0.16481994459833796 215399.0 216623.0
0.16562788550323176 169408.0 235543.0
0.17047553093259465 116046.0 184797.0
0.19263619575253924 119187.0 296430.0
0.3140581717451524 235856.0 464603.0
0.36311172668513386 186573.0 481227.0
0.47206832871652815 297066.0 757583.0
0.8351800554016621 386747.0 1238810.0
1.0 492834.0 1455433.0
