1236045
0.00011542012927054478 1396.1577793167128 0.0
0.00023084025854108956 2227.4613379669854 0.0
0.00034626038781163435 3445.2871794871794 0.0
0.0004616805170821791 4283.580188679245 0.0
0.0005771006463527239 4727.940789473684 0.0
0.0006925207756232687 5106.674626865672 0.0
0.0008079409048938135 6052.288537549407 0.0
0.0009233610341643582 6945.8711111111115 0.0
0.001038781163434903 7157.047619047619 0.0
0.0011542012927054479 7617.819277108434 0.0
0.0012696214219759926 8009.745098039216 0.0
0.0013850415512465374 8585.68309859155 0.0
0.0015004616805170822 9224.9140625 0.0
0.001615881809787627 10257.276422764227 0.0
0.0017313019390581717 11512.182692307691 0.0
0.0018467220683287165 10621.223684210527 0.0
0.0019621421975992612 11961.32 0.0
0.002077562326869806 12619.878787878788 0.0
0.0021929824561403508 12271.059701492537 0.0
0.0023084025854108957 12794.839285714286 0.0
0.0024238227146814403 14205.387755102041 0.0
0.0025392428439519853 14996.681818181818 0.0
0.00265466297322253 14042.021739130434 0.0
0.002770083102493075 14243.270833333334 0.0
0.0028855032317636198 14016.955555555556 0.0
0.0030009233610341643 13763.102564102564 0.0
0.0031163434903047093 15003.344827586207 0.0
0.003231763619575254 16670.71111111111 0.0
0.003347183748845799 17953.354838709678 0.0
0.0034626038781163434 18796.35714285714 0.0
0.0035780240073868884 16369.257142857143 0.0
0.003693444136657433 18962.478260869564 0.0
0.003808864265927978 19504.678571428572 0.0
0.0039242843951985225 18643.08823529412 0.0
0.004039704524469067 20125.1875 0.0
0.004155124653739612 23189.615384615383 0.0
0.004270544783010157 18786.387096774193 0.0
0.0043859649122807015 23497.83870967742 0.0
0.004501385041551247 20014.88 0.0
0.0046168051708217915 26467.045454545456 0.0
0.004732225300092336 25951.2 0.0
0.004847645429362881 24689.521739130436 0.0
0.004963065558633426 26599.333333333332 0.0
0.0050784856879039705 25414.0 0.0
0.005193905817174515 28142.444444444445 0.0
0.00530932594644506 26085.41176470588 0.0
0.005424746075715605 21793.55 0.0
0.00554016620498615 22615.2 0.0
0.005655586334256694 26613.166666666668 0.0
0.0057710064635272396 24644.238095238095 0.0
0.005886426592797784 24566.5 0.0
0.006001846722068329 22325.61111111111 0.0
0.006117266851338873 20026.875 0.0
0.006232686980609419 25681.571428571428 0.0
0.006348107109879963 26163.166666666668 0.0
0.006463527239150508 26010.470588235294 0.0
0.006578947368421052 28847.6 0.0
0.006694367497691598 26430.545454545456 0.0
0.006809787626962142 28873.2 0.0
0.006925207756232687 29178.5 0.0
0.007040627885503232 24750.5 0.0
0.007156048014773777 25084.555555555555 0.0
0.007271468144044321 23855.75 0.0
0.007386888273314866 25553.5 0.0
0.007502308402585411 27583.7 0.0
0.007617728531855956 28447.533333333333 0.0
0.0077331486611265 26713.125 0.0
0.007848568790397045 44003.818181818184 0.0
0.00796398891966759 28088.363636363636 0.0
0.008079409048938134 31533.090909090908 0.0
0.00819482917820868 31831.5 0.0
0.008310249307479225 31630.0 0.0
0.008425669436749769 31930.222222222223 0.0
0.008541089566020314 32088.75 0.0
0.00865650969529086 28915.0 0.0
0.008771929824561403 33767.1875 0.0
0.008887349953831948 32349.11111111111 0.0
0.009002770083102494 29327.85714285714 0.0
0.009118190212373038 29052.75 0.0
0.009233610341643583 32440.5 0.0
0.009349030470914127 43419.42857142857 0.0
0.009464450600184672 42310.8 0.0
0.009579870729455217 31718.8 0.0
0.009695290858725761 33608.5 0.0
0.009810710987996307 34716.0 0.0
0.009926131117266852 33109.22222222222 0.0
0.010041551246537396 32262.727272727272 0.0
0.010156971375807941 37349.75 0.0
0.010272391505078486 32965.75 0.0
0.01038781163434903 32011.6 0.0
0.010503231763619576 38370.2 0.0
0.01061865189289012 41503.7 0.0
0.010734072022160665 40829.5 0.0
0.01084949215143121 40098.75 0.0
0.010964912280701754 31277.0 0.0
0.0110803324099723 34715.875 0.0
0.011195752539242845 36709.0 0.0
0.011311172668513388 33910.8 0.0
0.011426592797783934 37498.142857142855 0.0
0.011542012927054479 30808.5 0.0
0.011657433056325023 37979.0 0.0
0.011772853185595568 29344.222222222223 0.0
0.011888273314866112 37024.75 0.0
0.012003693444136657 38663.0 0.0
0.012119113573407203 42362.125 0.0
0.012234533702677746 44461.666666666664 0.0
0.012349953831948292 37950.0 0.0
0.012465373961218837 47761.57142857143 0.0
0.012580794090489381 41013.71428571428 0.0
0.012696214219759926 40858.0 0.0
0.012811634349030472 50889.333333333336 0.0
0.012927054478301015 42949.7 0.0
0.01304247460757156 42019.625 0.0
0.013157894736842105 43153.818181818184 0.0
0.01327331486611265 29000.0 0.0
0.013388734995383195 23049.0 0.0
0.013504155124653739 36588.857142857145 0.0
0.013619575253924284 43549.8 0.0
0.01373499538319483 40527.333333333336 0.0
0.013850415512465374 38347.875 0.0
0.013965835641735919 44533.3 0.0
0.014081255771006464 37088.11111111111 0.0
0.014196675900277008 41441.857142857145 0.0
0.014312096029547553 47868.0 0.0
0.014427516158818097 46537.166666666664 0.0
0.014542936288088643 53797.75 0.0
0.014658356417359188 54124.5 0.0
0.014773776546629732 48336.0 0.0
0.014889196675900277 48191.166666666664 0.0
0.015004616805170823 52515.6 0.0
0.015120036934441366 47000.333333333336 0.0
0.015235457063711912 47527.25 0.0
0.015350877192982455 47383.6 0.0
0.015466297322253 50856.2 0.0
0.015581717451523546 48561.5 0.0
0.01569713758079409 59075.25 0.0
0.015812557710064637 53387.0 0.0
0.01592797783933518 60992.0 0.0
0.016043397968605724 48862.71428571428 0.0
0.016158818097876268 53790.5 0.0
0.016274238227146815 43803.5 0.0
0.01638965835641736 51873.625 0.0
0.016505078485687903 54610.4 0.0
0.01662049861495845 53481.75 0.0
0.016735918744228993 52937.5 0.0
0.016851338873499537 54026.333333333336 0.0
0.016966759002770084 49462.0 0.0
0.017082179132040628 55989.8 0.0
0.01719759926131117 64387.666666666664 0.0
0.01731301939058172 61510.333333333336 0.0
0.017428439519852262 54406.5 0.0
0.017543859649122806 41484.5 0.0
0.017659279778393353 43155.0 0.0
0.017774699907663897 50997.75 0.0
0.01789012003693444 29385.0 0.0
0.018005540166204988 57034.0 0.0
0.01812096029547553 67186.0 0.0
0.018236380424746075 73024.5 0.0
0.018351800554016622 60654.5 0.0
0.018467220683287166 61554.666666666664 0.0
0.01858264081255771 63394.5 0.0
0.0188134810710988 54888.0 0.0
0.018928901200369344 54239.0 0.0
0.019044321329639888 55301.0 0.0
0.019159741458910435 56035.0 0.0
0.01927516158818098 56041.0 0.0
0.01950600184672207 68841.33333333333 0.0
0.019621421975992613 62718.5 0.0
0.019736842105263157 57710.0 0.0
0.019852262234533704 58952.0 0.0
0.019967682363804248 44047.5 0.0
0.02019852262234534 54957.5 0.0
0.020313942751615882 61896.0 0.0
0.020429362880886426 55748.0 0.0
0.020544783010156973 62127.333333333336 0.0
0.020660203139427517 61537.666666666664 0.0
0.02077562326869806 50589.0 0.0
0.020891043397968604 50934.666666666664 0.0
0.02100646352723915 58438.8 0.0
0.021121883656509695 63936.25 0.0
0.02123730378578024 63985.5 0.0
0.021352723915050786 46665.0 0.0
0.02146814404432133 68515.0 0.0
0.021583564173591873 63591.75 0.0
0.02169898430286242 81390.25 0.0
0.021814404432132964 52549.666666666664 0.0
0.021929824561403508 57415.8 0.0
0.022045244690674055 59271.0 0.0
0.0221606648199446 56474.5 0.0
0.022276084949215142 58630.5 0.0
0.02239150507848569 62960.0 0.0
0.022506925207756233 68067.5 0.0
0.022737765466297324 59000.666666666664 0.0
0.022853185595567867 75836.0 0.0
0.02296860572483841 72360.5 0.0
0.023199445983379502 63058.5 0.0
0.023314866112650046 72446.0 0.0
0.02343028624192059 64093.0 0.0
0.023545706371191136 75939.0 0.0
0.02366112650046168 55849.0 0.0
0.023776546629732224 65920.0 0.0
0.02389196675900277 82526.0 0.0
0.02412280701754386 60475.0 0.0
0.024238227146814405 63674.0 0.0
0.02458448753462604 56964.0 0.0
0.024699907663896584 63807.0 0.0
0.024815327793167127 71023.33333333333 0.0
0.024930747922437674 67788.25 0.0
0.025046168051708218 42359.0 0.0
0.02527700831024931 76182.66666666667 0.0
0.025392428439519853 81042.5 0.0
0.025507848568790396 67547.0 0.0
0.025623268698060944 73527.5 0.0
0.025738688827331487 66280.0 0.0
0.02585410895660203 78367.0 0.0
0.025969529085872575 96736.5 0.0
0.02608494921514312 72887.0 0.0
0.026200369344413665 71768.0 0.0
0.02631578947368421 83472.0 0.0
0.026431209602954756 70546.0 0.0
0.0265466297322253 96447.0 0.0
0.026662049861495844 60759.0 0.0
0.02677746999076639 81191.0 0.0
0.027008310249307478 95754.33333333333 0.0
0.027123730378578025 109046.0 0.0
0.02723915050784857 99894.75 0.0
0.027354570637119113 97410.25 0.0
0.02746999076638966 94593.33333333333 0.0
0.027585410895660203 94885.2 0.0
0.027700831024930747 91523.0 0.0
0.027816251154201294 92810.0 0.0
0.027931671283471838 86146.5 0.0
0.02804709141274238 96327.33333333333 0.0
0.02816251154201293 99473.66666666667 0.0
0.028277931671283472 88392.5 0.0
0.02850877192982456 77848.0 0.0
0.028624192059095107 74135.0 0.0
0.02873961218836565 78839.0 0.0
0.028855032317636194 78843.0 0.0
0.029085872576177285 101102.75 0.0
0.02920129270544783 101204.25 0.0
0.029316712834718376 118335.5 0.0
0.02943213296398892 84263.0 0.0
0.029547553093259463 94621.0 0.0
0.02966297322253001 79439.0 0.0
0.029778393351800554 136908.0 0.0
0.029893813481071098 104251.66666666667 0.0
0.030009233610341645 87986.0 0.0
0.03012465373961219 83241.0 0.0
0.030240073868882732 79568.0 0.0
0.03035549399815328 79605.0 0.0
0.030470914127423823 83365.0 0.0
0.030586334256694367 83598.0 0.0
0.03070175438596491 79617.0 0.0
0.031048014773776545 88113.0 0.0
0.031163434903047092 83932.5 0.0
0.03139427516158818 92173.0 0.0
0.03150969529085872 92228.0 0.0
0.031625115420129274 83411.0 0.0
0.03174053554939982 53555.0 0.0
0.03185595567867036 83461.5 0.0
0.031971375807940905 113506.0 0.0
0.03208679593721145 83591.0 0.0
0.03220221606648199 53695.0 0.0
0.032317636195752536 53758.0 0.0
0.03254847645429363 53940.0 0.0
0.032663896583564174 53948.0 0.0
0.033125577100646356 54087.0 0.0
0.0332409972299169 54141.0 0.0
0.03347183748845799 54162.0 0.0
0.033702677746999074 57727.0 0.0
0.033818097876269625 57980.0 0.0
0.03404893813481071 116174.5 0.0
0.034164358264081256 136076.0 0.0
0.0342797783933518 116264.5 0.0
0.03439519852262234 116265.5 0.0
0.03451061865189289 136103.0 0.0
0.03462603878116344 98939.33333333333 0.0
0.03474145891043398 96514.0 0.0
0.034856879039704525 96533.0 0.0
0.035203139427516156 78328.0 0.0
0.036011080332409975 116847.5 0.0
0.03612650046168052 136813.0 0.0
0.03624192059095106 136835.0 0.0
0.036357340720221606 136837.0 0.0
0.03647276084949215 98294.0 0.0
0.03693444136657433 65164.5 0.0
0.037049861495844875 65256.5 0.0
0.03716528162511542 69481.0 0.0
0.03728070175438596 65333.0 0.0
0.037396121883656507 73827.0 0.0
0.03751154201292706 61469.0 0.0
0.0376269621421976 69719.0 0.0
0.037742382271468145 69811.0 0.0
0.03855032317636196 69959.0 0.0
0.03935826408125577 72179.0 0.0
0.03958910433979686 72269.0 0.0
0.03970452446906741 144105.0 0.0
0.03981994459833795 117480.5 0.0
0.040281625115420126 118112.0 0.0
0.04039704524469068 118712.5 0.0
0.040627885503231764 90917.0 0.0
0.04074330563250231 114175.0 0.0
0.04085872576177285 117492.33333333333 0.0
0.040974145891043395 102612.0 0.0
0.04120498614958449 115398.0 0.0
0.04132040627885503 91081.0 0.0
0.04143582640812558 114558.0 0.0
0.04155124653739612 114400.66666666667 0.0
0.041666666666666664 114412.0 0.0
0.04178208679593721 102965.5 0.0
0.04189750692520776 88804.0 0.0
0.042128347183748846 114429.5 0.0
0.04224376731301939 143217.0 0.0
0.0430517082179132 93142.0 0.0
0.04339796860572484 94502.0 0.0
0.043513388734995384 93154.0 0.0
0.04362880886426593 94537.0 0.0
0.04374422899353647 94555.0 0.0
0.043859649122807015 144728.0 0.0
0.043975069252077566 110945.0 0.0
0.04409048938134811 94703.0 0.0
0.0443213296398892 95066.0 0.0
0.04443674976915974 95098.0 0.0
0.04466759002770083 103907.0 0.0
0.04478301015697138 103928.0 0.0
0.04489843028624192 92900.0 0.0
0.045013850415512466 92914.0 0.0
0.046168051708217916 91264.0 0.0
0.047668513388735 97762.0 0.0
0.04778393351800554 97796.0 0.0
0.047899353647276086 97800.0 0.0
0.049630655586334255 172674.0 0.0
0.0497460757156048 146981.5 0.0
0.04997691597414589 147053.0 0.0
0.050092336103416436 150749.0 0.0
0.05020775623268698 172858.0 0.0
0.050323176361957524 172875.0 0.0
0.05055401662049862 128794.0 0.0
0.05090027700831025 128820.0 0.0
0.051131117266851336 173469.0 0.0
0.05124653739612189 128943.0 0.0
0.05136195752539243 173489.0 0.0
0.051477377654662974 173491.0 0.0
0.05159279778393352 173492.0 0.0
0.05216989843028624 130611.0 0.0
0.05228531855955679 130626.0 0.0
0.054016620498614956 100762.0 0.0
0.0541320406278855 131355.0 0.0
0.05424746075715605 131363.0 0.0
0.054362880886426594 131371.0 0.0
0.054709141274238225 101076.0 0.0
0.05517082179132041 105428.0 0.0
0.05563250230840259 101810.0 0.0
0.05736380424746076 132925.0 0.0
0.05921052631578947 200745.0 0.0
0.06001846722068329 133438.0 0.0
0.06024930747922438 133468.0 0.0
0.0608264081255771 158135.0 0.0
0.061980609418282546 116179.0 0.0
0.06694367497691597 156413.0 0.0
0.06752077562326869 168805.0 0.0
0.06763619575253925 180758.0 0.0
0.06798245614035088 153356.0 0.0
0.06809787626962142 288843.0 0.0
0.06971375807940905 158059.0 0.0
0.0698291782086796 158062.0 0.0
0.06994459833795014 158080.0 0.0
0.07006001846722068 158099.0 0.0
0.0762927054478301 154493.5 0.0
0.07640812557710065 154624.5 0.0
0.07675438596491228 174890.0 0.0
0.07686980609418283 174893.0 0.0
0.07767774699907663 177207.0 0.0
0.07779316712834719 177208.0 0.0
0.07790858725761773 177308.0 0.0
0.07802400738688828 177311.0 0.0
0.07929362880886427 179108.0 0.0
0.07940904893813482 169596.0 0.0
0.07952446906740536 174373.0 0.0
0.0796398891966759 179152.0 0.0
0.07987072945521699 179348.0 0.0
0.07998614958448753 179504.0 0.0
0.08252539242843952 181806.0 0.0
0.08344875346260387 181926.0 0.0
0.08356417359187442 181930.0 0.0
0.0840258541089566 182015.0 0.0
0.08437211449676824 183327.0 0.0
0.08448753462603878 182083.0 0.0
0.08460295475530932 182101.0 0.0
0.08483379501385041 194879.0 0.0
0.08725761772853186 184152.0 0.0
0.08898891966759002 188978.0 0.0
0.08910433979686057 188982.0 0.0
0.09025854108956602 189597.0 0.0
0.0909510618651893 218202.0 0.0
0.09106648199445984 218204.0 0.0
0.09152816251154201 218825.0 0.0
0.09187442289935364 218852.0 0.0
0.09198984302862419 218872.0 0.0
0.09222068328716528 218911.0 0.0
0.09245152354570638 218919.0 0.0
0.09256694367497692 219256.0 0.0
0.09683748845798708 222651.0 0.0
0.10041551246537396 194231.0 0.0
0.10133887349953832 160247.0 0.0
0.10307017543859649 223453.0 0.0
0.10768698060941828 237577.0 0.0
0.11703601108033242 309004.0 0.0
0.1185364727608495 186327.0 0.0
0.12072945521698984 292739.0 0.0
0.1216528162511542 186933.0 0.0
0.12199907663896584 187176.0 0.0
0.12211449676823638 187178.0 0.0
0.12453831948291783 321672.0 0.0
0.13619575253924285 209058.0 0.0
0.1605493998153278 304166.0 0.0
0.1682825484764543 275609.0 0.0
0.19725300092336104 347018.0 0.0
0.1977146814404432 378604.0 0.0
0.21225761772853186 370237.0 0.0
0.2144506001846722 393791.0 0.0
0.22864727608494922 469875.0 0.0
0.24157433056325023 531484.0 0.0
0.31532779316712833 504333.0 0.0
0.45602493074792244 753768.0 0.0
0.7713527239150508 1048602.0 0.0
1.0 1236045.0 0.0
