11555212
0.0001 2627 0 0
0.0001 4106 0 0
0.0002 6837 0 0
0.0003 8169 0 0
0.0003 10565 0 0
0.0004 11674 0 0
0.0005 12693 0 0
0.0006 14955 0 0
0.0006 16771 0 0
0.0007 18509 0 0
0.0008 20034 0 0
0.0008 21710 0 0
0.0009 22993 0 0
0.0010 24674 0 0
0.0010 26779 0 0
0.0011 26794 0 0
0.0012 29378 0 0
0.0012 31086 0 0
0.0013 32227 0 0
0.0014 33140 0 0
0.0015 35358 0 0
0.0015 35708 0 0
0.0016 37977 0 0
0.0017 38040 0 0
0.0017 41774 0 0
0.0018 39893 0 0
0.0019 42458 0 0
0.0019 47663 0 0
0.0020 47359 0 0
0.0021 45524 0 0
0.0021 49151 0 0
0.0022 46129 0 0
0.0023 51453 0 0
0.0024 54186 0 0
0.0024 59064 0 0
0.0025 53519 0 0
0.0026 57283 0 0
0.0026 58546 0 0
0.0027 58607 0 0
0.0028 57187 0 0
0.0028 58814 0 0
0.0029 58625 0 0
0.0030 57182 0 0
0.0030 61299 0 0
0.0031 61317 0 0
0.0032 61748 0 0
0.0033 60780 0 0
0.0033 57652 0 0
0.0034 65058 0 0
0.0035 59085 0 0
0.0035 65476 0 0
0.0036 71851 0 0
0.0037 65851 0 0
0.0037 74022 0 0
0.0038 75219 0 0
0.0039 72644 0 0
0.0039 68265 0 0
0.0040 73535 0 0
0.0041 79750 0 0
0.0042 79738 0 0
0.0042 83900 0 0
0.0043 89992 0 0
0.0044 77877 0 0
0.0044 73178 0 0
0.0045 83973 0 0
0.0046 79287 0 0
0.0046 88728 0 0
0.0047 90099 0 0
0.0048 86608 0 0
0.0048 91398 0 0
0.0049 72779 0 0
0.0050 86256 0 0
0.0051 90203 0 0
0.0051 105554 0 0
0.0052 102927 0 0
0.0053 88943 0 0
0.0053 105867 0 0
0.0054 127232 0 0
0.0055 115611 0 0
0.0055 106676 0 0
0.0056 98989 0 0
0.0057 103010 0 0
0.0057 103703 0 0
0.0058 109077 0 0
0.0059 103282 0 0
0.0060 133731 0 0
0.0060 126383 0 0
0.0061 79676 0 0
0.0062 153533 0 0
0.0062 126628 0 0
0.0063 104005 0 0
0.0064 93837 0 0
0.0064 124977 0 0
0.0065 119218 0 0
0.0066 127240 0 0
0.0067 140887 0 0
0.0067 98451 0 0
0.0068 99052 0 0
0.0069 149556 0 0
0.0069 137438 0 0
0.0070 138565 0 0
0.0071 226060 0 0
0.0071 123174 0 0
0.0072 162108 0 0
0.0073 128397 0 0
0.0073 128558 0 0
0.0074 92726 0 0
0.0075 133502 0 0
0.0076 137197 0 0
0.0076 144006 0 0
0.0077 99217 0 0
0.0078 105639 0 0
0.0078 147641 0 0
0.0079 186085 0 0
0.0080 170616 0 0
0.0080 142884 0 0
0.0082 197558 0 0
0.0082 159281 0 0
0.0083 216659 0 0
0.0084 209304 0 0
0.0085 108853 0 0
0.0085 213632 0 0
0.0086 137399 0 0
0.0087 152016 0 0
0.0087 184475 0 0
0.0088 174715 0 0
0.0089 147294 0 0
0.0089 190211 0 0
0.0090 164363 0 0
0.0091 145993 0 0
0.0092 146221 0 0
0.0093 257195 0 0
0.0094 206808 0 0
0.0094 115923 0 0
0.0097 167773 0 0
0.0098 268265 0 0
0.0100 272739 0 0
0.0100 192020 0 0
0.0101 182782 0 0
0.0107 178533 0 0
0.0109 213949 0 0
0.0112 274160 0 0
0.0113 296159 0 0
0.0116 391684 0 0
0.0116 363332 0 0
0.0118 202460 0 0
0.0121 236983 0 0
0.0122 230002 0 0
0.0127 185360 0 0
0.0128 193504 0 0
0.0129 267275 0 0
0.0130 208225 0 0
0.0131 183648 0 0
0.0134 200373 0 0
0.0134 224196 0 0
0.0135 313834 0 0
0.0137 295276 0 0
0.0139 249335 0 0
0.0141 213089 0 0
0.0143 235209 0 0
0.0145 264593 0 0
0.0147 399224 0 0
0.0152 273712 0 0
0.0154 432214 0 0
0.0160 358765 0 0
0.0161 266916 0 0
0.0161 369567 0 0
0.0163 301132 0 0
0.0165 175323 0 0
0.0167 349704 0 0
0.0168 313312 0 0
0.0169 291006 0 0
0.0170 335431 0 0
0.0170 520573 0 0
0.0175 383961 0 0
0.0177 303507 0 0
0.0179 400515 0 0
0.0187 339840 0 0
0.0188 310726 0 0
0.0191 515266 0 0
0.0193 297082 0 0
0.0195 379733 0 0
0.0197 334532 0 0
0.0201 451133 0 0
0.0203 434845 0 0
0.0205 393206 0 0
0.0209 457579 0 0
0.0215 358473 0 0
0.0216 409986 0 0
0.0218 298998 0 0
0.0218 426585 0 0
0.0221 383860 0 0
0.0222 367282 0 0
0.0223 399763 0 0
0.0233 350227 0 0
0.0234 516467 0 0
0.0238 327556 0 0
0.0241 407061 0 0
0.0245 575589 0 0
0.0247 427001 0 0
0.0247 523219 0 0
0.0251 466690 0 0
0.0254 463848 0 0
0.0258 524224 0 0
0.0260 649731 0 0
0.0260 470569 0 0
0.0269 510699 0 0
0.0271 467762 0 0
0.0272 662459 0 0
0.0276 462476 0 0
0.0277 401821 0 0
0.0278 489683 0 0
0.0279 537332 0 0
0.0284 450341 0 0
0.0286 451286 0 0
0.0290 458767 0 0
0.0291 531720 0 0
0.0292 507729 0 0
0.0297 580365 0 0
0.0302 719420 0 0
0.0303 615398 0 0
0.0305 697428 0 0
0.0311 543665 0 0
0.0314 633531 0 0
0.0321 471853 0 0
0.0323 547310 0 0
0.0327 593661 0 0
0.0330 554460 0 0
0.0332 642027 0 0
0.0333 607311 0 0
0.0337 524299 0 0
0.0339 613355 0 0
0.0341 636654 0 0
0.0344 611102 0 0
0.0346 647341 0 0
0.0349 553529 0 0
0.0360 568163 0 0
0.0360 747345 0 0
0.0362 801420 0 0
0.0371 787374 0 0
0.0372 795898 0 0
0.0375 605329 0 0
0.0383 704795 0 0
0.0384 607199 0 0
0.0385 834887 0 0
0.0386 679402 0 0
0.0388 628376 0 0
0.0398 705668 0 0
0.0399 757030 0 0
0.0401 703055 0 0
0.0402 684041 0 0
0.0403 707468 0 0
0.0405 933615 0 0
0.0406 700555 0 0
0.0407 900013 0 0
0.0411 745193 0 0
0.0418 929040 0 0
0.0421 760394 0 0
0.0425 629349 0 0
0.0428 699732 0 0
0.0431 917476 0 0
0.0437 837217 0 0
0.0445 673986 0 0
0.0446 813179 0 0
0.0457 687990 0 0
0.0459 791446 0 0
0.0461 709721 0 0
0.0464 1044050 0 0
0.0499 889368 0 0
0.0500 922313 0 0
0.1000 1609352 0 0
0.1500 2544569 0 0
0.2000 3165110 0 0
0.2500 3806966 0 0
0.3000 4519661 0 0
0.3500 5089456 0 0
0.4000 5773995 0 0
0.4501 6277086 0 0
0.5001 6748317 0 0
0.5500 7276195 0 0
0.6000 7849892 0 0
0.6500 8401887 0 0
0.7000 8829602 0 0
0.7500 9234346 0 0
0.8000 9706297 0 0
0.8500 10125901 0 0
0.9000 10622565 0 0
0.9500 11179231 0 0
1.0000 11555212 0 0
