989310
0.00011542012927054478 1247.0839104339798 0.0
0.00023084025854108956 1860.020016680567 0.0
0.00034626038781163435 2805.6608357628766 0.0
0.0004616805170821791 3510.2808320950967 0.0
0.0005771006463527239 4291.528662420382 0.0
0.0006925207756232687 4982.703389830508 0.0
0.0008079409048938135 5764.741697416975 0.0
0.0009233610341643582 5426.88995215311 0.0
0.001038781163434903 5740.005882352942 0.0
0.0011542012927054479 6615.96644295302 0.0
0.0012696214219759926 7405.103896103896 0.0
0.0013850415512465374 7444.569230769231 0.0
0.0015004616805170822 7575.792079207921 0.0
0.001615881809787627 8675.651685393259 0.0
0.0017313019390581717 9727.160493827161 0.0
0.0018467220683287165 10820.5 0.0
0.0019621421975992612 11213.8 0.0
0.002077562326869806 11709.692307692309 0.0
0.0021929824561403508 10844.235294117647 0.0
0.0023084025854108957 12097.171428571428 0.0
0.0024238227146814403 12008.033333333333 0.0
0.0025392428439519853 11659.5 0.0
0.00265466297322253 11715.529411764706 0.0
0.002770083102493075 12440.551020408164 0.0
0.0028855032317636198 12110.275 0.0
0.0030009233610341643 16055.075 0.0
0.0031163434903047093 14154.166666666666 0.0
0.003231763619575254 16353.023255813954 0.0
0.003347183748845799 18368.97142857143 0.0
0.0034626038781163434 16189.068965517241 0.0
0.0035780240073868884 18275.291666666668 0.0
0.003693444136657433 18345.59375 0.0
0.003808864265927978 17439.633333333335 0.0
0.0039242843951985225 17849.217391304348 0.0
0.004039704524469067 16021.222222222223 0.0
0.004155124653739612 15943.2 0.0
0.004270544783010157 16319.782608695652 0.0
0.0043859649122807015 17694.35714285714 0.0
0.004501385041551247 17885.95238095238 0.0
0.0046168051708217915 19885.571428571428 0.0
0.004732225300092336 19224.777777777777 0.0
0.004847645429362881 20271.615384615383 0.0
0.004963065558633426 17811.8 0.0
0.0050784856879039705 21113.473684210527 0.0
0.005193905817174515 21488.0 0.0
0.00530932594644506 19216.70588235294 0.0
0.005424746075715605 18063.57894736842 0.0
0.00554016620498615 19591.466666666667 0.0
0.005655586334256694 21008.176470588234 0.0
0.0057710064635272396 18755.647058823528 0.0
0.005886426592797784 19620.64285714286 0.0
0.006001846722068329 20593.133333333335 0.0
0.006117266851338873 16686.909090909092 0.0
0.006232686980609419 19606.714285714286 0.0
0.006348107109879963 23190.7 0.0
0.006463527239150508 19645.85714285714 0.0
0.006578947368421052 18635.81818181818 0.0
0.006694367497691598 24089.833333333332 0.0
0.006809787626962142 22874.666666666668 0.0
0.006925207756232687 20713.88888888889 0.0
0.007040627885503232 21792.090909090908 0.0
0.007156048014773777 21229.333333333332 0.0
0.007271468144044321 20858.6 0.0
0.007386888273314866 21452.0 0.0
0.007502308402585411 22359.5 0.0
0.007617728531855956 22954.375 0.0
0.0077331486611265 20014.25 0.0
0.007848568790397045 24019.875 0.0
0.00796398891966759 23541.416666666668 0.0
0.008079409048938134 29546.846153846152 0.0
0.00819482917820868 23572.571428571428 0.0
0.008310249307479225 24775.0 0.0
0.008425669436749769 24567.285714285714 0.0
0.008541089566020314 29941.375 0.0
0.00865650969529086 33431.666666666664 0.0
0.008771929824561403 30588.0 0.0
0.008887349953831948 28535.222222222223 0.0
0.009002770083102494 28496.571428571428 0.0
0.009118190212373038 27770.11111111111 0.0
0.009233610341643583 30389.555555555555 0.0
0.009349030470914127 28810.5 0.0
0.009464450600184672 30970.5 0.0
0.009579870729455217 30951.75 0.0
0.009695290858725761 29406.0 0.0
0.009810710987996307 32191.75 0.0
0.009926131117266852 30531.125 0.0
0.010041551246537396 23091.75 0.0
0.010156971375807941 29472.333333333332 0.0
0.010272391505078486 29587.0 0.0
0.01038781163434903 32314.875 0.0
0.010503231763619576 27791.333333333332 0.0
0.01061865189289012 33755.5 0.0
0.010734072022160665 28659.75 0.0
0.01084949215143121 32407.714285714286 0.0
0.010964912280701754 29972.25 0.0
0.0110803324099723 32307.8 0.0
0.011195752539242845 31645.8 0.0
0.011311172668513388 37817.0 0.0
0.011426592797783934 48061.75 0.0
0.011542012927054479 43284.25 0.0
0.011657433056325023 40818.166666666664 0.0
0.011772853185595568 33000.142857142855 0.0
0.011888273314866112 31111.8 0.0
0.012003693444136657 32909.2 0.0
0.012119113573407203 35836.57142857143 0.0
0.012234533702677746 32280.2 0.0
0.012349953831948292 33950.555555555555 0.0
0.012465373961218837 37093.5 0.0
0.012580794090489381 34035.166666666664 0.0
0.012696214219759926 34252.8 0.0
0.012811634349030472 32284.8 0.0
0.012927054478301015 33157.333333333336 0.0
0.01304247460757156 35150.0 0.0
0.013157894736842105 39850.5 0.0
0.01327331486611265 48981.71428571428 0.0
0.013388734995383195 40142.6 0.0
0.013504155124653739 49286.2 0.0
0.013619575253924284 51041.333333333336 0.0
0.01373499538319483 41631.5 0.0
0.013850415512465374 71516.0 0.0
0.013965835641735919 55683.333333333336 0.0
0.014081255771006464 73400.33333333333 0.0
0.014196675900277008 33392.333333333336 0.0
0.014312096029547553 34773.0 0.0
0.014427516158818097 31666.5 0.0
0.014542936288088643 42961.8 0.0
0.014658356417359188 54608.333333333336 0.0
0.014773776546629732 40351.75 0.0
0.014889196675900277 41983.6 0.0
0.015004616805170823 49760.666666666664 0.0
0.015120036934441366 42569.8 0.0
0.015235457063711912 37896.0 0.0
0.015581717451523546 34673.0 0.0
0.01569713758079409 44540.5 0.0
0.015812557710064637 44245.5 0.0
0.01592797783933518 50602.0 0.0
0.016043397968605724 61127.0 0.0
0.016158818097876268 61132.0 0.0
0.016274238227146815 71965.5 0.0
0.01638965835641736 31823.0 0.0
0.016505078485687903 47726.0 0.0
0.01662049861495845 45163.0 0.0
0.016735918744228993 32112.0 0.0
0.016851338873499537 45417.75 0.0
0.016966759002770084 45137.5 0.0
0.017082179132040628 50796.666666666664 0.0
0.01719759926131117 45983.0 0.0
0.01731301939058172 62209.4 0.0
0.017428439519852262 45757.833333333336 0.0
0.017543859649122806 63168.333333333336 0.0
0.017659279778393353 58091.75 0.0
0.017774699907663897 45310.75 0.0
0.01789012003693444 58049.0 0.0
0.018005540166204988 60513.8 0.0
0.01812096029547553 45235.5 0.0
0.018236380424746075 56355.0 0.0
0.018351800554016622 57909.4 0.0
0.018467220683287166 59311.0 0.0
0.01858264081255771 42459.5 0.0
0.018698060941828253 46775.333333333336 0.0
0.0188134810710988 43253.166666666664 0.0
0.018928901200369344 41072.5 0.0
0.019044321329639888 50165.0 0.0
0.019159741458910435 47146.0 0.0
0.01927516158818098 48595.166666666664 0.0
0.019390581717451522 47487.0 0.0
0.01950600184672207 55676.42857142857 0.0
0.019621421975992613 50769.333333333336 0.0
0.019736842105263157 48932.2 0.0
0.019852262234533704 47792.6 0.0
0.019967682363804248 55344.0 0.0
0.02008310249307479 47879.0 0.0
0.02019852262234534 50153.333333333336 0.0
0.020313942751615882 53879.333333333336 0.0
0.020429362880886426 54476.75 0.0
0.020544783010156973 51800.4 0.0
0.020660203139427517 44119.5 0.0
0.02077562326869806 56057.0 0.0
0.020891043397968604 52627.333333333336 0.0
0.02100646352723915 58174.666666666664 0.0
0.02123730378578024 35052.0 0.0
0.021352723915050786 55345.25 0.0
0.02146814404432133 58755.25 0.0
0.021583564173591873 62046.4 0.0
0.02169898430286242 51981.25 0.0
0.021814404432132964 68325.0 0.0
0.021929824561403508 59406.0 0.0
0.022045244690674055 59792.666666666664 0.0
0.0221606648199446 56169.8 0.0
0.022276084949215142 52002.0 0.0
0.02239150507848569 60428.0 0.0
0.022506925207756233 63095.0 0.0
0.022622345337026777 57776.25 0.0
0.022737765466297324 52151.0 0.0
0.02296860572483841 67519.5 0.0
0.023084025854108958 52326.0 0.0
0.023199445983379502 33041.0 0.0
0.023314866112650046 58723.0 0.0
0.02343028624192059 59532.75 0.0
0.023545706371191136 73062.0 0.0
0.02366112650046168 37964.5 0.0
0.023776546629732224 51856.5 0.0
0.02389196675900277 86069.0 0.0
0.024007386888273315 78059.0 0.0
0.02412280701754386 67333.25 0.0
0.024238227146814405 53949.666666666664 0.0
0.024469067405355493 78184.0 0.0
0.02458448753462604 122841.0 0.0
0.024699907663896584 65047.0 0.0
0.024815327793167127 68343.0 0.0
0.024930747922437674 47895.666666666664 0.0
0.025161588180978762 65159.0 0.0
0.02527700831024931 55312.333333333336 0.0
0.025392428439519853 58366.0 0.0
0.025507848568790396 61050.0 0.0
0.025623268698060944 42971.0 0.0
0.025738688827331487 65762.0 0.0
0.02585410895660203 65836.0 0.0
0.025969529085872575 68653.25 0.0
0.02608494921514312 53787.0 0.0
0.026200369344413665 69698.0 0.0
0.0265466297322253 72961.0 0.0
0.026662049861495844 88240.0 0.0
0.02677746999076639 102830.0 0.0
0.02723915050784857 78885.0 0.0
0.027354570637119113 79525.0 0.0
0.02746999076638966 62963.666666666664 0.0
0.027585410895660203 75207.0 0.0
0.027700831024930747 58672.0 0.0
0.027816251154201294 76970.5 0.0
0.027931671283471838 71378.0 0.0
0.02804709141274238 57462.0 0.0
0.02816251154201293 68322.0 0.0
0.028277931671283472 71430.0 0.0
0.028393351800554016 68550.66666666667 0.0
0.02850877192982456 73160.5 0.0
0.02873961218836565 61137.666666666664 0.0
0.028855032317636194 55979.0 0.0
0.029085872576177285 79174.5 0.0
0.02920129270544783 67977.25 0.0
0.029316712834718376 59716.5 0.0
0.02943213296398892 61138.2 0.0
0.029547553093259463 79030.0 0.0
0.02966297322253001 56418.5 0.0
0.029778393351800554 59095.666666666664 0.0
0.029893813481071098 59109.666666666664 0.0
0.030009233610341645 62655.0 0.0
0.03012465373961219 75630.0 0.0
0.03035549399815328 75750.0 0.0
0.030470914127423823 71681.0 0.0
0.030586334256694367 100638.0 0.0
0.03070175438596491 100671.0 0.0
0.030817174515235458 62886.0 0.0
0.030932594644506 64229.0 0.0
0.031048014773776545 68033.0 0.0
0.031163434903047092 82347.0 0.0
0.031278855032317636 62941.0 0.0
0.03139427516158818 54155.0 0.0
0.03150969529085872 54161.0 0.0
0.031625115420129274 47741.5 0.0
0.03174053554939982 58236.0 0.0
0.031971375807940905 84929.0 0.0
0.03208679593721145 63183.0 0.0
0.03220221606648199 59100.0 0.0
0.032317636195752536 62101.333333333336 0.0
0.03243305632502309 81056.5 0.0
0.032663896583564174 76892.0 0.0
0.03277931671283472 85394.0 0.0
0.03289473684210526 55026.0 0.0
0.033010156971375805 63914.333333333336 0.0
0.033125577100646356 69254.66666666667 0.0
0.0332409972299169 57465.0 0.0
0.03335641735918744 57494.0 0.0
0.03347183748845799 72735.5 0.0
0.033702677746999074 57921.0 0.0
0.033818097876269625 76923.5 0.0
0.03393351800554017 66650.5 0.0
0.03404893813481071 69487.0 0.0
0.034164358264081256 58370.0 0.0
0.0342797783933518 69767.5 0.0
0.03439519852262234 72164.0 0.0
0.03451061865189289 49919.0 0.0
0.03462603878116344 66131.5 0.0
0.03474145891043398 65514.333333333336 0.0
0.034856879039704525 65614.0 0.0
0.03497229916897507 54644.5 0.0
0.03508771929824561 50689.0 0.0
0.035203139427516156 55044.5 0.0
0.03543397968605725 55336.0 0.0
0.035549399815327794 56397.0 0.0
0.03566481994459834 63529.0 0.0
0.03578024007386888 69500.0 0.0
0.036588180978762694 88474.5 0.0
0.03681902123730379 90544.0 0.0
0.03693444136657433 88262.5 0.0
0.037049861495844875 62350.0 0.0
0.03716528162511542 67426.5 0.0
0.03728070175438596 67548.0 0.0
0.037396121883656507 71909.0 0.0
0.03751154201292706 94212.0 0.0
0.0376269621421976 79417.33333333333 0.0
0.037742382271468145 83052.0 0.0
0.03797322253000923 77303.5 0.0
0.038088642659279776 83348.0 0.0
0.038204062788550326 73024.5 0.0
0.03831948291782087 72655.25 0.0
0.038434903047091414 83248.0 0.0
0.0386657433056325 67451.5 0.0
0.038781163434903045 67458.0 0.0
0.038896583564173595 76019.0 0.0
0.03901200369344414 79774.0 0.0
0.03912742382271468 82383.66666666667 0.0
0.039242843951985226 95433.0 0.0
0.03935826408125577 95443.0 0.0
0.03958910433979686 71987.0 0.0
0.03970452446906741 95718.0 0.0
0.03981994459833795 73245.0 0.0
0.039935364727608495 83904.5 0.0
0.04005078485687904 75880.33333333333 0.0
0.04016620498614958 73040.0 0.0
0.04051246537396122 79215.0 0.0
0.040627885503231764 73485.0 0.0
0.04074330563250231 82342.0 0.0
0.040974145891043395 95960.0 0.0
0.041089566020313946 84706.5 0.0
0.04132040627885503 75061.0 0.0
0.04143582640812558 75072.0 0.0
0.041666666666666664 75081.0 0.0
0.0420129270544783 96411.0 0.0
0.042128347183748846 96468.0 0.0
0.04224376731301939 84693.0 0.0
0.04235918744228993 84769.0 0.0
0.04247460757156048 75637.0 0.0
0.04259002770083103 78183.5 0.0
0.04270544783010157 78192.5 0.0
0.042820867959372115 66118.0 0.0
0.04293628808864266 73418.5 0.0
0.0430517082179132 92238.0 0.0
0.043167128347183746 82742.75 0.0
0.0432825484764543 86211.5 0.0
0.04339796860572484 84182.5 0.0
0.043513388734995384 91663.0 0.0
0.04362880886426593 92561.0 0.0
0.04374422899353647 86707.5 0.0
0.043859649122807015 56288.0 0.0
0.043975069252077566 74571.5 0.0
0.04409048938134811 75698.0 0.0
0.04420590951061865 95106.0 0.0
0.0443213296398892 100340.0 0.0
0.04443674976915974 78979.0 0.0
0.044552169898430284 61187.0 0.0
0.04466759002770083 99187.0 0.0
0.04478301015697138 97185.0 0.0
0.04489843028624192 100498.0 0.0
0.045013850415512466 97325.0 0.0
0.04512927054478301 97329.0 0.0
0.04524469067405355 97329.0 0.0
0.0453601108033241 76358.0 0.0
0.04547553093259465 103788.0 0.0
0.04559095106186519 97378.0 0.0
0.045706371191135735 83182.0 0.0
0.04582179132040628 86043.5 0.0
0.04593721144967682 89849.0 0.0
0.046052631578947366 83237.0 0.0
0.046168051708217916 97482.0 0.0
0.046398891966759004 90406.5 0.0
0.04651431209602955 85006.0 0.0
0.04662973222530009 101418.5 0.0
0.04686057248384118 86814.0 0.0
0.04709141274238227 97616.0 0.0
0.04720683287165282 90849.0 0.0
0.04813019390581717 68400.0 0.0
0.04836103416435827 68429.0 0.0
0.04847645429362881 68502.0 0.0
0.048591874422899355 105644.0 0.0
0.049630655586334255 94112.0 0.0
0.050323176361957524 88530.0 0.0
0.05043859649122807 88696.0 0.0
0.05055401662049862 166099.0 0.0
0.050784856879039705 109050.0 0.0
0.05124653739612189 95475.0 0.0
0.05136195752539243 95480.0 0.0
0.051477377654662974 95484.0 0.0
0.051823638042474605 95681.0 0.0
0.05193905817174515 95756.5 0.0
0.0520544783010157 95768.0 0.0
0.05216989843028624 95773.5 0.0
0.05228531855955679 122750.0 0.0
0.05240073868882733 95922.0 0.0
0.05286241920590951 130981.0 0.0
0.052977839335180056 113584.5 0.0
0.0530932594644506 131007.0 0.0
0.053208679593721143 96052.0 0.0
0.05332409972299169 95939.0 0.0
0.05343951985226224 96424.0 0.0
0.05355493998153278 96445.0 0.0
0.053670360110803325 96450.0 0.0
0.05378578024007387 96458.0 0.0
0.05390120036934441 96460.0 0.0
0.054016620498614956 96464.0 0.0
0.05424746075715605 96483.0 0.0
0.05447830101569714 96513.0 0.0
0.055401662049861494 120235.0 0.0
0.055863342566943676 132102.0 0.0
0.05632502308402586 132261.0 0.0
0.0564404432132964 114595.0 0.0
0.05667128347183749 97466.0 0.0
0.05678670360110803 120791.0 0.0
0.056902123730378576 120796.0 0.0
0.05701754385964912 120926.0 0.0
0.05713296398891967 134110.0 0.0
0.057248384118190214 134118.0 0.0
0.05794090489381348 107658.0 0.0
0.05805632502308403 135849.0 0.0
0.05932594644506002 115944.0 0.0
0.05955678670360111 99268.0 0.0
0.05967220683287165 99317.0 0.0
0.05990304709141274 99357.0 0.0
0.06255771006463527 127028.0 0.0
0.06578947368421052 105223.0 0.0
0.0695983379501385 177413.0 0.0
0.07098337950138504 136457.0 0.0
0.07121421975992613 136549.0 0.0
0.07144506001846722 136560.0 0.0
0.07156048014773776 188512.0 0.0
0.07329178208679593 131844.0 0.0
0.07352262234533703 131848.0 0.0
0.07375346260387812 131887.0 0.0
0.0742151431209603 131963.0 0.0
0.07433056325023084 131965.0 0.0
0.07444598337950138 131973.0 0.0
0.07490766389658357 132023.0 0.0
0.077331486611265 133186.0 0.0
0.07744690674053555 133189.0 0.0
0.07756232686980609 133194.0 0.0
0.07871652816251154 141193.0 0.0
0.07894736842105263 141292.0 0.0
0.07906278855032317 141303.0 0.0
0.07987072945521699 137602.5 0.0
0.07998614958448753 171536.5 0.0
0.08010156971375808 133715.0 0.0
0.08021698984302862 201707.0 0.0
0.08033240997229917 201719.0 0.0
0.08079409048938135 142153.0 0.0
0.08125577100646353 142205.0 0.0
0.08160203139427516 134726.0 0.0
0.0817174515235457 134742.0 0.0
0.08183287165281625 134743.0 0.0
0.08217913204062789 143120.0 0.0
0.08344875346260387 143344.0 0.0
0.08425669436749769 143688.0 0.0
0.08471837488457987 173191.0 0.0
0.0886426592797784 124906.0 0.0
0.0907202216066482 147935.0 0.0
0.09083564173591874 147937.0 0.0
0.0909510618651893 147950.0 0.0
0.09152816251154201 157584.0 0.0
0.1038781163434903 243040.0 0.0
0.10987996306555864 297011.0 0.0
0.12557710064635272 223333.0 0.0
0.1296168051708218 326857.0 0.0
0.13815789473684212 198300.0 0.0
0.14762234533702678 196664.0 0.0
0.1778624192059095 310346.0 0.0
0.1954062788550323 332929.0 0.0
0.1992151431209603 403884.0 0.0
0.23234072022160665 299242.0 0.0
0.2562326869806094 462679.0 0.0
0.427746999076639 518553.0 0.0
0.5659048938134811 612244.0 0.0
0.8221375807940905 854343.0 0.0
1.0 989310.0 0.0
