10717
0.00011542012927054478 963.6308864265928 0.0
0.00023084025854108956 1454.2200740436035 0.0
0.00034626038781163435 1999.9107312440647 0.0
0.0004616805170821791 2323.286153846154 0.0
0.0005771006463527239 2554.4188596491226 0.0
0.0006925207756232687 2796.623188405797 0.0
0.0008079409048938135 3005.2801418439717 0.0
0.0009233610341643582 3182.0982905982905 0.0
0.001038781163434903 3296.273224043716 0.0
0.0011542012927054479 3488.5403726708073 0.0
0.0012696214219759926 3610.212121212121 0.0
0.0013850415512465374 3656.8706896551726 0.0
0.0015004616805170822 3712.9189189189187 0.0
0.001615881809787627 3789.3039215686276 0.0
0.0017313019390581717 3921.1785714285716 0.0
0.0018467220683287165 3933.897435897436 0.0
0.0019621421975992612 3908.6290322580644 0.0
0.002077562326869806 3945.081632653061 0.0
0.0021929824561403508 4133.775862068966 0.0
0.0023084025854108957 4181.586956521739 0.0
0.0024238227146814403 4105.78431372549 0.0
0.0025392428439519853 4198.759259259259 0.0
0.00265466297322253 4354.4047619047615 0.0
0.002770083102493075 4391.775 0.0
0.0028855032317636198 4441.325 0.0
0.0030009233610341643 4389.5952380952385 0.0
0.0031163434903047093 4558.358974358975 0.0
0.003231763619575254 4546.684210526316 0.0
0.003347183748845799 4372.771428571428 0.0
0.0034626038781163434 4524.235294117647 0.0
0.0035780240073868884 4447.966666666666 0.0
0.003693444136657433 4573.903225806452 0.0
0.003808864265927978 4475.333333333333 0.0
0.0039242843951985225 4715.28 0.0
0.004039704524469067 4750.142857142857 0.0
0.004155124653739612 4746.416666666667 0.0
0.004270544783010157 4779.666666666667 0.0
0.0043859649122807015 4716.75 0.0
0.004501385041551247 4764.777777777777 0.0
0.0046168051708217915 4822.75 0.0
0.004732225300092336 4747.857142857143 0.0
0.004847645429362881 4736.333333333333 0.0
0.004963065558633426 5053.0 0.0
0.0050784856879039705 4815.6 0.0
0.005193905817174515 4908.0 0.0
0.00530932594644506 4892.0 0.0
0.005424746075715605 4993.894736842105 0.0
0.00554016620498615 4937.125 0.0
0.005655586334256694 4887.238095238095 0.0
0.0057710064635272396 5012.071428571428 0.0
0.005886426592797784 4930.111111111111 0.0
0.006001846722068329 4954.866666666667 0.0
0.006117266851338873 4993.6875 0.0
0.006232686980609419 4957.733333333334 0.0
0.006348107109879963 5127.6875 0.0
0.006463527239150508 4835.272727272727 0.0
0.006578947368421052 5037.583333333333 0.0
0.006694367497691598 4982.25 0.0
0.006809787626962142 5058.0 0.0
0.006925207756232687 4993.5 0.0
0.007040627885503232 5062.25 0.0
0.007156048014773777 4985.785714285715 0.0
0.007271468144044321 5065.090909090909 0.0
0.007386888273314866 5146.777777777777 0.0
0.007502308402585411 5191.125 0.0
0.007617728531855956 5157.2 0.0
0.0077331486611265 5173.2 0.0
0.007848568790397045 5296.111111111111 0.0
0.00796398891966759 5253.7692307692305 0.0
0.008079409048938134 5070.625 0.0
0.00819482917820868 4966.857142857143 0.0
0.008310249307479225 5262.0 0.0
0.008425669436749769 4930.0 0.0
0.008541089566020314 5281.285714285715 0.0
0.00865650969529086 5056.6 0.0
0.008771929824561403 5124.5 0.0
0.008887349953831948 5173.5 0.0
0.009002770083102494 5132.625 0.0
0.009118190212373038 5020.0 0.0
0.009233610341643583 5026.2 0.0
0.009349030470914127 5051.375 0.0
0.009464450600184672 5102.428571428572 0.0
0.009579870729455217 5252.777777777777 0.0
0.009695290858725761 5127.666666666667 0.0
0.009810710987996307 5264.333333333333 0.0
0.009926131117266852 5174.875 0.0
0.010041551246537396 5268.666666666667 0.0
0.010156971375807941 5381.333333333333 0.0
0.010272391505078486 5686.8 0.0
0.01038781163434903 5356.0 0.0
0.010503231763619576 5606.5 0.0
0.01061865189289012 5276.4 0.0
0.010734072022160665 5190.2 0.0
0.01084949215143121 5422.4 0.0
0.010964912280701754 5202.0 0.0
0.0110803324099723 5316.333333333333 0.0
0.011195752539242845 5143.0 0.0
0.011311172668513388 5531.75 0.0
0.011426592797783934 5444.0 0.0
0.011542012927054479 5628.5 0.0
0.011657433056325023 5637.666666666667 0.0
0.011772853185595568 5451.6 0.0
0.011888273314866112 5617.0 0.0
0.012003693444136657 5091.0 0.0
0.012119113573407203 5226.4 0.0
0.012234533702677746 5558.8 0.0
0.012349953831948292 5563.0 0.0
0.012465373961218837 5535.333333333333 0.0
0.012580794090489381 5431.8 0.0
0.012696214219759926 5781.333333333333 0.0
0.012811634349030472 5837.5 0.0
0.012927054478301015 5700.428571428572 0.0
0.01304247460757156 5596.333333333333 0.0
0.013157894736842105 5634.142857142857 0.0
0.01327331486611265 5501.333333333333 0.0
0.013388734995383195 5433.333333333333 0.0
0.013504155124653739 5627.75 0.0
0.013619575253924284 5495.6 0.0
0.01373499538319483 5593.0 0.0
0.013850415512465374 5616.0 0.0
0.013965835641735919 5376.25 0.0
0.014081255771006464 5330.0 0.0
0.014196675900277008 5673.0 0.0
0.014312096029547553 5534.666666666667 0.0
0.014427516158818097 5818.666666666667 0.0
0.014542936288088643 5852.4 0.0
0.014658356417359188 6243.0 0.0
0.014773776546629732 5925.0 0.0
0.014889196675900277 5639.5 0.0
0.015004616805170823 5629.285714285715 0.0
0.015120036934441366 5578.5 0.0
0.015235457063711912 5705.333333333333 0.0
0.015350877192982455 5318.0 0.0
0.015466297322253 6134.0 0.0
0.015581717451523546 5203.0 0.0
0.01569713758079409 5636.666666666667 0.0
0.015812557710064637 5826.666666666667 0.0
0.01592797783933518 5657.5 0.0
0.016043397968605724 5661.5 0.0
0.016158818097876268 5535.0 0.0
0.016274238227146815 5664.5 0.0
0.01638965835641736 6068.5 0.0
0.016505078485687903 5893.5 0.0
0.01662049861495845 5735.333333333333 0.0
0.016735918744228993 5794.0 0.0
0.016851338873499537 5522.666666666667 0.0
0.016966759002770084 5668.0 0.0
0.017082179132040628 5808.0 0.0
0.01719759926131117 5354.0 0.0
0.01731301939058172 5811.0 0.0
0.017428439519852262 5811.0 0.0
0.017543859649122806 5612.0 0.0
0.017659279778393353 5612.666666666667 0.0
0.017774699907663897 5873.333333333333 0.0
0.01789012003693444 6008.4 0.0
0.018005540166204988 5264.0 0.0
0.01812096029547553 5548.5 0.0
0.018236380424746075 5431.5 0.0
0.018351800554016622 5358.0 0.0
0.018467220683287166 5513.0 0.0
0.01858264081255771 5756.0 0.0
0.018698060941828253 5657.0 0.0
0.0188134810710988 5691.5 0.0
0.018928901200369344 6043.0 0.0
0.019044321329639888 5986.0 0.0
0.019159741458910435 5761.0 0.0
0.01927516158818098 5390.0 0.0
0.019390581717451522 5936.0 0.0
0.019621421975992613 5763.0 0.0
0.019736842105263157 5730.0 0.0
0.019967682363804248 5291.0 0.0
0.02008310249307479 5931.4 0.0
0.02019852262234534 6341.0 0.0
0.020313942751615882 6488.5 0.0
0.020429362880886426 5760.0 0.0
0.020544783010156973 5760.0 0.0
0.020660203139427517 5760.0 0.0
0.02077562326869806 5603.0 0.0
0.020891043397968604 5351.0 0.0
0.02100646352723915 5751.0 0.0
0.021121883656509695 5752.0 0.0
0.02123730378578024 5752.0 0.0
0.021352723915050786 5352.0 0.0
0.02146814404432133 6343.0 0.0
0.021583564173591873 5841.0 0.0
0.02169898430286242 5829.0 0.0
0.021814404432132964 5817.0 0.0
0.021929824561403508 5817.0 0.0
0.022045244690674055 6072.0 0.0
0.0221606648199446 5878.0 0.0
0.02239150507848569 6344.0 0.0
0.022506925207756233 5975.0 0.0
0.022622345337026777 6210.0 0.0
0.02296860572483841 5986.0 0.0
0.023084025854108958 6029.5 0.0
0.023199445983379502 6076.0 0.0
0.023314866112650046 6030.5 0.0
0.02343028624192059 5785.0 0.0
0.023545706371191136 5887.75 0.0
0.02366112650046168 5990.5 0.0
0.023776546629732224 5788.5 0.0
0.02389196675900277 5885.333333333333 0.0
0.02412280701754386 5881.0 0.0
0.024238227146814405 5594.0 0.0
0.02435364727608495 6168.0 0.0
0.024469067405355493 5399.0 0.0
0.02458448753462604 5877.5 0.0
0.024699907663896584 5355.5 0.0
0.024815327793167127 5314.0 0.0
0.024930747922437674 5314.0 0.0
0.025161588180978762 5854.0 0.0
0.02527700831024931 5796.0 0.0
0.025392428439519853 5842.0 0.0
0.025507848568790396 6146.4 0.0
0.025623268698060944 6334.0 0.0
0.025738688827331487 6136.5 0.0
0.02585410895660203 6120.5 0.0
0.025969529085872575 6266.0 0.0
0.02608494921514312 6146.0 0.0
0.026200369344413665 6283.833333333333 0.0
0.02631578947368421 6411.0 0.0
0.026431209602954756 6115.25 0.0
0.0265466297322253 6131.2 0.0
0.026662049861495844 6157.6 0.0
0.02677746999076639 6401.666666666667 0.0
0.026892890120036934 5422.0 0.0
0.027008310249307478 5975.75 0.0
0.027123730378578025 5931.0 0.0
0.02723915050784857 6160.333333333333 0.0
0.027354570637119113 5850.5 0.0
0.02746999076638966 5901.666666666667 0.0
0.027585410895660203 6095.5 0.0
0.027700831024930747 5748.0 0.0
0.027816251154201294 5883.333333333333 0.0
0.027931671283471838 6271.5 0.0
0.02804709141274238 5869.0 0.0
0.028277931671283472 5999.0 0.0
0.028393351800554016 5841.0 0.0
0.028624192059095107 5459.0 0.0
0.02897045244690674 5676.0 0.0
0.02920129270544783 6150.0 0.0
0.029316712834718376 6152.0 0.0
0.02943213296398892 6627.0 0.0
0.029547553093259463 5477.0 0.0
0.02966297322253001 6634.0 0.0
0.030009233610341645 6634.0 0.0
0.03012465373961219 5955.0 0.0
0.030240073868882732 6295.5 0.0
0.03035549399815328 6089.666666666667 0.0
0.030470914127423823 6296.0 0.0
0.03070175438596491 5955.0 0.0
0.031278855032317636 5957.0 0.0
0.03139427516158818 5488.0 0.0
0.03150969529085872 5958.0 0.0
0.031625115420129274 5792.666666666667 0.0
0.03174053554939982 5830.0 0.0
0.03185595567867036 5666.5 0.0
0.032317636195752536 6351.0 0.0
0.03254847645429363 6305.5 0.0
0.032663896583564174 5997.666666666667 0.0
0.03277931671283472 5998.333333333333 0.0
0.03289473684210526 6011.75 0.0
0.033010156971375805 6104.666666666667 0.0
0.033125577100646356 5964.0 0.0
0.0332409972299169 5821.5 0.0
0.03335641735918744 5679.0 0.0
0.03347183748845799 5965.0 0.0
0.03358725761772853 6149.666666666667 0.0
0.033818097876269625 6255.0 0.0
0.03393351800554017 6830.0 0.0
0.03404893813481071 6137.5 0.0
0.034164358264081256 6566.5 0.0
0.0342797783933518 5906.333333333333 0.0
0.03439519852262234 5504.0 0.0
0.03451061865189289 5736.0 0.0
0.03462603878116344 5861.0 0.0
0.03474145891043398 5752.0 0.0
0.034856879039704525 5906.0 0.0
0.03497229916897507 5906.0 0.0
0.03508771929824561 6142.0 0.0
0.035203139427516156 5972.0 0.0
0.035318559556786706 6105.0 0.0
0.03543397968605725 6038.5 0.0
0.035549399815327794 5979.0 0.0
0.035895660203139425 5504.0 0.0
0.03612650046168052 6315.0 0.0
0.037396121883656507 6893.0 0.0
0.0376269621421976 6893.0 0.0
0.037742382271468145 6893.0 0.0
0.03785780240073869 6893.0 0.0
0.03797322253000923 5768.0 0.0
0.038088642659279776 6893.0 0.0
0.038204062788550326 6328.333333333333 0.0
0.03831948291782087 6893.0 0.0
0.038434903047091414 6895.0 0.0
0.03855032317636196 5769.0 0.0
0.03970452446906741 5772.0 0.0
0.04039704524469068 5961.0 0.0
0.04051246537396122 5964.0 0.0
0.04120498614958449 5776.0 0.0
0.04362880886426593 6787.0 0.0
0.043975069252077566 6787.0 0.0
0.04420590951061865 6668.666666666667 0.0
0.0443213296398892 6609.5 0.0
0.04443674976915974 6708.0 0.0
0.04478301015697138 6668.5 0.0
0.04489843028624192 6682.5 0.0
0.045013850415512466 6813.0 0.0
0.04512927054478301 6813.0 0.0
0.0453601108033241 6813.0 0.0
0.046052631578947366 6873.0 0.0
0.046398891966759004 6873.0 0.0
0.04651431209602955 6873.0 0.0
0.047899353647276086 6133.0 0.0
0.04801477377654663 6133.0 0.0
0.049284395198522624 7091.0 0.0
0.05043859649122807 6176.0 0.0
0.05055401662049862 6489.0 0.0
0.05066943674976916 6807.0 0.0
0.051131117266851336 6814.0 0.0
0.05136195752539243 6814.0 0.0
0.051477377654662974 6498.0 0.0
0.051823638042474605 6838.0 0.0
0.05193905817174515 6975.0 0.0
0.05240073868882733 6730.5 0.0
0.052516158818097874 6353.0 0.0
0.05274699907663897 6267.5 0.0
0.052977839335180056 7113.0 0.0
0.05343951985226224 7113.0 0.0
0.05355493998153278 7113.0 0.0
0.054016620498614956 6354.0 0.0
0.0541320406278855 6734.0 0.0
0.05424746075715605 6734.0 0.0
0.054362880886426594 6356.0 0.0
0.05505540166204986 6133.0 0.0
0.055401662049861494 6359.0 0.0
0.05551708217913204 6359.0 0.0
0.05620960295475531 5962.0 0.0
0.057248384118190214 6918.0 0.0
0.05736380424746076 6918.0 0.0
0.0574792243767313 6919.0 0.0
0.05782548476454294 6919.0 0.0
0.05794090489381348 6919.0 0.0
0.05817174515235457 6919.0 0.0
0.05840258541089566 7080.5 0.0
0.05851800554016621 6919.0 0.0
0.058748845798707296 7242.0 0.0
0.05921052631578947 7136.0 0.0
0.059441366574330565 7136.0 0.0
0.05955678670360111 6919.0 0.0
0.060480147737765465 7137.0 0.0
0.06059556786703601 7190.5 0.0
0.06071098799630656 7190.5 0.0
0.0608264081255771 7120.0 0.0
0.060941828254847646 7244.0 0.0
0.06105724838411819 7244.0 0.0
0.061172668513388734 7244.0 0.0
0.06128808864265928 7245.0 0.0
0.06140350877192982 7248.0 0.0
0.06151892890120037 7248.0 0.0
0.061634349030470915 7248.0 0.0
0.061980609418282546 6372.0 0.0
0.06267313019390582 6780.5 0.0
0.06278855032317636 7248.0 0.0
0.0629039704524469 7248.0 0.0
0.06336565096952909 6315.0 0.0
0.06348107109879964 6315.0 0.0
0.06359649122807018 6315.0 0.0
0.06371191135734072 6315.0 0.0
0.06405817174515235 7001.0 0.0
0.0641735918744229 7001.0 0.0
0.06440443213296398 7075.0 0.0
0.06475069252077563 7001.0 0.0
0.06486611265004617 7001.0 0.0
0.06509695290858726 7002.0 0.0
0.0652123730378578 7077.0 0.0
0.06532779316712835 7153.0 0.0
0.06544321329639889 7002.0 0.0
0.06555863342566944 7002.0 0.0
0.06567405355493998 7154.0 0.0
0.06578947368421052 7154.0 0.0
0.06590489381348107 7154.0 0.0
0.06613573407202217 7154.0 0.0
0.06948291782086796 6651.5 0.0
0.06971375807940905 7077.0 0.0
0.0698291782086796 6228.0 0.0
0.06994459833795014 6228.0 0.0
0.07017543859649122 6228.0 0.0
0.07040627885503231 6228.0 0.0
0.07052169898430287 6789.0 0.0
0.07075253924284396 6799.0 0.0
0.07109879963065559 7166.0 0.0
0.07132963988919667 7214.5 0.0
0.07144506001846722 7214.5 0.0
0.07156048014773776 7264.0 0.0
0.0716759002770083 7264.0 0.0
0.0721375807940905 7264.0 0.0
0.07225300092336104 7002.0 0.0
0.07317636195752539 7166.0 0.0
0.07571560480147738 7210.0 0.0
0.07594644506001846 7210.0 0.0
0.07606186518928901 7210.0 0.0
0.07617728531855955 7210.0 0.0
0.0762927054478301 7210.0 0.0
0.077331486611265 7212.0 0.0
0.07756232686980609 7212.0 0.0
0.07779316712834719 7212.0 0.0
0.07825484764542937 7212.0 0.0
0.07837026777469991 7212.0 0.0
0.078601108033241 7212.0 0.0
0.07883194829178208 7212.0 0.0
0.07894736842105263 7212.0 0.0
0.07906278855032317 7289.0 0.0
0.07917820867959371 7264.5 0.0
0.07929362880886427 7264.5 0.0
0.07940904893813482 7264.5 0.0
0.07952446906740536 7289.0 0.0
0.0796398891966759 7240.0 0.0
0.07975530932594645 7240.0 0.0
0.07987072945521699 7240.0 0.0
0.08067867036011081 7240.0 0.0
0.08079409048938135 7240.0 0.0
0.0817174515235457 7059.0 0.0
0.08229455216989844 7289.0 0.0
0.08240997229916898 7289.0 0.0
0.08252539242843952 7289.0 0.0
0.08264081255771007 7289.0 0.0
0.08414127423822715 7292.0 0.0
0.08425669436749769 7293.0 0.0
0.08437211449676824 7293.0 0.0
0.08460295475530932 7293.0 0.0
0.08852723915050785 7253.0 0.0
0.08875807940904894 7254.0 0.0
0.08887349953831948 7254.0 0.0
0.08910433979686057 7254.0 0.0
0.08921975992613111 7254.0 0.0
0.08991228070175439 7303.0 0.0
0.0904893813481071 7303.0 0.0
0.09083564173591874 7303.0 0.0
0.09129732225300093 6832.0 0.0
0.09187442289935364 6832.0 0.0
0.09210526315789473 6832.0 0.0
0.09522160664819945 6848.0 0.0
0.09556786703601108 6848.0 0.0
0.09568328716528163 6848.0 0.0
0.09579870729455217 6851.0 0.0
0.09637580794090489 6851.0 0.0
0.09672206832871653 6851.0 0.0
0.10295475530932595 7126.0 0.0
0.10307017543859649 7126.0 0.0
0.10318559556786704 7126.0 0.0
0.10399353647276086 7296.0 0.0
0.1041089566020314 7296.0 0.0
0.10480147737765466 7296.0 0.0
0.10503231763619575 7297.0 0.0
0.10514773776546629 7297.0 0.0
0.10526315789473684 7297.0 0.0
0.10549399815327794 7297.0 0.0
0.10572483841181902 7297.0 0.0
0.10630193905817174 7215.0 0.0
0.11149584487534626 7433.0 0.0
0.11172668513388735 7433.0 0.0
0.1118421052631579 7433.0 0.0
0.11207294552169898 7653.0 0.0
0.11218836565096953 7653.0 0.0
0.11230378578024007 7653.0 0.0
0.11311172668513389 7465.0 0.0
0.11322714681440443 7559.0 0.0
0.11345798707294552 7115.0 0.0
0.11368882733148661 7466.0 0.0
0.11380424746075715 7466.0 0.0
0.1139196675900277 7466.0 0.0
0.11403508771929824 7466.0 0.0
0.1141505078485688 7466.0 0.0
0.11438134810710988 7466.0 0.0
0.11449676823638043 7466.0 0.0
0.1149584487534626 7653.0 0.0
0.11518928901200369 7653.0 0.0
0.11530470914127423 7653.0 0.0
0.11542012927054478 7653.0 0.0
0.11553554939981532 7560.0 0.0
0.11565096952908588 7653.0 0.0
0.11576638965835642 7560.0 0.0
0.11599722991689751 7467.0 0.0
0.1162280701754386 7467.0 0.0
0.11634349030470914 7467.0 0.0
0.11645891043397968 7467.0 0.0
0.11657433056325023 7467.0 0.0
0.11668975069252077 7467.0 0.0
0.11680517082179132 7467.0 0.0
0.11703601108033242 7467.0 0.0
0.11715143120960296 7467.0 0.0
0.11749769159741459 7423.0 0.0
0.11819021237303785 7423.0 0.0
0.1183056325023084 7439.0 0.0
0.11842105263157894 7469.0 0.0
0.1185364727608495 7469.0 0.0
0.11945983379501385 7439.0 0.0
0.11957525392428439 7454.0 0.0
0.11969067405355494 7439.0 0.0
0.12026777469990767 7439.0 0.0
0.12038319482917821 7439.0 0.0
0.12188365650969529 7469.0 0.0
0.12199907663896584 7469.0 0.0
0.12211449676823638 7469.0 0.0
0.12280701754385964 7469.0 0.0
0.1229224376731302 7469.0 0.0
0.12315327793167129 7469.0 0.0
0.13261772853185597 7495.0 0.0
0.13284856879039705 7495.0 0.0
0.14600646352723914 7520.0 0.0
0.14646814404432132 7520.0 0.0
0.1466989843028624 7520.0 0.0
0.14681440443213298 7520.0 0.0
0.14692982456140352 7521.0 0.0
0.14704524469067407 7521.0 0.0
0.14727608494921515 7521.0 0.0
0.1473915050784857 7521.0 0.0
0.14762234533702678 7590.0 0.0
0.14773776546629733 7590.0 0.0
0.14785318559556787 7590.0 0.0
0.14796860572483841 7590.0 0.0
0.14808402585410896 7590.0 0.0
0.1490073868882733 7591.0 0.0
0.14981532779316714 7591.0 0.0
0.14993074792243768 7591.0 0.0
0.15004616805170823 7591.0 0.0
0.15120036934441367 7439.0 0.0
0.15143120960295475 7439.0 0.0
0.1515466297322253 7439.0 0.0
0.15177746999076638 7603.0 0.0
0.15189289012003693 7603.0 0.0
0.1587026777469991 7602.0 0.0
0.18490304709141275 8000.0 0.0
0.1850184672206833 8000.0 0.0
0.18571098799630656 8000.0 0.0
0.1858264081255771 8000.0 0.0
0.1860572483841182 8000.0 0.0
0.19078947368421054 8003.0 0.0
0.1914819944598338 8003.0 0.0
0.19171283471837489 8003.0 0.0
0.19182825484764543 8003.0 0.0
0.19194367497691597 8003.0 0.0
0.19783010156971376 8044.0 0.0
0.1979455216989843 8044.0 0.0
0.1981763619575254 8044.0 0.0
0.19829178208679593 8044.0 0.0
0.19840720221606647 8044.0 0.0
0.19956140350877194 8055.0 0.0
0.19967682363804248 8055.0 0.0
0.19979224376731303 8055.0 0.0
0.20325484764542937 8055.0 0.0
0.2033702677746999 8055.0 0.0
0.20348568790397045 8055.0 0.0
0.2046398891966759 8056.0 0.0
0.23614958448753462 8370.0 0.0
0.23626500461680516 8370.0 0.0
0.23672668513388734 8370.0 0.0
0.2721606648199446 8122.0 0.0
0.2726223453370268 8392.0 0.0
0.27458448753462605 8392.0 0.0
0.27469990766389657 8392.0 0.0
0.27516158818097874 8392.0 0.0
0.47980147737765466 9293.0 0.0
0.48003231763619575 9293.0 0.0
0.4801477377654663 9293.0 0.0
0.4804939981532779 9293.0 0.0
0.4909972299168975 9309.0 0.0
0.49134349030470914 9309.0 0.0
0.49434441366574333 9309.0 0.0
0.6458910433979687 9573.0 0.0
0.6484302862419206 9573.0 0.0
0.6513157894736842 9575.0 0.0
0.7075253924284395 9605.0 0.0
0.7278393351800554 10241.0 0.0
1.0 10717.0 0.0
