894962
0.00011542012927054478 1231.3459141274238 167.9862650046168
0.00023084025854108956 1874.3165347771762 269.34652228238235
0.00034626038781163435 2804.3771661569826 504.2854230377166
0.0004616805170821791 3309.824773413897 593.6722054380665
0.0005771006463527239 3895.1067538126363 703.0479302832244
0.0006925207756232687 4463.883720930233 789.7529069767442
0.0008079409048938135 5031.329749103943 828.9498207885305
0.0009233610341643582 5710.990697674419 1068.8046511627906
0.001038781163434903 6450.356725146199 1300.8947368421052
0.0011542012927054479 6697.699346405228 1541.7385620915034
0.0012696214219759926 7206.448979591837 1659.4013605442176
0.0013850415512465374 7625.298387096775 1719.258064516129
0.0015004616805170822 7097.695238095238 1895.142857142857
0.001615881809787627 9424.862068965518 2634.4597701149423
0.0017313019390581717 8593.085365853658 1848.4756097560976
0.0018467220683287165 10445.578125 2676.0
0.0019621421975992612 10559.955223880597 2607.0149253731342
0.002077562326869806 10746.298507462687 2445.1641791044776
0.0021929824561403508 10591.972972972973 2335.689189189189
0.0023084025854108957 10514.159420289856 2403.3333333333335
0.0024238227146814403 11342.25 2511.8333333333335
0.0025392428439519853 12880.804347826086 3868.5434782608695
0.00265466297322253 13895.22 3702.42
0.002770083102493075 14581.754716981131 3321.2075471698113
0.0028855032317636198 14512.358974358975 3655.769230769231
0.0030009233610341643 11645.104166666666 3357.2083333333335
0.0031163434903047093 12412.609756097561 3390.487804878049
0.003231763619575254 12000.170212765957 4934.234042553191
0.003347183748845799 14831.564102564103 5042.5641025641025
0.0034626038781163434 14787.45 6302.825
0.0035780240073868884 16040.444444444445 5868.111111111111
0.003693444136657433 15802.538461538461 5134.192307692308
0.003808864265927978 12966.545454545454 4016.6969696969695
0.0039242843951985225 14255.121212121212 4785.393939393939
0.004039704524469067 15808.225806451614 5285.580645161291
0.004155124653739612 15857.84 4607.32
0.004270544783010157 18582.821428571428 5708.821428571428
0.0043859649122807015 17500.85185185185 4953.2962962962965
0.004501385041551247 18660.52 8509.32
0.0046168051708217915 20012.363636363636 6402.545454545455
0.004732225300092336 21867.8 8232.65
0.004847645429362881 25560.6875 8887.1875
0.004963065558633426 19720.045454545456 7965.818181818182
0.0050784856879039705 20990.5 5123.357142857143
0.005193905817174515 19696.69230769231 6080.846153846154
0.00530932594644506 19999.083333333332 5048.916666666667
0.005424746075715605 22886.4375 8292.75
0.00554016620498615 23068.555555555555 7902.722222222223
0.005655586334256694 17639.2 4852.4
0.0057710064635272396 21924.0 6169.0
0.005886426592797784 17294.5 6668.083333333333
0.006001846722068329 18522.846153846152 6529.153846153846
0.006117266851338873 22053.071428571428 7740.357142857143
0.006232686980609419 25494.75 13360.875
0.006348107109879963 22330.0 8395.5
0.006463527239150508 18134.153846153848 7317.0
0.006578947368421052 23379.875 8432.5
0.006694367497691598 20924.882352941175 8195.588235294117
0.006809787626962142 21147.076923076922 7550.923076923077
0.006925207756232687 21736.083333333332 13564.333333333334
0.007040627885503232 23932.545454545456 15862.90909090909
0.007156048014773777 27826.5 11322.857142857143
0.007271468144044321 25777.25 12494.25
0.007386888273314866 36971.71428571428 13270.285714285714
0.007502308402585411 37794.375 15011.75
0.007617728531855956 30103.777777777777 8911.333333333334
0.0077331486611265 22118.833333333332 9481.416666666666
0.007848568790397045 21183.545454545456 8993.636363636364
0.00796398891966759 21823.266666666666 14836.8
0.008079409048938134 17778.75 16305.5
0.00819482917820868 22723.222222222223 11622.333333333334
0.008310249307479225 24699.85714285714 9324.857142857143
0.008425669436749769 17713.875 8751.0
0.008541089566020314 30748.0 9992.5
0.00865650969529086 30008.25 10153.5
0.008771929824561403 29408.5 12048.5
0.008887349953831948 30000.75 11078.75
0.009002770083102494 26634.3 12197.7
0.009118190212373038 30076.3 15744.4
0.009233610341643583 24322.4 13025.2
0.009349030470914127 22521.6 9923.2
0.009464450600184672 22607.0 18062.875
0.009579870729455217 23966.833333333332 22667.833333333332
0.009695290858725761 20791.666666666668 31580.0
0.009810710987996307 17201.666666666668 27133.0
0.009926131117266852 25741.714285714286 23377.428571428572
0.010041551246537396 26233.4 26841.8
0.010156971375807941 25167.6 25640.8
0.010272391505078486 24636.8 10490.8
0.01038781163434903 25077.0 11848.166666666666
0.010503231763619576 31389.0 14636.666666666666
0.01061865189289012 28100.5 23536.25
0.010734072022160665 32712.14285714286 17306.714285714286
0.01084949215143121 33533.0 12180.333333333334
0.010964912280701754 23254.75 23584.5
0.0110803324099723 27062.0 9785.5
0.011195752539242845 22290.2 8205.2
0.011311172668513388 19745.333333333332 6521.833333333333
0.011426592797783934 25957.25 12261.75
0.011542012927054479 28184.285714285714 9162.857142857143
0.011657433056325023 24131.75 9176.25
0.011772853185595568 23107.0 9799.42857142857
0.011888273314866112 29195.2 10113.6
0.012003693444136657 32367.6 10752.0
0.012119113573407203 38876.5 11193.0
0.012234533702677746 28386.6 10777.8
0.012349953831948292 29569.75 9114.25
0.012465373961218837 31237.75 11414.0
0.012580794090489381 37619.57142857143 15257.42857142857
0.012696214219759926 32534.0 12687.166666666666
0.012811634349030472 41804.25 18724.5
0.012927054478301015 33478.333333333336 15108.0
0.01304247460757156 44281.0 14975.0
0.013157894736842105 51903.5 33856.0
0.01327331486611265 40702.0 15802.0
0.013388734995383195 32002.333333333332 14478.333333333334
0.013504155124653739 43121.25 21873.0
0.013619575253924284 40083.8 21802.8
0.01373499538319483 44113.75 20890.0
0.013850415512465374 38279.1 17360.0
0.013965835641735919 28997.25 18431.75
0.014081255771006464 34838.2 20947.2
0.014196675900277008 39508.72727272727 19332.727272727272
0.014312096029547553 39200.0 23116.714285714286
0.014427516158818097 39191.333333333336 21004.555555555555
0.014542936288088643 37775.333333333336 33169.5
0.014658356417359188 38097.666666666664 24346.333333333332
0.014773776546629732 41616.0 22059.4
0.014889196675900277 42539.142857142855 29504.85714285714
0.015004616805170823 38580.0 26493.0
0.015120036934441366 46702.166666666664 20856.833333333332
0.015235457063711912 48336.8 31598.2
0.015350877192982455 44216.375 31435.25
0.015466297322253 43668.0 21187.333333333332
0.015581717451523546 62881.8 32729.2
0.01569713758079409 37179.25 29540.0
0.015812557710064637 54413.666666666664 22091.333333333332
0.01592797783933518 54481.333333333336 19226.333333333332
0.016043397968605724 46292.833333333336 21151.666666666668
0.016158818097876268 51489.666666666664 22082.166666666668
0.016274238227146815 41366.833333333336 25732.5
0.01638965835641736 53926.166666666664 24729.333333333332
0.016505078485687903 38459.333333333336 24647.666666666668
0.01662049861495845 49801.6 29812.8
0.016735918744228993 43648.833333333336 25498.5
0.016851338873499537 40352.8 25373.4
0.016966759002770084 50627.5 27582.0
0.017082179132040628 34945.25 15574.25
0.01719759926131117 46940.0 22686.833333333332
0.01731301939058172 34526.857142857145 18336.285714285714
0.017428439519852262 45050.5 20148.5
0.017543859649122806 48279.0 21934.166666666668
0.017659279778393353 40047.6 20563.2
0.017774699907663897 62087.0 24585.666666666668
0.01789012003693444 47924.5 18111.25
0.018005540166204988 38704.5 21155.5
0.01812096029547553 40542.0 20840.0
0.018236380424746075 34272.5 16545.0
0.018351800554016622 58947.0 39058.5
0.018467220683287166 38765.0 27114.0
0.018698060941828253 38064.333333333336 19214.333333333332
0.0188134810710988 46270.0 23508.0
0.018928901200369344 39946.5 18997.0
0.019044321329639888 40343.5 19390.0
0.019159741458910435 33322.0 16372.5
0.01927516158818098 44456.0 22436.0
0.01950600184672207 77153.0 57247.0
0.019736842105263157 43256.666666666664 22886.0
0.019852262234533704 58574.666666666664 36038.666666666664
0.019967682363804248 59295.333333333336 35349.333333333336
0.02008310249307479 59733.0 39553.0
0.020313942751615882 50976.0 38233.0
0.020429362880886426 50981.0 38233.0
0.020660203139427517 47995.0 20321.0
0.02077562326869806 39421.0 11432.0
0.020891043397968604 44946.0 18038.5
0.02100646352723915 44980.5 18055.5
0.021121883656509695 45701.0 18353.0
0.02123730378578024 50587.0 24720.0
0.021352723915050786 50652.0 24724.0
0.021583564173591873 50661.0 24726.0
0.02169898430286242 68207.5 42943.5
0.021814404432132964 46637.333333333336 24526.333333333332
0.022045244690674055 54770.0 29305.5
0.0221606648199446 58556.0 33758.0
0.022276084949215142 49849.0 30398.0
0.02239150507848569 55085.666666666664 32548.333333333332
0.022506925207756233 41195.0 26705.0
0.022622345337026777 46145.0 25805.0
0.022737765466297324 51079.0 47666.0
0.022853185595567867 52208.0 25934.0
0.02296860572483841 46299.0 37222.5
0.023084025854108958 52269.0 25948.0
0.023199445983379502 50501.0 27619.333333333332
0.023314866112650046 69247.0 28035.0
0.02343028624192059 44716.0 24655.666666666668
0.023545706371191136 46675.666666666664 28930.0
0.02366112650046168 67662.33333333333 28631.333333333332
0.023776546629732224 41810.0 26795.0
0.024007386888273315 47698.0 26767.0
0.02412280701754386 45765.0 30299.5
0.024238227146814405 70009.0 28680.0
0.02435364727608495 61558.25 29645.25
0.024469067405355493 50162.0 33824.0
0.02458448753462604 45339.0 29309.0
0.024930747922437674 40829.0 25906.5
0.025046168051708218 40854.5 25955.5
0.02527700831024931 46007.5 31955.5
0.025392428439519853 50215.0 30110.0
0.025623268698060944 53818.0 40401.0
0.02585410895660203 44793.0 29182.5
0.025969529085872575 52195.333333333336 32014.0
0.02608494921514312 60455.5 36636.5
0.026200369344413665 53499.333333333336 32564.333333333332
0.02631578947368421 65092.0 53663.0
0.026431209602954756 50470.333333333336 28953.666666666668
0.0265466297322253 66947.0 32443.0
0.026662049861495844 48688.0 23002.5
0.02677746999076639 51729.333333333336 27239.0
0.026892890120036934 60606.5 36658.5
0.027008310249307478 67064.0 32456.0
0.027123730378578025 52152.0 31467.0
0.02746999076638966 46702.0 43702.0
0.027585410895660203 57477.0 39149.0
0.027931671283471838 72267.0 41591.0
0.02804709141274238 63617.666666666664 41843.0
0.02816251154201293 46918.0 29464.0
0.028393351800554016 41077.0 32047.0
0.02850877192982456 57736.0 40128.5
0.028624192059095107 41224.0 32060.0
0.02873961218836565 41529.0 32555.0
0.028855032317636194 58619.0 37269.0
0.02897045244690674 72124.5 45321.0
0.029085872576177285 71837.33333333333 46404.666666666664
0.02920129270544783 64543.0 45689.5
0.029316712834718376 67947.0 52476.5
0.02943213296398892 75422.0 38895.5
0.029547553093259463 75483.0 38931.5
0.02966297322253001 87605.0 59235.0
0.029778393351800554 60605.666666666664 46788.0
0.029893813481071098 74722.75 43953.0
0.030009233610341645 59592.0 38449.0
0.03012465373961219 54181.0 42172.0
0.030240073868882732 48806.0 45902.0
0.030470914127423823 48900.0 46036.0
0.030586334256694367 54453.5 42657.5
0.03070175438596491 68781.0 53297.0
0.030817174515235458 50115.0 38398.5
0.030932594644506 62655.5 58286.0
0.031048014773776545 55297.333333333336 51641.666666666664
0.031163434903047092 62753.5 58304.0
0.03139427516158818 51213.0 30291.0
0.03150969529085872 51823.5 40204.5
0.031625115420129274 51891.0 40214.5
0.03174053554939982 52427.0 50128.0
0.03185595567867036 76678.0 30310.0
0.031971375807940905 67997.66666666667 48673.333333333336
0.03208679593721145 52672.0 50197.0
0.032317636195752536 75269.5 48318.0
0.03243305632502309 76753.0 30350.0
0.03254847645429363 52627.0 33404.0
0.032663896583564174 62398.666666666664 46719.666666666664
0.03277931671283472 52708.0 33523.0
0.03289473684210526 52753.0 33527.0
0.033010156971375805 52960.0 33962.0
0.033125577100646356 53083.0 34170.0
0.0332409972299169 60768.0 40485.0
0.03335641735918744 61222.0 40958.0
0.03347183748845799 57611.666666666664 31014.333333333332
0.03358725761772853 81670.25 31377.75
0.033702677746999074 61209.0 35589.333333333336
0.033818097876269625 68198.0 35211.0
0.03393351800554017 40793.0 28893.0
0.03404893813481071 40798.5 28893.0
0.034164358264081256 47333.0 36429.0
0.0342797783933518 40858.5 28931.0
0.03451061865189289 34412.0 21364.0
0.03474145891043398 47630.0 36896.0
0.034856879039704525 87300.0 54001.0
0.03508771929824561 42126.0 29315.0
0.035203139427516156 48063.333333333336 33807.333333333336
0.035318559556786706 48124.0 32173.5
0.03543397968605725 87544.0 55130.0
0.035549399815327794 87547.0 55130.0
0.03566481994459834 57452.0 37971.333333333336
0.03578024007386888 68091.5 60524.5
0.035895660203139425 62468.5 57960.5
0.036011080332409975 59972.0 42838.0
0.03612650046168052 48549.333333333336 34202.333333333336
0.03624192059095106 36473.0 21596.0
0.036357340720221606 55401.5 40065.5
0.03647276084949215 48879.0 37761.0
0.036703601108033244 49059.0 37769.0
0.03681902123730379 54844.0 40983.0
0.03693444136657433 55074.5 41042.5
0.037049861495844875 55133.0 41079.5
0.03728070175438596 68193.0 42114.0
0.037396121883656507 62923.0 39060.5
0.03751154201292706 64518.75 43128.75
0.0376269621421976 64028.5 40546.0
0.037742382271468145 75684.0 39967.0
0.03785780240073869 64192.0 40624.0
0.03797322253000923 75944.0 40144.0
0.038088642659279776 70098.5 52690.5
0.038204062788550326 66345.25 53764.0
0.03831948291782087 81339.0 58010.5
0.038434903047091414 71806.0 52474.666666666664
0.03855032317636196 52754.0 41393.0
0.0386657433056325 64845.0 40001.666666666664
0.038781163434903045 64550.5 40824.5
0.038896583564173595 56924.5 42902.5
0.03901200369344414 61531.0 44597.0
0.03912742382271468 65198.5 43503.5
0.039242843951985226 63536.666666666664 42077.666666666664
0.03935826408125577 76696.0 40427.0
0.03970452446906741 70685.0 49134.0
0.03981994459833795 52976.0 41498.0
0.039935364727608495 76769.0 40533.0
0.04005078485687904 57594.0 43587.5
0.04016620498614958 69511.5 43061.5
0.040281625115420126 69597.5 43065.0
0.04039704524469068 75979.66666666667 47903.666666666664
0.04051246537396122 65010.0 41174.0
0.04074330563250231 62272.0 45591.0
0.04085872576177285 63340.666666666664 42079.333333333336
0.040974145891043395 69725.5 43118.5
0.041089566020313946 77220.0 40603.0
0.04120498614958449 78696.0 42775.0
0.04132040627885503 74757.33333333333 57920.0
0.04143582640812558 81654.5 65092.0
0.04155124653739612 84622.0 87493.0
0.041666666666666664 82524.66666666667 55657.666666666664
0.04178208679593721 84181.0 36676.0
0.04189750692520776 84473.5 62111.5
0.042128347183748846 90002.5 66347.5
0.04224376731301939 73884.0 66881.0
0.04235918744228993 80482.66666666667 65221.0
0.04247460757156048 78891.0 42872.0
0.042820867959372115 85123.0 87803.0
0.04293628808864266 82670.66666666667 49826.666666666664
0.0430517082179132 78824.0 41955.0
0.043167128347183746 78681.0 40943.0
0.04339796860572484 90949.0 66014.0
0.04409048938134811 85748.0 88274.0
0.04420590951061865 88362.0 44993.0
0.044552169898430284 71149.5 56649.5
0.04466759002770083 79531.5 54842.5
0.04478301015697138 80948.0 44259.0
0.04489843028624192 91087.0 66190.0
0.045013850415512466 78175.0 65452.0
0.04547553093259465 73478.5 53014.5
0.04559095106186519 64406.0 48059.0
0.04582179132040628 64410.0 48059.0
0.04593721144967682 64413.0 48060.0
0.046052631578947366 108842.0 86358.0
0.046168051708217916 82074.0 66010.0
0.04628347183748846 95518.0 76205.0
0.046398891966759004 82909.0 61982.0
0.04651431209602955 82919.0 62009.0
0.04662973222530009 95931.0 74568.0
0.04686057248384118 108949.0 86586.0
0.04697599261311173 108953.0 86616.0
0.04732225300092336 89132.0 91974.0
0.047437673130193904 89315.0 97722.0
0.04778393351800554 66790.0 48266.0
0.047899353647276086 94305.0 66641.0
0.04813019390581717 94350.0 66645.0
0.04824561403508772 80862.5 57609.0
0.04836103416435827 96207.0 68378.0
0.048591874422899355 96229.0 68407.0
0.0487072945521699 104038.0 66653.0
0.04882271468144044 67835.0 48828.0
0.04939981532779317 106939.5 67856.5
0.04951523545706371 102696.0 81637.0
0.049630655586334255 107033.5 68249.0
0.050092336103416436 103891.0 90239.0
0.05020775623268698 229519.0 106965.0
0.05055401662049862 106211.0 67805.0
0.05066943674976916 110813.0 87274.0
0.050784856879039705 106280.0 67811.0
0.05090027700831025 110840.0 87333.0
0.051131117266851336 111785.0 87485.0
0.05332409972299169 95540.5 68445.5
0.05517082179132041 74827.0 69559.0
0.05528624192059095 74863.0 69572.0
0.055401662049861494 135604.0 95852.0
0.05551708217913204 74873.0 69574.0
0.05563250230840259 74876.0 69581.0
0.05574792243767313 74975.0 69741.0
0.05609418282548476 75028.0 69768.0
0.05632502308402586 75051.0 69843.0
0.06475069252077563 101322.0 107155.0
0.06486611265004617 101327.0 107195.0
0.06509695290858726 101973.0 107701.0
0.06532779316712835 103053.0 108266.0
0.06544321329639889 103186.0 108292.0
0.06555863342566944 103201.0 108293.0
0.06602031394275161 103215.0 108297.0
0.06671283471837489 103279.0 108328.0
0.06682825484764543 103351.0 108351.0
0.06694367497691597 104295.0 109553.0
0.06705909510618652 119267.0 102372.0
0.0672899353647276 119601.0 102836.0
0.06740535549399815 119021.5 112895.5
0.06752077562326869 119631.0 102913.0
0.06763619575253925 100759.0 84669.5
0.06775161588180979 100794.0 84728.0
0.06809787626962142 119701.0 103027.0
0.06832871652816251 112137.66666666667 97836.66666666667
0.06844413665743306 119787.0 103226.0
0.0685595567867036 134476.0 123718.0
0.06867497691597414 137131.0 171728.0
0.06902123730378577 134499.0 123735.0
0.06925207756232687 129383.0 112329.0
0.07225300092336104 98543.0 81962.0
0.07236842105263158 84074.0 68122.0
0.07317636195752539 136268.0 125236.0
0.07329178208679593 136291.0 125245.0
0.07363804247460758 136438.0 125332.0
0.07375346260387812 136453.0 125396.0
0.0752539242843952 102732.0 82624.0
0.07536934441366575 102773.0 82624.0
0.07548476454293629 102790.0 82656.0
0.07594644506001846 102830.0 82661.0
0.07640812557710065 102853.0 82662.0
0.0765235457063712 104293.0 83934.0
0.07744690674053555 119939.0 99172.0
0.07756232686980609 97849.0 81874.0
0.07790858725761773 97885.0 82605.0
0.07802400738688828 100200.0 83122.0
0.07837026777469991 102877.0 84238.0
0.07848568790397045 105615.0 85314.0
0.07906278855032317 109402.0 90061.0
0.07917820867959371 109417.0 90262.0
0.07940904893813482 109472.0 90277.0
0.07952446906740536 109472.0 90281.0
0.08021698984302862 109808.0 92240.0
0.08033240997229917 109827.0 92424.0
0.08102493074792244 109924.0 92525.0
0.08137119113573407 109938.0 92527.0
0.0817174515235457 127285.0 105528.0
0.08183287165281625 144253.0 118178.0
0.08206371191135733 144259.0 118179.0
0.08217913204062789 144360.0 118284.0
0.08264081255771007 110557.0 92969.0
0.08483379501385041 152600.0 120515.0
0.08518005540166206 111123.0 105973.0
0.08552631578947369 111175.0 106006.0
0.08564173591874423 132018.0 113343.0
0.08587257617728532 152857.0 120678.0
0.08598799630655586 152863.0 120678.0
0.09718374884579871 161811.0 214773.0
0.10595567867036011 211460.0 102074.0
0.11922899353647276 116687.0 106664.0
0.12453831948291783 202000.0 193207.0
0.12465373961218837 222281.0 208181.0
0.1252308402585411 225516.0 162105.0
0.12534626038781163 208099.0 193534.0
0.12557710064635272 208277.0 194057.0
0.1304247460757156 158706.0 150275.0
0.14000461680517082 238743.0 231222.0
0.17359187442289936 198690.0 191218.0
0.2224145891043398 340176.0 345449.0
0.22379963065558633 359557.0 298183.0
0.2259926131117267 320963.0 351900.0
0.34522160664819945 373597.0 458564.0
0.3479916897506925 455851.0 539506.0
0.4153970452446907 504748.0 662386.0
0.4309787626962142 590930.0 698686.0
0.5690212373037857 568269.0 756747.0
1.0 894962.0 1455433.0
