1122
0.00011542012927054478 441.4843028624192 85.49307479224376
0.00023084025854108956 628.1030456852792 174.205076142132
0.00034626038781163435 741.5379482902418 241.26605504587155
0.0004616805170821791 812.786301369863 276.55479452054794
0.0005771006463527239 863.3333333333334 339.85185185185185
0.0006925207756232687 904.491847826087 404.7472826086956
0.0008079409048938135 924.7425742574258 516.059405940594
0.0009233610341643582 948.1880341880342 584.2393162393163
0.001038781163434903 954.0979381443299 477.9845360824742
0.0011542012927054479 968.4619883040936 691.7836257309941
0.0012696214219759926 982.0735294117648 756.9485294117648
0.0013850415512465374 995.688524590164 835.7704918032787
0.0015004616805170822 1002.0862068965517 843.7586206896551
0.001615881809787627 1009.1041666666666 1045.5833333333333
0.0017313019390581717 1013.5252525252525 1084.4848484848485
0.0018467220683287165 1020.1222222222223 1247.6666666666667
0.0019621421975992612 1028.2278481012659 1320.367088607595
0.002077562326869806 1032.5657894736842 1417.4342105263158
0.0021929824561403508 1035.8513513513512 1582.081081081081
0.0023084025854108957 1041.3275862068965 1646.6896551724137
0.0024238227146814403 1039.754716981132 1519.0
0.0025392428439519853 1042.2954545454545 1363.6818181818182
0.00265466297322253 1045.5 2011.45
0.002770083102493075 1048.725 1483.025
0.0028855032317636198 1048.5 1789.9722222222222
0.0030009233610341643 1045.3333333333333 1574.7435897435898
0.0031163434903047093 1056.820512820513 2043.923076923077
0.003231763619575254 1057.3243243243244 1751.2162162162163
0.003347183748845799 1050.918918918919 1383.8108108108108
0.0034626038781163434 1055.4857142857143 1560.2571428571428
0.0035780240073868884 1059.125 1603.90625
0.003693444136657433 1063.0740740740741 2452.6666666666665
0.003808864265927978 1063.896551724138 1813.1379310344828
0.0039242843951985225 1064.7096774193549 1799.9354838709678
0.004039704524469067 1067.0869565217392 2380.086956521739
0.004155124653739612 1075.590909090909 2727.909090909091
0.004270544783010157 1071.04 2867.44
0.0043859649122807015 1073.25 3459.25
0.004501385041551247 1071.6470588235295 2916.8823529411766
0.0046168051708217915 1071.235294117647 3085.3529411764707
0.004732225300092336 1071.6875 2760.6875
0.004847645429362881 1072.2631578947369 2532.4736842105262
0.004963065558633426 1075.3076923076924 2740.5384615384614
0.0050784856879039705 1078.857142857143 3085.9285714285716
0.005193905817174515 1076.5555555555557 3106.3333333333335
0.00530932594644506 1081.7222222222222 5002.611111111111
0.005424746075715605 1075.1538461538462 3097.0
0.00554016620498615 1074.8333333333333 2964.5
0.005655586334256694 1080.2307692307693 4497.153846153846
0.0057710064635272396 1074.0714285714287 2736.5
0.005886426592797784 1082.5714285714287 4409.357142857143
0.006001846722068329 1076.9166666666667 3870.8333333333335
0.006117266851338873 1076.7272727272727 3479.0
0.006232686980609419 1077.6666666666667 3611.0
0.006348107109879963 1079.1666666666667 3583.0
0.006463527239150508 1080.5384615384614 2520.5384615384614
0.006578947368421052 1078.1 2297.8
0.006694367497691598 1079.6 2810.8
0.006809787626962142 1075.125 3612.5
0.006925207756232687 1076.857142857143 2661.5714285714284
0.007040627885503232 1077.7142857142858 3311.8571428571427
0.007156048014773777 1083.0 3678.714285714286
0.007271468144044321 1087.3846153846155 5341.538461538462
0.007386888273314866 1078.625 4662.625
0.007502308402585411 1081.0 4609.9
0.007617728531855956 1083.375 5565.75
0.0077331486611265 1082.125 4952.625
0.007848568790397045 1082.6666666666667 4317.5
0.00796398891966759 1089.142857142857 5371.714285714285
0.008079409048938134 1079.5714285714287 5088.428571428572
0.00819482917820868 1084.7142857142858 5336.0
0.008310249307479225 1085.0 4974.857142857143
0.008425669436749769 1084.4 6286.7
0.008541089566020314 1087.3636363636363 5548.181818181818
0.00865650969529086 1087.1818181818182 4677.727272727273
0.008771929824561403 1085.4 3893.0
0.008887349953831948 1086.6666666666667 4644.333333333333
0.009002770083102494 1085.0 4489.25
0.009118190212373038 1094.0 6458.0
0.009233610341643583 1091.6666666666667 7194.333333333333
0.009349030470914127 1088.8 4225.4
0.009464450600184672 1091.5 6295.75
0.009579870729455217 1092.4444444444443 6499.888888888889
0.009695290858725761 1090.3333333333333 5144.833333333333
0.009810710987996307 1089.0 4938.428571428572
0.009926131117266852 1093.25 5935.75
0.010041551246537396 1093.7142857142858 8712.0
0.010156971375807941 1092.8333333333333 7542.5
0.010272391505078486 1098.8 9915.0
0.01038781163434903 1095.5 8692.0
0.010503231763619576 1096.7142857142858 8554.42857142857
0.01061865189289012 1094.8 7954.0
0.010734072022160665 1096.6666666666667 8092.5
0.01084949215143121 1093.7777777777778 6893.111111111111
0.010964912280701754 1093.0 9610.142857142857
0.0110803324099723 1090.5 6516.25
0.011195752539242845 1095.875 8521.625
0.011311172668513388 1098.3333333333333 9440.166666666666
0.011426592797783934 1097.8 10639.2
0.011542012927054479 1100.3333333333333 10869.0
0.011657433056325023 1100.5 9199.0
0.011772853185595568 1094.75 7929.75
0.011888273314866112 1093.0 8839.166666666666
0.012003693444136657 1094.125 7712.25
0.012119113573407203 1095.0 7932.833333333333
0.012234533702677746 1094.0 9202.166666666666
0.012349953831948292 1099.6 10923.2
0.012465373961218837 1095.7142857142858 7976.0
0.012580794090489381 1097.1666666666667 7614.5
0.012696214219759926 1100.0 9484.0
0.012811634349030472 1099.4 8970.8
0.012927054478301015 1097.0 7739.666666666667
0.01304247460757156 1098.0 8926.25
0.013157894736842105 1097.5 8406.5
0.01327331486611265 1103.0 6430.0
0.013388734995383195 1096.5 7131.75
0.013504155124653739 1095.7142857142858 6046.428571428572
0.013619575253924284 1095.2857142857142 6376.857142857143
0.01373499538319483 1096.5 7494.75
0.013850415512465374 1097.75 6426.0
0.013965835641735919 1097.5 8372.5
0.014081255771006464 1098.6 7268.0
0.014196675900277008 1098.2857142857142 6775.0
0.014312096029547553 1094.0 4006.0
0.014427516158818097 1096.5 4258.5
0.014542936288088643 1101.5 5206.0
0.014658356417359188 1099.0 3573.0
0.014773776546629732 1090.0 3734.0
0.014889196675900277 1090.0 3734.0
0.015004616805170823 1099.8 7629.4
0.015120036934441366 1099.4 8167.4
0.015235457063711912 1102.0 9047.2
0.015350877192982455 1100.6666666666667 7844.0
0.015466297322253 1100.8 9430.2
0.015581717451523546 1100.857142857143 8848.0
0.01569713758079409 1101.5 9445.833333333334
0.015812557710064637 1102.5 10801.25
0.01592797783933518 1099.6666666666667 7490.333333333333
0.016043397968605724 1104.6666666666667 10581.333333333334
0.016158818097876268 1099.0 7659.75
0.016274238227146815 1099.5 7324.5
0.01638965835641736 1101.0 8653.0
0.016505078485687903 1105.0 12597.333333333334
0.01662049861495845 1101.3333333333333 8620.0
0.016735918744228993 1099.0 6223.666666666667
0.016851338873499537 1107.0 9796.0
0.016966759002770084 1102.25 9284.5
0.017082179132040628 1097.25 7880.5
0.01719759926131117 1097.3333333333333 8185.0
0.01731301939058172 1094.6666666666667 6749.0
0.017428439519852262 1102.0 13057.0
0.017543859649122806 1100.6666666666667 10414.0
0.017659279778393353 1096.0 6725.5
0.017774699907663897 1095.6666666666667 6054.0
0.01789012003693444 1098.0 9614.0
0.018005540166204988 1095.0 6894.5
0.01812096029547553 1103.0 18876.0
0.018236380424746075 1098.0 12393.5
0.018351800554016622 1099.0 10028.8
0.018467220683287166 1098.6666666666667 8949.333333333334
0.01858264081255771 1095.3333333333333 7093.0
0.018698060941828253 1097.25 10194.25
0.0188134810710988 1096.75 7679.25
0.018928901200369344 1102.0 11590.0
0.019044321329639888 1100.0 9636.0
0.019159741458910435 1103.0 12082.0
0.01927516158818098 1101.0 9315.0
0.019390581717451522 1105.0 11973.0
0.01950600184672207 1103.75 11644.0
0.019621421975992613 1104.5 10884.0
0.019736842105263157 1105.0 11999.0
0.019852262234533704 1101.0 9375.0
0.019967682363804248 1100.0 8466.333333333334
0.02008310249307479 1102.6666666666667 9473.0
0.02019852262234534 1102.75 12558.0
0.020313942751615882 1102.6666666666667 15729.0
0.020429362880886426 1102.6666666666667 16219.666666666666
0.020544783010156973 1099.5 11296.5
0.020660203139427517 1099.5 11308.0
0.02077562326869806 1099.5 11370.5
0.020891043397968604 1095.0 5885.0
0.02100646352723915 1103.0 13394.0
0.021121883656509695 1096.0 6119.0
0.02123730378578024 1099.5 9768.5
0.021352723915050786 1101.0 12230.666666666666
0.02146814404432133 1100.75 9505.0
0.021583564173591873 1104.0 10466.0
0.02169898430286242 1108.0 17070.0
0.021814404432132964 1107.5 16663.5
0.0221606648199446 1098.5 6235.5
0.022276084949215142 1099.0 7939.5
0.02239150507848569 1101.3333333333333 9070.0
0.022506925207756233 1101.6666666666667 11114.666666666666
0.022622345337026777 1101.5 10565.0
0.022737765466297324 1101.5 10656.5
0.022853185595567867 1104.5 14452.0
0.02296860572483841 1102.5 12494.0
0.023084025854108958 1098.0 8385.0
0.023199445983379502 1099.0 7986.5
0.023314866112650046 1107.0 16603.0
0.02343028624192059 1101.5 10135.0
0.023545706371191136 1101.5 10243.0
0.02366112650046168 1100.0 7703.0
0.023776546629732224 1104.0 11873.0
0.02389196675900277 1105.0 10741.0
0.024007386888273315 1104.0 11023.333333333334
0.02412280701754386 1105.0 10741.0
0.024238227146814405 1105.0 10741.0
0.02435364727608495 1100.0 7761.0
0.024469067405355493 1100.5 6646.0
0.02458448753462604 1101.0 6703.5
0.024699907663896584 1102.0 5646.0
0.024815327793167127 1102.0 5646.0
0.025507848568790396 1106.0 11022.0
0.025623268698060944 1101.0 9679.0
0.025738688827331487 1101.0 9679.0
0.02585410895660203 1101.0 9746.0
0.025969529085872575 1102.0 5689.0
0.02608494921514312 1102.0 5689.0
0.026200369344413665 1102.0 5689.0
0.026431209602954756 1102.0 5714.0
0.0265466297322253 1104.5 10276.5
0.026662049861495844 1102.0 5776.0
0.02677746999076639 1102.0 5776.0
0.026892890120036934 1104.5 10365.5
0.027008310249307478 1104.5 10365.5
0.027123730378578025 1103.0 5929.0
0.02723915050784857 1108.0 15197.0
0.027354570637119113 1108.0 15197.0
0.02746999076638966 1108.0 15197.0
0.027585410895660203 1108.0 15197.0
0.027816251154201294 1110.0 15330.0
0.027931671283471838 1107.0 14214.0
0.02804709141274238 1107.0 14214.0
0.02816251154201293 1106.0 22199.5
0.028393351800554016 1106.0 22343.0
0.02850877192982456 1107.0 22440.5
0.028624192059095107 1105.5 23206.5
0.02873961218836565 1108.0 30439.0
0.02920129270544783 1101.0 11424.0
0.029316712834718376 1101.0 11470.0
0.02966297322253001 1104.0 13475.0
0.029778393351800554 1102.5 9043.0
0.029893813481071098 1100.5 12058.0
0.030009233610341645 1101.0 11596.0
0.03012465373961219 1104.0 24293.0
0.030240073868882732 1104.5 15654.0
0.03035549399815328 1104.5 15655.0
0.030470914127423823 1104.0 15474.0
0.030586334256694367 1104.0 6637.0
0.03070175438596491 1104.0 6637.0
0.030817174515235458 1103.6666666666667 13215.666666666666
0.030932594644506 1105.5 18576.5
0.031048014773776545 1106.0 15205.5
0.031163434903047092 1106.3333333333333 13555.0
0.031278855032317636 1106.5 13007.0
0.03139427516158818 1107.6666666666667 13428.333333333334
0.03150969529085872 1106.5 12034.0
0.031625115420129274 1108.0 13812.666666666666
0.03174053554939982 1109.5 17276.5
0.03185595567867036 1113.0 21803.0
0.031971375807940905 1108.0 19773.666666666668
0.03208679593721145 1109.0 21052.5
0.03220221606648199 1105.0 20312.0
0.032317636195752536 1108.0 18629.0
0.03243305632502309 1111.0 16910.0
0.03254847645429363 1113.0 21804.0
0.03277931671283472 1109.5 19196.5
0.03289473684210526 1113.0 21804.0
0.033010156971375805 1104.0 13027.0
0.033125577100646356 1106.0 17744.0
0.03335641735918744 1106.0 17744.0
0.033818097876269625 1107.5 15103.0
0.03393351800554017 1110.0 25126.5
0.0342797783933518 1111.0 17238.0
0.03439519852262234 1108.0 21351.0
0.03451061865189289 1106.5 23374.5
0.03462603878116344 1111.0 17315.0
0.03474145891043398 1111.0 17565.0
0.034856879039704525 1111.0 17565.0
0.03497229916897507 1108.0 24741.5
0.03508771929824561 1108.0 18590.666666666668
0.03543397968605725 1114.0 26201.0
0.035549399815327794 1109.0 21424.5
0.03566481994459834 1114.0 26205.0
0.03612650046168052 1106.0 20409.0
0.03624192059095106 1106.0 20699.0
0.03647276084949215 1114.0 26307.0
0.036588180978762694 1114.0 26309.0
0.03681902123730379 1114.0 26311.0
0.037049861495844875 1107.0 20756.0
0.03751154201292706 1107.0 20790.0
0.0376269621421976 1109.0 21961.666666666668
0.037742382271468145 1109.0 21966.0
0.03785780240073869 1110.5 24912.0
0.03797322253000923 1107.0 20808.0
0.038204062788550326 1114.0 29021.0
0.03831948291782087 1110.5 24914.5
0.038434903047091414 1106.0 16176.0
0.038781163434903045 1108.5 25922.5
0.038896583564173595 1109.0 26034.5
0.03901200369344414 1106.0 17309.0
0.03912742382271468 1112.0 34805.0
0.039242843951985226 1109.0 26074.0
0.03935826408125577 1106.5 19488.0
0.039473684210526314 1107.0 21660.0
0.04005078485687904 1107.0 18545.0
0.04016620498614958 1107.0 18565.0
0.040281625115420126 1107.0 18565.0
0.04085872576177285 1112.0 35223.0
0.040974145891043395 1112.0 35223.0
0.041089566020313946 1112.0 35223.0
0.04120498614958449 1112.0 35223.0
0.04132040627885503 1112.0 35284.0
0.041666666666666664 1112.0 35335.0
0.04224376731301939 1113.5 41919.5
0.04235918744228993 1114.0 33606.0
0.0430517082179132 1114.0 34047.0
0.043167128347183746 1114.0 34047.0
0.0432825484764543 1114.0 34057.0
0.04339796860572484 1112.0 48095.0
0.04409048938134811 1112.0 48239.0
0.0443213296398892 1113.0 50368.0
0.04443674976915974 1114.0 34641.0
0.044552169898430284 1114.0 34641.0
0.04466759002770083 1108.0 20428.0
0.04478301015697138 1114.0 34698.0
0.045013850415512466 1108.0 22656.0
0.04524469067405355 1108.0 22701.0
0.0453601108033241 1108.0 22701.0
0.04582179132040628 1108.0 29909.0
0.04628347183748846 1108.0 22836.0
0.046398891966759004 1108.0 22836.0
0.04720683287165282 1113.0 32610.0
0.04732225300092336 1113.0 34166.0
0.04755309325946445 1113.0 34172.0
0.047668513388735 1113.0 34172.0
0.04813019390581717 1113.0 34309.0
0.04824561403508772 1113.0 34327.0
0.04836103416435827 1111.0 62630.0
0.0487072945521699 1110.6666666666667 50038.333333333336
0.04882271468144044 1108.0 22480.0
0.048938134810710986 1108.0 22492.0
0.04905355493998153 1108.0 22529.0
0.04916897506925208 1108.0 22529.0
0.049284395198522624 1110.5 28769.0
0.04939981532779317 1113.0 35476.0
0.04951523545706371 1109.0 23236.0
0.049630655586334255 1108.0 32403.0
0.050092336103416436 1111.0 62762.0
0.050784856879039705 1111.0 62764.0
0.05090027700831025 1111.0 62764.0
0.05124653739612189 1111.0 63376.0
0.05136195752539243 1111.0 63376.0
0.05159279778393352 1109.0 25745.0
0.05170821791320406 1109.0 25758.0
0.051823638042474605 1108.5 29227.5
0.05193905817174515 1108.0 33107.0
0.05216989843028624 1113.0 36602.0
0.05286241920590951 1113.0 36615.0
0.052977839335180056 1112.0 50322.0
0.0530932594644506 1113.0 36616.0
0.053208679593721143 1108.0 35294.0
0.054016620498614956 1113.0 37395.0
0.0541320406278855 1113.0 37400.0
0.054362880886426594 1113.0 37404.0
0.05482456140350877 1113.0 37404.0
0.05493998153277932 1113.0 37404.0
0.05505540166204986 1113.0 37404.0
0.05528624192059095 1113.0 37404.0
0.05551708217913204 1114.0 39125.5
0.05563250230840259 1113.0 53695.333333333336
0.05574792243767313 1115.0 40127.0
0.055863342566943676 1114.0 39125.5
0.05597876269621422 1112.0 60487.5
0.05609418282548476 1112.0 60541.5
0.05620960295475531 1112.0 60554.5
0.056555863342566945 1115.0 40170.0
0.05667128347183749 1115.0 40171.0
0.056902123730378576 1113.0 38232.0
0.05713296398891967 1111.0 31594.0
0.0574792243767313 1114.0 39298.0
0.057594644506001845 1113.0 38232.0
0.05771006463527239 1113.0 38241.0
0.05817174515235457 1113.0 36366.5
0.058287165281625114 1113.0 36402.0
0.05840258541089566 1111.0 32433.0
0.05863342566943675 1115.0 40479.0
0.058748845798707296 1111.0 32433.0
0.05886426592797784 1111.0 32433.0
0.059441366574330565 1111.0 59680.5
0.05955678670360111 1112.0 36004.5
0.05967220683287165 1112.0 36022.5
0.059787626962142196 1111.0 59851.5
0.05990304709141274 1111.6666666666667 53048.666666666664
0.06001846722068329 1112.0 63242.0
0.060133887349953834 1111.0 87076.0
0.06036472760849492 1113.0 39414.0
0.060480147737765465 1112.0 63245.0
0.06059556786703601 1112.0 36074.5
0.06071098799630656 1111.0 32805.0
0.0608264081255771 1111.0 32805.0
0.060941828254847646 1111.0 59953.5
0.06105724838411819 1111.0 59953.5
0.061172668513388734 1112.3333333333333 53796.666666666664
0.06128808864265928 1111.0 32821.0
0.06140350877192982 1111.0 32821.0
0.06174976915974146 1111.0 32848.0
0.061865189289012 1111.0 32848.0
0.06221144967682364 1111.0 32848.0
0.06244228993536473 1111.0 32875.0
0.0629039704524469 1111.0 32917.0
0.06336565096952909 1115.0 43423.0
0.06371191135734072 1115.0 43424.0
0.06405817174515235 1115.0 43443.0
0.06428901200369344 1111.0 32980.0
0.06544321329639889 1111.0 34572.0
0.06555863342566944 1113.0 39090.0
0.06567405355493998 1111.0 34572.0
0.06578947368421052 1111.0 34572.0
0.06636657433056325 1115.0 45574.0
0.06902123730378577 1111.0 35653.0
0.06948291782086796 1111.0 35692.0
0.0698291782086796 1111.0 35991.0
0.06994459833795014 1111.0 35991.0
0.07006001846722068 1111.0 35991.0
0.0708679593721145 1111.0 36833.0
0.07109879963065559 1111.0 36846.0
0.07121421975992613 1111.0 36849.0
0.07259926131117267 1112.0 38922.0
0.07271468144044321 1112.0 38922.0
0.07283010156971376 1112.0 38922.0
0.0729455216989843 1112.0 38922.0
0.07306094182825484 1112.0 38922.0
0.07317636195752539 1112.0 38922.0
0.07398430286241921 1112.0 39536.0
0.07409972299168975 1112.0 39538.0
0.0742151431209603 1112.0 39538.0
0.07686980609418283 1110.0 47147.0
0.07721606648199446 1110.0 47151.0
0.077331486611265 1110.0 47155.0
0.07744690674053555 1110.0 47155.0
0.07756232686980609 1110.0 47155.0
0.08056325023084025 1115.0 54422.0
0.08067867036011081 1115.0 54422.0
0.08852723915050785 1112.0 47984.0
0.0886426592797784 1110.0 52648.0
0.08875807940904894 1111.0 50320.5
0.08887349953831948 1110.0 52650.0
0.08921975992613111 1112.0 48046.0
0.08933518005540166 1112.0 48283.0
0.08979686057248384 1112.0 48287.0
0.08991228070175439 1110.0 52711.0
0.09002770083102493 1110.0 52711.0
0.09025854108956602 1112.0 48290.0
0.0904893813481071 1110.0 52931.0
0.09060480147737765 1110.0 52931.0
0.0907202216066482 1112.0 48666.0
0.09083564173591874 1110.0 52955.0
0.0909510618651893 1111.5 48686.0
0.09106648199445984 1111.5 48697.5
0.09118190212373038 1110.0 52955.0
0.09129732225300093 1110.0 52955.0
0.09141274238227147 1110.0 52955.0
0.09152816251154201 1113.0 44745.0
0.09164358264081256 1113.0 44786.0
0.0917590027700831 1113.0 44786.0
0.09222068328716528 1112.0 48906.0
0.09256694367497692 1112.5 46912.0
0.0930286241920591 1113.0 44939.0
0.09314404432132964 1113.0 44939.0
0.09325946445060018 1113.0 44939.0
0.094067405355494 1113.0 45163.0
0.09418282548476455 1112.5 47947.5
0.09429824561403509 1112.0 49465.0
0.09441366574330563 1112.0 49506.0
0.09487534626038781 1113.0 70629.0
0.09499076638965835 1113.0 70645.0
0.09579870729455217 1112.0 49646.0
0.09683748845798708 1113.0 49434.0
0.09695290858725762 1112.0 49741.0
0.09729916897506925 1113.0 52231.0
0.0974145891043398 1112.0 49751.0
0.09753000923361034 1112.0 50594.0
0.09787626962142197 1112.0 50682.0
0.09799168975069251 1112.0 50682.0
0.09810710987996306 1112.0 50692.0
0.09822253000923362 1113.0 76965.0
0.09833795013850416 1113.0 76965.0
0.0984533702677747 1113.0 76984.0
0.09868421052631579 1113.0 77994.0
0.09903047091412742 1113.0 78410.0
0.09937673130193905 1113.0 78693.0
0.0997229916897507 1113.0 78693.0
0.09983841181902124 1113.0 78700.0
0.09995383194829179 1113.0 78700.0
0.10006925207756233 1113.0 83966.0
0.10514773776546629 1113.0 56407.0
0.10653277931671283 1113.0 57578.0
0.10664819944598337 1113.0 57652.0
0.10676361957525392 1113.0 57652.0
0.10687903970452448 1113.0 57654.0
0.10780240073868882 1113.0 58333.0
0.10791782086795937 1113.0 58333.0
0.10803324099722991 1113.0 58333.0
0.1093028624192059 1113.0 58365.0
0.10941828254847645 1113.0 58478.0
0.109533702677747 1113.0 58720.0
0.11011080332409973 1113.0 58743.0
0.11022622345337027 1113.0 58743.0
0.11034164358264081 1113.0 58749.0
0.11045706371191136 1113.0 59215.0
0.11218836565096953 1113.0 59521.0
0.11449676823638043 1113.0 63077.0
0.11518928901200369 1113.0 63149.0
0.11576638965835642 1113.0 63410.0
0.1265004616805171 1111.0 69124.0
0.12684672206832873 1111.0 69124.0
0.13157894736842105 1114.0 101148.0
0.1316943674976916 1114.0 101250.0
0.13192520775623268 1114.0 101284.0
0.13204062788550322 1114.0 101310.0
0.13215604801477376 1114.0 101324.0
0.13227146814404434 1114.0 101326.0
0.13238688827331488 1114.0 101326.0
0.13250230840258542 1114.0 101326.0
0.13261772853185597 1114.0 101328.0
0.13388734995383195 1114.0 103098.0
0.1340027700831025 1114.0 103098.0
0.13446445060018467 1114.0 103546.0
0.13469529085872575 1114.0 104026.0
0.13758079409048937 1114.0 80480.0
0.13769621421975992 1114.0 80488.0
0.13781163434903046 1114.0 94909.0
0.137927054478301 1114.0 80608.0
0.13804247460757155 1114.0 80763.0
0.13815789473684212 1114.0 109330.0
0.13885041551246538 1114.0 80907.0
0.13896583564173592 1114.0 80919.0
0.13931209602954756 1114.0 109393.0
0.1394275161588181 1114.0 109393.0
0.140466297322253 1114.0 109577.0
0.14058171745152354 1114.0 109577.0
0.14104339796860574 1114.0 109585.0
0.14115881809787628 1114.0 109585.0
0.14127423822714683 1114.0 109596.0
0.14185133887349954 1115.0 125596.5
0.1419667590027701 1115.0 125596.5
0.14219759926131118 1114.0 109686.0
0.14231301939058172 1114.0 109686.0
0.14242843951985226 1116.0 141553.0
0.14265927977839335 1116.0 141553.0
0.1427746999076639 1116.0 141553.0
0.14289012003693444 1116.0 141573.0
0.14300554016620498 1116.0 141573.0
0.14312096029547552 1116.0 141573.0
0.14323638042474607 1116.0 141573.0
0.1448522622345337 1116.0 141847.0
0.1456602031394275 1116.0 142030.0
0.14577562326869806 1116.0 142091.0
0.1461218836565097 1116.0 142102.0
0.14750692520775624 1116.0 142669.0
0.14981532779316714 1116.0 142958.0
0.15120036934441367 1114.0 92653.0
0.1513157894736842 1114.0 92653.0
0.1515466297322253 1114.0 92659.0
0.15166204986149584 1114.0 92660.0
0.15177746999076638 1114.0 92660.0
0.15270083102493076 1116.0 143505.0
0.1528162511542013 1116.0 143505.0
0.15293167128347185 1116.0 143505.0
0.1530470914127424 1116.0 143737.0
0.1536241920590951 1114.0 93684.0
0.15443213296398892 1114.0 93797.0
0.15454755309325946 1114.0 93797.0
0.1548938134810711 1114.0 93803.0
0.15570175438596492 1114.0 93809.0
0.15604801477377656 1116.0 144375.0
0.15627885503231764 1116.0 144390.0
0.15674053554939982 1116.0 144590.0
0.15685595567867036 1116.0 144593.0
0.157202216066482 1116.0 144593.0
0.1577793167128347 1116.0 144630.0
0.15789473684210525 1116.0 144630.0
0.15824099722991689 1116.0 144638.0
0.15835641735918743 1116.0 144638.0
0.158471837488458 1116.0 144638.0
0.15858725761772854 1116.0 144638.0
0.1587026777469991 1115.0 117372.0
0.15881809787626963 1115.0 117408.5
0.15893351800554018 1114.0 90106.0
0.15904893813481072 1114.0 90108.0
0.15916435826408126 1115.0 117410.5
0.1623961218836565 1112.0 85772.0
0.16320406278855032 1112.0 86037.0
0.1636657433056325 1114.0 123101.0
0.16378116343490304 1114.0 123101.0
0.16528162511542013 1114.0 123181.0
0.16793628808864267 1114.0 107250.0
0.1680517082179132 1114.0 99864.5
0.16816712834718375 1114.0 99880.0
0.1690904893813481 1114.0 107398.0
0.16920590951061865 1114.0 107414.0
0.1693213296398892 1114.0 107414.0
0.17012927054478302 1114.0 125278.0
0.17024469067405357 1114.0 125288.0
0.1703601108033241 1114.0 125289.0
0.17047553093259465 1114.0 125323.0
0.1705909510618652 1114.0 125323.0
0.17082179132040629 1114.0 125323.0
0.17093721144967683 1114.0 116766.0
0.17105263157894737 1114.0 108209.0
0.17116805170821792 1114.0 95394.0
0.171398891966759 1114.0 110365.5
0.17197599261311172 1114.0 96585.0
0.17209141274238227 1114.0 125753.0
0.17255309325946444 1114.0 96589.0
0.17278393351800553 1114.0 137485.0
0.1731301939058172 1114.0 126059.0
0.17347645429362882 1114.0 137505.0
0.17359187442289936 1114.0 137505.0
0.1737072945521699 1114.0 137506.0
0.17416897506925208 1114.0 131956.5
0.17428439519852262 1114.0 126367.0
0.17439981532779317 1114.0 126367.0
0.1745152354570637 1114.0 137553.0
0.17486149584487534 1114.0 131965.0
0.17497691597414589 1114.0 131965.0
0.17509233610341643 1114.0 131980.0
0.1755540166204986 1114.0 138177.0
0.1757848568790397 1114.0 138357.0
0.17751615881809787 1114.0 139324.0
0.1780932594644506 1114.0 133965.0
0.17820867959372114 1114.0 133965.0
0.17832409972299168 1114.5 121703.0
0.17855493998153277 1115.0 109373.0
0.1786703601108033 1115.0 109378.0
0.17878578024007388 1115.0 109378.0
0.17890120036934443 1115.0 109386.0
0.17901662049861497 1115.0 109408.0
0.1791320406278855 1115.0 109408.0
0.1793628808864266 1115.0 109447.0
0.17947830101569714 1115.0 109447.0
0.17993998153277932 1115.0 109449.0
0.18224838411819022 1115.0 109653.0
0.18236380424746076 1115.0 110758.0
0.1827100646352724 1115.0 110772.0
0.18340258541089566 1115.0 110804.0
0.1835180055401662 1116.0 115815.0
0.1837488457987073 1117.0 118897.0
0.1850184672206833 1114.0 139964.0
0.18513388734995384 1114.0 139964.0
0.18524930747922438 1114.0 143490.0
0.18571098799630656 1114.0 137580.0
0.1858264081255771 1114.0 137580.0
0.18594182825484765 1114.0 137580.0
0.18905817174515235 1114.0 137865.0
0.18951985226223453 1114.0 137901.0
0.18963527239150507 1114.0 137924.0
0.19078947368421054 1116.0 151599.0
0.19090489381348108 1116.0 151611.0
0.19205909510618652 1114.0 138305.0
0.1922899353647276 1116.0 151638.0
0.19240535549399815 1116.0 151638.0
0.1925207756232687 1114.0 138313.0
0.19332871652816253 1116.0 151662.0
0.19344413665743307 1116.0 151663.0
0.1935595567867036 1116.0 151698.0
0.1937903970452447 1114.0 138413.0
0.19425207756232687 1116.0 152484.0
0.1945983379501385 1116.0 153945.0
0.1948291782086796 1116.0 155570.0
0.19494459833795014 1115.5 132376.0
0.19506001846722068 1114.0 138486.0
0.19517543859649122 1114.0 138486.0
0.19529085872576177 1114.0 138496.0
0.19656048014773778 1116.0 151846.0
0.2002539242843952 1116.0 155931.0
0.2077562326869806 1118.0 134706.0
0.21191135734072022 1115.0 151015.0
0.380078485687904 1116.0 299060.0
0.5919898430286242 1117.0 450075.0
0.7922437673130194 1119.0 606006.0
1.0 1122.0 740712.0
