1366937
0.0001 876 4 0
0.0001 1370 9 0
0.0002 2075 9 0
0.0003 2491 14 0
0.0003 3136 28 0
0.0004 3293 23 0
0.0005 3512 35 0
0.0006 4169 51 0
0.0006 4604 43 0
0.0007 5100 50 0
0.0008 5363 30 0
0.0008 5571 59 0
0.0009 5734 64 0
0.0010 5829 41 0
0.0010 6778 59 0
0.0011 7540 61 0
0.0012 7390 65 0
0.0012 7980 53 0
0.0013 7735 100 0
0.0014 8587 67 0
0.0015 8786 69 0
0.0015 8985 65 0
0.0016 8693 101 0
0.0017 9029 77 0
0.0017 9107 69 0
0.0018 8251 97 0
0.0019 8778 89 0
0.0019 10949 103 0
0.0020 9896 189 0
0.0021 10050 124 0
0.0021 11407 118 0
0.0022 10375 120 0
0.0023 11509 158 0
0.0024 11086 125 0
0.0024 12662 158 0
0.0025 12584 159 0
0.0026 11167 109 0
0.0026 10659 88 0
0.0027 12303 70 0
0.0028 11414 60 0
0.0028 13335 72 0
0.0029 12891 116 0
0.0030 12253 107 0
0.0030 12103 116 0
0.0031 13431 141 0
0.0032 14597 238 0
0.0033 16749 153 0
0.0033 13594 141 0
0.0034 15110 254 0
0.0035 17698 213 0
0.0035 15339 479 0
0.0036 13739 366 0
0.0037 15741 343 0
0.0037 15914 135 0
0.0038 15887 134 0
0.0039 14946 126 0
0.0039 15221 150 0
0.0040 14912 151 0
0.0041 15757 158 0
0.0042 16819 120 0
0.0042 19924 119 0
0.0043 16468 154 0
0.0044 15703 497 0
0.0044 16863 173 0
0.0045 17868 203 0
0.0046 18358 325 0
0.0046 16803 159 0
0.0047 19321 782 0
0.0048 21098 230 0
0.0048 17762 265 0
0.0049 19149 209 0
0.0050 21437 209 0
0.0051 20123 218 0
0.0051 18250 235 0
0.0052 19922 332 0
0.0053 18830 321 0
0.0053 17068 269 0
0.0054 18461 466 0
0.0055 19218 260 0
0.0055 19360 718 0
0.0056 19565 355 0
0.0057 20845 145 0
0.0057 25397 343 0
0.0058 33328 121 0
0.0059 24477 140 0
0.0060 21237 276 0
0.0060 18227 655 0
0.0061 22168 145 0
0.0062 17904 221 0
0.0062 17903 399 0
0.0063 17921 152 0
0.0064 22020 342 0
0.0064 20322 129 0
0.0065 28602 890 0
0.0066 22438 894 0
0.0067 25507 956 0
0.0067 22790 164 0
0.0068 21338 450 0
0.0069 16698 73 0
0.0069 20621 237 0
0.0070 20504 686 0
0.0071 21763 679 0
0.0071 31493 952 0
0.0072 23150 257 0
0.0073 22340 279 0
0.0073 27917 286 0
0.0074 32185 204 0
0.0075 19114 316 0
0.0076 23142 517 0
0.0076 23032 672 0
0.0077 24451 115 0
0.0078 31538 363 0
0.0078 28490 551 0
0.0079 35809 1357 0
0.0080 23905 140 0
0.0080 35367 1844 0
0.0081 25774 1044 0
0.0082 70283 392 0
0.0082 28489 5112 0
0.0083 23826 180 0
0.0084 27620 316 0
0.0085 22296 168 0
0.0086 29540 1868 0
0.0087 27940 205 0
0.0087 22477 424 0
0.0088 27584 252 0
0.0089 26012 472 0
0.0090 24706 301 0
0.0091 26645 143 0
0.0096 71926 637 0
0.0096 34440 413 0
0.0098 37419 115 0
0.0100 32747 130 0
0.0100 28112 161 0
0.0101 34051 295 0
0.0102 26963 291 0
0.0103 26780 229 0
0.0103 26794 230 0
0.0104 47084 301 0
0.0105 30285 920 0
0.0107 27900 592 0
0.0108 31909 107 0
0.0109 38805 115 0
0.0109 64541 1975 0
0.0111 49939 491 0
0.0112 39804 1034 0
0.0112 38930 1017 0
0.0114 22879 462 0
0.0115 29784 344 0
0.0116 31792 313 0
0.0117 31606 232 0
0.0118 34135 396 0
0.0119 31696 462 0
0.0120 117493 339 0
0.0121 51068 2585 0
0.0122 49474 748 0
0.0127 44303 2522 0
0.0130 39490 396 0
0.0132 42835 425 0
0.0133 50308 1427 0
0.0134 40922 320 0
0.0134 55522 1427 0
0.0136 61340 475 0
0.0139 86312 468 0
0.0140 62310 434 0
0.0141 45634 498 0
0.0142 35315 1099 0
0.0143 50528 408 0
0.0145 41226 365 0
0.0145 51904 824 0
0.0148 38062 141 0
0.0148 40729 1186 0
0.0150 53733 420 0
0.0152 73421 434 0
0.0153 54174 1186 0
0.0155 89898 662 0
0.0156 59245 364 0
0.0157 59387 1218 0
0.0158 55100 569 0
0.0159 87631 2756 0
0.0160 38403 249 0
0.0161 46384 1149 0
0.0162 46943 398 0
0.0166 49105 1314 0
0.0167 34047 279 0
0.0168 42839 490 0
0.0169 43578 1159 0
0.0171 34382 1227 0
0.0172 44873 1159 0
0.0174 57417 416 0
0.0175 84659 1009 0
0.0175 40605 177 0
0.0178 93863 2768 0
0.0181 45538 1780 0
0.0181 63818 408 0
0.0182 60903 909 0
0.0184 79206 465 0
0.0185 45974 1231 0
0.0187 55237 514 0
0.0188 53745 1160 0
0.0196 80662 5173 0
0.0197 60083 1202 0
0.0200 148065 859 0
0.0202 57724 1332 0
0.0204 59830 633 0
0.0206 55970 1480 0
0.0211 107740 3441 0
0.0215 44036 250 0
0.0217 65457 1644 0
0.0218 67590 578 0
0.0220 83839 575 0
0.0221 91750 949 0
0.0222 120562 4437 0
0.0223 55357 1502 0
0.0224 45765 287 0
0.0225 64527 1480 0
0.0227 75193 476 0
0.0228 101585 724 0
0.0229 59457 723 0
0.0230 47328 875 0
0.0234 75484 476 0
0.0236 123373 4500 0
0.0237 49455 1439 0
0.0238 75679 476 0
0.0240 73761 1900 0
0.0242 76107 476 0
0.0243 86716 5229 0
0.0245 89280 507 0
0.0248 108266 731 0
0.0249 107007 1334 0
0.0251 77022 621 0
0.0254 124669 4807 0
0.0255 53070 432 0
0.0256 99393 930 0
0.0259 111736 1343 0
0.0261 68611 1726 0
0.0263 100507 699 0
0.0267 162049 1181 0
0.0268 83319 668 0
0.0269 67038 1337 0
0.0270 70255 573 0
0.0273 101629 2839 0
0.0274 80285 1532 0
0.0276 136098 704 0
0.0281 74757 1572 0
0.0283 54468 2425 0
0.0290 75334 1927 0
0.0290 109312 2942 0
0.0296 115469 1349 0
0.0296 56618 2602 0
0.0297 111446 2972 0
0.0304 91477 1970 0
0.0306 114568 2974 0
0.0307 140555 937 0
0.0310 83753 1465 0
0.0312 82903 1762 0
0.0313 88400 2059 0
0.0316 95488 588 0
0.0317 70343 658 0
0.0318 83877 657 0
0.0322 92119 1483 0
0.0326 141348 5214 0
0.0338 138192 2147 0
0.0340 121464 1893 0
0.0342 81395 1750 0
0.0344 145443 952 0
0.0344 105882 1644 0
0.0347 63131 2659 0
0.0348 92130 2606 0
0.0355 119733 2984 0
0.0356 100141 649 0
0.0357 93628 882 0
0.0359 98875 1488 0
0.0361 78124 1106 0
0.0362 73459 2660 0
0.0362 125015 1398 0
0.0365 90018 1801 0
0.0366 152258 1401 0
0.0371 143975 5273 0
0.0374 122910 3720 0
0.0382 88861 1239 0
0.0386 147143 2322 0
0.0387 103299 2026 0
0.0388 152269 5652 0
0.0391 106582 2090 0
0.0395 157667 3742 0
0.0399 120312 1527 0
0.0400 89318 1843 0
0.0411 123748 3716 0
0.0412 130076 3782 0
0.0414 97952 1533 0
0.0416 112449 1048 0
0.0418 153018 2324 0
0.0422 115587 2335 0
0.0423 87085 2788 0
0.0426 170504 6644 0
0.0438 135877 1604 0
0.0450 110852 1631 0
0.0454 158070 3911 0
0.0457 102361 995 0
0.0472 102217 2393 0
0.0475 206414 3935 0
0.0499 137958 1463 0
0.0500 142097 3393 0
0.1000 279151 8495 0
0.1500 356144 11030 0
0.2000 405819 13003 0
0.2500 463120 14183 0
0.3000 530624 15562 0
0.3500 616710 19643 0
0.4000 710066 22794 0
0.4501 811080 24524 0
0.5001 866622 26403 0
0.5501 940987 28545 0
0.6001 989947 35190 0
0.6500 1029507 36948 0
0.7001 1064887 40516 0
0.7500 1105052 41569 0
0.7999 1186019 42830 0
0.8500 1253300 46791 0
0.9000 1289816 55460 0
0.9500 1334125 57665 0
1.0000 1366937 60156 0
