6472533
0.00011542012927054478 2418.803901200369 0.00034626038781163435
0.00023084025854108956 3837.587415730337 0.00044943820224719103
0.00034626038781163435 6393.652777777777 0.0
0.0004616805170821791 7987.777456647399 0.001445086705202312
0.0005771006463527239 9595.02390438247 0.00199203187250996
0.0006925207756232687 11230.414438502674 0.0053475935828877
0.0008079409048938135 11771.810289389068 0.003215434083601286
0.0009233610341643582 14525.291666666666 0.004166666666666667
0.001038781163434903 15800.469387755102 0.01020408163265306
0.0011542012927054479 15475.649681528663 0.012738853503184714
0.0012696214219759926 18026.445945945947 0.013513513513513514
0.0013850415512465374 20276.887218045114 0.007518796992481203
0.0015004616805170822 22121.48181818182 0.00909090909090909
0.001615881809787627 21567.88 0.03
0.0017313019390581717 25235.272727272728 0.025974025974025976
0.0018467220683287165 26646.439024390245 0.012195121951219513
0.0019621421975992612 27881.513513513513 0.02702702702702703
0.002077562326869806 29378.305882352943 0.023529411764705882
0.0021929824561403508 30990.523076923077 0.0
0.0023084025854108957 29804.14285714286 0.0
0.0024238227146814403 30505.966101694914 0.0
0.0025392428439519853 30595.075757575756 0.015151515151515152
0.00265466297322253 32654.758620689656 0.0
0.002770083102493075 31105.78947368421 0.0
0.0028855032317636198 33287.925 0.0
0.0030009233610341643 33798.80487804878 0.024390243902439025
0.0031163434903047093 37982.37209302326 0.0
0.003231763619575254 38519.333333333336 0.0
0.003347183748845799 39626.0 0.024390243902439025
0.0034626038781163434 37752.555555555555 0.0
0.0035780240073868884 46020.64705882353 0.0
0.003693444136657433 59780.74193548387 0.03225806451612903
0.003808864265927978 53905.90476190476 0.047619047619047616
0.0039242843951985225 52177.6 0.04
0.004039704524469067 58341.642857142855 0.0
0.004155124653739612 66386.88888888889 0.0
0.004270544783010157 64855.85 0.0
0.0043859649122807015 62106.72727272727 0.0
0.004501385041551247 76337.60869565218 0.0
0.0046168051708217915 66135.05263157895 0.0
0.004732225300092336 65483.0 0.05555555555555555
0.004847645429362881 72530.9 0.0
0.004963065558633426 65508.10526315789 0.0
0.0050784856879039705 67210.5625 0.0625
0.005193905817174515 56377.0 0.0625
0.00530932594644506 72583.32 0.04
0.005424746075715605 76799.45454545454 0.0
0.00554016620498615 77878.0 0.11764705882352941
0.005655586334256694 74650.35294117648 0.058823529411764705
0.0057710064635272396 87046.08333333333 0.08333333333333333
0.005886426592797784 91119.52631578948 0.0
0.006001846722068329 80576.33333333333 0.0
0.006117266851338873 83385.0 0.0
0.006232686980609419 73579.4 0.1
0.006348107109879963 69682.11111111111 0.0
0.006463527239150508 80515.81818181818 0.0
0.006578947368421052 75105.0 0.0
0.006694367497691598 101725.5 0.1
0.006809787626962142 96824.63636363637 0.09090909090909091
0.006925207756232687 100099.66666666667 0.06666666666666667
0.007040627885503232 93509.21428571429 0.07142857142857142
0.007156048014773777 95690.30769230769 0.15384615384615385
0.007271468144044321 96471.9 0.1
0.007386888273314866 105136.375 0.125
0.007502308402585411 91734.27272727272 0.0
0.007617728531855956 105490.42857142857 0.0
0.0077331486611265 101554.84615384616 0.0
0.007848568790397045 103568.25 0.0
0.00796398891966759 99791.75 0.0
0.008079409048938134 104401.5 0.0
0.00819482917820868 124160.0 0.0
0.008310249307479225 105280.6 0.0
0.008425669436749769 130365.77777777778 0.0
0.008541089566020314 114633.42857142857 0.0
0.00865650969529086 116943.85714285714 0.0
0.008771929824561403 122995.66666666667 0.0
0.008887349953831948 102528.6 0.0
0.009002770083102494 94094.77777777778 0.1111111111111111
0.009118190212373038 109203.88888888889 0.1111111111111111
0.009233610341643583 112849.0 0.09090909090909091
0.009349030470914127 115674.75 0.08333333333333333
0.009464450600184672 131349.0 0.125
0.009579870729455217 122960.9 0.1
0.009695290858725761 95094.0 0.0
0.009810710987996307 120714.71428571429 0.0
0.009926131117266852 125565.25 0.25
0.010041551246537396 111062.0 0.16666666666666666
0.010156971375807941 104222.45454545454 0.0
0.010272391505078486 96491.625 0.0
0.01038781163434903 109901.63636363637 0.0
0.010503231763619576 136085.42857142858 0.14285714285714285
0.01061865189289012 179361.66666666666 0.0
0.010734072022160665 121749.6 0.0
0.01084949215143121 122801.57142857143 0.0
0.010964912280701754 100819.75 0.0
0.0110803324099723 139365.25 0.0
0.011195752539242845 128395.5 0.0
0.011311172668513388 158037.14285714287 0.14285714285714285
0.011542012927054479 142506.4 0.2
0.011657433056325023 108170.2 0.0
0.011772853185595568 97836.66666666667 0.0
0.011888273314866112 102731.4 0.0
0.012003693444136657 145602.0 0.25
0.012119113573407203 138886.5 0.0
0.012234533702677746 92008.66666666667 0.0
0.012349953831948292 59870.0 0.0
0.012465373961218837 113307.0 0.0
0.012580794090489381 211896.0 1.0
0.012696214219759926 139645.4 0.0
0.012811634349030472 121478.8 0.0
0.012927054478301015 109442.8 0.0
0.01304247460757156 123231.375 0.125
0.013157894736842105 101461.71428571429 0.0
0.01327331486611265 146753.7 0.1
0.013388734995383195 151785.0 0.16666666666666666
0.013504155124653739 138460.85714285713 0.14285714285714285
0.013619575253924284 150257.0 0.0
0.01373499538319483 124198.33333333333 0.16666666666666666
0.013850415512465374 153888.0 0.1111111111111111
0.013965835641735919 124679.22222222222 0.0
0.014081255771006464 117096.6 0.0
0.014196675900277008 146395.85714285713 0.14285714285714285
0.014312096029547553 147263.5 0.0
0.014427516158818097 148500.0 0.0
0.014542936288088643 142327.5 0.0
0.014658356417359188 164928.66666666666 0.0
0.014773776546629732 146850.0 0.0
0.014889196675900277 157056.75 0.125
0.015004616805170823 161844.25 0.0
0.015120036934441366 151683.25 0.0
0.015235457063711912 183910.5 0.0
0.015350877192982455 182813.25 0.0
0.015466297322253 162701.0 0.0
0.015581717451523546 131819.0 0.0
0.01569713758079409 116371.0 0.0
0.015812557710064637 101276.0 0.0
0.01592797783933518 138261.2 0.0
0.016043397968605724 174469.42857142858 0.0
0.016158818097876268 219788.33333333334 0.0
0.016274238227146815 221134.66666666666 0.0
0.01638965835641736 177953.5 0.0
0.016505078485687903 237299.0 0.25
0.01662049861495845 179067.5 0.0
0.016735918744228993 180337.42857142858 0.0
0.016851338873499537 181911.66666666666 0.16666666666666666
0.016966759002770084 155558.75 0.0
0.017082179132040628 184497.85714285713 0.14285714285714285
0.01719759926131117 192533.6 0.2
0.01731301939058172 216571.66666666666 0.1111111111111111
0.017428439519852262 223977.25 0.25
0.017543859649122806 203839.83333333334 0.0
0.017659279778393353 233533.66666666666 0.0
0.017774699907663897 246754.25 0.25
0.01789012003693444 188429.66666666666 0.0
0.018005540166204988 271807.0 0.0
0.01812096029547553 195827.6 0.0
0.018236380424746075 190050.0 0.0
0.018351800554016622 198775.5 0.0
0.018467220683287166 155478.75 0.0
0.01858264081255771 192492.5 0.0
0.018698060941828253 343453.0 0.0
0.0188134810710988 376828.0 0.0
0.018928901200369344 153007.0 0.0
0.019044321329639888 234936.0 0.0
0.019159741458910435 180902.75 0.0
0.01927516158818098 153727.0 0.0
0.019390581717451522 189857.33333333334 0.0
0.01950600184672207 213191.0 0.0
0.019621421975992613 189897.0 0.0
0.019736842105263157 240895.0 0.0
0.019852262234533704 220581.0 0.0
0.019967682363804248 192315.33333333334 0.0
0.02019852262234534 215265.0 0.0
0.020313942751615882 232497.8 0.0
0.020429362880886426 205379.25 0.0
0.020660203139427517 311214.0 0.0
0.02077562326869806 277985.5 0.0
0.020891043397968604 265154.6666666667 0.0
0.02100646352723915 301049.0 0.0
0.021121883656509695 256464.0 0.0
0.02123730378578024 273892.6666666667 0.0
0.021352723915050786 227321.0 0.0
0.02146814404432133 244974.0 0.0
0.021583564173591873 253349.75 0.0
0.02169898430286242 233225.0 0.0
0.021814404432132964 241331.5 0.0
0.021929824561403508 233646.0 0.0
0.022045244690674055 204712.66666666666 0.0
0.0221606648199446 282415.5 0.0
0.022276084949215142 248332.0 0.0
0.02239150507848569 248601.0 0.0
0.022506925207756233 239109.0 0.0
0.022622345337026777 234245.0 0.0
0.022737765466297324 180191.0 0.0
0.022853185595567867 180201.0 0.0
0.023084025854108958 194275.0 0.0
0.023314866112650046 200442.0 0.0
0.02343028624192059 239164.66666666666 0.3333333333333333
0.023545706371191136 200619.0 0.0
0.02366112650046168 227674.5 0.0
0.023776546629732224 220269.5 0.0
0.02389196675900277 220752.0 0.0
0.024007386888273315 243290.0 0.0
0.02412280701754386 224713.0 0.0
0.024238227146814405 221393.0 0.0
0.02435364727608495 229617.5 0.0
0.024469067405355493 395429.0 0.0
0.02458448753462604 266423.5 0.0
0.024699907663896584 395907.0 0.0
0.024815327793167127 254392.5 0.0
0.024930747922437674 301733.6666666667 0.0
0.025046168051708218 313778.0 0.0
0.025161588180978762 317836.5 0.0
0.025392428439519853 279021.0 0.0
0.025738688827331487 278530.0 0.0
0.02585410895660203 279352.0 0.0
0.025969529085872575 252236.0 0.0
0.02631578947368421 262419.5 0.0
0.026431209602954756 308942.5 0.0
0.0265466297322253 362803.0 0.0
0.026662049861495844 315905.3333333333 0.0
0.02677746999076639 269781.3333333333 0.0
0.026892890120036934 273120.5 0.0
0.027008310249307478 275368.6666666667 0.0
0.027354570637119113 192085.0 0.0
0.02746999076638966 150857.0 0.0
0.027585410895660203 233688.0 0.0
0.027700831024930747 227079.0 0.0
0.027931671283471838 230848.0 0.0
0.02804709141274238 235765.0 0.0
0.02816251154201293 365827.0 0.0
0.02850877192982456 287221.0 0.0
0.028624192059095107 284623.0 0.0
0.02873961218836565 288423.5 0.0
0.028855032317636194 273401.25 0.0
0.02897045244690674 289988.0 0.0
0.029085872576177285 290018.0 0.0
0.02920129270544783 290005.0 0.0
0.029316712834718376 290298.0 0.0
0.02943213296398892 235331.0 0.0
0.029547553093259463 345737.5 0.0
0.02966297322253001 348892.0 0.0
0.029778393351800554 293786.0 0.0
0.029893813481071098 348860.0 0.0
0.030009233610341645 319919.0 0.0
0.03012465373961219 267226.5 0.0
0.030240073868882732 292085.0 0.0
0.03035549399815328 316851.0 0.0
0.030470914127423823 333187.0 0.0
0.03070175438596491 225673.0 0.0
0.030817174515235458 225894.0 0.0
0.030932594644506 377136.0 0.0
0.031048014773776545 269332.5 0.0
0.031163434903047092 162019.0 0.0
0.03139427516158818 248200.0 0.0
0.03150969529085872 272184.0 0.0
0.031625115420129274 272368.0 0.0
0.03185595567867036 302570.5 0.0
0.031971375807940905 297825.25 0.0
0.03208679593721145 304003.0 0.0
0.03220221606648199 304224.0 0.0
0.032317636195752536 311120.0 0.0
0.03243305632502309 363052.5 0.0
0.03254847645429363 301485.3333333333 0.0
0.032663896583564174 415556.0 0.0
0.03277931671283472 380112.0 0.0
0.03289473684210526 326786.0 0.0
0.033010156971375805 320563.6666666667 0.0
0.033125577100646356 321885.6666666667 0.0
0.0332409972299169 321935.6666666667 0.0
0.03335641735918744 435276.0 0.0
0.03347183748845799 375153.0 0.0
0.03358725761772853 386024.0 0.0
0.033702677746999074 407820.0 0.0
0.033818097876269625 408154.0 0.0
0.03393351800554017 408401.0 0.0
0.03404893813481071 426917.0 0.0
0.034164358264081256 445305.0 0.0
0.03451061865189289 422323.0 1.0
0.03462603878116344 367211.0 0.0
0.03474145891043398 447166.0 0.0
0.03497229916897507 367660.0 0.0
0.03508771929824561 367859.0 0.0
0.035318559556786706 465810.0 0.0
0.03543397968605725 466169.0 0.0
0.035549399815327794 466292.0 0.0
0.03566481994459834 326691.0 0.0
0.03578024007386888 183202.0 0.0
0.035895660203139425 466488.0 0.0
0.03624192059095106 466716.0 0.0
0.036357340720221606 478076.0 0.0
0.03647276084949215 187181.0 0.0
0.036703601108033244 303721.0 0.0
0.03681902123730379 304609.0 0.0
0.03693444136657433 289931.0 0.3333333333333333
0.037049861495844875 439421.0 1.0
0.03716528162511542 325172.0 0.0
0.03728070175438596 320074.5 0.0
0.037396121883656507 392697.0 0.0
0.03785780240073869 325865.0 0.0
0.03797322253000923 261075.0 0.0
0.038204062788550326 391022.0 0.0
0.03855032317636196 328769.0 0.0
0.0386657433056325 332650.0 0.0
0.038896583564173595 396269.0 0.0
0.03912742382271468 267839.0 0.0
0.039242843951985226 482588.0 0.0
0.03935826408125577 375263.5 0.0
0.039473684210526314 461808.0 0.0
0.03958910433979686 462010.0 0.0
0.03970452446906741 356813.0 0.0
0.03981994459833795 429267.0 0.0
0.039935364727608495 410543.3333333333 0.0
0.04039704524469068 410479.5 0.0
0.04051246537396122 394833.3333333333 0.0
0.040627885503231764 392101.5 0.0
0.04074330563250231 454150.5 0.0
0.04085872576177285 454162.5 0.0
0.040974145891043395 487762.0 0.0
0.04155124653739612 644037.0 0.0
0.041666666666666664 376466.0 0.0
0.04178208679593721 473395.0 0.0
0.04189750692520776 377048.0 0.0
0.0420129270544783 425594.0 0.0
0.042128347183748846 377297.0 0.0
0.04270544783010157 426957.0 0.0
0.042820867959372115 438525.0 0.0
0.04293628808864266 439768.0 0.0
0.0430517082179132 475711.0 0.0
0.043167128347183746 475918.0 0.0
0.043513388734995384 491742.0 0.0
0.04362880886426593 476156.0 0.0
0.043975069252077566 510855.0 0.0
0.04409048938134811 510863.0 0.0
0.04420590951061865 561212.0 0.0
0.04478301015697138 506081.0 0.0
0.04489843028624192 499938.0 0.0
0.0453601108033241 514720.0 0.0
0.04547553093259465 514741.0 0.0
0.04559095106186519 514753.0 0.0
0.045706371191135735 483131.0 0.0
0.046398891966759004 486490.0 0.0
0.04662973222530009 389938.0 0.0
0.046745152354570635 389997.0 0.0
0.04686057248384118 390131.0 0.0
0.04697599261311173 394227.0 0.0
0.04709141274238227 524695.5 1.0
0.04720683287165282 394333.0 0.0
0.04732225300092336 435478.5 1.0
0.047668513388735 447532.0 0.0
0.04778393351800554 513362.0 0.5
0.04836103416435827 472183.0 0.0
0.04847645429362881 473120.0 0.0
0.048591874422899355 465648.0 0.0
0.0487072945521699 457842.0 0.0
0.04882271468144044 457867.0 0.0
0.05043859649122807 395682.0 0.0
0.050784856879039705 493758.0 0.0
0.05193905817174515 627648.0 1.0
0.0520544783010157 630233.0 1.0
0.05216989843028624 630375.0 1.0
0.05228531855955679 639836.0 1.0
0.05840258541089566 768262.0 1.0
0.05863342566943675 768347.0 1.0
0.058748845798707296 769385.0 1.0
0.05909510618651893 771909.0 1.0
0.06071098799630656 591828.0 0.0
0.0608264081255771 591860.0 0.0
0.060941828254847646 591937.0 0.0
0.06105724838411819 592371.0 0.0
0.061172668513388734 592740.0 0.0
0.06128808864265928 593567.0 0.0
0.061865189289012 636903.0 0.0
0.061980609418282546 637021.0 0.0
0.06221144967682364 637154.0 0.0
0.062326869806094184 637185.0 0.0
0.06405817174515235 499274.0 0.0
0.06475069252077563 501116.0 0.0
0.06486611265004617 502564.0 0.0
0.06532779316712835 600704.0 0.0
0.06555863342566944 609629.0 0.0
0.06740535549399815 600031.0 0.0
0.06752077562326869 631077.0 0.0
0.06763619575253925 600173.0 0.0
0.06775161588180979 633103.0 0.0
0.06890581717451523 617969.0 0.0
0.06902123730378577 618113.0 0.0
0.06913665743305633 618123.0 0.0
0.07121421975992613 1168269.0 0.0
0.07225300092336104 741204.0 0.0
0.07248384118190213 639909.0 0.0
0.07398430286241921 653715.0 0.0
0.07467682363804247 655274.0 0.0
0.07663896583564174 942455.0 0.0
0.07756232686980609 680812.0 2.0
0.07767774699907663 680817.0 2.0
0.08333333333333333 712147.0 2.0
0.08795013850415513 725419.0 2.0
0.08806555863342568 725546.0 2.0
0.09602954755309326 915630.0 1.0
0.09960757156048015 929905.0 0.0
0.0997229916897507 930336.0 0.0
0.09983841181902124 930466.0 0.0
0.10087719298245613 952860.0 0.0
0.11218836565096953 813335.0 0.0
0.11230378578024007 813387.0 0.0
0.11438134810710988 1138095.0 1.0
0.11957525392428439 1058122.0 0.0
0.12303785780240074 1121464.0 0.0
0.14162049861495846 1137650.0 0.0
0.1587026777469991 1183332.0 0.0
0.16458910433979687 1371680.0 0.0
0.1889427516158818 1506880.0 2.0
0.19102031394275162 1884545.0 1.0
0.26015697137580795 2430929.0 2.0
0.2611957525392428 1987225.0 0.0
0.2876269621421976 2243760.0 0.0
0.45221606648199447 3402968.0 1.0
0.5477839335180056 4049109.0 2.0
1.0 6472533.0 3.0
