5141
0.00011542012927054478 958.1510849492151 183.908702677747
0.00023084025854108956 1467.7758064516129 306.1548387096774
0.00034626038781163435 1974.2293054234062 613.3111322549952
0.0004616805170821791 2201.3853211009173 508.651376146789
0.0005771006463527239 2535.193853427896 792.371158392435
0.0006925207756232687 2706.8753894080996 802.6573208722741
0.0008079409048938135 2918.828793774319 1031.4474708171206
0.0009233610341643582 3167.6594827586205 1504.1163793103449
0.001038781163434903 3257.3125 1265.09375
0.0011542012927054479 3372.9870967741936 1447.4064516129033
0.0012696214219759926 3462.1875 1459.75
0.0013850415512465374 3557.563492063492 1614.2380952380952
0.0015004616805170822 3717.5172413793102 1752.7155172413793
0.001615881809787627 3731.5981308411215 2777.3271028037384
0.0017313019390581717 3810.6103896103896 1860.5454545454545
0.0018467220683287165 3889.3882352941177 3112.458823529412
0.0019621421975992612 4011.5238095238096 2701.6031746031745
0.002077562326869806 3960.453125 2922.40625
0.0021929824561403508 4065.8703703703704 3471.314814814815
0.0023084025854108957 4025.6666666666665 3190.796296296296
0.0024238227146814403 4162.450980392156 3467.627450980392
0.0025392428439519853 4110.807692307692 2982.1923076923076
0.00265466297322253 4149.933333333333 3077.688888888889
0.002770083102493075 4243.648648648648 3397.027027027027
0.0028855032317636198 4165.897435897436 3314.128205128205
0.0030009233610341643 4272.121212121212 3732.787878787879
0.0031163434903047093 4359.964285714285 4099.142857142857
0.003231763619575254 4371.0 4816.0
0.003347183748845799 4415.777777777777 4996.518518518518
0.0034626038781163434 4337.16 3830.76
0.0035780240073868884 4378.227272727273 5740.454545454545
0.003693444136657433 4330.291666666667 5065.375
0.003808864265927978 4289.318181818182 5359.863636363636
0.0039242843951985225 4319.2307692307695 5140.0
0.004039704524469067 4245.590909090909 3365.4545454545455
0.004155124653739612 4343.958333333333 4323.666666666667
0.004270544783010157 4293.047619047619 3950.5714285714284
0.0043859649122807015 4385.8421052631575 4740.894736842105
0.004501385041551247 4448.176470588235 6214.529411764706
0.0046168051708217915 4502.75 4637.75
0.004732225300092336 4479.1 7141.1
0.004847645429362881 4455.388888888889 6847.888888888889
0.004963065558633426 4467.583333333333 6439.125
0.0050784856879039705 4620.416666666667 9451.25
0.005193905817174515 4545.1578947368425 6538.315789473684
0.00530932594644506 4543.1875 6976.375
0.005424746075715605 4583.666666666667 7315.066666666667
0.00554016620498615 4557.066666666667 5591.2
0.005655586334256694 4626.916666666667 5909.333333333333
0.0057710064635272396 4669.0 7454.75
0.005886426592797784 4651.909090909091 7363.454545454545
0.006001846722068329 4647.888888888889 8104.444444444444
0.006117266851338873 4669.454545454545 7954.363636363636
0.006232686980609419 4657.944444444444 7433.166666666667
0.006348107109879963 4639.5 6748.285714285715
0.006463527239150508 4660.615384615385 6929.846153846154
0.006578947368421052 4695.454545454545 8996.636363636364
0.006694367497691598 4682.923076923077 8476.0
0.006809787626962142 4703.0 9005.875
0.006925207756232687 4671.294117647059 8771.411764705883
0.007040627885503232 4723.333333333333 8432.25
0.007156048014773777 4708.333333333333 8628.777777777777
0.007271468144044321 4730.272727272727 10099.272727272728
0.007386888273314866 4683.454545454545 9521.545454545454
0.007502308402585411 4696.5 9220.0
0.007617728531855956 4655.833333333333 6848.833333333333
0.0077331486611265 4624.166666666667 4929.0
0.007848568790397045 4670.875 8985.375
0.00796398891966759 4653.4 7306.8
0.008079409048938134 4765.333333333333 9538.0
0.00819482917820868 4692.2 8445.4
0.008310249307479225 4726.0 9220.42857142857
0.008425669436749769 4745.8 8922.8
0.008541089566020314 4724.8 6471.4
0.00865650969529086 4764.75 10746.875
0.008771929824561403 4800.333333333333 13256.0
0.008887349953831948 4776.0 11802.166666666666
0.009002770083102494 4826.875 13729.875
0.009118190212373038 4833.75 12162.125
0.009233610341643583 4810.4 14357.6
0.009349030470914127 4803.857142857143 10958.142857142857
0.009464450600184672 4804.909090909091 13661.818181818182
0.009579870729455217 4790.625 10499.125
0.009695290858725761 4805.25 13076.625
0.009810710987996307 4831.571428571428 12789.42857142857
0.009926131117266852 4810.6 12330.2
0.010041551246537396 4837.666666666667 11753.0
0.010156971375807941 4834.857142857143 17337.428571428572
0.010272391505078486 4838.0 17245.571428571428
0.01038781163434903 4808.0 10656.4
0.010503231763619576 4854.8 20539.8
0.01061865189289012 4811.0 10662.6
0.010734072022160665 4825.833333333333 11727.666666666666
0.01084949215143121 4864.6 21020.2
0.010964912280701754 4855.25 19692.5
0.0110803324099723 4848.6 12450.4
0.011195752539242845 4849.0 10837.75
0.011311172668513388 4762.833333333333 10770.5
0.011426592797783934 4797.375 16698.375
0.011542012927054479 4794.5 15772.5
0.011657433056325023 4874.333333333333 19711.0
0.011772853185595568 4806.25 9434.75
0.011888273314866112 4793.0 8901.0
0.012003693444136657 4799.0 10573.0
0.012119113573407203 4808.6 9784.2
0.012234533702677746 4828.75 10498.5
0.012349953831948292 4862.5 17621.5
0.012465373961218837 4779.0 10934.0
0.012580794090489381 4770.0 10002.25
0.012696214219759926 4804.666666666667 7807.666666666667
0.012811634349030472 4778.666666666667 8181.166666666667
0.012927054478301015 4807.5 6877.0
0.01304247460757156 4892.5 13820.5
0.013157894736842105 4866.0 12483.5
0.013388734995383195 4812.5 8425.5
0.013504155124653739 4796.0 6772.5
0.013619575253924284 4809.5 6799.0
0.01373499538319483 4845.333333333333 11691.0
0.013850415512465374 4895.2 17489.2
0.013965835641735919 4892.666666666667 17108.333333333332
0.014081255771006464 4916.0 19668.5
0.014196675900277008 4918.666666666667 18803.666666666668
0.014312096029547553 4886.2 17307.4
0.014427516158818097 4875.2 12897.0
0.014542936288088643 4854.2 13510.8
0.014658356417359188 4846.25 14132.75
0.014773776546629732 4908.6 18864.0
0.014889196675900277 4923.0 18800.333333333332
0.015004616805170823 4919.0 16644.5
0.015120036934441366 4897.5 15454.0
0.015235457063711912 4877.75 14411.0
0.015350877192982455 4904.571428571428 17700.85714285714
0.015466297322253 4912.4 17797.4
0.015581717451523546 4872.8 14940.6
0.01569713758079409 4862.8 15058.0
0.015812557710064637 4934.666666666667 22311.333333333332
0.01592797783933518 4871.0 10822.0
0.016043397968605724 4914.0 20772.666666666668
0.016158818097876268 4910.5 15975.5
0.016274238227146815 4969.0 33679.0
0.01638965835641736 4976.0 34655.0
0.016505078485687903 4871.666666666667 20659.666666666668
0.01662049861495845 4957.333333333333 30824.666666666668
0.016735918744228993 4948.0 28914.5
0.016851338873499537 4899.0 22379.0
0.016966759002770084 4920.333333333333 21004.333333333332
0.017082179132040628 4961.0 18250.0
0.01719759926131117 4898.25 19581.0
0.01731301939058172 4918.0 23020.0
0.017428439519852262 4971.0 32778.0
0.017543859649122806 4926.5 28155.75
0.017659279778393353 4962.0 31605.0
0.017774699907663897 4939.5 29369.0
0.01789012003693444 4928.25 24793.5
0.018005540166204988 4961.166666666667 29722.5
0.01812096029547553 4933.0 24409.75
0.018236380424746075 4927.5 14249.0
0.018467220683287166 4908.0 17327.666666666668
0.01858264081255771 4924.5 19258.75
0.018698060941828253 4930.428571428572 23390.571428571428
0.0188134810710988 4903.2 18584.8
0.018928901200369344 4910.666666666667 20344.0
0.019044321329639888 4923.0 22848.0
0.019159741458910435 4949.0 24631.0
0.01927516158818098 4967.0 28467.0
0.019390581717451522 4920.333333333333 21588.666666666668
0.01950600184672207 4963.666666666667 31160.333333333332
0.019621421975992613 4950.5 24336.5
0.019736842105263157 4951.0 24452.0
0.019967682363804248 4928.5 22166.5
0.02008310249307479 4880.0 10608.0
0.02019852262234534 4933.5 25745.5
0.020313942751615882 4957.4 27499.0
0.020429362880886426 4931.666666666667 22253.333333333332
0.020544783010156973 4959.0 28115.25
0.020660203139427517 4950.25 27340.25
0.02077562326869806 4977.0 35587.0
0.020891043397968604 4953.666666666667 30281.0
0.02100646352723915 4983.0 34295.0
0.021121883656509695 4983.0 34321.0
0.02123730378578024 4985.0 37993.0
0.021583564173591873 4943.5 28390.5
0.02169898430286242 4987.5 33471.5
0.021814404432132964 4934.5 22953.5
0.021929824561403508 4936.75 22108.25
0.0221606648199446 4878.0 18203.0
0.022276084949215142 4931.0 16386.0
0.022506925207756233 4951.5 19894.0
0.022622345337026777 4970.0 31130.0
0.023084025854108958 4921.5 25726.5
0.023199445983379502 4949.333333333333 23849.333333333332
0.023314866112650046 4930.0 18139.5
0.023545706371191136 4931.5 18962.5
0.02366112650046168 4959.333333333333 24492.0
0.023776546629732224 4954.0 18724.0
0.02389196675900277 4988.0 35323.0
0.024007386888273315 4936.666666666667 19379.0
0.02412280701754386 4969.333333333333 29446.666666666668
0.02435364727608495 4927.0 18694.0
0.024469067405355493 4974.5 29004.0
0.024699907663896584 4963.25 27446.5
0.024815327793167127 4927.0 18902.0
0.024930747922437674 4952.75 34168.25
0.025046168051708218 4973.0 56445.0
0.025161588180978762 4977.0 32696.5
0.02527700831024931 4956.0 41124.0
0.025392428439519853 4967.0 42304.0
0.025507848568790396 4982.0 46798.0
0.025623268698060944 4991.0 35699.0
0.025738688827331487 5009.0 51526.0
0.02585410895660203 5010.0 51820.0
0.025969529085872575 5010.0 51821.0
0.026200369344413665 4995.0 39379.0
0.02631578947368421 4996.0 39640.0
0.026431209602954756 4988.0 25905.0
0.0265466297322253 4950.5 31634.5
0.026662049861495844 4975.333333333333 38167.666666666664
0.02677746999076639 4986.0 32884.0
0.026892890120036934 4973.0 27318.0
0.027123730378578025 4948.0 25929.0
0.02723915050784857 4907.0 25724.0
0.027354570637119113 4930.0 24312.5
0.02746999076638966 4953.0 26125.0
0.027700831024930747 4957.5 34263.5
0.027816251154201294 4918.0 28148.0
0.027931671283471838 4997.0 40416.0
0.02804709141274238 4954.5 27204.5
0.02816251154201293 4954.5 27205.5
0.028277931671283472 4961.333333333333 25591.0
0.028393351800554016 4972.333333333333 31676.333333333332
0.02850877192982456 4936.5 32463.5
0.028624192059095107 4938.75 31576.5
0.02873961218836565 4948.5 26341.0
0.028855032317636194 4966.166666666667 35853.833333333336
0.02897045244690674 4975.4 39592.2
0.029085872576177285 4948.0 19359.0
0.02920129270544783 4966.166666666667 32089.833333333332
0.029316712834718376 4922.5 23510.5
0.02943213296398892 4978.0 37103.666666666664
0.029547553093259463 4957.75 33945.75
0.02966297322253001 4969.666666666667 42209.0
0.029778393351800554 4926.0 29644.0
0.029893813481071098 4962.0 19827.0
0.03012465373961219 4937.0 33311.0
0.03035549399815328 4938.0 33311.0
0.030586334256694367 4944.5 25769.0
0.03070175438596491 4986.0 53704.666666666664
0.030817174515235458 4991.0 65817.0
0.030932594644506 5015.0 54428.0
0.031163434903047092 4973.0 45916.0
0.03139427516158818 4974.0 45916.0
0.03150969529085872 4979.0 30884.0
0.031625115420129274 4994.0 41198.0
0.03174053554939982 4981.25 38860.25
0.03185595567867036 4990.0 44538.0
0.031971375807940905 4992.666666666667 53736.333333333336
0.03208679593721145 4976.0 47187.0
0.03220221606648199 4956.0 21925.0
0.032317636195752536 4976.0 47215.0
0.03243305632502309 4968.0 40777.5
0.03254847645429363 4998.0 69579.0
0.032663896583564174 4993.5 64183.0
0.03277931671283472 4958.0 23059.5
0.03289473684210526 4968.0 22881.0
0.033010156971375805 4961.0 23188.0
0.0332409972299169 4989.5 51840.0
0.033702677746999074 4997.0 66147.5
0.033818097876269625 4964.0 35765.5
0.03393351800554017 4980.666666666667 49230.333333333336
0.03404893813481071 4981.0 49388.333333333336
0.034164358264081256 4984.5 51880.75
0.0342797783933518 4985.0 50119.5
0.03439519852262234 4982.0 39903.5
0.03451061865189289 4983.5 49269.0
0.03462603878116344 4982.0 48091.0
0.03474145891043398 4984.5 49295.5
0.034856879039704525 4983.0 48114.0
0.03497229916897507 4989.0 53859.0
0.03508771929824561 4984.5 41282.5
0.035203139427516156 4991.0 55447.5
0.035318559556786706 4986.0 33202.0
0.03543397968605725 4987.0 50937.0
0.035549399815327794 4988.0 51386.0
0.03566481994459834 4986.0 33203.0
0.03578024007386888 4989.0 51389.0
0.035895660203139425 4986.0 33355.0
0.036011080332409975 4994.0 53681.5
0.03612650046168052 5004.333333333333 56667.333333333336
0.03624192059095106 5004.333333333333 56921.333333333336
0.036357340720221606 4987.0 33860.0
0.036588180978762694 5024.0 62010.0
0.036703601108033244 5003.5 55473.5
0.03681902123730379 4994.333333333333 41521.0
0.03693444136657433 5006.0 55707.5
0.037049861495844875 4990.0 42105.0
0.03716528162511542 4990.0 42266.0
0.03728070175438596 4992.0 34999.0
0.037396121883656507 5004.5 42919.0
0.03751154201292706 4992.0 35003.0
0.0376269621421976 4996.0 35920.666666666664
0.037742382271468145 4990.0 33171.0
0.03797322253000923 5001.0 53207.0
0.03831948291782087 5001.0 53207.0
0.038434903047091414 5008.0 41550.0
0.03855032317636196 5001.0 53209.0
0.0386657433056325 4999.0 44324.5
0.038781163434903045 5005.0 47412.5
0.038896583564173595 4999.0 44349.5
0.03901200369344414 5009.0 42108.0
0.03912742382271468 5005.5 47667.0
0.039242843951985226 5005.5 47684.0
0.03935826408125577 5009.0 42129.0
0.039473684210526314 5002.0 53254.0
0.03958910433979686 5002.0 53463.0
0.039935364727608495 5004.0 54979.0
0.04051246537396122 5009.0 84498.0
0.04074330563250231 5009.0 84504.0
0.040974145891043395 5010.0 84915.0
0.041089566020313946 5010.0 85145.0
0.04120498614958449 5010.0 85145.0
0.04143582640812558 5010.0 85145.0
0.041666666666666664 5010.0 85158.0
0.04189750692520776 5005.0 63778.0
0.0420129270544783 5007.5 74474.0
0.042128347183748846 5010.0 85179.0
0.04224376731301939 5005.0 63838.0
0.04247460757156048 5006.0 63935.0
0.04259002770083103 5006.0 63936.0
0.043167128347183746 5011.0 86123.0
0.043513388734995384 5018.0 44046.0
0.04362880886426593 5018.0 44046.0
0.04374422899353647 5018.0 44152.0
0.043859649122807015 5018.0 44152.0
0.043975069252077566 5018.0 44155.0
0.04409048938134811 5018.0 44539.0
0.04420590951061865 5017.0 77813.0
0.0443213296398892 5017.0 77813.0
0.04443674976915974 5034.0 40509.0
0.044552169898430284 5026.333333333333 57859.333333333336
0.04478301015697138 5018.0 44998.0
0.04489843028624192 5014.0 86409.0
0.045706371191135735 5014.0 86870.0
0.04593721144967682 5014.0 86884.0
0.04628347183748846 5015.0 86917.0
0.046398891966759004 5014.5 69181.0
0.04651431209602955 5014.5 69182.0
0.04662973222530009 5015.0 87119.0
0.046745152354570635 5015.0 87127.0
0.04686057248384118 5016.0 82993.0
0.04697599261311173 5017.0 78877.0
0.04709141274238227 5021.0 79928.66666666667
0.04720683287165282 5015.0 87169.0
0.04732225300092336 5021.0 79949.0
0.047437673130193904 5030.666666666667 71477.0
0.04755309325946445 5023.0 80481.0
0.047668513388735 5031.0 73767.0
0.04778393351800554 5023.0 80571.5
0.047899353647276086 5032.0 74001.0
0.04801477377654663 5024.0 63174.5
0.04836103416435827 5033.0 75004.0
0.04916897506925208 5021.0 81047.0
0.049284395198522624 5021.0 81048.0
0.04939981532779317 5025.0 71273.0
0.04951523545706371 5025.0 71273.0
0.0497460757156048 5026.0 71299.0
0.04986149584487535 5026.0 71346.0
0.050092336103416436 5027.0 71582.0
0.050323176361957524 5027.0 71582.0
0.051823638042474605 5022.0 82526.0
0.05216989843028624 5042.0 81667.0
0.05228531855955679 5042.0 81707.0
0.05263157894736842 5028.0 72831.0
0.05274699907663897 5023.0 81632.66666666667
0.05286241920590951 5022.5 81524.0
0.052977839335180056 5018.0 102015.0
0.05390120036934441 5029.0 77059.0
0.05424746075715605 5029.0 77261.0
0.054362880886426594 5035.0 77975.0
0.05447830101569714 5029.0 77384.0
0.05459372114496768 5036.0 89178.0
0.054709141274238225 5036.0 89178.0
0.05482456140350877 5025.0 84067.0
0.05517082179132041 5036.0 89178.0
0.05528624192059095 5031.5 86702.5
0.05563250230840259 5029.0 79887.0
0.05574792243767313 5029.0 79915.0
0.055863342566943676 5029.5 82639.0
0.05597876269621422 5031.0 81438.0
0.05632502308402586 5039.5 84848.0
0.0564404432132964 5035.0 82092.0
0.056555863342566945 5039.5 84945.0
0.05667128347183749 5035.0 82092.0
0.056902123730378576 5030.0 85455.0
0.05701754385964912 5036.5 86125.0
0.05713296398891967 5037.0 89955.0
0.057248384118190214 5036.0 82296.0
0.05736380424746076 5036.0 82369.0
0.0574792243767313 5037.0 90024.0
0.05771006463527239 5039.0 83191.0
0.05782548476454294 5039.0 83193.0
0.058287165281625114 5039.0 83245.0
0.05840258541089566 5039.0 83368.0
0.05851800554016621 5039.0 83368.0
0.05897968605724838 5040.0 83377.0
0.05921052631578947 5040.0 83379.0
0.059787626962142196 5032.0 86111.0
0.05990304709141274 5036.0 84759.5
0.06001846722068329 5033.0 86122.0
0.060133887349953834 5031.0 67713.0
0.06024930747922438 5031.0 67731.0
0.06036472760849492 5031.0 67743.0
0.06059556786703601 5031.0 67887.0
0.06071098799630656 5031.0 70260.0
0.061865189289012 5036.0 82496.0
0.061980609418282546 5031.0 70854.0
0.06209602954755309 5036.0 82555.0
0.06221144967682364 5036.0 70903.0
0.062326869806094184 5038.0 78233.5
0.06244228993536473 5039.0 74725.0
0.06255771006463527 5037.0 82570.0
0.06267313019390582 5038.0 78672.0
0.06428901200369344 5039.0 75359.0
0.06509695290858726 5039.0 79393.0
0.0652123730378578 5039.0 79406.0
0.06602031394275161 5052.0 96675.0
0.06613573407202217 5052.0 96707.0
0.06786703601108034 5038.0 101393.0
0.06913665743305633 5058.0 107034.0
0.06971375807940905 5044.0 170156.0
0.0698291782086796 5058.0 107453.0
0.06994459833795014 5058.0 107453.0
0.07006001846722068 5058.0 107457.0
0.07098337950138504 5058.0 118985.0
0.0721375807940905 5058.0 119338.0
0.07236842105263158 5058.0 119418.0
0.07259926131117267 5058.0 120668.0
0.07317636195752539 5058.0 120778.0
0.07386888273314866 5058.0 120818.0
0.07398430286241921 5058.0 120832.0
0.07617728531855955 5060.0 124688.0
0.0762927054478301 5060.0 124701.0
0.07802400738688828 5052.0 176335.0
0.08137119113573407 5055.0 183439.0
0.08206371191135733 5064.0 134245.0
0.08217913204062789 5064.0 134351.0
0.08229455216989844 5064.0 134358.0
0.08252539242843952 5064.0 134367.0
0.08287165281625115 5064.0 134490.0
0.08310249307479224 5064.0 134718.0
0.08333333333333333 5064.0 135391.0
0.08494921514312095 5065.0 136139.0
0.08621883656509695 5066.0 139690.0
0.08668051708217914 5066.0 139883.0
0.0873730378578024 5076.0 138372.0
0.08783471837488457 5077.0 138403.0
0.08818097876269622 5077.0 138501.0
0.08945060018467221 5065.0 132320.0
0.09452908587257618 5072.0 172842.0
0.09487534626038781 5074.0 179239.0
0.0951061865189289 5074.0 179246.0
0.09660664819944598 5068.0 165342.0
0.09683748845798708 5068.0 165911.0
0.09695290858725762 5068.0 165917.0
0.09706832871652817 5068.0 165995.0
0.09718374884579871 5070.0 168919.0
0.09729916897506925 5070.0 169696.0
0.0974145891043398 5070.0 169696.0
0.09753000923361034 5070.0 169696.0
0.09764542936288088 5070.0 169696.0
0.09776084949215143 5072.5 175917.5
0.09787626962142197 5072.5 176037.0
0.09799168975069251 5070.0 173411.0
0.09822253000923362 5075.0 182497.0
0.09879963065558633 5070.0 178034.0
0.09891505078485688 5070.0 178034.0
0.09914589104339797 5070.0 178083.0
0.0997229916897507 5070.0 178289.0
0.10030009233610342 5070.0 178381.0
0.1005309325946445 5070.0 178682.0
0.10064635272391505 5070.0 179149.0
0.10110803324099724 5071.0 179157.0
0.10145429362880887 5071.0 179201.0
0.10156971375807941 5073.5 183763.0
0.10168513388734995 5071.0 179201.0
0.10226223453370267 5071.0 179203.0
0.10237765466297322 5071.0 179222.0
0.1028393351800554 5072.0 187739.0
0.10295475530932595 5073.0 187848.0
0.10341643582640812 5073.0 187902.0
0.10353185595567867 5073.0 188011.0
0.10364727608494921 5073.0 188694.0
0.1053785780240074 5073.0 188914.0
0.10560941828254848 5073.0 188962.0
0.1061865189289012 5074.0 189458.0
0.10630193905817174 5074.0 190499.0
0.10653277931671283 5074.0 190507.0
0.10664819944598337 5074.0 190508.0
0.10676361957525392 5074.0 190508.0
0.10699445983379502 5074.0 190751.0
0.11357340720221606 5062.0 154410.0
0.11380424746075715 5062.0 154411.0
0.1139196675900277 5062.0 154472.0
0.11865189289012004 5064.0 159311.0
0.11888273314866113 5082.0 206575.0
0.11911357340720222 5082.0 206575.0
0.11922899353647276 5082.0 206580.0
0.11980609418282548 5073.0 183164.0
0.11992151431209604 5073.0 183859.5
0.12003693444136658 5064.0 160938.0
0.12015235457063712 5064.0 161514.0
0.12026777469990767 5064.0 161514.0
0.12049861495844875 5064.0 161514.0
0.1206140350877193 5064.0 161514.0
0.12072945521698984 5064.0 161519.0
0.12084487534626039 5064.0 161523.0
0.12096029547553093 5064.0 161523.0
0.12349953831948292 5083.0 218049.0
0.12361495844875346 5083.0 218064.0
0.12396121883656509 5083.0 218078.0
0.12407663896583564 5083.0 218079.0
0.125 5066.0 166891.0
0.12511542012927054 5066.0 166892.0
0.1252308402585411 5066.0 166900.0
0.12534626038781163 5066.0 166902.0
0.12569252077562326 5066.0 166940.0
0.1258079409048938 5066.0 166940.0
0.12592336103416435 5066.0 166946.0
0.1260387811634349 5066.0 166946.0
0.12684672206832873 5066.0 167786.0
0.12696214219759927 5066.0 167786.0
0.12707756232686981 5066.0 167847.0
0.12880886426592797 5081.0 236909.0
0.16447368421052633 5088.0 280775.0
0.16966759002770082 5088.0 281502.0
0.18397968605724838 5093.0 301484.0
0.18409510618651892 5093.0 301484.0
0.18421052631578946 5093.0 301484.0
0.18444136657433055 5093.0 301730.0
0.1845567867036011 5093.0 301746.0
0.18467220683287167 5093.0 301807.0
0.18490304709141275 5093.0 301838.0
0.18513388734995384 5093.0 301900.0
0.18571098799630656 5093.0 302066.0
0.18594182825484765 5093.0 302067.0
0.18674976915974145 5093.0 303060.0
0.186865189289012 5092.5 300812.0
0.18709602954755308 5092.5 300871.0
0.18721144967682363 5093.0 303062.0
0.18732686980609417 5094.0 303067.0
0.18755771006463529 5095.0 303159.0
0.18767313019390583 5095.0 303352.0
0.18778855032317637 5095.0 303352.0
0.18790397045244692 5095.0 303352.0
0.18848107109879964 5095.0 304333.0
0.18859649122807018 5095.0 304340.0
0.18975069252077562 5095.0 304468.0
0.1902123730378578 5095.0 304469.0
0.19032779316712833 5095.0 304469.0
0.1904432132963989 5095.0 304510.0
0.19136657433056325 5095.0 304872.0
0.19171283471837489 5095.0 304874.0
0.19182825484764543 5095.0 304885.0
0.1945983379501385 5094.0 308012.0
0.19506001846722068 5094.0 308030.0
0.19517543859649122 5094.0 308030.0
0.19529085872576177 5097.0 307370.0
0.1954062788550323 5095.5 307823.0
0.19552169898430286 5095.5 307897.0
0.1956371191135734 5097.0 307521.0
0.19575253924284394 5097.0 307640.0
0.1958679593721145 5094.0 308289.0
0.1969067405355494 5098.0 312063.0
0.19725300092336104 5098.0 319803.0
0.19736842105263158 5095.0 313000.0
0.19748384118190213 5095.0 313192.0
0.19759926131117267 5095.0 313192.0
0.2002539242843952 5095.0 313808.0
0.2004847645429363 5095.0 313827.0
0.20060018467220683 5095.0 313829.0
0.20140812557710064 5095.0 314035.0
0.20544783010156972 5096.0 316122.0
0.21525854108956602 5096.5 336703.0
0.21595106186518928 5093.0 306813.0
0.21606648199445982 5093.0 306968.0
0.21618190212373037 5093.0 306983.0
0.2162973222530009 5093.0 306988.0
0.216528162511542 5093.0 306989.0
0.21664358264081257 5093.0 306989.0
0.217797783933518 5093.0 307181.0
0.21825946445060018 5093.0 307383.0
0.21837488457987073 5093.0 307383.0
0.22703139427516159 5096.0 313075.0
0.22714681440443213 5096.0 313075.0
0.22945521698984303 5096.0 313596.0
0.22968605724838412 5096.0 313688.0
0.22980147737765466 5096.0 313734.0
0.23107109879963064 5097.0 314578.0
0.23130193905817176 5097.0 315219.0
0.25 5108.0 366902.0
0.2760849492151431 5098.0 360217.0
0.27631578947368424 5098.0 360227.0
0.27643120960295475 5098.0 360228.0
0.2775854108956602 5098.0 360366.0
0.2778162511542013 5099.0 360393.0
0.27793167128347185 5099.0 360450.0
0.31682825484764543 5106.0 395928.0
0.316943674976916 5106.0 395928.0
0.3170590951061865 5106.0 395932.0
0.3177516158818098 5106.0 396435.0
0.31809787626962144 5106.0 396455.0
0.3183287165281625 5106.0 399882.0
0.31867497691597413 5106.0 457525.0
0.31971375807940905 5106.0 459571.0
0.32467682363804246 5106.0 474492.0
0.37765466297322253 5109.0 576507.0
0.37880886426592797 5122.0 603811.0
0.40500923361034163 5111.0 599315.0
0.405932594644506 5112.0 622516.0
0.594067405355494 5131.0 970869.0
1.0 5141.0 1593385.0
