1236043
0.00011542012927054478 1394.166782086796 0.0
0.00023084025854108956 2108.525116082735 0.0
0.00034626038781163435 3524.51559454191 0.0
0.0004616805170821791 3842.8382352941176 0.0
0.0005771006463527239 5015.0 0.0
0.0006925207756232687 5682.403508771929 0.0
0.0008079409048938135 6230.24609375 0.0
0.0009233610341643582 7049.1769911504425 0.0
0.001038781163434903 7685.421052631579 0.0
0.0011542012927054479 8897.917197452229 0.0
0.0012696214219759926 8441.208 0.0
0.0013850415512465374 8349.093457943925 0.0
0.0015004616805170822 9006.864864864865 0.0
0.001615881809787627 9591.07142857143 0.0
0.0017313019390581717 9920.984375 0.0
0.0018467220683287165 9502.397435897436 0.0
0.0019621421975992612 12147.328358208955 0.0
0.002077562326869806 10699.430379746835 0.0
0.0021929824561403508 12165.558441558442 0.0
0.0023084025854108957 11313.566037735849 0.0
0.0024238227146814403 13860.425925925925 0.0
0.0025392428439519853 13726.617021276596 0.0
0.00265466297322253 14773.2 0.0
0.002770083102493075 15965.975 0.0
0.0028855032317636198 14227.0 0.0
0.0030009233610341643 16555.875 0.0
0.0031163434903047093 15324.433333333332 0.0
0.003231763619575254 15658.0625 0.0
0.003347183748845799 16262.969696969696 0.0
0.0034626038781163434 16256.137931034482 0.0
0.0035780240073868884 16626.444444444445 0.0
0.003693444136657433 15226.5 0.0
0.003808864265927978 16427.931034482757 0.0
0.0039242843951985225 17034.64285714286 0.0
0.004039704524469067 22372.8064516129 0.0
0.004155124653739612 23622.185185185186 0.0
0.004270544783010157 21633.68181818182 0.0
0.0043859649122807015 26653.571428571428 0.0
0.004501385041551247 25988.0 0.0
0.0046168051708217915 18672.14285714286 0.0
0.004732225300092336 21728.791666666668 0.0
0.004847645429362881 20358.043478260868 0.0
0.004963065558633426 21292.947368421053 0.0
0.0050784856879039705 20818.277777777777 0.0
0.005193905817174515 28364.7 0.0
0.00530932594644506 23061.842105263157 0.0
0.005424746075715605 27307.684210526317 0.0
0.00554016620498615 23225.846153846152 0.0
0.005655586334256694 29412.4 0.0
0.0057710064635272396 27216.9375 0.0
0.005886426592797784 25988.03846153846 0.0
0.006001846722068329 25915.08695652174 0.0
0.006117266851338873 28086.636363636364 0.0
0.006232686980609419 33294.294117647056 0.0
0.006348107109879963 32285.55 0.0
0.006463527239150508 23919.38888888889 0.0
0.006578947368421052 27510.57894736842 0.0
0.006694367497691598 26776.380952380954 0.0
0.006809787626962142 26658.5625 0.0
0.006925207756232687 33557.15789473684 0.0
0.007040627885503232 35193.22222222222 0.0
0.007156048014773777 32935.857142857145 0.0
0.007271468144044321 30518.090909090908 0.0
0.007386888273314866 27193.076923076922 0.0
0.007502308402585411 32199.846153846152 0.0
0.007617728531855956 26306.75 0.0
0.0077331486611265 35605.36363636364 0.0
0.007848568790397045 27836.636363636364 0.0
0.00796398891966759 39453.142857142855 0.0
0.008079409048938134 33408.07142857143 0.0
0.00819482917820868 31798.846153846152 0.0
0.008310249307479225 27341.416666666668 0.0
0.008425669436749769 33910.72727272727 0.0
0.008541089566020314 37170.2 0.0
0.00865650969529086 37136.0 0.0
0.008771929824561403 37481.42857142857 0.0
0.008887349953831948 36554.27272727273 0.0
0.009002770083102494 34379.77777777778 0.0
0.009118190212373038 32503.777777777777 0.0
0.009233610341643583 33523.0 0.0
0.009349030470914127 41106.181818181816 0.0
0.009464450600184672 41614.4375 0.0
0.009579870729455217 35487.846153846156 0.0
0.009695290858725761 44749.444444444445 0.0
0.009810710987996307 39205.71428571428 0.0
0.009926131117266852 42825.375 0.0
0.010041551246537396 37853.2 0.0
0.010156971375807941 38318.0 0.0
0.010272391505078486 50890.0 0.0
0.01038781163434903 43582.75 0.0
0.010503231763619576 50915.0 0.0
0.01061865189289012 37917.0 0.0
0.010734072022160665 67929.0 0.0
0.01084949215143121 42605.8 0.0
0.010964912280701754 43488.0 0.0
0.0110803324099723 36029.375 0.0
0.011195752539242845 36530.166666666664 0.0
0.011311172668513388 41750.555555555555 0.0
0.011426592797783934 39457.11111111111 0.0
0.011542012927054479 36077.833333333336 0.0
0.011657433056325023 45377.333333333336 0.0
0.011772853185595568 36326.2 0.0
0.011888273314866112 37620.0 0.0
0.012003693444136657 49802.0 0.0
0.012119113573407203 40537.166666666664 0.0
0.012234533702677746 32973.6 0.0
0.012349953831948292 43300.25 0.0
0.012465373961218837 44713.75 0.0
0.012580794090489381 51457.0 0.0
0.012696214219759926 53545.75 0.0
0.012811634349030472 44140.0 0.0
0.012927054478301015 40577.666666666664 0.0
0.01304247460757156 47272.5 0.0
0.013157894736842105 54383.0 0.0
0.01327331486611265 47963.0 0.0
0.013388734995383195 62678.75 0.0
0.013504155124653739 60528.0 0.0
0.013619575253924284 56419.75 0.0
0.01373499538319483 50112.0 0.0
0.013850415512465374 60797.5 0.0
0.013965835641735919 45638.25 0.0
0.014081255771006464 48144.5 0.0
0.014196675900277008 46864.0 0.0
0.014312096029547553 48620.5 0.0
0.014427516158818097 52329.666666666664 0.0
0.014542936288088643 53433.0 0.0
0.014658356417359188 59717.5 0.0
0.014773776546629732 44542.333333333336 0.0
0.014889196675900277 52095.2 0.0
0.015004616805170823 34600.5 0.0
0.015120036934441366 91356.25 0.0
0.015235457063711912 42646.0 0.0
0.015350877192982455 47841.0 0.0
0.015466297322253 46740.6 0.0
0.015581717451523546 46059.666666666664 0.0
0.01569713758079409 54222.6 0.0
0.015812557710064637 41857.25 0.0
0.01592797783933518 32127.333333333332 0.0
0.016043397968605724 46810.166666666664 0.0
0.016158818097876268 46124.666666666664 0.0
0.016274238227146815 44152.333333333336 0.0
0.01638965835641736 45241.0 0.0
0.016505078485687903 54358.2 0.0
0.01662049861495845 52264.0 0.0
0.016735918744228993 61962.25 0.0
0.016851338873499537 60190.6 0.0
0.016966759002770084 58500.0 0.0
0.017082179132040628 60103.5 0.0
0.01719759926131117 43119.0 0.0
0.01731301939058172 61452.666666666664 0.0
0.017428439519852262 64429.0 0.0
0.017543859649122806 59527.0 0.0
0.017659279778393353 60075.0 0.0
0.017774699907663897 43224.0 0.0
0.01789012003693444 78160.0 0.0
0.01812096029547553 80009.0 0.0
0.018236380424746075 43289.0 0.0
0.018351800554016622 55102.25 0.0
0.018467220683287166 54627.0 0.0
0.01858264081255771 46908.666666666664 0.0
0.018698060941828253 73889.0 0.0
0.018928901200369344 49945.0 0.0
0.019044321329639888 51832.0 0.0
0.019159741458910435 46328.2 0.0
0.01927516158818098 55988.0 0.0
0.019390581717451522 67592.5 0.0
0.01950600184672207 76195.5 0.0
0.019621421975992613 42642.0 0.0
0.019736842105263157 74760.8 0.0
0.019852262234533704 65356.0 0.0
0.019967682363804248 87939.33333333333 0.0
0.02008310249307479 77189.2 0.0
0.02019852262234534 61685.666666666664 0.0
0.020313942751615882 52567.333333333336 0.0
0.020429362880886426 58403.666666666664 0.0
0.020544783010156973 75000.0 0.0
0.020660203139427517 75451.66666666667 0.0
0.02077562326869806 77683.0 0.0
0.020891043397968604 71384.66666666667 0.0
0.02100646352723915 69323.2 0.0
0.021121883656509695 70216.0 0.0
0.02123730378578024 80092.5 0.0
0.021352723915050786 68949.2 0.0
0.02146814404432133 66570.0 0.0
0.021583564173591873 64574.666666666664 0.0
0.02169898430286242 68381.0 0.0
0.021814404432132964 66746.0 0.0
0.021929824561403508 64928.8 0.0
0.022045244690674055 70313.0 0.0
0.0221606648199446 67511.5 0.0
0.022276084949215142 72147.0 0.0
0.02239150507848569 77700.66666666667 0.0
0.022506925207756233 68712.5 0.0
0.022622345337026777 94944.0 0.0
0.022737765466297324 81910.75 0.0
0.023084025854108958 64047.0 0.0
0.023199445983379502 68739.0 0.0
0.023314866112650046 68906.25 0.0
0.02343028624192059 75693.33333333333 0.0
0.023545706371191136 68656.0 0.0
0.02366112650046168 80976.33333333333 0.0
0.023776546629732224 82188.66666666667 0.0
0.02389196675900277 77794.5 0.0
0.024007386888273315 78929.5 0.0
0.02412280701754386 77858.0 0.0
0.024238227146814405 74303.0 0.0
0.02435364727608495 67169.0 0.0
0.024469067405355493 64909.0 0.0
0.02458448753462604 65166.0 0.0
0.024699907663896584 76847.5 0.0
0.024815327793167127 67815.25 0.0
0.024930747922437674 74041.33333333333 0.0
0.025046168051708218 66573.0 0.0
0.025161588180978762 65226.0 0.0
0.02527700831024931 80481.0 0.0
0.025507848568790396 63706.0 0.0
0.025623268698060944 61338.0 0.0
0.025738688827331487 60645.5 0.0
0.02585410895660203 61583.5 0.0
0.025969529085872575 69759.0 0.0
0.02608494921514312 76036.0 0.0
0.026200369344413665 67003.0 0.0
0.02631578947368421 71823.8 0.0
0.026431209602954756 69364.0 0.0
0.0265466297322253 69380.0 0.0
0.02677746999076639 69398.0 0.0
0.026892890120036934 69401.0 0.0
0.027008310249307478 69541.0 0.0
0.02723915050784857 82202.0 0.0
0.027354570637119113 75325.66666666667 0.0
0.02746999076638966 67353.0 0.0
0.027700831024930747 66441.0 0.0
0.027816251154201294 66462.5 0.0
0.027931671283471838 78069.5 0.0
0.02816251154201293 94292.0 0.0
0.028393351800554016 94471.0 0.0
0.02850877192982456 86683.5 0.0
0.028624192059095107 96279.0 0.0
0.02873961218836565 74075.5 0.0
0.028855032317636194 74089.0 0.0
0.02897045244690674 80864.5 0.0
0.029085872576177285 77754.0 0.0
0.02966297322253001 74621.5 0.0
0.029778393351800554 74666.0 0.0
0.029893813481071098 74690.0 0.0
0.030009233610341645 62324.0 0.0
0.030240073868882732 78557.0 0.0
0.030586334256694367 103034.33333333333 0.0
0.03070175438596491 109610.66666666667 0.0
0.030817174515235458 168728.0 0.0
0.030932594644506 62720.0 0.0
0.031048014773776545 62788.0 0.0
0.031163434903047092 62802.0 0.0
0.031278855032317636 96935.0 0.0
0.03150969529085872 80025.5 0.0
0.03174053554939982 63115.0 0.0
0.03185595567867036 87879.0 0.0
0.031971375807940905 63159.0 0.0
0.03208679593721145 63160.0 0.0
0.032317636195752536 97970.0 0.0
0.032663896583564174 66824.0 0.0
0.03277931671283472 66835.0 0.0
0.03289473684210526 82401.5 0.0
0.033010156971375805 84619.33333333333 0.0
0.0332409972299169 67101.0 0.0
0.03335641735918744 67232.0 0.0
0.03347183748845799 67460.0 0.0
0.03358725761772853 82229.5 0.0
0.033702677746999074 97082.0 0.0
0.03404893813481071 106474.5 0.0
0.034164358264081256 97444.0 0.0
0.0342797783933518 97387.0 0.0
0.03439519852262234 97540.0 0.0
0.03462603878116344 97551.0 0.0
0.03497229916897507 97727.0 0.0
0.035203139427516156 68297.0 0.0
0.035318559556786706 68302.0 0.0
0.03543397968605725 99834.0 0.0
0.03566481994459834 99917.0 0.0
0.03578024007386888 84331.5 0.0
0.035895660203139425 68746.0 0.0
0.036011080332409975 84406.0 0.0
0.036357340720221606 100072.0 0.0
0.03647276084949215 94534.0 0.0
0.036588180978762694 68823.0 0.0
0.03681902123730379 81446.0 0.0
0.037049861495844875 95020.5 0.0
0.03716528162511542 108556.0 0.0
0.03728070175438596 108563.0 0.0
0.037396121883656507 108636.0 0.0
0.037742382271468145 102638.5 0.0
0.03785780240073869 91711.5 0.0
0.03797322253000923 85626.5 0.0
0.038204062788550326 84342.0 0.0
0.03831948291782087 90310.0 0.0
0.038434903047091414 112716.0 0.0
0.03855032317636196 88842.33333333333 0.0
0.0386657433056325 92759.33333333333 0.0
0.038896583564173595 124050.0 0.0
0.03901200369344414 101238.0 0.0
0.039242843951985226 124234.0 0.0
0.03935826408125577 124235.0 0.0
0.039473684210526314 116812.0 0.0
0.03958910433979686 109408.0 0.0
0.039935364727608495 102398.0 0.0
0.04016620498614958 102686.0 0.0
0.04039704524469068 86834.0 0.0
0.04051246537396122 86892.5 0.0
0.04074330563250231 72744.0 0.0
0.04085872576177285 72765.0 0.0
0.040974145891043395 94313.66666666667 0.0
0.041089566020313946 118589.0 0.0
0.04120498614958449 120152.8 0.0
0.04132040627885503 103445.33333333333 0.0
0.04143582640812558 87560.5 0.0
0.04155124653739612 91325.5 0.0
0.041666666666666664 124126.5 0.0
0.04178208679593721 115261.5 0.0
0.04189750692520776 124464.0 0.0
0.0420129270544783 128027.0 0.0
0.042128347183748846 128072.33333333333 0.0
0.04224376731301939 137134.5 0.0
0.04235918744228993 142832.0 0.0
0.04259002770083103 110152.0 0.0
0.04270544783010157 139371.0 0.0
0.042820867959372115 73869.0 0.0
0.04293628808864266 139426.5 0.0
0.0430517082179132 117629.66666666667 0.0
0.043167128347183746 99225.0 0.0
0.04339796860572484 103409.0 0.0
0.0443213296398892 157063.0 0.0
0.04466759002770083 113700.0 0.0
0.04489843028624192 176408.0 0.0
0.045013850415512466 176411.0 0.0
0.04524469067405355 101049.0 0.0
0.04547553093259465 103430.5 0.0
0.04559095106186519 103435.0 0.0
0.045706371191135735 105232.0 0.0
0.04582179132040628 105234.0 0.0
0.046052631578947366 111575.33333333333 0.0
0.046168051708217916 102031.0 0.0
0.046398891966759004 104501.0 0.0
0.04651431209602955 106939.0 0.0
0.04662973222530009 127775.0 0.0
0.046745152354570635 102146.0 0.0
0.04686057248384118 115011.0 0.0
0.04697599261311173 102170.0 0.0
0.04709141274238227 179167.0 0.0
0.04720683287165282 127918.0 0.0
0.04732225300092336 127920.0 0.0
0.04778393351800554 179595.0 0.0
0.04813019390581717 131012.0 0.0
0.04847645429362881 119767.0 0.0
0.048938134810710986 117810.0 0.0
0.04905355493998153 108202.0 0.0
0.04916897506925208 94978.0 0.0
0.049284395198522624 121690.0 0.0
0.04939981532779317 117846.0 0.0
0.04951523545706371 117854.0 0.0
0.049630655586334255 117854.0 0.0
0.0497460757156048 121742.0 0.0
0.04997691597414589 95337.0 0.0
0.050092336103416436 121791.0 0.0
0.05020775623268698 95530.0 0.0
0.050323176361957524 121845.0 0.0
0.05043859649122807 121848.0 0.0
0.05055401662049862 121850.0 0.0
0.05066943674976916 121914.0 0.0
0.051131117266851336 108988.0 0.0
0.05216989843028624 154299.0 0.0
0.05240073868882733 154320.0 0.0
0.052516158818097874 155690.0 0.0
0.05332409972299169 131203.0 0.0
0.05343951985226224 113793.0 0.0
0.05355493998153278 122531.0 0.0
0.053670360110803325 116720.5 0.0
0.05378578024007387 113922.0 0.0
0.05390120036934441 111002.0 0.0
0.054016620498614956 114082.0 0.0
0.0541320406278855 99382.0 0.0
0.05459372114496768 99461.0 0.0
0.054709141274238225 99473.0 0.0
0.05493998153277932 118289.66666666667 0.0
0.05505540166204986 99495.0 0.0
0.05517082179132041 123685.0 0.0
0.05563250230840259 123949.0 0.0
0.05597876269621422 127920.0 0.0
0.05609418282548476 175909.0 0.0
0.05667128347183749 132930.0 0.0
0.05678670360110803 142612.5 0.0
0.056902123730378576 127382.5 0.0
0.05701754385964912 164638.0 0.0
0.05713296398891967 133618.0 0.0
0.057248384118190214 133636.0 0.0
0.06024930747922438 124248.0 0.0
0.06036472760849492 124256.0 0.0
0.06105724838411819 124364.0 0.0
0.061172668513388734 124366.0 0.0
0.06128808864265928 124524.0 0.0
0.06140350877192982 133928.0 0.0
0.061634349030470915 134057.0 0.0
0.06174976915974146 134162.0 0.0
0.061865189289012 125042.0 0.0
0.061980609418282546 134191.0 0.0
0.06244228993536473 134515.0 0.0
0.06301939058171745 125471.0 0.0
0.06348107109879964 143463.0 0.0
0.06394275161588181 132813.5 0.0
0.06405817174515235 140066.0 0.0
0.06428901200369344 140318.0 0.0
0.06440443213296398 133746.5 0.0
0.06451985226223453 133756.0 0.0
0.06463527239150507 127099.0 0.0
0.06475069252077563 127102.0 0.0
0.06486611265004617 135944.0 0.0
0.06498153277931672 135970.0 0.0
0.0652123730378578 127171.0 0.0
0.06578947368421052 172202.0 0.0
0.06625115420129271 211940.5 0.0
0.06636657433056325 152737.0 0.0
0.0664819944598338 152738.0 0.0
0.06659741458910434 152772.0 0.0
0.06671283471837489 152814.0 0.0
0.06717451523545706 153449.0 0.0
0.06867497691597414 137431.0 0.0
0.06902123730378577 137451.0 0.0
0.06913665743305633 137623.0 0.0
0.06925207756232687 133109.0 0.0
0.06936749769159742 132476.0 0.0
0.06948291782086796 132701.0 0.0
0.0695983379501385 137674.0 0.0
0.06971375807940905 132729.0 0.0
0.07006001846722068 140410.0 0.0
0.07017543859649122 137715.0 0.0
0.0708679593721145 140516.0 0.0
0.07098337950138504 140521.0 0.0
0.0719067405355494 138147.0 0.0
0.07225300092336104 142402.0 0.0
0.07259926131117267 144514.0 0.0
0.08506463527239151 168293.0 0.0
0.10006925207756233 235295.0 0.0
0.10018467220683287 235302.0 0.0
0.1038781163434903 294489.0 0.0
0.10595567867036011 236541.0 0.0
0.10641735918744229 236712.0 0.0
0.10653277931671283 236714.0 0.0
0.10664819944598337 238699.0 0.0
0.10710987996306556 238728.0 0.0
0.11149584487534626 268177.0 0.0
0.11161126500461681 268181.0 0.0
0.11172668513388735 268188.0 0.0
0.11207294552169898 268384.0 0.0
0.12038319482917821 275276.0 0.0
0.13423361034164358 222630.0 0.0
0.13515697137580793 222704.0 0.0
0.14312096029547552 266815.0 0.0
0.1440443213296399 284256.0 0.0
0.14439058171745153 314945.0 0.0
0.1448522622345337 240624.0 0.0
0.16020313942751616 344950.0 0.0
0.16412742382271467 376847.0 0.0
0.17012927054478302 460431.0 0.0
0.18028624192059095 421936.0 0.0
0.26523545706371193 427245.0 0.0
0.26535087719298245 509872.0 0.0
0.2992843951985226 498628.0 0.0
0.4694136657433056 771659.0 0.0
0.5305863342566943 781416.0 0.0
1.0 1236043.0 0.0
