20078
0.0001 1385 8 0
0.0001 2236 16 0
0.0002 3265 28 0
0.0003 4024 36 0
0.0003 4614 51 0
0.0004 5169 58 0
0.0005 5500 57 0
0.0006 6092 55 0
0.0006 6407 75 0
0.0007 6697 87 0
0.0008 7445 107 0
0.0008 7721 129 0
0.0009 7983 114 0
0.0010 8236 143 0
0.0010 8685 165 0
0.0011 9070 138 0
0.0012 9413 179 0
0.0012 9314 141 0
0.0013 9558 218 0
0.0014 9398 203 0
0.0015 9873 191 0
0.0015 9983 162 0
0.0016 10121 158 0
0.0017 10580 182 0
0.0017 10543 200 0
0.0018 10823 201 0
0.0019 10914 144 0
0.0019 11376 306 0
0.0020 11432 285 0
0.0021 11615 271 0
0.0021 11570 260 0
0.0022 12219 312 0
0.0023 11759 286 0
0.0024 12291 329 0
0.0024 12140 335 0
0.0025 12206 434 0
0.0026 12453 287 0
0.0026 12366 401 0
0.0027 12832 483 0
0.0028 12267 199 0
0.0028 12867 361 0
0.0029 12771 287 0
0.0030 13443 424 0
0.0030 13285 406 0
0.0031 13461 335 0
0.0032 13436 381 0
0.0033 13367 497 0
0.0033 13079 397 0
0.0034 12998 354 0
0.0035 13344 338 0
0.0035 13537 394 0
0.0036 13632 319 0
0.0037 13407 486 0
0.0037 13234 402 0
0.0038 13179 442 0
0.0039 13947 784 0
0.0039 13962 352 0
0.0040 13931 387 0
0.0041 13835 443 0
0.0042 13926 337 0
0.0042 14078 482 0
0.0043 14085 396 0
0.0044 14116 250 0
0.0044 14239 588 0
0.0045 13988 646 0
0.0046 14144 718 0
0.0046 14568 657 0
0.0047 14759 529 0
0.0048 14777 407 0
0.0048 14945 852 0
0.0049 14938 661 0
0.0050 14837 595 0
0.0051 14723 320 0
0.0051 14140 375 0
0.0052 15284 319 0
0.0053 14844 354 0
0.0053 14948 593 0
0.0054 14816 517 0
0.0055 15454 716 0
0.0055 14911 1094 0
0.0056 15050 507 0
0.0057 15516 678 0
0.0057 15153 516 0
0.0058 16217 780 0
0.0059 15275 833 0
0.0060 15476 703 0
0.0060 15703 1109 0
0.0061 15671 1023 0
0.0062 16212 871 0
0.0062 16790 933 0
0.0063 16385 910 0
0.0064 15576 975 0
0.0065 15385 321 0
0.0066 16342 971 0
0.0067 15754 669 0
0.0067 16294 1000 0
0.0068 15206 513 0
0.0069 16273 379 0
0.0069 15811 784 0
0.0070 15452 772 0
0.0071 16221 1997 0
0.0071 16766 1169 0
0.0072 15340 2366 0
0.0073 15277 157 0
0.0073 16167 426 0
0.0074 16405 423 0
0.0075 15698 1211 0
0.0076 15968 1561 0
0.0076 16009 1266 0
0.0077 16215 384 0
0.0078 15852 687 0
0.0078 16235 764 0
0.0080 16873 883 0
0.0080 16635 730 0
0.0082 16997 398 0
0.0082 16316 507 0
0.0083 16643 3686 0
0.0085 16190 3595 0
0.0085 16355 569 0
0.0086 16503 419 0
0.0087 15800 394 0
0.0088 16524 1762 0
0.0089 16370 941 0
0.0090 16380 1326 0
0.0091 15886 439 0
0.0091 16978 1155 0
0.0092 16577 489 0
0.0094 16674 585 0
0.0094 16461 575 0
0.0095 16571 1381 0
0.0096 17152 1246 0
0.0096 17368 1050 0
0.0098 17568 1685 0
0.0098 16615 830 0
0.0100 17185 1251 0
0.0101 17105 1904 0
0.0102 17311 1358 0
0.0103 17042 1059 0
0.0103 16734 433 0
0.0106 16379 1989 0
0.0107 17052 2445 0
0.0108 17115 305 0
0.0109 16466 568 0
0.0110 16657 746 0
0.0112 17193 2475 0
0.0112 17437 1925 0
0.0113 16579 1226 0
0.0114 17025 698 0
0.0114 17079 384 0
0.0116 16939 795 0
0.0117 17086 818 0
0.0120 17370 529 0
0.0121 17559 720 0
0.0123 17688 1698 0
0.0128 17160 6851 0
0.0129 17270 1479 0
0.0130 17192 1156 0
0.0131 17281 6862 0
0.0134 17703 1453 0
0.0139 17457 379 0
0.0139 17377 2864 0
0.0140 18142 1495 0
0.0142 17585 382 0
0.0143 17413 2868 0
0.0144 17625 313 0
0.0146 17749 1771 0
0.0148 17182 1588 0
0.0148 18058 1809 0
0.0150 17446 2243 0
0.0150 17971 1525 0
0.0152 18215 1857 0
0.0154 17661 393 0
0.0157 17764 759 0
0.0161 18094 1864 0
0.0163 17412 1426 0
0.0164 17938 1799 0
0.0165 17541 1362 0
0.0166 17734 1690 0
0.0168 17857 414 0
0.0170 17615 1266 0
0.0171 17617 907 0
0.0172 17357 1709 0
0.0172 18292 3299 0
0.0175 17722 1163 0
0.0175 18113 1032 0
0.0176 17765 449 0
0.0178 17695 1797 0
0.0179 17760 918 0
0.0179 18014 1735 0
0.0181 17664 2268 0
0.0185 18442 2463 0
0.0186 18336 1026 0
0.0187 17847 1820 0
0.0188 17905 969 0
0.0190 18222 1271 0
0.0191 17927 760 0
0.0194 18362 3317 0
0.0198 18424 3319 0
0.0199 18257 2105 0
0.0200 17526 1755 0
0.0201 18532 2135 0
0.0202 17924 2317 0
0.0209 18198 1936 0
0.0218 18185 4085 0
0.0220 18281 1082 0
0.0222 18007 1066 0
0.0223 18205 1223 0
0.0224 18048 3359 0
0.0224 18314 2074 0
0.0225 18132 2460 0
0.0227 18097 2390 0
0.0227 18370 3367 0
0.0230 18165 1939 0
0.0231 18185 2233 0
0.0233 17979 7162 0
0.0236 18512 3397 0
0.0237 18253 2777 0
0.0238 18458 1303 0
0.0240 18343 1192 0
0.0241 18544 1145 0
0.0246 18123 4763 0
0.0247 18305 2687 0
0.0251 18338 2558 0
0.0252 18450 3729 0
0.0255 18159 1733 0
0.0259 18462 2318 0
0.0262 18369 1960 0
0.0265 18327 2076 0
0.0267 18629 1232 0
0.0273 18569 4450 0
0.0276 18504 2192 0
0.0282 18356 1891 0
0.0283 18623 5771 0
0.0285 18146 7193 0
0.0285 18249 3608 0
0.0286 18728 3847 0
0.0290 18522 3119 0
0.0297 18623 3931 0
0.0299 18266 9072 0
0.0303 18596 3007 0
0.0303 18466 3841 0
0.0305 18672 3981 0
0.0306 18666 3012 0
0.0307 18537 2143 0
0.0308 18307 9073 0
0.0310 18723 4114 0
0.0311 18702 4717 0
0.0312 18509 3415 0
0.0313 18834 5798 0
0.0315 18528 2926 0
0.0316 18688 2281 0
0.0318 18691 3416 0
0.0322 18637 4093 0
0.0325 18735 4730 0
0.0326 18618 3452 0
0.0333 18595 2579 0
0.0337 18547 3908 0
0.0339 18646 3911 0
0.0341 18736 6568 0
0.0346 18610 2511 0
0.0349 18845 5255 0
0.0357 18789 4998 0
0.0360 18821 6368 0
0.0362 18678 3998 0
0.0362 18783 3742 0
0.0364 18889 6589 0
0.0365 18860 4279 0
0.0367 18524 2461 0
0.0371 18727 2247 0
0.0379 18757 4445 0
0.0383 18763 5654 0
0.0388 18890 3596 0
0.0389 18859 6179 0
0.0391 18944 6265 0
0.0391 18675 2697 0
0.0397 18876 5611 0
0.0398 18781 7452 0
0.0399 18752 3198 0
0.0400 18647 9952 0
0.0404 18829 3872 0
0.0410 18950 6603 0
0.0411 18674 9962 0
0.0412 18761 3017 0
0.0418 18993 7046 0
0.0418 18775 3370 0
0.0420 18833 4758 0
0.0426 18925 5194 0
0.0427 19003 7297 0
0.0427 18809 3371 0
0.0430 18874 3415 0
0.0432 18830 3461 0
0.0438 18972 6875 0
0.0440 18949 5205 0
0.0441 18963 9413 0
0.0442 18747 10163 0
0.0450 19049 7234 0
0.0456 19021 5055 0
0.0478 18997 6011 0
0.0481 18871 3799 0
0.0499 19034 6472 0
0.0500 19012 6395 0
0.1000 19418 12064 0
0.1500 19622 18586 0
0.2001 19685 25559 0
0.2501 19754 30196 0
0.3001 19799 33647 0
0.3501 19845 44490 0
0.4001 19880 51100 0
0.4501 19914 56922 0
0.5001 19936 61309 0
0.5501 19961 71448 0
0.6001 19973 75075 0
0.6500 19995 82093 0
0.7000 20004 86842 0
0.7500 20022 97299 0
0.8000 20036 102473 0
0.8500 20044 107575 0
0.9000 20065 114409 0
0.9501 20072 119909 0
1.0000 20078 128208 0
