678918
0.00011542012927054478 1177.9065096952909 183.908702677747
0.00023084025854108956 1767.838107098381 298.8293897882939
0.00034626038781163435 2654.753036437247 469.13461538461536
0.0004616805170821791 3254.5045045045044 765.481981981982
0.0005771006463527239 3879.5770925110132 745.7026431718061
0.0006925207756232687 4333.190058479532 918.4970760233919
0.0008079409048938135 4905.333333333333 1179.1560283687943
0.0009233610341643582 5206.535864978903 1637.3713080168777
0.001038781163434903 6212.393442622951 1378.1311475409836
0.0011542012927054479 6137.144578313253 1640.0481927710844
0.0012696214219759926 6982.888157894737 1887.0197368421052
0.0013850415512465374 6888.69298245614 1584.0263157894738
0.0015004616805170822 7648.770642201835 2449.1284403669724
0.001615881809787627 7765.79381443299 2596.556701030928
0.0017313019390581717 8580.675 2621.075
0.0018467220683287165 7827.901408450704 2367.8732394366198
0.0019621421975992612 7429.590909090909 2160.4242424242425
0.002077562326869806 8822.61971830986 2682.1971830985917
0.0021929824561403508 9476.645161290322 2547.5806451612902
0.0023084025854108957 9852.181818181818 3367.6181818181817
0.0024238227146814403 10228.727272727272 3613.8545454545456
0.0025392428439519853 9914.56862745098 2790.5098039215686
0.00265466297322253 10885.28947368421 3262.6052631578946
0.002770083102493075 12384.25641025641 3812.6666666666665
0.0028855032317636198 12429.033333333333 5266.333333333333
0.0030009233610341643 10434.655172413793 5632.620689655172
0.0031163434903047093 12896.60606060606 6096.454545454545
0.003231763619575254 13501.827586206897 8109.758620689655
0.003347183748845799 12179.451612903225 4112.741935483871
0.0034626038781163434 12412.708333333334 3416.1666666666665
0.0035780240073868884 11760.035714285714 3981.964285714286
0.003693444136657433 13471.357142857143 5709.821428571428
0.003808864265927978 12818.966666666667 5634.133333333333
0.0039242843951985225 11652.24 4036.36
0.004039704524469067 12254.030303030304 5231.030303030303
0.004155124653739612 12128.833333333334 5309.966666666666
0.004270544783010157 13842.08695652174 5765.391304347826
0.0043859649122807015 14573.045454545454 7032.409090909091
0.004501385041551247 13834.173913043478 5872.826086956522
0.0046168051708217915 15506.57142857143 6826.142857142857
0.004732225300092336 15531.25 8007.95
0.004847645429362881 17123.875 7724.625
0.004963065558633426 19051.57894736842 10099.894736842105
0.0050784856879039705 15777.631578947368 9021.0
0.005193905817174515 15171.764705882353 10332.235294117647
0.00530932594644506 17143.11111111111 6581.722222222223
0.005424746075715605 14766.157894736842 5926.9473684210525
0.00554016620498615 17162.666666666668 7110.571428571428
0.005655586334256694 15824.5 6176.357142857143
0.0057710064635272396 16640.416666666668 6102.666666666667
0.005886426592797784 16782.285714285714 8304.857142857143
0.006001846722068329 20764.0 9559.833333333334
0.006117266851338873 20618.0 7525.153846153846
0.006232686980609419 19155.3 6743.75
0.006348107109879963 21006.684210526317 7930.578947368421
0.006463527239150508 20406.625 6667.75
0.006578947368421052 21012.636363636364 10017.227272727272
0.006694367497691598 20094.214285714286 6769.142857142857
0.006809787626962142 18529.823529411766 7365.411764705882
0.006925207756232687 17613.25 6815.916666666667
0.007040627885503232 17089.615384615383 4904.692307692308
0.007156048014773777 20987.88888888889 6129.333333333333
0.007271468144044321 18945.833333333332 6898.166666666667
0.007386888273314866 22761.81818181818 9103.818181818182
0.007502308402585411 24364.0 11719.0
0.007617728531855956 26835.153846153848 11998.615384615385
0.0077331486611265 27441.714285714286 13650.857142857143
0.007848568790397045 20466.125 9900.25
0.00796398891966759 18449.6 7357.2
0.008079409048938134 17518.666666666668 6342.111111111111
0.00819482917820868 19292.14285714286 7525.428571428572
0.008310249307479225 23292.0 9972.25
0.008425669436749769 19805.444444444445 8974.222222222223
0.008541089566020314 22761.625 10809.5
0.00865650969529086 26149.375 13220.5
0.008771929824561403 28224.333333333332 14007.0
0.008887349953831948 28593.4 12457.6
0.009002770083102494 22766.2 11174.8
0.009118190212373038 22589.0 10250.5
0.009233610341643583 25634.25 14596.5
0.009349030470914127 25589.625 9158.75
0.009464450600184672 24321.85714285714 10147.142857142857
0.009579870729455217 20405.5 5489.75
0.009695290858725761 23207.0 7159.571428571428
0.009810710987996307 19676.0 9065.0
0.009926131117266852 29764.75 12896.5
0.010041551246537396 24438.6 7137.8
0.010156971375807941 23716.11111111111 9202.0
0.010272391505078486 24503.090909090908 13799.90909090909
0.01038781163434903 23451.5 13213.5
0.010503231763619576 22196.6 13368.8
0.01061865189289012 25867.833333333332 11404.0
0.010734072022160665 21884.5 10597.0
0.01084949215143121 27610.14285714286 13894.0
0.010964912280701754 29989.875 14887.5
0.0110803324099723 30920.75 13858.25
0.011195752539242845 25895.0 14779.0
0.011311172668513388 29442.333333333332 11636.0
0.011426592797783934 26358.0 14941.833333333334
0.011542012927054479 27172.0 9695.666666666666
0.011657433056325023 37573.166666666664 15587.666666666666
0.011772853185595568 25806.714285714286 11749.57142857143
0.011888273314866112 22446.833333333332 7597.333333333333
0.012003693444136657 29272.0 14265.57142857143
0.012119113573407203 30904.333333333332 17536.88888888889
0.012234533702677746 35979.8 11820.0
0.012349953831948292 31533.4 14867.4
0.012465373961218837 29353.125 13565.5
0.012580794090489381 26083.6 13039.5
0.012696214219759926 24400.2 16409.8
0.012811634349030472 29031.4 15086.2
0.012927054478301015 21707.75 14258.75
0.01304247460757156 27862.166666666668 15995.666666666666
0.013157894736842105 29832.4 14983.0
0.01327331486611265 28925.5 16375.0
0.013388734995383195 32754.571428571428 16966.85714285714
0.013504155124653739 32318.5 21095.0
0.013619575253924284 31495.0 16471.0
0.01373499538319483 26650.0 11168.333333333334
0.013850415512465374 26807.0 12559.5
0.013965835641735919 31476.8 17400.0
0.014081255771006464 33756.5 23004.0
0.014196675900277008 35530.75 22559.0
0.014312096029547553 34241.625 20303.75
0.014427516158818097 32169.333333333332 14930.833333333334
0.014542936288088643 37610.166666666664 19059.5
0.014658356417359188 36816.666666666664 17099.0
0.014773776546629732 42962.6 20710.6
0.014889196675900277 37446.4 20604.2
0.015004616805170823 41602.5 22436.0
0.015120036934441366 38947.833333333336 24340.666666666668
0.015235457063711912 33035.2 21220.4
0.015350877192982455 39450.8 26064.2
0.015466297322253 34186.25 19668.75
0.015581717451523546 34507.6 20519.4
0.01569713758079409 41224.0 17399.0
0.015812557710064637 38774.75 29091.5
0.01592797783933518 42947.25 21276.0
0.016043397968605724 42926.71428571428 28137.0
0.016158818097876268 37318.6 24096.8
0.016274238227146815 42636.5 25975.75
0.01638965835641736 40663.28571428572 19952.0
0.016505078485687903 64303.0 33824.0
0.01662049861495845 41536.5 23550.0
0.016735918744228993 38004.8 19156.4
0.016851338873499537 34689.333333333336 16843.833333333332
0.016966759002770084 35640.42857142857 23221.571428571428
0.017082179132040628 38407.5 24236.5
0.01719759926131117 38702.6 24346.8
0.01731301939058172 33666.857142857145 16906.571428571428
0.017428439519852262 34440.333333333336 19968.666666666668
0.017543859649122806 46574.25 30416.75
0.017659279778393353 32955.75 19881.5
0.017774699907663897 36162.5 18335.5
0.01789012003693444 54084.0 26746.5
0.018005540166204988 41667.0 21349.0
0.01812096029547553 41730.5 21364.5
0.018236380424746075 42866.0 18397.0
0.018351800554016622 25920.0 11219.0
0.018467220683287166 37758.0 27487.666666666668
0.01858264081255771 29794.75 18351.5
0.018698060941828253 37732.0 19147.5
0.018928901200369344 65985.0 35600.0
0.019044321329639888 66264.0 35712.0
0.019159741458910435 55529.0 30811.5
0.019390581717451522 39664.0 36007.0
0.01950600184672207 39665.0 36008.0
0.019621421975992613 39581.5 24830.75
0.019736842105263157 38470.0 19622.5
0.019852262234533704 30583.0 14657.333333333334
0.019967682363804248 33861.333333333336 15740.333333333334
0.02008310249307479 31761.5 13524.0
0.02019852262234534 35595.0 20297.333333333332
0.020313942751615882 38754.0 20580.0
0.020429362880886426 37213.333333333336 16154.333333333334
0.020544783010156973 38872.5 20387.0
0.020660203139427517 40744.75 23602.0
0.02077562326869806 44429.5 29803.0
0.020891043397968604 34290.0 20020.0
0.02100646352723915 47099.0 33398.0
0.021121883656509695 47128.0 33540.0
0.02123730378578024 47185.0 33544.0
0.021352723915050786 36083.0 14494.0
0.02146814404432133 48280.0 24325.0
0.021583564173591873 51620.0 27444.666666666668
0.02169898430286242 48408.0 29635.0
0.021814404432132964 48422.0 29635.0
0.022045244690674055 58243.5 33142.0
0.022276084949215142 46575.0 27504.0
0.022506925207756233 48849.0 30245.0
0.022622345337026777 49103.5 33182.0
0.022737765466297324 49082.333333333336 32383.333333333332
0.022853185595567867 46401.5 33011.0
0.02296860572483841 53249.6 42126.0
0.023084025854108958 63499.0 49289.5
0.023199445983379502 50744.0 36231.333333333336
0.023314866112650046 54610.5 43127.0
0.02343028624192059 51381.666666666664 37296.666666666664
0.023545706371191136 51548.666666666664 37336.0
0.02366112650046168 54854.5 43194.5
0.023776546629732224 56163.75 46475.25
0.02389196675900277 55003.5 43408.0
0.024007386888273315 53331.0 52596.5
0.02412280701754386 58894.5 42621.5
0.024238227146814405 68826.0 51443.0
0.02435364727608495 46841.0 28847.0
0.024469067405355493 51875.0 37040.0
0.02458448753462604 53502.6 44724.0
0.024699907663896584 51725.25 42864.0
0.024815327793167127 54374.5 41463.5
0.025046168051708218 47473.0 29961.0
0.025161588180978762 60518.0 75144.0
0.02527700831024931 60545.0 75148.0
0.025392428439519853 60550.0 75148.0
0.025507848568790396 55533.0 53874.5
0.025623268698060944 55726.5 50184.5
0.025738688827331487 59216.0 32994.0
0.02585410895660203 60213.0 65878.0
0.025969529085872575 59500.0 33121.0
0.02608494921514312 55896.5 52276.75
0.026200369344413665 59530.0 33136.0
0.02631578947368421 44955.5 24288.5
0.026431209602954756 50756.0 41750.0
0.0265466297322253 52959.0 39596.75
0.026662049861495844 50785.666666666664 41754.333333333336
0.02677746999076639 62268.0 79145.0
0.026892890120036934 59737.0 56698.0
0.027008310249307478 70465.5 46735.0
0.02723915050784857 62280.0 53221.0
0.027354570637119113 51613.0 34523.0
0.02746999076638966 86872.0 45158.0
0.027585410895660203 51929.0 34723.0
0.027700831024930747 62345.0 53328.0
0.027816251154201294 67512.0 55929.0
0.027931671283471838 74812.0 49367.0
0.02804709141274238 58091.5 44345.5
0.02850877192982456 53744.0 69351.0
0.028624192059095107 58138.0 61423.5
0.02873961218836565 41566.0 30057.0
0.028855032317636194 52053.0 41772.0
0.02897045244690674 53782.0 69360.0
0.029085872576177285 53881.0 69382.0
0.029316712834718376 41662.0 30223.0
0.02943213296398892 41663.0 30223.0
0.029547553093259463 63518.0 54242.0
0.02966297322253001 63619.0 54431.0
0.029778393351800554 64130.0 54679.0
0.029893813481071098 65296.0 68193.5
0.030009233610341645 66465.0 81695.0
0.03012465373961219 61906.333333333336 69032.66666666667
0.030240073868882732 58759.333333333336 63070.333333333336
0.03035549399815328 58062.0 54102.666666666664
0.030470914127423823 55210.0 70725.0
0.030586334256694367 64250.0 54707.0
0.03070175438596491 60605.5 63393.5
0.030817174515235458 64314.0 54800.0
0.031048014773776545 60821.5 63622.5
0.031163434903047092 53539.0 40214.5
0.031278855032317636 42180.0 25560.0
0.031625115420129274 77165.0 65056.0
0.03174053554939982 59714.0 45332.5
0.032317636195752536 58463.0 74465.0
0.03254847645429363 61122.0 45250.0
0.032663896583564174 59803.5 59936.0
0.0332409972299169 56679.0 65195.0
0.03404893813481071 52983.0 40231.0
0.03497229916897507 54282.0 42974.0
0.03508771929824561 54647.0 43218.0
0.035203139427516156 54665.0 43221.0
0.035318559556786706 58865.0 54295.0
0.03543397968605725 50182.5 43517.5
0.035549399815327794 50197.0 43525.5
0.03566481994459834 58933.0 54340.0
0.03578024007386888 61237.0 57144.5
0.035895660203139425 61257.5 57150.0
0.036011080332409975 81102.0 81644.0
0.036357340720221606 73676.0 83202.0
0.03647276084949215 62271.0 57514.0
0.036588180978762694 70477.0 86645.0
0.036703601108033244 81697.0 81997.0
0.03681902123730379 66063.0 84953.0
0.037049861495844875 48493.0 35634.0
0.03716528162511542 48499.0 35634.0
0.037396121883656507 44343.0 33995.0
0.03751154201292706 45193.0 34264.0
0.0376269621421976 45213.0 34390.0
0.03785780240073869 43907.5 33574.0
0.03797322253000923 43951.5 33622.0
0.038088642659279776 50701.0 41637.0
0.038204062788550326 48717.0 38370.5
0.03831948291782087 52210.0 44859.8
0.038434903047091414 52122.0 43076.0
0.03855032317636196 52690.6 45240.4
0.0386657433056325 53723.0 46027.75
0.038781163434903045 60214.5 61789.5
0.038896583564173595 50034.5 47834.0
0.03901200369344414 65503.0 78317.5
0.03912742382271468 53648.0 56467.0
0.039242843951985226 53691.5 56479.5
0.03935826408125577 69190.0 86959.0
0.039473684210526314 61267.0 62512.0
0.03958910433979686 80507.0 61145.666666666664
0.03970452446906741 69238.0 86992.0
0.04016620498614958 64268.0 52300.0
0.040281625115420126 59274.5 45374.5
0.04039704524469068 54492.0 38511.0
0.040627885503231764 71718.0 87748.0
0.04074330563250231 71721.0 87754.0
0.04085872576177285 63695.0 77415.0
0.041089566020313946 63701.0 77468.0
0.04120498614958449 64129.0 64944.5
0.04132040627885503 70502.0 60661.0
0.04143582640812558 95042.75 71597.25
0.04155124653739612 72166.0 45830.0
0.041666666666666664 64338.0 65173.5
0.04189750692520776 64266.0 62824.666666666664
0.0420129270544783 57793.0 39084.0
0.042128347183748846 60943.5 48595.0
0.04224376731301939 64348.0 58149.0
0.04235918744228993 54046.0 41818.0
0.04247460757156048 62020.0 46517.5
0.04259002770083103 53808.0 43604.0
0.04270544783010157 69087.5 67911.0
0.042820867959372115 56503.0 46304.0
0.04293628808864266 56524.0 46384.0
0.0430517082179132 56608.0 46398.0
0.0432825484764543 87086.0 94209.0
0.04339796860572484 76735.5 73628.0
0.043513388734995384 87130.0 94230.0
0.04374422899353647 56817.5 48755.5
0.043859649122807015 60333.666666666664 52320.0
0.043975069252077566 54126.0 44168.0
0.04409048938134811 54145.0 44171.0
0.04420590951061865 67252.0 59423.0
0.0443213296398892 87621.0 100270.0
0.044552169898430284 87631.0 100270.0
0.04489843028624192 54852.0 45554.0
0.04512927054478301 88190.0 100443.0
0.04524469067405355 62134.0 43013.0
0.0453601108033241 62182.0 43019.0
0.04547553093259465 63888.0 44546.0
0.04559095106186519 62275.0 50205.0
0.04582179132040628 88281.0 100487.0
0.04593721144967682 63925.0 44549.0
0.046052631578947366 62297.5 50291.5
0.046398891966759004 60257.5 43046.5
0.046745152354570635 64626.0 45182.0
0.04686057248384118 64632.0 45614.0
0.04697599261311173 66362.0 57275.0
0.04720683287165282 67879.0 67340.0
0.04732225300092336 67886.0 67352.0
0.047437673130193904 65159.0 47455.0
0.047668513388735 56688.0 41243.0
0.04836103416435827 69948.0 61341.0
0.04847645429362881 56905.0 41485.0
0.048591874422899355 56907.0 41486.0
0.0487072945521699 56918.0 41487.0
0.04882271468144044 56925.0 41487.0
0.04916897506925208 90706.0 57185.0
0.0497460757156048 45851.0 29482.0
0.050092336103416436 90443.0 103944.0
0.05020775623268698 45890.0 29490.0
0.050323176361957524 45923.0 29493.0
0.05043859649122807 67511.0 60943.666666666664
0.05055401662049862 68233.5 61653.75
0.05066943674976916 46074.0 30265.0
0.05101569713758079 46171.0 30276.0
0.051131117266851336 83603.5 93413.0
0.05124653739612189 63557.5 57658.0
0.05136195752539243 75062.0 76749.0
0.05159279778393352 78817.5 81620.0
0.05170821791320406 85155.33333333333 92760.66666666667
0.051823638042474605 57922.0 43167.0
0.05193905817174515 69767.0 72301.0
0.0520544783010157 69778.0 72303.0
0.05216989843028624 78850.0 81638.0
0.05228531855955679 87973.0 91052.0
0.052516158818097874 75164.0 70187.5
0.05263157894736842 73617.66666666667 71104.0
0.05274699907663897 88220.0 91084.0
0.052977839335180056 79209.5 81933.0
0.0530932594644506 70232.0 72611.0
0.054362880886426594 71217.0 65837.0
0.05447830101569714 71234.0 65845.0
0.05459372114496768 71253.0 65857.0
0.054709141274238225 71306.0 65857.0
0.05482456140350877 71321.0 65857.0
0.05493998153277932 72698.0 62058.0
0.05505540166204986 71355.0 65921.0
0.05517082179132041 71361.0 65930.0
0.05528624192059095 71781.0 66116.0
0.05563250230840259 82646.0 96505.0
0.05574792243767313 83369.0 96541.0
0.055863342566943676 77642.0 82149.0
0.05597876269621422 77705.5 82336.0
0.05609418282548476 83650.0 98273.0
0.05620960295475531 71967.0 66908.0
0.0564404432132964 80819.5 79755.5
0.056555863342566945 72779.0 67553.0
0.05667128347183749 89008.0 92049.0
0.05678670360110803 89018.0 92102.0
0.056902123730378576 85103.0 117240.0
0.05713296398891967 87206.5 104874.0
0.0574792243767313 73098.0 68191.0
0.05771006463527239 73188.0 68240.0
0.05782548476454294 73699.0 72190.0
0.05794090489381348 75443.0 74953.5
0.05805632502308403 77108.0 77671.0
0.05817174515235457 77126.0 77671.0
0.058287165281625114 77128.0 77675.0
0.058748845798707296 106065.0 86993.0
0.05886426592797784 77214.0 77778.0
0.05897968605724838 77233.0 77778.0
0.059787626962142196 77361.0 77784.0
0.06036472760849492 77473.0 77794.0
0.06209602954755309 89251.0 81209.0
0.06221144967682364 89270.0 81432.0
0.06313481071098799 90832.0 82637.0
0.06325023084025855 90840.0 82637.0
0.0708679593721145 102356.0 114337.0
0.07202216066481995 102661.0 115079.0
0.0721375807940905 102675.0 115080.0
0.07225300092336104 102694.0 115081.0
0.07306094182825484 102830.0 115196.0
0.07317636195752539 102839.0 115196.0
0.07329178208679593 102851.0 115490.0
0.07398430286241921 102892.0 115509.0
0.07433056325023084 100070.0 90412.0
0.07479224376731301 100464.0 90526.0
0.07490766389658357 100474.0 90538.0
0.0765235457063712 100646.0 90606.0
0.08010156971375808 104769.0 109656.0
0.08021698984302862 106001.0 125259.0
0.08033240997229917 106013.0 125262.0
0.08067867036011081 106096.0 125262.0
0.08102493074792244 107961.0 125926.0
0.08760387811634349 106498.0 107465.0
0.08875807940904894 170176.0 115596.0
0.08887349953831948 130631.0 182542.0
0.08898891966759002 130632.0 182542.0
0.08910433979686057 118710.0 145403.5
0.08921975992613111 131869.0 183288.0
0.08933518005540166 131966.0 183501.0
0.08945060018467221 131978.0 183501.0
0.08956602031394276 131979.0 183503.0
0.08991228070175439 106699.0 100153.0
0.09002770083102493 132081.0 183585.0
0.09025854108956602 119405.0 141872.0
0.09037396121883656 106821.0 100630.0
0.0904893813481071 106956.0 100657.0
0.09291320406278855 108866.0 118673.0
0.09314404432132964 108906.0 118676.0
0.09325946445060018 108910.0 118676.0
0.09349030470914127 123355.5 190422.5
0.09360572483841181 108951.0 119103.0
0.09464450600184672 109322.0 120093.0
0.09487534626038781 109336.0 120249.0
0.0951061865189289 109380.0 120251.0
0.09533702677747 109392.0 120263.0
0.09579870729455217 117395.0 155983.0
0.09729916897506925 123150.0 176277.0
0.09868421052631579 142593.0 308702.0
0.10364727608494921 101180.5 102805.0
0.13319482917820868 152136.0 196029.0
0.13331024930747923 153547.0 198005.0
0.13342566943674977 153551.0 198016.0
0.13885041551246538 169827.0 196649.0
0.14219759926131118 149069.0 221831.0
0.15535549399815327 168757.0 240630.0
0.1937903970452447 190434.0 275810.0
0.19679132040627886 287447.0 321279.0
0.2180286241920591 217671.0 327253.0
0.2309556786703601 260368.0 337427.0
0.23107109879963064 242020.0 349306.0
0.23753462603878117 248169.0 505351.0
0.3347183748845799 280159.0 429328.0
0.43432594644506 428960.0 826630.0
0.7690443213296398 569877.0 1255958.0
1.0 678918.0 1593385.0
