974376
0.0001 697 0 0
0.0001 1110 0 0
0.0002 1808 0 0
0.0003 2094 0 0
0.0003 2655 0 0
0.0004 2704 1 0
0.0005 2956 1 0
0.0006 3218 0 0
0.0006 3736 0 0
0.0007 3841 0 0
0.0008 4242 0 0
0.0008 4446 0 0
0.0009 4298 0 0
0.0010 5123 1 0
0.0010 4664 0 0
0.0011 5156 1 0
0.0012 5161 1 0
0.0012 5738 1 0
0.0013 5564 0 0
0.0014 6172 0 0
0.0015 5958 1 0
0.0015 6386 1 0
0.0016 6240 1 0
0.0017 6597 1 0
0.0017 7097 1 0
0.0018 7281 1 0
0.0019 7569 1 0
0.0019 6868 2 0
0.0020 6959 2 0
0.0021 6915 3 0
0.0021 8281 2 0
0.0022 7519 0 0
0.0023 7297 1 0
0.0024 7910 0 0
0.0024 9060 0 0
0.0025 8831 1 0
0.0026 9050 1 0
0.0026 9079 3 0
0.0027 9247 3 0
0.0028 9504 0 0
0.0028 9173 2 0
0.0029 9155 3 0
0.0030 9783 0 0
0.0030 9411 4 0
0.0031 9974 0 0
0.0032 10424 3 0
0.0033 11566 3 0
0.0033 10792 17 0
0.0034 11180 25 0
0.0035 9802 1 0
0.0035 9938 0 0
0.0036 10484 4 0
0.0037 11318 4 0
0.0037 11140 3 0
0.0038 11190 2 0
0.0039 12900 8 0
0.0039 12603 5 0
0.0040 13665 1 0
0.0041 12852 1 0
0.0042 12169 4 0
0.0042 11748 0 0
0.0043 11477 0 0
0.0044 12008 1 0
0.0044 11746 2 0
0.0045 11856 6 0
0.0046 10780 7 0
0.0046 12610 0 0
0.0047 14729 6 0
0.0048 12393 1 0
0.0048 17653 2 0
0.0049 11911 3 0
0.0050 13191 5 0
0.0051 13320 3 0
0.0051 12940 2 0
0.0052 12800 2 0
0.0053 12337 12 0
0.0053 13690 6 0
0.0054 12551 5 0
0.0055 13630 1 0
0.0055 12794 3 0
0.0056 13406 2 0
0.0057 15403 9 0
0.0057 20922 3 0
0.0058 16832 2 0
0.0059 15265 4 0
0.0060 17878 0 0
0.0060 16383 1 0
0.0061 14041 5 0
0.0062 13701 22 0
0.0062 15754 1 0
0.0063 15458 5 0
0.0064 16741 1 0
0.0064 18220 17 0
0.0065 18792 1 0
0.0066 19512 0 0
0.0067 17126 5 0
0.0067 16551 7 0
0.0069 12658 4 0
0.0069 22782 1 0
0.0070 16332 3 0
0.0071 11720 1 0
0.0071 20225 0 0
0.0072 15772 34 0
0.0073 19881 2 0
0.0074 30748 290 0
0.0077 24760 0 0
0.0078 27393 1 0
0.0078 18596 197 0
0.0079 18420 17 0
0.0080 19360 24 0
0.0080 16237 0 0
0.0081 25689 58 0
0.0082 16717 1 0
0.0082 19593 19 0
0.0083 19340 2 0
0.0084 28654 86 0
0.0085 16897 3 0
0.0085 17782 8 0
0.0086 18768 0 0
0.0087 51899 2 0
0.0087 17731 1 0
0.0088 36562 0 0
0.0089 21188 0 0
0.0090 16294 6 0
0.0091 22926 12 0
0.0091 18246 0 0
0.0092 17907 0 0
0.0093 44987 0 0
0.0094 16791 1 0
0.0095 18742 5 0
0.0096 43174 1 0
0.0096 29088 6 0
0.0097 28622 6 0
0.0098 18066 0 0
0.0098 22105 215 0
0.0099 19747 0 0
0.0100 37551 0 0
0.0100 20124 321 0
0.0102 21857 5 0
0.0103 33031 0 0
0.0104 34960 34 0
0.0105 23835 0 0
0.0106 22382 8 0
0.0109 17492 69 0
0.0110 29625 0 0
0.0112 18229 6 0
0.0112 17611 69 0
0.0113 18210 69 0
0.0114 16734 0 0
0.0114 14896 6 0
0.0117 23486 0 0
0.0118 32905 17 0
0.0120 49157 1 0
0.0121 26575 644 0
0.0123 28069 6 0
0.0124 42931 20 0
0.0125 19259 69 0
0.0125 26336 7 0
0.0127 25738 3 0
0.0127 29385 6 0
0.0129 24125 6 0
0.0131 28344 15 0
0.0134 76601 20 0
0.0136 35924 54 0
0.0143 43053 0 0
0.0145 32883 10 0
0.0147 38151 161 0
0.0148 33662 1 0
0.0149 32776 0 0
0.0152 29645 3 0
0.0156 94092 0 0
0.0157 28614 4 0
0.0161 23906 0 0
0.0162 30938 15 0
0.0163 34289 0 0
0.0163 30587 3 0
0.0164 36647 2 0
0.0165 36098 6 0
0.0167 24739 0 0
0.0169 34618 10 0
0.0170 107109 2 0
0.0171 35566 13 0
0.0172 37152 17 0
0.0175 39476 57 0
0.0179 37044 13 0
0.0180 34583 2 0
0.0184 60304 1 0
0.0185 25962 70 0
0.0190 48046 3 0
0.0193 38797 28 0
0.0196 37265 15 0
0.0199 42697 11 0
0.0200 97929 0 0
0.0203 44163 7 0
0.0206 47592 166 0
0.0215 50945 7 0
0.0216 73743 36 0
0.0219 52357 0 0
0.0221 39734 354 0
0.0222 46359 14 0
0.0223 113646 2 0
0.0224 47802 7 0
0.0229 39842 13 0
0.0230 37009 3 0
0.0238 42817 0 0
0.0240 48738 34 0
0.0244 53413 57 0
0.0246 45132 17 0
0.0249 50861 1 0
0.0252 91864 55 0
0.0253 77801 83 0
0.0255 79813 1 0
0.0261 116916 2 0
0.0263 55353 2 0
0.0267 68113 17 0
0.0269 51376 36 0
0.0270 48731 17 0
0.0271 49158 17 0
0.0272 56665 57 0
0.0278 43456 43 0
0.0281 58684 8 0
0.0281 40401 651 0
0.0282 59614 15 0
0.0283 50024 0 0
0.0285 51556 11 0
0.0286 62348 36 0
0.0287 43429 651 0
0.0294 59586 2 0
0.0308 61550 8 0
0.0310 44561 3 0
0.0311 88406 83 0
0.0312 122651 4 0
0.0314 71754 18 0
0.0314 60458 57 0
0.0315 97195 66 0
0.0317 54624 17 0
0.0320 47670 16 0
0.0328 49226 16 0
0.0330 59522 7 0
0.0331 71560 8 0
0.0333 64967 5 0
0.0333 71676 6 0
0.0335 72850 5 0
0.0337 59405 9 0
0.0338 78330 50 0
0.0341 122088 0 0
0.0343 124443 4 0
0.0346 77196 2 0
0.0355 52672 16 0
0.0360 77973 11 0
0.0360 65455 651 0
0.0363 50191 62 0
0.0366 52199 3 0
0.0371 72322 62 0
0.0374 75924 8 0
0.0380 71098 27 0
0.0383 62740 14 0
0.0384 70004 26 0
0.0386 106473 83 0
0.0395 57093 16 0
0.0396 73603 133 0
0.0398 60478 14 0
0.0403 67198 14 0
0.0407 59601 3 0
0.0413 129694 10 0
0.0414 82533 8 0
0.0421 94433 39 0
0.0430 85173 48 0
0.0432 73933 651 0
0.0435 99911 36 0
0.0438 69165 15 0
0.0438 62654 16 0
0.0443 79453 133 0
0.0443 113661 83 0
0.0445 88528 15 0
0.0451 134694 0 0
0.0452 69174 16 0
0.0456 79303 651 0
0.0459 68511 3 0
0.0460 87785 8 0
0.0461 75990 36 0
0.0468 75812 15 0
0.0477 75897 18 0
0.0492 93327 15 0
0.0499 109046 26 0
0.0500 99075 86 0
0.1000 214245 15 0
0.1500 300726 131 0
0.2000 346729 139 0
0.2500 386468 206 0
0.3000 447821 226 0
0.3500 508064 241 0
0.4000 548646 269 0
0.4501 576670 285 0
0.5000 605600 292 0
0.5500 642567 950 0
0.6000 669905 1003 0
0.6500 705993 1052 0
0.7001 754952 1188 0
0.7501 799090 1198 0
0.8001 819112 1212 0
0.8501 846705 1345 0
0.9000 884244 1436 0
0.9500 917176 1444 0
1.0000 974376 1483 0
