1105732
0.0001 926 0 0
0.0001 1467 0 0
0.0002 2308 0 0
0.0003 2781 0 0
0.0003 3311 0 0
0.0004 3666 0 0
0.0005 4265 0 0
0.0006 4787 0 0
0.0006 5261 0 0
0.0007 5633 0 0
0.0008 6035 0 0
0.0008 6574 0 0
0.0009 6841 0 0
0.0010 7402 0 0
0.0010 7544 0 0
0.0011 7489 0 0
0.0012 8619 0 0
0.0012 8312 0 0
0.0013 9283 0 0
0.0014 9158 0 0
0.0015 9041 0 0
0.0015 9262 0 0
0.0016 9051 0 0
0.0017 9700 0 0
0.0017 9536 0 0
0.0018 9848 0 0
0.0019 10280 0 0
0.0019 9739 0 0
0.0020 10606 0 0
0.0021 11217 0 0
0.0021 11735 0 0
0.0022 11202 0 0
0.0023 11671 0 0
0.0024 12864 0 0
0.0024 11824 0 0
0.0025 12656 0 0
0.0026 14103 0 0
0.0026 12336 0 0
0.0027 12456 0 0
0.0028 12259 0 0
0.0028 13369 0 0
0.0029 14757 0 0
0.0030 13455 0 0
0.0030 16384 0 0
0.0031 13833 0 0
0.0032 16387 0 0
0.0033 14710 0 0
0.0033 14018 0 0
0.0034 15071 0 0
0.0035 16675 0 0
0.0035 14241 0 0
0.0036 15091 0 0
0.0037 15655 0 0
0.0037 14648 0 0
0.0038 15765 0 0
0.0039 16934 0 0
0.0039 14621 0 0
0.0040 17146 0 0
0.0041 17734 0 0
0.0042 16287 0 0
0.0042 14910 0 0
0.0043 17384 0 0
0.0044 17019 0 0
0.0044 17701 0 0
0.0045 19393 0 0
0.0046 21206 0 0
0.0046 18854 0 0
0.0047 21194 0 0
0.0048 20937 0 0
0.0048 19476 0 0
0.0049 17810 0 0
0.0050 21264 0 0
0.0051 21388 0 0
0.0051 19699 0 0
0.0052 18709 0 0
0.0053 25702 0 0
0.0053 20395 0 0
0.0054 18730 0 0
0.0055 14958 0 0
0.0055 22189 0 0
0.0056 20139 0 0
0.0057 20524 0 0
0.0057 21705 0 0
0.0058 20138 0 0
0.0059 22499 0 0
0.0060 21754 0 0
0.0060 23632 0 0
0.0061 24228 0 0
0.0062 21880 0 0
0.0062 24116 0 0
0.0063 24732 0 0
0.0064 24277 0 0
0.0064 24906 0 0
0.0065 25139 0 0
0.0066 22824 0 0
0.0067 27396 0 0
0.0067 27181 0 0
0.0068 26807 0 0
0.0069 28698 0 0
0.0070 26474 0 0
0.0071 28423 0 0
0.0071 29907 0 0
0.0072 29582 0 0
0.0073 24893 0 0
0.0073 22731 0 0
0.0074 24354 0 0
0.0075 25461 0 0
0.0077 39057 0 0
0.0078 50153 0 0
0.0078 30812 0 0
0.0079 68360 0 0
0.0080 27350 0 0
0.0080 22823 0 0
0.0081 25399 0 0
0.0082 25667 0 0
0.0082 26254 0 0
0.0083 65581 0 0
0.0084 24401 0 0
0.0085 25171 0 0
0.0085 32607 0 0
0.0086 26071 0 0
0.0087 29184 0 0
0.0088 26106 0 0
0.0089 25259 0 0
0.0089 38502 0 0
0.0090 26824 0 0
0.0091 31239 0 0
0.0091 22236 0 0
0.0092 30737 0 0
0.0093 67095 0 0
0.0094 31928 0 0
0.0094 31549 0 0
0.0095 32125 0 0
0.0096 38144 0 0
0.0097 31076 0 0
0.0100 29388 0 0
0.0100 31330 0 0
0.0103 44472 0 0
0.0105 46275 0 0
0.0109 33468 0 0
0.0111 24494 0 0
0.0112 40279 0 0
0.0113 68579 0 0
0.0114 36913 0 0
0.0118 41740 0 0
0.0118 38856 0 0
0.0120 69703 0 0
0.0121 42605 0 0
0.0123 46042 0 0
0.0124 38648 0 0
0.0125 39589 0 0
0.0126 51506 0 0
0.0128 45258 0 0
0.0132 28871 0 0
0.0134 32178 0 0
0.0135 45334 0 0
0.0136 58772 0 0
0.0136 46935 0 0
0.0138 40479 0 0
0.0139 29430 0 0
0.0140 58510 0 0
0.0145 104016 0 0
0.0146 42684 0 0
0.0147 75823 0 0
0.0148 40200 0 0
0.0148 40594 0 0
0.0150 73423 0 0
0.0153 35044 0 0
0.0157 68175 0 0
0.0159 111135 0 0
0.0161 68282 0 0
0.0164 54922 0 0
0.0165 55138 0 0
0.0166 62872 0 0
0.0167 74119 0 0
0.0168 63371 0 0
0.0174 76693 0 0
0.0175 45848 0 0
0.0176 44329 0 0
0.0177 46930 0 0
0.0178 60122 0 0
0.0181 71082 0 0
0.0184 122794 0 0
0.0193 75516 0 0
0.0195 64436 0 0
0.0199 51814 0 0
0.0202 42809 0 0
0.0211 58300 0 0
0.0211 87279 0 0
0.0213 58996 0 0
0.0214 83418 0 0
0.0215 88405 0 0
0.0217 63042 0 0
0.0218 105443 0 0
0.0222 50797 0 0
0.0223 60738 0 0
0.0229 80059 0 0
0.0235 44609 0 0
0.0239 62991 0 0
0.0242 112471 0 0
0.0242 54666 0 0
0.0243 89396 0 0
0.0245 64047 0 0
0.0246 81961 0 0
0.0247 47700 0 0
0.0247 59952 0 0
0.0249 69616 0 0
0.0250 67600 0 0
0.0254 142422 0 0
0.0254 55077 0 0
0.0264 110975 0 0
0.0271 78177 0 0
0.0276 70044 0 0
0.0279 51899 0 0
0.0281 85719 0 0
0.0282 80157 0 0
0.0285 73706 0 0
0.0287 94616 0 0
0.0290 71760 0 0
0.0292 78985 0 0
0.0296 65948 0 0
0.0301 55170 0 0
0.0303 67361 0 0
0.0303 67431 0 0
0.0307 80996 0 0
0.0308 152652 0 0
0.0311 81916 0 0
0.0312 93907 0 0
0.0315 93705 0 0
0.0316 70339 0 0
0.0317 120597 0 0
0.0330 73582 0 0
0.0335 98436 0 0
0.0335 78361 0 0
0.0340 84237 0 0
0.0342 103579 0 0
0.0349 83640 0 0
0.0351 126667 0 0
0.0351 78939 0 0
0.0352 73141 0 0
0.0355 81486 0 0
0.0358 159500 0 0
0.0360 79254 0 0
0.0362 117220 0 0
0.0362 107868 0 0
0.0363 133234 0 0
0.0371 81498 0 0
0.0371 117272 0 0
0.0372 87950 0 0
0.0374 79825 0 0
0.0378 99398 0 0
0.0382 103433 0 0
0.0391 77074 0 0
0.0398 69149 0 0
0.0405 98344 0 0
0.0410 132208 0 0
0.0414 115660 0 0
0.0415 128968 0 0
0.0423 96098 0 0
0.0426 102363 0 0
0.0432 85700 0 0
0.0434 108648 0 0
0.0436 72541 0 0
0.0437 107357 0 0
0.0440 143258 0 0
0.0446 88853 0 0
0.0452 138581 0 0
0.0457 97331 0 0
0.0458 170305 0 0
0.0474 101423 0 0
0.0475 131959 0 0
0.0479 139137 0 0
0.0481 116139 0 0
0.0490 97352 0 0
0.0499 130598 0 0
0.0500 123309 0 0
0.1000 198356 0 0
0.1500 255356 0 0
0.2000 311582 0 0
0.2499 394416 0 0
0.2999 452962 0 0
0.3500 530767 0 0
0.4000 580663 0 0
0.4500 647754 0 0
0.5000 685008 0 0
0.5500 706776 0 0
0.6000 747461 0 0
0.6500 815257 0 0
0.7000 892117 0 0
0.7500 925731 0 0
0.8000 956862 0 0
0.8500 987389 0 0
0.9000 1024652 0 0
0.9500 1077355 0 0
1.0000 1105732 0 0
