784560
0.00011542012927054478 1201.1656278855032 0.0
0.00023084025854108956 1863.4766625361422 0.0
0.00034626038781163435 2857.564336372847 0.0
0.0004616805170821791 3401.0374812593705 0.0
0.0005771006463527239 4015.7811059907835 0.0
0.0006925207756232687 4694.140804597701 0.0
0.0008079409048938135 4976.737051792828 0.0
0.0009233610341643582 5303.459330143541 0.0
0.001038781163434903 5908.255434782609 0.0
0.0011542012927054479 6137.443548387097 0.0
0.0012696214219759926 6694.992647058823 0.0
0.0013850415512465374 7748.265486725663 0.0
0.0015004616805170822 7725.117117117117 0.0
0.001615881809787627 7535.074468085107 0.0
0.0017313019390581717 8300.538461538461 0.0
0.0018467220683287165 8772.79012345679 0.0
0.0019621421975992612 10867.818181818182 0.0
0.002077562326869806 9159.625 0.0
0.0021929824561403508 10788.061224489797 0.0
0.0023084025854108957 10213.34375 0.0
0.0024238227146814403 11029.3 0.0
0.0025392428439519853 11341.207547169812 0.0
0.00265466297322253 13814.67857142857 0.0
0.002770083102493075 11722.60465116279 0.0
0.0028855032317636198 12063.384615384615 0.0
0.0030009233610341643 12412.15 0.0
0.0031163434903047093 11138.714285714286 0.0
0.003231763619575254 12388.206896551725 0.0
0.003347183748845799 13101.2 0.0
0.0034626038781163434 13229.206896551725 0.0
0.0035780240073868884 14354.90909090909 0.0
0.003693444136657433 13391.0 0.0
0.003808864265927978 14186.777777777777 0.0
0.0039242843951985225 14652.4375 0.0
0.004039704524469067 13208.363636363636 0.0
0.004155124653739612 13149.9375 0.0
0.004270544783010157 14491.263157894737 0.0
0.0043859649122807015 15669.952380952382 0.0
0.004501385041551247 15687.7 0.0
0.0046168051708217915 15372.35294117647 0.0
0.004732225300092336 16587.47619047619 0.0
0.004847645429362881 16173.5 0.0
0.004963065558633426 16498.541666666668 0.0
0.0050784856879039705 15902.809523809523 0.0
0.005193905817174515 16571.29411764706 0.0
0.00530932594644506 16623.38888888889 0.0
0.005424746075715605 16658.555555555555 0.0
0.00554016620498615 19906.052631578947 0.0
0.005655586334256694 20234.0 0.0
0.0057710064635272396 16797.714285714286 0.0
0.005886426592797784 17334.166666666668 0.0
0.006001846722068329 16988.058823529413 0.0
0.006117266851338873 17378.0 0.0
0.006232686980609419 16793.222222222223 0.0
0.006348107109879963 20868.928571428572 0.0
0.006463527239150508 16707.53846153846 0.0
0.006578947368421052 19521.833333333332 0.0
0.006694367497691598 20756.714285714286 0.0
0.006809787626962142 22615.46153846154 0.0
0.006925207756232687 25413.076923076922 0.0
0.007040627885503232 26303.714285714286 0.0
0.007156048014773777 23865.333333333332 0.0
0.007271468144044321 22332.30769230769 0.0
0.007386888273314866 21351.166666666668 0.0
0.007502308402585411 27156.666666666668 0.0
0.007617728531855956 24945.29411764706 0.0
0.0077331486611265 28073.5 0.0
0.007848568790397045 25119.4 0.0
0.00796398891966759 22729.428571428572 0.0
0.008079409048938134 19672.75 0.0
0.00819482917820868 22908.0 0.0
0.008310249307479225 20565.5 0.0
0.008425669436749769 23562.1 0.0
0.008541089566020314 23879.333333333332 0.0
0.00865650969529086 23784.25 0.0
0.008771929824561403 21606.0 0.0
0.008887349953831948 22654.636363636364 0.0
0.009002770083102494 21534.666666666668 0.0
0.009118190212373038 23267.0 0.0
0.009233610341643583 21279.9 0.0
0.009349030470914127 25520.875 0.0
0.009464450600184672 24285.166666666668 0.0
0.009579870729455217 20355.666666666668 0.0
0.009695290858725761 19418.0 0.0
0.009810710987996307 25783.333333333332 0.0
0.009926131117266852 24770.428571428572 0.0
0.010041551246537396 25165.272727272728 0.0
0.010156971375807941 25399.0 0.0
0.010272391505078486 30211.4 0.0
0.01038781163434903 25027.833333333332 0.0
0.010503231763619576 30113.14285714286 0.0
0.01061865189289012 31342.125 0.0
0.010734072022160665 23816.25 0.0
0.01084949215143121 26782.75 0.0
0.010964912280701754 29808.14285714286 0.0
0.0110803324099723 32809.2 0.0
0.011195752539242845 27344.6 0.0
0.011311172668513388 28936.666666666668 0.0
0.011426592797783934 29263.0 0.0
0.011542012927054479 24988.0 0.0
0.011657433056325023 30161.5 0.0
0.011772853185595568 26768.75 0.0
0.011888273314866112 23678.333333333332 0.0
0.012003693444136657 24748.625 0.0
0.012119113573407203 25228.14285714286 0.0
0.012234533702677746 29641.666666666668 0.0
0.012349953831948292 25289.666666666668 0.0
0.012465373961218837 26162.5 0.0
0.012580794090489381 28897.8 0.0
0.012696214219759926 28509.428571428572 0.0
0.012811634349030472 30132.75 0.0
0.012927054478301015 28280.333333333332 0.0
0.01304247460757156 27635.8 0.0
0.013157894736842105 31409.0 0.0
0.01327331486611265 32312.4 0.0
0.013388734995383195 33458.71428571428 0.0
0.013504155124653739 31002.8 0.0
0.013619575253924284 32996.28571428572 0.0
0.01373499538319483 32243.666666666668 0.0
0.013850415512465374 33222.666666666664 0.0
0.013965835641735919 32829.833333333336 0.0
0.014081255771006464 32561.6 0.0
0.014196675900277008 34030.5 0.0
0.014312096029547553 32984.5 0.0
0.014427516158818097 37010.142857142855 0.0
0.014542936288088643 33716.166666666664 0.0
0.014658356417359188 31812.285714285714 0.0
0.014773776546629732 32099.0 0.0
0.014889196675900277 33521.833333333336 0.0
0.015004616805170823 33730.0 0.0
0.015120036934441366 36212.57142857143 0.0
0.015235457063711912 36992.142857142855 0.0
0.015350877192982455 39071.375 0.0
0.015466297322253 37441.0 0.0
0.015581717451523546 35912.25 0.0
0.01569713758079409 37813.333333333336 0.0
0.015812557710064637 41109.6 0.0
0.01592797783933518 37034.0 0.0
0.016043397968605724 39400.4 0.0
0.016158818097876268 42948.5 0.0
0.016274238227146815 39453.25 0.0
0.01638965835641736 38892.0 0.0
0.016505078485687903 34765.0 0.0
0.01662049861495845 38069.875 0.0
0.016735918744228993 39558.5 0.0
0.016851338873499537 40411.166666666664 0.0
0.016966759002770084 38158.0 0.0
0.017082179132040628 55706.0 0.0
0.01719759926131117 31458.0 0.0
0.01731301939058172 30380.75 0.0
0.017428439519852262 33280.666666666664 0.0
0.017543859649122806 40933.5 0.0
0.017659279778393353 41246.5 0.0
0.017774699907663897 40110.0 0.0
0.01789012003693444 36426.0 0.0
0.018005540166204988 39095.0 0.0
0.01812096029547553 36564.666666666664 0.0
0.018236380424746075 40279.666666666664 0.0
0.018351800554016622 42271.0 0.0
0.018467220683287166 45215.666666666664 0.0
0.01858264081255771 40319.666666666664 0.0
0.018698060941828253 44790.0 0.0
0.0188134810710988 37993.166666666664 0.0
0.018928901200369344 38888.0 0.0
0.019044321329639888 41248.5 0.0
0.019159741458910435 34112.0 0.0
0.01927516158818098 42289.666666666664 0.0
0.019390581717451522 52602.0 0.0
0.01950600184672207 45804.666666666664 0.0
0.019621421975992613 45823.666666666664 0.0
0.019736842105263157 51491.75 0.0
0.019852262234533704 46666.666666666664 0.0
0.019967682363804248 47078.2 0.0
0.02008310249307479 47481.88888888889 0.0
0.02019852262234534 46517.0 0.0
0.020313942751615882 47426.7 0.0
0.020429362880886426 45550.555555555555 0.0
0.020544783010156973 40065.666666666664 0.0
0.020660203139427517 46247.5 0.0
0.02077562326869806 42794.857142857145 0.0
0.020891043397968604 39951.666666666664 0.0
0.02100646352723915 46465.333333333336 0.0
0.021121883656509695 44982.5 0.0
0.02123730378578024 38786.5 0.0
0.021352723915050786 53976.333333333336 0.0
0.02146814404432133 44504.5 0.0
0.021583564173591873 41605.2 0.0
0.02169898430286242 47710.75 0.0
0.021814404432132964 54276.333333333336 0.0
0.021929824561403508 61598.333333333336 0.0
0.022045244690674055 60905.0 0.0
0.022276084949215142 81139.0 0.0
0.022506925207756233 50951.0 0.0
0.022622345337026777 81220.0 0.0
0.022737765466297324 29155.0 0.0
0.022853185595567867 41612.25 0.0
0.02296860572483841 45729.0 0.0
0.023084025854108958 53048.0 0.0
0.023199445983379502 44765.5 0.0
0.023314866112650046 82025.0 0.0
0.02343028624192059 51683.4 0.0
0.023545706371191136 60780.5 0.0
0.02366112650046168 31846.5 0.0
0.023776546629732224 48622.333333333336 0.0
0.02389196675900277 57833.0 0.0
0.024469067405355493 82153.0 0.0
0.02458448753462604 72365.5 0.0
0.024699907663896584 49261.5 0.0
0.024815327793167127 32430.0 0.0
0.024930747922437674 44710.5 0.0
0.025046168051708218 56234.0 0.0
0.025161588180978762 63549.5 0.0
0.02527700831024931 57662.333333333336 0.0
0.025392428439519853 34115.0 0.0
0.025623268698060944 56926.0 0.0
0.025738688827331487 56953.0 0.0
0.02585410895660203 84444.0 0.0
0.025969529085872575 49130.5 0.0
0.02608494921514312 78381.0 0.0
0.026200369344413665 55163.333333333336 0.0
0.02631578947368421 69757.0 0.0
0.026431209602954756 26260.0 0.0
0.0265466297322253 51851.75 0.0
0.026662049861495844 39212.0 0.0
0.02677746999076639 42819.5 0.0
0.027008310249307478 55929.333333333336 0.0
0.027123730378578025 57083.5 0.0
0.02723915050784857 59051.0 0.0
0.027354570637119113 56119.5 0.0
0.02746999076638966 73236.0 0.0
0.027585410895660203 55416.0 0.0
0.027700831024930747 53980.5 0.0
0.027816251154201294 79292.0 0.0
0.027931671283471838 52519.0 0.0
0.02804709141274238 59043.333333333336 0.0
0.02816251154201293 67439.5 0.0
0.028277931671283472 72510.5 0.0
0.028393351800554016 73190.0 0.0
0.02850877192982456 63356.0 0.0
0.028624192059095107 68287.0 0.0
0.02873961218836565 76238.66666666667 0.0
0.028855032317636194 72470.33333333333 0.0
0.02897045244690674 68084.66666666667 0.0
0.02920129270544783 54961.5 0.0
0.029316712834718376 112899.0 0.0
0.02943213296398892 68617.0 0.0
0.029893813481071098 81667.0 0.0
0.030009233610341645 59332.0 0.0
0.03012465373961219 59367.0 0.0
0.030240073868882732 59505.0 0.0
0.03035549399815328 59529.0 0.0
0.031278855032317636 61596.0 0.0
0.031625115420129274 62211.0 0.0
0.03185595567867036 62257.0 0.0
0.031971375807940905 62269.0 0.0
0.03208679593721145 62376.0 0.0
0.03243305632502309 62063.0 0.0
0.03254847645429363 62087.0 0.0
0.032663896583564174 61755.0 0.0
0.03277931671283472 44046.0 0.0
0.03289473684210526 44051.0 0.0
0.033010156971375805 56226.0 0.0
0.033125577100646356 56319.333333333336 0.0
0.0332409972299169 44176.0 0.0
0.03335641735918744 62067.0 0.0
0.033702677746999074 71820.0 0.0
0.033818097876269625 84192.0 0.0
0.03393351800554017 69161.0 0.0
0.034164358264081256 57695.0 0.0
0.0342797783933518 69302.0 0.0
0.03439519852262234 57029.5 0.0
0.03451061865189289 44680.0 0.0
0.03462603878116344 69475.0 0.0
0.03474145891043398 57232.5 0.0
0.034856879039704525 62192.0 0.0
0.03497229916897507 70971.5 0.0
0.035203139427516156 70002.0 0.0
0.035318559556786706 50510.0 0.0
0.03543397968605725 61654.0 0.0
0.035549399815327794 61689.5 0.0
0.03566481994459834 49970.0 0.0
0.03578024007386888 58389.5 0.0
0.035895660203139425 63398.0 0.0
0.036011080332409975 55173.0 0.0
0.03612650046168052 63461.0 0.0
0.03624192059095106 63139.333333333336 0.0
0.036357340720221606 55407.0 0.0
0.03647276084949215 55410.0 0.0
0.036588180978762694 55447.0 0.0
0.036703601108033244 55469.0 0.0
0.03681902123730379 55887.0 0.0
0.037049861495844875 55189.0 0.0
0.03716528162511542 61422.0 0.0
0.03728070175438596 58599.5 0.0
0.037396121883656507 64371.0 0.0
0.03751154201292706 73752.0 0.0
0.0376269621421976 64118.0 0.0
0.037742382271468145 62236.0 0.0
0.03797322253000923 60454.0 0.0
0.038088642659279776 76286.0 0.0
0.038204062788550326 76768.33333333333 0.0
0.03831948291782087 78468.33333333333 0.0
0.038434903047091414 73140.66666666667 0.0
0.03855032317636196 74204.5 0.0
0.0386657433056325 71871.0 0.0
0.038781163434903045 63687.0 0.0
0.038896583564173595 56071.0 0.0
0.03901200369344414 76407.0 0.0
0.03912742382271468 74270.0 0.0
0.03935826408125577 60246.5 0.0
0.039473684210526314 76545.0 0.0
0.03958910433979686 64361.0 0.0
0.03970452446906741 64367.0 0.0
0.04005078485687904 68672.5 0.0
0.04016620498614958 77119.0 0.0
0.040281625115420126 66411.33333333333 0.0
0.04039704524469068 78564.0 0.0
0.04051246537396122 70602.33333333333 0.0
0.040627885503231764 74443.5 0.0
0.04074330563250231 74865.5 0.0
0.04085872576177285 52015.0 0.0
0.040974145891043395 74893.0 0.0
0.04132040627885503 71358.5 0.0
0.04143582640812558 74987.5 0.0
0.04155124653739612 52171.0 0.0
0.041666666666666664 75065.0 0.0
0.04178208679593721 97926.0 0.0
0.04189750692520776 49195.0 0.0
0.0420129270544783 97968.0 0.0
0.042128347183748846 98044.0 0.0
0.04224376731301939 89128.0 0.0
0.04235918744228993 71949.0 0.0
0.04247460757156048 90758.0 0.0
0.04259002770083103 90766.0 0.0
0.042820867959372115 74295.5 0.0
0.04293628808864266 80776.0 0.0
0.0430517082179132 57828.0 0.0
0.043167128347183746 72488.0 0.0
0.04339796860572484 82534.0 0.0
0.043513388734995384 88143.0 0.0
0.04362880886426593 72745.0 0.0
0.04374422899353647 86488.5 0.0
0.043859649122807015 86512.5 0.0
0.043975069252077566 72808.0 0.0
0.04409048938134811 72792.0 0.0
0.0443213296398892 72849.0 0.0
0.04443674976915974 63982.0 0.0
0.044552169898430284 68287.0 0.0
0.04466759002770083 72181.33333333333 0.0
0.04478301015697138 73561.66666666667 0.0
0.04489843028624192 57725.0 0.0
0.045013850415512466 65391.0 0.0
0.04512927054478301 73267.0 0.0
0.04524469067405355 101075.0 0.0
0.0453601108033241 88774.0 0.0
0.04547553093259465 88776.0 0.0
0.045706371191135735 88803.0 0.0
0.04582179132040628 88932.0 0.0
0.046168051708217916 101387.0 0.0
0.04628347183748846 59585.0 0.0
0.046398891966759004 91714.0 0.0
0.04651431209602955 91945.0 0.0
0.046745152354570635 91974.0 0.0
0.04697599261311173 59632.0 0.0
0.04709141274238227 91993.0 0.0
0.04720683287165282 67007.0 0.0
0.04732225300092336 59664.0 0.0
0.047437673130193904 59742.0 0.0
0.04778393351800554 102181.0 0.0
0.047899353647276086 81010.0 0.0
0.04801477377654663 88453.5 0.0
0.04813019390581717 88495.0 0.0
0.04824561403508772 102255.0 0.0
0.04836103416435827 88567.0 0.0
0.04847645429362881 74894.0 0.0
0.0487072945521699 102345.0 0.0
0.04905355493998153 75074.0 0.0
0.04916897506925208 103949.0 0.0
0.049284395198522624 85306.0 0.0
0.04939981532779317 84936.5 0.0
0.049630655586334255 93876.0 0.0
0.0497460757156048 93876.0 0.0
0.04997691597414589 76221.0 0.0
0.050092336103416436 88564.75 0.0
0.05020775623268698 80351.0 0.0
0.050323176361957524 85244.5 0.0
0.05043859649122807 108086.0 0.0
0.05055401662049862 92873.0 0.0
0.05066943674976916 83874.66666666667 0.0
0.050784856879039705 108255.0 0.0
0.05124653739612189 66867.0 0.0
0.05136195752539243 66886.0 0.0
0.051477377654662974 66894.0 0.0
0.05159279778393352 66927.0 0.0
0.051823638042474605 67306.0 0.0
0.05193905817174515 67316.0 0.0
0.0520544783010157 67410.0 0.0
0.05216989843028624 68971.0 0.0
0.05240073868882733 93066.5 0.0
0.052516158818097874 104560.0 0.0
0.05390120036934441 95281.0 0.0
0.05482456140350877 66992.0 0.0
0.05505540166204986 66997.0 0.0
0.055401662049861494 67091.0 0.0
0.05563250230840259 67113.0 0.0
0.05620960295475531 91093.0 0.0
0.056555863342566945 67534.0 0.0
0.05667128347183749 67536.0 0.0
0.05736380424746076 68376.0 0.0
0.057594644506001845 68392.0 0.0
0.05771006463527239 68430.0 0.0
0.05782548476454294 68485.0 0.0
0.060480147737765465 70774.0 0.0
0.06059556786703601 70893.0 0.0
0.06071098799630656 70904.0 0.0
0.0608264081255771 70904.0 0.0
0.060941828254847646 70951.0 0.0
0.06532779316712835 92080.0 0.0
0.08217913204062789 101719.0 0.0
0.08229455216989844 102230.0 0.0
0.08252539242843952 102235.0 0.0
0.08264081255771007 102245.0 0.0
0.08287165281625115 102283.0 0.0
0.0829870729455217 102301.0 0.0
0.08310249307479224 102334.0 0.0
0.0886426592797784 132797.0 0.0
0.08910433979686057 133031.0 0.0
0.08933518005540166 133128.0 0.0
0.08945060018467221 133133.0 0.0
0.0896814404432133 133159.0 0.0
0.08979686057248384 122825.0 0.0
0.09025854108956602 133570.0 0.0
0.09037396121883656 133576.0 0.0
0.0909510618651893 133664.0 0.0
0.09106648199445984 133672.0 0.0
0.09118190212373038 131062.0 0.0
0.09129732225300093 133886.0 0.0
0.09164358264081256 118371.0 0.0
0.0917590027700831 139756.0 0.0
0.09187442289935364 118466.0 0.0
0.09198984302862419 118564.0 0.0
0.09360572483841181 148556.0 0.0
0.09372114496768236 156948.0 0.0
0.09395198522622346 157037.0 0.0
0.09475992613111726 173349.0 0.0
0.09499076638965835 157531.0 0.0
0.09545244690674054 157598.0 0.0
0.0961449676823638 158004.0 0.0
0.09626038781163435 158013.0 0.0
0.09649122807017543 158016.0 0.0
0.09983841181902124 158850.0 0.0
0.10237765466297322 183107.0 0.0
0.10445521698984303 156033.0 0.0
0.10872576177285319 161056.0 0.0
0.10884118190212373 150807.0 0.0
0.10907202216066482 150813.0 0.0
0.10918744228993536 150816.0 0.0
0.11045706371191136 151453.0 0.0
0.11126500461680518 151585.0 0.0
0.11138042474607572 151648.0 0.0
0.11218836565096953 193498.0 0.0
0.15685595567867036 199973.0 0.0
0.17670821791320407 207745.0 0.0
0.19182825484764543 216339.0 0.0
0.2033702677746999 221039.0 0.0
0.21202677746999077 289621.0 0.0
0.23268698060941828 334345.0 0.0
0.2625807940904894 369636.0 0.0
0.3335641735918744 335332.0 0.0
0.4038550323176362 405060.0 0.0
0.6664358264081256 616213.0 0.0
1.0 784560.0 0.0
