336992
0.00011542012927054478 635.835295475531 85.49307479224376
0.00023084025854108956 976.0930134680135 157.34595959595958
0.00034626038781163435 1501.2673170731707 234.8419512195122
0.0004616805170821791 1770.3996865203762 302.3667711598746
0.0005771006463527239 1969.2567567567567 420.1373873873874
0.0006925207756232687 2220.1011904761904 411.99107142857144
0.0008079409048938135 2423.26618705036 428.2230215827338
0.0009233610341643582 2737.930894308943 514.3658536585366
0.001038781163434903 2879.815 546.125
0.0011542012927054479 3011.1798941798943 536.6666666666666
0.0012696214219759926 3436.469798657718 755.0805369127517
0.0013850415512465374 3710.753968253968 775.3650793650794
0.0015004616805170822 3952.945945945946 818.4594594594595
0.001615881809787627 4226.739583333333 1199.4375
0.0017313019390581717 3902.703703703704 817.7407407407408
0.0018467220683287165 4283.987804878048 1024.3292682926829
0.0019621421975992612 4690.044776119403 1175.910447761194
0.002077562326869806 4617.610169491525 1301.7457627118645
0.0021929824561403508 5466.677419354839 1465.4354838709678
0.0023084025854108957 4939.927272727273 1279.8181818181818
0.0024238227146814403 4892.978723404255 1130.3829787234042
0.0025392428439519853 7087.446808510638 1521.787234042553
0.00265466297322253 5188.461538461538 1539.2051282051282
0.002770083102493075 5366.571428571428 1366.1190476190477
0.0028855032317636198 5447.474576271186 1676.2203389830509
0.0030009233610341643 6111.755102040816 1726.5714285714287
0.0031163434903047093 6004.2307692307695 1688.7948717948718
0.003231763619575254 6099.127659574468 1881.4255319148936
0.003347183748845799 6443.243243243243 2513.5405405405404
0.0034626038781163434 6570.029411764706 2278.264705882353
0.0035780240073868884 6971.37037037037 2536.1481481481483
0.003693444136657433 6611.8 1758.9666666666667
0.003808864265927978 7126.4 2856.866666666667
0.0039242843951985225 7098.178571428572 2229.3214285714284
0.004039704524469067 7824.64705882353 2745.0
0.004155124653739612 6844.454545454545 2000.3181818181818
0.004270544783010157 8029.619047619048 2633.6190476190477
0.0043859649122807015 7437.958333333333 2388.625
0.004501385041551247 7713.625 1999.25
0.0046168051708217915 8006.275862068966 2073.6206896551726
0.004732225300092336 8525.222222222223 3349.8888888888887
0.004847645429362881 8078.65 2697.15
0.004963065558633426 8528.722222222223 3811.8888888888887
0.0050784856879039705 7602.555555555556 2280.3888888888887
0.005193905817174515 7254.533333333334 3123.733333333333
0.00530932594644506 8590.05 3432.9
0.005424746075715605 8683.42857142857 3776.714285714286
0.00554016620498615 7283.090909090909 2011.6363636363637
0.005655586334256694 8169.428571428572 2568.6428571428573
0.0057710064635272396 8268.846153846154 2973.3076923076924
0.005886426592797784 8629.555555555555 3242.3888888888887
0.006001846722068329 9255.857142857143 2851.4285714285716
0.006117266851338873 9038.944444444445 3515.6111111111113
0.006232686980609419 8057.117647058823 2981.9411764705883
0.006348107109879963 8505.75 3173.9166666666665
0.006463527239150508 8254.818181818182 3100.909090909091
0.006578947368421052 9424.07142857143 4641.5
0.006694367497691598 10294.8 4353.666666666667
0.006809787626962142 9468.846153846154 3350.769230769231
0.006925207756232687 9495.92857142857 4245.357142857143
0.007040627885503232 10739.0 6295.0
0.007156048014773777 10504.0 3552.6666666666665
0.007271468144044321 9972.75 6088.5
0.007386888273314866 9667.153846153846 3255.153846153846
0.007502308402585411 10101.181818181818 5070.818181818182
0.007617728531855956 9535.714285714286 3730.4285714285716
0.0077331486611265 11620.625 6092.375
0.007848568790397045 10424.307692307691 4788.846153846154
0.00796398891966759 9700.076923076924 2864.230769230769
0.008079409048938134 10885.857142857143 5286.357142857143
0.00819482917820868 10782.0 4725.1
0.008310249307479225 10691.454545454546 5019.545454545455
0.008425669436749769 11268.727272727272 4811.818181818182
0.008541089566020314 10480.545454545454 4565.818181818182
0.00865650969529086 11712.785714285714 5609.5
0.008771929824561403 11795.0 5011.571428571428
0.008887349953831948 12415.285714285714 7287.857142857143
0.009002770083102494 11404.75 6810.875
0.009118190212373038 12126.8 6903.6
0.009233610341643583 11511.75 6412.875
0.009349030470914127 10608.777777777777 4045.1111111111113
0.009464450600184672 11169.2 4318.0
0.009579870729455217 13203.888888888889 7209.333333333333
0.009695290858725761 12787.75 3516.0
0.009810710987996307 13865.2 8817.8
0.009926131117266852 17807.5 17990.5
0.010041551246537396 16795.0 19026.0
0.010156971375807941 11323.75 5028.0
0.010272391505078486 13701.333333333334 5947.666666666667
0.01038781163434903 11982.8 4136.8
0.010503231763619576 11959.166666666666 4653.166666666667
0.01061865189289012 12509.0 5013.166666666667
0.010734072022160665 12865.833333333334 3809.0
0.01084949215143121 14876.777777777777 5824.555555555556
0.010964912280701754 14924.5 4714.5
0.0110803324099723 15318.0 5539.333333333333
0.011195752539242845 12622.75 5379.25
0.011311172668513388 14794.0 10767.0
0.011426592797783934 15315.0 13359.333333333334
0.011542012927054479 15992.0 11788.0
0.011657433056325023 15560.8 10074.9
0.011772853185595568 14830.857142857143 8019.428571428572
0.011888273314866112 15511.875 8081.625
0.012003693444136657 15879.714285714286 8346.857142857143
0.012119113573407203 14873.5 9385.75
0.012234533702677746 16879.5 7630.0
0.012349953831948292 18931.666666666668 9768.0
0.012465373961218837 16850.666666666668 7612.0
0.012580794090489381 14864.8 6698.0
0.012696214219759926 16476.14285714286 7903.142857142857
0.012811634349030472 13603.25 4975.0
0.012927054478301015 13396.5 5929.125
0.01304247460757156 14588.857142857143 7857.571428571428
0.013157894736842105 14686.333333333334 7679.666666666667
0.01327331486611265 15083.25 10929.5
0.013388734995383195 16641.5 10151.5
0.013504155124653739 17417.25 7383.25
0.013619575253924284 15919.0 9294.666666666666
0.01373499538319483 16857.4 5549.2
0.013850415512465374 14525.0 7676.5
0.013965835641735919 12989.0 4818.5
0.014081255771006464 15844.333333333334 8954.0
0.014196675900277008 18691.5 8432.75
0.014312096029547553 18167.0 8254.857142857143
0.014427516158818097 15718.25 9928.5
0.014542936288088643 15974.8 9535.0
0.014658356417359188 16769.5 10547.75
0.014773776546629732 17539.0 8776.166666666666
0.014889196675900277 16446.0 10165.333333333334
0.015004616805170823 16360.6 9806.2
0.015120036934441366 18612.333333333332 10252.666666666666
0.015235457063711912 16297.5 12396.0
0.015350877192982455 18041.0 8687.0
0.015466297322253 16558.5 13501.0
0.015581717451523546 17057.5 7938.75
0.01569713758079409 15600.6 9372.6
0.015812557710064637 16605.2 8060.8
0.01592797783933518 16460.833333333332 9886.5
0.016043397968605724 15533.0 8711.0
0.016158818097876268 14598.0 8435.0
0.016274238227146815 17103.5 6800.5
0.01638965835641736 16931.0 10269.5
0.01662049861495845 17137.0 9460.0
0.016735918744228993 19628.5 9720.5
0.016851338873499537 18686.0 11303.0
0.016966759002770084 17212.0 7678.0
0.01719759926131117 21046.0 10579.0
0.01731301939058172 20142.0 7420.0
0.017428439519852262 18191.5 7211.5
0.017543859649122806 17812.6 8435.6
0.017659279778393353 18588.4 10417.4
0.017774699907663897 16305.5 10234.0
0.01789012003693444 18773.0 12479.5
0.018005540166204988 18227.666666666668 11336.666666666666
0.01812096029547553 15356.5 8141.0
0.018236380424746075 18839.0 12840.5
0.018351800554016622 18448.25 11397.75
0.018467220683287166 18466.666666666668 12297.666666666666
0.01858264081255771 19696.333333333332 13280.0
0.018698060941828253 15572.5 9459.0
0.0188134810710988 24493.0 18082.0
0.018928901200369344 13388.0 5955.0
0.019044321329639888 17938.5 10910.0
0.019159741458910435 18680.5 11403.0
0.01927516158818098 17516.5 13096.25
0.019390581717451522 18434.0 12444.0
0.01950600184672207 19916.5 10407.0
0.019621421975992613 20864.5 13148.25
0.019736842105263157 21335.0 13949.5
0.019852262234533704 21066.75 13311.5
0.019967682363804248 21187.5 10423.5
0.02008310249307479 17866.333333333332 8345.333333333334
0.02019852262234534 16457.6 7161.8
0.020313942751615882 14964.0 5726.0
0.020429362880886426 14970.0 5735.0
0.020544783010156973 20265.75 10648.75
0.020660203139427517 21363.333333333332 14210.0
0.02077562326869806 21388.666666666668 14212.0
0.020891043397968604 20920.0 14386.0
0.02100646352723915 20948.0 14388.0
0.021121883656509695 22093.0 18771.0
0.02123730378578024 19061.0 9747.0
0.021352723915050786 20165.5 14117.0
0.02146814404432133 20111.666666666668 12778.333333333334
0.021583564173591873 22121.0 18771.0
0.02169898430286242 19188.666666666668 15295.666666666666
0.021814404432132964 20281.5 14292.5
0.021929824561403508 22427.0 20208.0
0.0221606648199446 19915.333333333332 10339.0
0.022276084949215142 20121.666666666668 10430.666666666666
0.02239150507848569 21184.333333333332 16116.0
0.022506925207756233 20392.333333333332 12723.666666666666
0.022622345337026777 19804.0 13419.0
0.022737765466297324 21145.5 11009.0
0.022853185595567867 21970.0 11636.0
0.02343028624192059 19085.0 10472.0
0.02366112650046168 19281.0 11739.0
0.02435364727608495 18081.0 12042.0
0.02458448753462604 19570.0 10016.666666666666
0.024699907663896584 22258.0 11378.0
0.024815327793167127 25398.0 14540.0
0.025046168051708218 27139.0 16581.0
0.025161588180978762 27169.0 16581.0
0.02527700831024931 26661.5 14525.5
0.025392428439519853 26666.0 14525.5
0.025507848568790396 26213.0 12475.0
0.02585410895660203 23735.5 14519.0
0.025969529085872575 31192.0 32993.0
0.02608494921514312 25722.5 22716.0
0.026200369344413665 25725.5 22716.0
0.02631578947368421 27020.5 20944.0
0.026431209602954756 31314.0 34208.0
0.0265466297322253 27063.0 21510.5
0.026662049861495844 31321.0 34208.0
0.02677746999076639 27105.5 21520.5
0.026892890120036934 27109.0 21524.0
0.027008310249307478 23685.0 16836.666666666668
0.02723915050784857 22071.0 17051.0
0.027585410895660203 32128.0 34484.0
0.027816251154201294 20832.5 10650.0
0.027931671283471838 24616.666666666668 18594.666666666668
0.02804709141274238 16505.0 7441.0
0.02816251154201293 24960.0 18321.0
0.028277931671283472 20319.333333333332 9785.0
0.028393351800554016 21182.0 14930.5
0.02850877192982456 16713.0 7473.0
0.028624192059095107 18916.0 10132.0
0.02873961218836565 21059.0 12797.0
0.028855032317636194 27053.75 22553.5
0.02897045244690674 26100.25 17322.75
0.029085872576177285 24236.666666666668 16312.333333333334
0.02920129270544783 26159.666666666668 15556.666666666666
0.029316712834718376 23624.0 9884.0
0.02943213296398892 25763.5 19895.5
0.029547553093259463 23634.0 18571.333333333332
0.02966297322253001 18702.5 11943.0
0.029778393351800554 20666.0 11894.0
0.029893813481071098 26381.0 10026.0
0.030009233610341645 20878.0 14959.0
0.03012465373961219 21513.0 14626.333333333334
0.030240073868882732 23827.2 17560.8
0.03035549399815328 25090.333333333332 20338.666666666668
0.030586334256694367 19860.0 12982.0
0.03070175438596491 21009.75 14495.75
0.030817174515235458 19151.0 14021.0
0.030932594644506 23663.666666666668 14031.666666666666
0.031048014773776545 26807.0 23467.0
0.031163434903047092 23168.666666666668 17743.666666666668
0.031278855032317636 23174.666666666668 17746.333333333332
0.03139427516158818 24809.0 12017.5
0.03150969529085872 20055.5 13006.0
0.031625115420129274 17207.0 12479.0
0.03174053554939982 17497.0 10051.0
0.03185595567867036 17808.0 7623.0
0.031971375807940905 17810.0 7623.0
0.03208679593721145 17821.0 7623.0
0.03220221606648199 23120.0 15880.333333333334
0.032317636195752536 23264.333333333332 15936.666666666666
0.03243305632502309 18230.0 7727.0
0.03254847645429363 34153.0 35982.0
0.032663896583564174 26082.75 20969.0
0.03277931671283472 25362.666666666668 19419.666666666668
0.03289473684210526 27004.333333333332 23279.666666666668
0.033010156971375805 28941.0 25289.0
0.0332409972299169 31323.5 31174.0
0.03335641735918744 34349.0 36316.0
0.03347183748845799 34366.0 36316.0
0.033818097876269625 34388.0 36316.0
0.03393351800554017 34410.0 36316.0
0.03404893813481071 36358.0 36343.0
0.034164358264081256 36375.0 36348.0
0.0342797783933518 18518.0 13237.0
0.03451061865189289 20029.0 14914.0
0.03462603878116344 36406.0 36352.0
0.03474145891043398 20209.0 14932.0
0.03497229916897507 27228.5 23711.0
0.03508771929824561 27242.5 23729.5
0.035203139427516156 20246.0 15313.0
0.035318559556786706 20249.0 15313.0
0.035549399815327794 34288.0 32527.0
0.03624192059095106 20418.0 15345.0
0.036357340720221606 20421.0 15345.0
0.03647276084949215 20489.0 15370.0
0.036703601108033244 20498.0 15380.0
0.03785780240073869 27857.0 10912.0
0.03797322253000923 27867.0 10913.0
0.03981994459833795 29485.0 11287.0
0.039935364727608495 29504.0 11304.0
0.04039704524469068 29577.0 11304.0
0.040627885503231764 36412.0 37254.0
0.04074330563250231 36487.0 37258.0
0.04085872576177285 36535.0 37273.0
0.040974145891043395 36537.0 37273.0
0.04132040627885503 36565.0 37276.0
0.042128347183748846 36456.0 30213.0
0.04224376731301939 34403.0 38115.0
0.04235918744228993 41330.0 53204.0
0.04259002770083103 29437.5 28519.5
0.04270544783010157 32262.0 40757.0
0.04293628808864266 40328.0 30764.0
0.0430517082179132 40375.0 31542.0
0.043167128347183746 41085.5 42711.0
0.0432825484764543 41765.0 53864.0
0.04339796860572484 32947.0 41158.0
0.043513388734995384 32983.0 41169.0
0.04362880886426593 36763.0 36371.0
0.04374422899353647 40561.0 31624.0
0.043859649122807015 41819.0 53864.0
0.043975069252077566 37421.5 47579.5
0.04409048938134811 33331.5 32389.5
0.04420590951061865 37434.0 47589.5
0.0443213296398892 33340.5 32393.0
0.04443674976915974 36381.333333333336 40146.666666666664
0.044552169898430284 39317.333333333336 37411.333333333336
0.04466759002770083 41607.0 33049.0
0.04512927054478301 42266.0 54480.0
0.04524469067405355 36546.0 25704.0
0.0453601108033241 38888.666666666664 37172.333333333336
0.04547553093259465 38896.666666666664 37174.333333333336
0.04559095106186519 43071.0 55072.0
0.04582179132040628 32536.5 23161.5
0.04593721144967682 36968.0 26184.0
0.046052631578947366 36970.0 26184.0
0.04651431209602955 37165.0 26234.0
0.04662973222530009 37184.0 26234.0
0.046745152354570635 28662.0 20723.0
0.04686057248384118 33427.0 23719.0
0.04697599261311173 33997.5 23922.0
0.04709141274238227 31385.0 23531.0
0.04720683287165282 41290.0 45080.0
0.04732225300092336 41299.0 45080.0
0.04755309325946445 41802.0 45418.0
0.047668513388735 31834.0 23688.0
0.047899353647276086 41828.0 45486.0
0.04801477377654663 32659.0 24329.0
0.04813019390581717 37268.0 34971.5
0.04824561403508772 37302.0 34971.5
0.04836103416435827 32762.0 24362.0
0.04847645429362881 37334.5 34988.0
0.0487072945521699 41909.0 45617.0
0.04882271468144044 33440.0 14146.0
0.04905355493998153 32839.0 24406.0
0.049284395198522624 44017.0 55669.0
0.04951523545706371 38451.0 40055.0
0.049630655586334255 41729.0 53772.0
0.0497460757156048 39434.0 51875.0
0.04986149584487535 38483.0 40215.5
0.04997691597414589 32901.0 24684.0
0.050092336103416436 44111.0 55749.0
0.05020775623268698 33405.0 25031.0
0.05043859649122807 41912.0 53861.0
0.05066943674976916 39702.0 51971.0
0.05090027700831025 37568.5 40321.5
0.05101569713758079 41543.0 55271.0
0.051131117266851336 37582.5 40325.5
0.05136195752539243 37669.0 40344.5
0.051477377654662974 41153.0 48251.0
0.05170821791320406 40970.0 41248.0
0.05193905817174515 38169.0 41493.5
0.05263157894736842 35349.5 44145.0
0.05274699907663897 42488.0 57580.0
0.0530932594644506 42552.0 57630.0
0.05343951985226224 34027.0 25680.0
0.053670360110803325 42581.0 57630.0
0.05378578024007387 42747.0 45910.0
0.05390120036934441 42755.0 45929.0
0.054016620498614956 34037.0 25680.0
0.05447830101569714 42779.0 45932.0
0.05493998153277932 43558.0 58191.0
0.05563250230840259 43137.0 45972.0
0.05609418282548476 42394.0 42321.0
0.05620960295475531 42417.0 42325.0
0.05632502308402586 42592.0 42496.0
0.0564404432132964 42604.0 42496.0
0.056555863342566945 44035.5 49746.0
0.05667128347183749 42613.0 42502.0
0.05678670360110803 42644.0 42556.0
0.05794090489381348 36034.0 33402.0
0.05817174515235457 39449.0 46087.0
0.058287165281625114 42966.0 42935.0
0.058748845798707296 43055.0 42994.0
0.059787626962142196 51544.0 63188.0
0.05990304709141274 49184.0 49608.0
0.060133887349953834 49196.0 49672.0
0.06036472760849492 49209.0 49672.0
0.06071098799630656 49221.0 49672.0
0.0608264081255771 49305.0 49711.0
0.06105724838411819 49315.0 50064.0
0.06128808864265928 124895.0 63666.0
0.061980609418282546 49401.0 50073.0
0.06221144967682364 49412.0 50074.0
0.06244228993536473 49967.0 50192.0
0.06313481071098799 46274.5 44891.0
0.06348107109879964 46023.0 37080.0
0.06705909510618652 44029.0 38560.5
0.0672899353647276 38492.0 22024.0
0.06740535549399815 38494.0 22024.0
0.06798245614035088 47444.0 38907.0
0.06821329639889197 47488.0 39156.0
0.06832871652816251 47494.0 39156.0
0.0685595567867036 47524.0 39156.0
0.06867497691597414 47534.0 39220.0
0.06879039704524469 47536.0 39220.0
0.06890581717451523 47548.0 39225.0
0.06902123730378577 89966.0 58781.0
0.06913665743305633 44223.0 34577.0
0.06925207756232687 45994.333333333336 43270.666666666664
0.06936749769159742 46596.0 62798.0
0.06948291782086796 44304.0 34593.0
0.0695983379501385 44308.0 34593.0
0.0698291782086796 46077.0 37209.0
0.06994459833795014 46121.5 37267.5
0.07006001846722068 47832.0 39688.0
0.07017543859649122 47836.0 39688.0
0.07029085872576177 47895.0 39791.0
0.07075253924284396 47923.0 39791.0
0.0708679593721145 44771.0 36068.0
0.07121421975992613 44776.0 36082.0
0.07132963988919667 39183.0 22626.0
0.07144506001846722 44682.0 41861.333333333336
0.07179132040627885 46790.0 62946.0
0.0719067405355494 46802.0 62977.0
0.07202216066481995 46836.0 63040.0
0.07363804247460758 49783.0 63439.0
0.07386888273314866 49792.0 63439.0
0.07398430286241921 49803.0 63439.0
0.07409972299168975 49838.0 63439.0
0.07467682363804247 50902.0 65869.0
0.07640812557710065 52398.0 39354.0
0.07675438596491228 52983.0 39518.0
0.07686980609418283 35311.0 29519.0
0.07698522622345337 44173.0 34525.0
0.07756232686980609 39769.0 82669.0
0.08240997229916898 48298.0 42089.0
0.08252539242843952 48300.0 42089.0
0.0829870729455217 58751.0 45894.0
0.08333333333333333 51480.0 51649.0
0.08391043397968606 53779.0 40760.0
0.0840258541089566 53985.0 40802.0
0.08587257617728532 54537.0 41709.0
0.08621883656509695 54552.0 41711.0
0.08679593721144968 64234.0 49809.0
0.08702677746999077 54865.0 42159.0
0.09210526315789473 56824.0 45543.0
0.09337488457987073 60041.0 68222.0
0.09349030470914127 60091.0 68323.0
0.09360572483841181 60091.0 68323.0
0.094067405355494 47614.0 39579.0
0.12557710064635272 154930.0 135331.0
0.1265004616805171 66312.0 76057.0
0.12719298245614036 66362.0 76138.0
0.13030932594644506 75373.0 111841.0
0.14312096029547552 82886.0 114837.0
0.15743305632502308 73627.0 88977.0
0.21710526315789475 111563.0 161650.0
0.2334949215143121 114707.0 171190.0
0.24307479224376732 119885.0 178665.0
0.2830101569713758 193311.0 224308.0
0.3206371191135734 134775.0 261334.0
0.37511542012927057 214093.0 269851.0
0.4147045244690674 153678.0 300913.0
0.48176361957525393 169392.0 356024.0
0.5182363804247461 251487.0 384688.0
1.0 336992.0 740712.0
