5120
0.0001 1040 4 0
0.0001 1644 8 0
0.0002 2182 16 0
0.0003 2552 17 0
0.0003 2865 26 0
0.0004 3107 30 0
0.0005 3248 40 0
0.0006 3454 32 0
0.0006 3606 40 0
0.0007 3769 58 0
0.0008 3807 55 0
0.0008 3941 54 0
0.0009 4001 60 0
0.0010 4028 62 0
0.0010 4089 79 0
0.0011 4172 62 0
0.0012 4214 97 0
0.0012 4238 56 0
0.0013 4277 83 0
0.0014 4342 110 0
0.0015 4425 139 0
0.0015 4384 131 0
0.0016 4449 109 0
0.0017 4475 163 0
0.0017 4490 177 0
0.0018 4507 188 0
0.0019 4525 172 0
0.0019 4542 144 0
0.0020 4544 170 0
0.0021 4579 194 0
0.0021 4583 238 0
0.0022 4582 180 0
0.0023 4566 138 0
0.0024 4610 161 0
0.0024 4627 144 0
0.0025 4654 135 0
0.0026 4657 174 0
0.0026 4671 182 0
0.0027 4668 79 0
0.0028 4670 97 0
0.0028 4683 86 0
0.0029 4706 143 0
0.0030 4692 203 0
0.0030 4721 147 0
0.0031 4737 165 0
0.0032 4751 167 0
0.0033 4729 211 0
0.0033 4743 233 0
0.0034 4732 207 0
0.0035 4722 170 0
0.0035 4751 189 0
0.0036 4739 286 0
0.0037 4741 349 0
0.0037 4770 395 0
0.0038 4759 262 0
0.0039 4777 223 0
0.0039 4792 299 0
0.0040 4791 256 0
0.0041 4799 188 0
0.0042 4788 343 0
0.0042 4814 144 0
0.0043 4827 314 0
0.0044 4820 340 0
0.0044 4840 276 0
0.0045 4832 281 0
0.0046 4832 447 0
0.0046 4791 404 0
0.0047 4824 247 0
0.0048 4802 162 0
0.0048 4830 437 0
0.0049 4829 344 0
0.0050 4834 380 0
0.0051 4810 141 0
0.0051 4855 224 0
0.0052 4858 457 0
0.0053 4842 310 0
0.0053 4866 430 0
0.0054 4816 332 0
0.0055 4855 373 0
0.0055 4849 190 0
0.0056 4872 442 0
0.0057 4864 293 0
0.0057 4820 405 0
0.0058 4828 26 0
0.0059 4852 282 0
0.0060 4878 312 0
0.0060 4865 285 0
0.0061 4889 374 0
0.0062 4888 482 0
0.0062 4885 489 0
0.0063 4880 371 0
0.0064 4875 785 0
0.0064 4888 280 0
0.0065 4887 665 0
0.0066 4899 769 0
0.0067 4906 173 0
0.0067 4899 459 0
0.0068 4889 260 0
0.0069 4929 191 0
0.0069 4911 417 0
0.0070 4912 432 0
0.0071 4914 739 0
0.0071 4920 694 0
0.0072 4931 204 0
0.0073 4894 124 0
0.0073 4913 396 0
0.0074 4898 321 0
0.0075 4907 1572 0
0.0076 4884 238 0
0.0076 4887 589 0
0.0077 4871 350 0
0.0078 4899 337 0
0.0078 4921 348 0
0.0079 4933 384 0
0.0080 4933 304 0
0.0080 4919 395 0
0.0081 4921 466 0
0.0082 4911 317 0
0.0082 4931 803 0
0.0083 4907 447 0
0.0084 4919 395 0
0.0085 4903 325 0
0.0085 4946 116 0
0.0086 4955 216 0
0.0087 4956 1084 0
0.0087 4958 1084 0
0.0088 4945 368 0
0.0089 4965 337 0
0.0089 4949 891 0
0.0090 4949 427 0
0.0091 4936 495 0
0.0091 4956 840 0
0.0092 4969 482 0
0.0093 4934 662 0
0.0094 4936 154 0
0.0095 4936 514 0
0.0096 4895 256 0
0.0098 4902 941 0
0.0099 4943 330 0
0.0100 4944 332 0
0.0100 4945 332 0
0.0105 4998 387 0
0.0108 4979 461 0
0.0109 4947 348 0
0.0110 4938 683 0
0.0111 4931 340 0
0.0112 4960 263 0
0.0112 4951 495 0
0.0113 4995 320 0
0.0114 4946 728 0
0.0114 4934 800 0
0.0115 4967 943 0
0.0116 4933 355 0
0.0116 4958 723 0
0.0118 4957 571 0
0.0118 4993 425 0
0.0120 4969 1342 0
0.0122 4983 2747 0
0.0123 5005 1165 0
0.0123 4957 621 0
0.0124 4966 201 0
0.0125 4979 915 0
0.0125 4960 652 0
0.0126 4957 886 0
0.0128 4962 1064 0
0.0130 4959 715 0
0.0131 4967 470 0
0.0132 4955 381 0
0.0132 4968 201 0
0.0136 5006 685 0
0.0136 4982 1134 0
0.0138 4979 526 0
0.0141 4972 1274 0
0.0141 4979 669 0
0.0142 4964 519 0
0.0144 4993 2046 0
0.0145 4965 521 0
0.0148 4988 810 0
0.0148 4973 319 0
0.0149 4971 278 0
0.0150 4960 903 0
0.0152 5010 1180 0
0.0154 4983 986 0
0.0159 5008 1721 0
0.0160 4999 1094 0
0.0161 4996 2557 0
0.0163 5010 1061 0
0.0165 5019 1433 0
0.0167 4990 1001 0
0.0169 5024 1078 0
0.0170 5006 524 0
0.0174 5009 2096 0
0.0175 5005 3085 0
0.0178 4982 826 0
0.0179 5005 3085 0
0.0181 5033 1492 0
0.0181 5021 1055 0
0.0183 5024 1011 0
0.0185 5013 924 0
0.0186 5015 3064 0
0.0186 5014 461 0
0.0188 5045 1079 0
0.0189 5004 3008 0
0.0190 5015 924 0
0.0194 5001 1126 0
0.0195 5019 1099 0
0.0198 5025 860 0
0.0202 5005 3048 0
0.0202 5024 2245 0
0.0204 4996 1045 0
0.0205 5009 1899 0
0.0206 5011 1149 0
0.0207 5004 1169 0
0.0211 5005 1243 0
0.0213 5020 1007 0
0.0215 5011 1269 0
0.0219 5012 981 0
0.0220 5029 1515 0
0.0221 5012 812 0
0.0222 5011 1273 0
0.0223 5037 3188 0
0.0224 5021 1122 0
0.0227 5042 1928 0
0.0228 5021 1244 0
0.0230 5038 3190 0
0.0231 5026 1238 0
0.0233 5013 834 0
0.0233 5031 1541 0
0.0236 5033 3820 0
0.0237 5031 1012 0
0.0238 5046 1931 0
0.0239 5019 1301 0
0.0240 5044 3191 0
0.0240 5014 895 0
0.0241 5016 1170 0
0.0242 5036 3820 0
0.0244 5022 1403 0
0.0245 5022 1345 0
0.0247 5036 3820 0
0.0248 5034 1541 0
0.0249 5017 2238 0
0.0251 5033 1003 0
0.0252 4999 1402 0
0.0253 5020 673 0
0.0254 5040 1214 0
0.0255 5037 3845 0
0.0256 5017 1685 0
0.0258 5021 944 0
0.0261 5021 3958 0
0.0262 5034 2950 0
0.0263 5042 1268 0
0.0265 5033 1150 0
0.0267 5010 1493 0
0.0268 5025 1472 0
0.0269 5048 1313 0
0.0276 5014 1495 0
0.0280 5034 1301 0
0.0285 5015 1599 0
0.0286 5049 4495 0
0.0287 5025 4110 0
0.0290 5042 3225 0
0.0291 5032 1518 0
0.0292 5024 1118 0
0.0293 5040 4092 0
0.0294 5042 3225 0
0.0296 5025 4112 0
0.0297 5040 4099 0
0.0300 5027 1822 0
0.0301 5042 1562 0
0.0303 5032 1905 0
0.0303 5034 1537 0
0.0304 5062 4565 0
0.0305 5041 1383 0
0.0309 5037 1741 0
0.0312 5037 1539 0
0.0313 5034 1912 0
0.0316 5037 1539 0
0.0318 5047 1659 0
0.0319 5054 1109 0
0.0322 5048 3262 0
0.0324 5042 1475 0
0.0328 5060 1504 0
0.0330 5032 2100 0
0.0333 5061 1675 0
0.0337 5032 1728 0
0.0339 5042 4174 0
0.0339 5044 1731 0
0.0344 5033 2118 0
0.0346 5038 3677 0
0.0349 5043 1611 0
0.0351 5035 2770 0
0.0353 5041 3732 0
0.0354 5056 1138 0
0.0356 5073 2270 0
0.0360 5045 1855 0
0.0362 5026 4181 0
0.0362 5039 2161 0
0.0364 5045 3774 0
0.0364 5059 1916 0
0.0366 5050 1755 0
0.0367 5050 3310 0
0.0369 5053 1853 0
0.0371 5040 1632 0
0.0372 5044 2171 0
0.0373 5052 3539 0
0.0374 5074 2438 0
0.0375 5060 1199 0
0.0380 5057 5573 0
0.0380 5061 1199 0
0.0385 5062 1210 0
0.0387 5049 1942 0
0.0387 5065 5028 0
0.0388 5062 1810 0
0.0391 5062 1278 0
0.0391 5062 1812 0
0.0398 5053 3572 0
0.0399 5042 3083 0
0.0400 5052 2546 0
0.0402 5077 2519 0
0.0407 5050 4415 0
0.0407 5057 5647 0
0.0409 5067 1904 0
0.0411 5078 2542 0
0.0412 5057 3572 0
0.0420 5070 2002 0
0.0422 5048 1756 0
0.0425 5068 2090 0
0.0427 5064 4130 0
0.0432 5058 5668 0
0.0436 5081 2563 0
0.0438 5062 3253 0
0.0440 5060 2661 0
0.0441 5068 4218 0
0.0447 5052 2426 0
0.0449 5060 2663 0
0.0456 5057 2464 0
0.0456 5047 3129 0
0.0458 5069 1523 0
0.0464 5057 2226 0
0.0465 5040 5827 0
0.0467 5058 2006 0
0.0472 5060 4586 0
0.0476 5068 2307 0
0.0492 5073 4347 0
0.0499 5069 2292 0
0.0500 5064 3772 0
0.1000 5096 9125 0
0.1500 5108 13473 0
0.2001 5111 16141 0
0.2501 5112 18784 0
0.3001 5114 24714 0
0.3501 5114 26866 0
0.4000 5116 29061 0
0.4501 5116 31981 0
0.5001 5116 35203 0
0.5501 5116 40923 0
0.6001 5116 42492 0
0.6501 5118 47638 0
0.7001 5118 50151 0
0.7501 5120 54044 0
0.8001 5120 56123 0
0.8501 5120 58790 0
0.9001 5120 64640 0
0.9501 5120 66963 0
1.0000 5120 69535 0
