5131
0.00011542012927054478 902.9246306555864 167.9862650046168
0.00023084025854108956 1381.3202089192446 264.25954198473283
0.00034626038781163435 1893.4266277939748 481.92128279883383
0.0004616805170821791 2201.274011299435 766.2090395480226
0.0005771006463527239 2468.5552995391704 726.8963133640553
0.0006925207756232687 2653.1964809384162 778.316715542522
0.0008079409048938135 2812.845070422535 809.0457746478874
0.0009233610341643582 3075.3644859813085 1334.714953271028
0.001038781163434903 3185.505154639175 1141.9123711340205
0.0011542012927054479 3290.5030674846626 1156.4294478527606
0.0012696214219759926 3439.6611570247933 1747.702479338843
0.0013850415512465374 3563.0882352941176 2606.0392156862745
0.0015004616805170822 3595.7113402061855 1792.041237113402
0.001615881809787627 3632.2441860465115 1828.6744186046512
0.0017313019390581717 3712.4565217391305 1972.9130434782608
0.0018467220683287165 3767.5324675324673 2665.5064935064934
0.0019621421975992612 3773.175 2426.5875
0.002077562326869806 3915.3333333333335 2527.25
0.0021929824561403508 3992.8 2512.7
0.0023084025854108957 3925.4210526315787 2973.7017543859647
0.0024238227146814403 4020.22 3532.34
0.0025392428439519853 4100.196078431372 3666.098039215686
0.00265466297322253 4067.9285714285716 3038.690476190476
0.002770083102493075 4089.7894736842104 3524.4210526315787
0.0028855032317636198 4249.027777777777 3671.222222222222
0.0030009233610341643 4106.333333333333 3651.814814814815
0.0031163434903047093 4224.484848484848 3569.030303030303
0.003231763619575254 4149.678571428572 3310.3928571428573
0.003347183748845799 4208.692307692308 3970.5384615384614
0.0034626038781163434 4199.107142857143 3080.25
0.0035780240073868884 4263.25 3484.0
0.003693444136657433 4298.107142857143 4610.535714285715
0.003808864265927978 4220.9 3510.45
0.0039242843951985225 4249.794117647059 3278.1176470588234
0.004039704524469067 4414.76 4289.16
0.004155124653739612 4414.1 6340.0
0.004270544783010157 4383.304347826087 4149.652173913043
0.0043859649122807015 4535.833333333333 7230.0
0.004501385041551247 4492.409090909091 5407.909090909091
0.0046168051708217915 4492.391304347826 6755.739130434783
0.004732225300092336 4515.0 6229.208333333333
0.004847645429362881 4502.35294117647 5787.941176470588
0.004963065558633426 4499.5 6449.722222222223
0.0050784856879039705 4389.4 4526.8
0.005193905817174515 4497.421052631579 7929.210526315789
0.00530932594644506 4553.625 5972.5625
0.005424746075715605 4558.923076923077 9073.23076923077
0.00554016620498615 4503.75 6418.375
0.005655586334256694 4527.071428571428 6731.0
0.0057710064635272396 4553.3125 7459.25
0.005886426592797784 4631.0 8416.23076923077
0.006001846722068329 4583.4 7797.1
0.006117266851338873 4584.7 7247.7
0.006232686980609419 4562.909090909091 8525.90909090909
0.006348107109879963 4553.666666666667 9005.777777777777
0.006463527239150508 4557.0 7200.545454545455
0.006578947368421052 4566.428571428572 7202.428571428572
0.006694367497691598 4668.0 8240.42857142857
0.006809787626962142 4607.833333333333 4577.666666666667
0.006925207756232687 4644.833333333333 7334.0
0.007040627885503232 4569.285714285715 8408.0
0.007156048014773777 4603.9 7228.0
0.007271468144044321 4534.142857142857 6666.0
0.007386888273314866 4655.333333333333 8494.444444444445
0.007502308402585411 4714.166666666667 7474.333333333333
0.007617728531855956 4692.625 8839.25
0.0077331486611265 4671.444444444444 8274.222222222223
0.007848568790397045 4712.3 7682.9
0.00796398891966759 4692.0 7580.333333333333
0.008079409048938134 4733.0 8523.833333333334
0.00819482917820868 4689.583333333333 8518.0
0.008310249307479225 4691.625 10146.875
0.008425669436749769 4690.454545454545 8792.0
0.008541089566020314 4715.777777777777 10120.555555555555
0.00865650969529086 4740.142857142857 8418.142857142857
0.008771929824561403 4728.333333333333 7606.888888888889
0.008887349953831948 4723.75 9768.75
0.009002770083102494 4679.571428571428 8982.0
0.009118190212373038 4762.0 12936.333333333334
0.009233610341643583 4683.1 8735.4
0.009349030470914127 4739.5 8486.0
0.009464450600184672 4672.0 6987.75
0.009579870729455217 4701.833333333333 7738.5
0.009695290858725761 4753.428571428572 9511.857142857143
0.009810710987996307 4769.5 9713.166666666666
0.009926131117266852 4689.625 7197.75
0.010041551246537396 4668.5 8059.5
0.010156971375807941 4747.714285714285 15369.42857142857
0.010272391505078486 4744.75 12717.25
0.01038781163434903 4748.5 17204.0
0.010503231763619576 4719.777777777777 13416.222222222223
0.01061865189289012 4680.2 8597.2
0.010734072022160665 4749.0 16761.285714285714
0.01084949215143121 4698.75 15283.5
0.010964912280701754 4775.75 22808.0
0.0110803324099723 4792.0 17958.8
0.011195752539242845 4804.4 21480.0
0.011311172668513388 4738.0 15522.5
0.011426592797783934 4777.0 14217.2
0.011542012927054479 4711.0 11052.8
0.011657433056325023 4788.4 23901.4
0.011772853185595568 4802.8 18078.4
0.011888273314866112 4770.75 15314.75
0.012003693444136657 4820.333333333333 20441.166666666668
0.012119113573407203 4815.0 15876.2
0.012234533702677746 4775.666666666667 11904.666666666666
0.012349953831948292 4712.0 9924.0
0.012465373961218837 4738.666666666667 15304.666666666666
0.012580794090489381 4870.5 25819.5
0.012696214219759926 4819.6 22757.6
0.012811634349030472 4869.666666666667 21043.0
0.012927054478301015 4817.142857142857 13699.714285714286
0.01304247460757156 4835.166666666667 16036.166666666666
0.013157894736842105 4738.0 8348.666666666666
0.01327331486611265 4816.2 16273.6
0.013388734995383195 4806.0 15560.166666666666
0.013504155124653739 4803.166666666667 9695.166666666666
0.013619575253924284 4813.0 12292.5
0.01373499538319483 4866.333333333333 25856.333333333332
0.013850415512465374 4856.0 25039.8
0.013965835641735919 4853.0 23854.333333333332
0.014081255771006464 4836.5 22182.5
0.014196675900277008 4925.0 18719.0
0.014312096029547553 4837.0 15592.666666666666
0.014427516158818097 4775.75 11214.0
0.014542936288088643 4823.0 18677.0
0.014658356417359188 4757.75 10570.0
0.014773776546629732 4811.75 13428.75
0.014889196675900277 4824.8 13038.0
0.015004616805170823 4814.666666666667 21219.0
0.015120036934441366 4823.0 26832.0
0.015235457063711912 4841.75 19181.5
0.015350877192982455 4899.0 21861.333333333332
0.015466297322253 4835.666666666667 11413.666666666666
0.015581717451523546 4831.0 12747.0
0.01569713758079409 4893.0 20735.0
0.015812557710064637 4875.4 15318.0
0.01592797783933518 4926.333333333333 25085.333333333332
0.016043397968605724 4915.0 21340.0
0.016158818097876268 4936.0 25493.0
0.01638965835641736 4926.5 31295.5
0.016505078485687903 4937.5 37597.5
0.01662049861495845 4879.0 24328.0
0.016735918744228993 4928.666666666667 32019.0
0.016851338873499537 4895.666666666667 17851.666666666668
0.016966759002770084 4910.5 23933.0
0.017082179132040628 4859.333333333333 23351.666666666668
0.01719759926131117 4856.666666666667 12494.333333333334
0.01731301939058172 4915.666666666667 26603.666666666668
0.017428439519852262 4832.333333333333 12657.333333333334
0.017543859649122806 4837.25 18037.5
0.017659279778393353 4924.0 31561.666666666668
0.017774699907663897 4903.5 20582.25
0.01789012003693444 4853.2 16177.6
0.018005540166204988 4872.75 19928.25
0.01812096029547553 4846.75 13894.0
0.018236380424746075 4921.666666666667 21496.333333333332
0.018351800554016622 4911.5 33389.0
0.018467220683287166 4890.0 21842.5
0.01858264081255771 4881.0 15208.0
0.018698060941828253 4929.25 29132.5
0.0188134810710988 4917.5 23367.0
0.018928901200369344 4881.0 13410.0
0.019044321329639888 4909.4 26522.8
0.019159741458910435 4906.5 22401.5
0.01927516158818098 4948.5 36880.0
0.01950600184672207 4927.0 26386.5
0.019621421975992613 4915.0 20073.0
0.019736842105263157 4940.666666666667 32286.333333333332
0.019852262234533704 4942.0 34949.666666666664
0.019967682363804248 4905.0 32062.0
0.02008310249307479 4937.666666666667 43475.333333333336
0.02019852262234534 4914.5 31909.5
0.020313942751615882 4937.0 34236.5
0.020429362880886426 4909.0 28893.0
0.020544783010156973 4942.333333333333 37166.666666666664
0.020660203139427517 4909.5 28628.25
0.02077562326869806 4910.666666666667 26768.333333333332
0.02100646352723915 4882.0 25401.0
0.021121883656509695 4885.0 17022.0
0.02123730378578024 4933.0 42616.0
0.021352723915050786 4941.333333333333 33557.333333333336
0.02146814404432133 4936.5 38727.0
0.021583564173591873 4933.5 28628.0
0.02169898430286242 4934.0 33329.666666666664
0.021814404432132964 4934.0 28768.5
0.021929824561403508 4956.5 36436.5
0.022045244690674055 4939.0 35157.0
0.0221606648199446 4940.0 35194.0
0.022276084949215142 4957.0 24903.0
0.02239150507848569 4945.0 35921.0
0.022506925207756233 4944.0 23766.0
0.022622345337026777 4945.5 30162.5
0.022737765466297324 4930.0 22342.5
0.022853185595567867 4948.0 36587.0
0.02296860572483841 4927.0 28286.0
0.023084025854108958 4918.5 20858.5
0.023314866112650046 4947.0 23867.0
0.02343028624192059 4952.5 24577.5
0.023545706371191136 4958.0 25205.0
0.02366112650046168 4947.0 23980.0
0.023776546629732224 4920.5 21178.0
0.02389196675900277 4960.0 25380.0
0.024007386888273315 4882.0 16997.0
0.02412280701754386 4961.0 48095.0
0.024238227146814405 4936.0 30258.0
0.02435364727608495 4936.0 30258.5
0.024469067405355493 4941.5 32968.0
0.02458448753462604 4956.0 37194.0
0.024699907663896584 4894.0 23304.0
0.024815327793167127 4894.0 23304.0
0.024930747922437674 4977.5 38134.0
0.025046168051708218 4929.5 28084.0
0.02527700831024931 4965.0 32876.0
0.025392428439519853 4929.5 28165.0
0.025507848568790396 4951.0 32643.0
0.025623268698060944 4937.0 32400.0
0.025738688827331487 4920.5 29124.0
0.02585410895660203 4897.0 24228.0
0.025969529085872575 4899.0 24231.0
0.02608494921514312 4932.5 28565.5
0.026200369344413665 4966.0 32928.0
0.02631578947368421 4934.0 28678.5
0.026431209602954756 4902.0 24429.0
0.0265466297322253 4954.0 37305.0
0.026662049861495844 4928.0 30943.0
0.02677746999076639 4954.0 37451.0
0.026892890120036934 4935.4 28930.0
0.027008310249307478 4905.5 22768.0
0.027123730378578025 4933.666666666667 29172.0
0.02723915050784857 4931.666666666667 27341.333333333332
0.02746999076638966 4933.0 20244.0
0.027585410895660203 4943.666666666667 31037.666666666668
0.027700831024930747 4906.0 25259.0
0.027816251154201294 4959.0 37520.0
0.027931671283471838 4959.0 37520.0
0.02816251154201293 4927.0 29904.0
0.028393351800554016 4931.0 25494.0
0.02850877192982456 4931.0 25494.0
0.028624192059095107 4950.333333333333 32753.666666666668
0.02873961218836565 4926.0 32207.5
0.028855032317636194 4926.0 32207.5
0.02920129270544783 4945.0 26022.0
0.029316712834718376 4926.0 34799.0
0.02943213296398892 4931.0 29929.0
0.029547553093259463 4928.5 32406.5
0.02966297322253001 4931.0 29956.0
0.029778393351800554 4938.5 28018.0
0.030240073868882732 4969.0 49956.0
0.03035549399815328 5001.0 59913.0
0.030470914127423823 4969.0 49956.0
0.030586334256694367 4988.5 50452.0
0.03070175438596491 4989.0 56974.0
0.030932594644506 4970.0 50047.0
0.031048014773776545 4961.0 41371.333333333336
0.031163434903047092 4942.0 26914.0
0.031278855032317636 4947.666666666667 38568.666666666664
0.03139427516158818 4970.5 48678.5
0.03150969529085872 4959.0 33440.0
0.031625115420129274 4989.5 44447.0
0.03174053554939982 4969.0 53909.0
0.03185595567867036 4973.0 39919.0
0.032317636195752536 4945.0 27551.0
0.03243305632502309 4973.0 40184.0
0.03254847645429363 4921.5 21163.5
0.032663896583564174 4992.0 45738.0
0.03277931671283472 4973.0 40187.0
0.033010156971375805 4973.0 40190.0
0.033125577100646356 4992.5 45760.5
0.0332409972299169 5012.0 51600.0
0.03335641735918744 5012.0 51699.0
0.03347183748845799 5012.0 51699.0
0.03358725761772853 4973.0 40337.0
0.03393351800554017 4967.5 47059.5
0.034164358264081256 5012.0 52496.0
0.0342797783933518 4995.0 48784.0
0.03439519852262234 5003.5 50641.5
0.03451061865189289 5012.0 52499.0
0.03497229916897507 5012.0 52545.0
0.03508771929824561 4993.0 46840.0
0.035203139427516156 4993.5 46915.0
0.03543397968605725 4958.0 33903.5
0.035549399815327794 4950.0 34886.0
0.03566481994459834 4974.0 41275.0
0.03578024007386888 4975.0 41276.0
0.03612650046168052 5015.0 53407.0
0.03624192059095106 5021.5 64169.5
0.036357340720221606 5005.5 46119.5
0.03647276084949215 4988.5 40917.0
0.036703601108033244 4983.0 43964.0
0.03681902123730379 4983.0 43985.0
0.037049861495844875 5031.0 75915.0
0.03716528162511542 5017.0 54721.0
0.037396121883656507 5031.0 75921.0
0.03831948291782087 5031.0 76079.0
0.038896583564173595 5017.0 54993.0
0.03901200369344414 5017.0 55027.0
0.039242843951985226 5000.0 52663.5
0.03935826408125577 5017.0 55134.0
0.039473684210526314 4983.0 50206.0
0.03981994459833795 4980.0 37384.0
0.039935364727608495 4981.0 37504.0
0.04005078485687904 4982.0 37870.0
0.040281625115420126 5022.0 61457.0
0.04039704524469068 5022.0 61460.0
0.040627885503231764 5022.0 62085.0
0.04085872576177285 5022.0 62104.0
0.040974145891043395 5022.0 62389.0
0.04132040627885503 5022.0 62568.0
0.04143582640812558 5022.0 62645.0
0.04155124653739612 5022.0 62649.0
0.041666666666666664 5021.0 66127.0
0.04189750692520776 5021.333333333333 66134.33333333333
0.0420129270544783 5012.0 54221.0
0.042128347183748846 5012.0 54222.0
0.04224376731301939 5012.0 54222.0
0.04247460757156048 5012.0 54405.0
0.04259002770083103 5012.0 54405.0
0.04270544783010157 5012.0 54406.0
0.042820867959372115 4989.0 53227.0
0.04293628808864266 4989.0 53227.0
0.043167128347183746 5003.0 54242.5
0.0432825484764543 5015.0 55231.0
0.04339796860572484 5015.0 55232.0
0.043513388734995384 5015.0 55234.0
0.04374422899353647 5015.0 55250.0
0.043859649122807015 5003.0 54490.5
0.043975069252077566 5015.0 55252.0
0.04409048938134811 5015.0 55252.0
0.04420590951061865 5015.0 55263.0
0.0443213296398892 5015.0 55263.0
0.04443674976915974 5016.0 55264.0
0.044552169898430284 4975.0 43982.0
0.04489843028624192 4982.0 70196.0
0.045013850415512466 4997.0 56071.0
0.04512927054478301 4997.0 56260.0
0.04524469067405355 4988.333333333333 55243.666666666664
0.0453601108033241 4984.0 54761.0
0.04547553093259465 4988.666666666667 55381.0
0.04559095106186519 4997.0 56936.0
0.045706371191135735 4983.0 70387.0
0.04582179132040628 5004.0 67400.5
0.04593721144967682 5011.0 60989.0
0.046052631578947366 5011.5 61161.0
0.046168051708217916 5011.5 61161.0
0.04628347183748846 5011.5 61168.5
0.046398891966759004 4990.5 64217.0
0.04651431209602955 4990.5 64225.0
0.04662973222530009 4990.5 64226.5
0.046745152354570635 5027.0 65060.0
0.04686057248384118 4984.0 70539.0
0.04697599261311173 4984.0 70539.0
0.04720683287165282 5027.0 65076.0
0.04732225300092336 5006.0 68937.0
0.047437673130193904 4992.0 65498.5
0.04755309325946445 5000.666666666667 65312.666666666664
0.047668513388735 4995.5 67071.0
0.04778393351800554 4985.0 72828.0
0.047899353647276086 4970.0 32155.0
0.04801477377654663 4970.0 32155.0
0.04813019390581717 5019.5 56816.5
0.04824561403508772 5028.0 65192.0
0.04847645429362881 5028.0 65192.0
0.048591874422899355 5028.0 65195.0
0.0487072945521699 5021.5 57212.5
0.04882271468144044 5022.0 58720.5
0.04916897506925208 4987.0 77687.0
0.04939981532779317 4998.5 70308.5
0.04951523545706371 4987.0 77695.0
0.049630655586334255 5010.0 62923.0
0.0497460757156048 5022.0 79338.0
0.04986149584487535 5010.0 62928.0
0.04997691597414589 5035.0 96019.0
0.050092336103416436 5022.5 79622.5
0.05020775623268698 5010.0 63324.0
0.050323176361957524 5022.5 79736.5
0.05055401662049862 5014.5 66015.5
0.050784856879039705 5019.0 68386.0
0.05090027700831025 5021.666666666667 66257.66666666667
0.051131117266851336 5027.5 82492.5
0.05124653739612189 5039.0 96585.0
0.05136195752539243 5039.0 96617.0
0.051477377654662974 5023.666666666667 76321.33333333333
0.05159279778393352 5025.5 80245.0
0.051823638042474605 5013.0 63842.0
0.05193905817174515 5023.5 65390.0
0.05216989843028624 5034.0 66916.0
0.05240073868882733 5020.0 70195.0
0.052516158818097874 5020.0 70199.0
0.05263157894736842 5027.5 68578.5
0.052977839335180056 5020.0 70213.0
0.0530932594644506 5030.5 89536.0
0.053208679593721143 5022.0 70392.0
0.05343951985226224 5031.0 96001.5
0.054016620498614956 5016.0 65735.0
0.054362880886426594 5022.0 70465.0
0.05528624192059095 5022.0 70592.0
0.055401662049861494 5022.0 70592.0
0.05551708217913204 5022.0 70709.0
0.05574792243767313 5022.0 70709.0
0.055863342566943676 5022.0 70751.0
0.05632502308402586 5022.0 58199.0
0.0564404432132964 5022.5 64485.0
0.056555863342566945 5023.0 71284.0
0.05667128347183749 5023.0 58541.0
0.05701754385964912 5024.0 66579.0
0.05771006463527239 5023.0 61852.0
0.06071098799630656 5028.0 67843.0
0.060941828254847646 5028.0 67862.0
0.06463527239150507 5017.0 53021.0
0.06475069252077563 5017.0 53041.0
0.06486611265004617 5017.0 53041.0
0.06498153277931672 5017.0 53041.0
0.06509695290858726 5017.0 53041.0
0.06809787626962142 5022.0 59286.0
0.06821329639889197 5022.0 59286.0
0.06832871652816251 5022.0 59292.0
0.06971375807940905 5024.0 60886.0
0.07490766389658357 5028.0 65972.0
0.07583102493074792 5028.0 66573.0
0.07594644506001846 5044.0 103451.0
0.07606186518928901 5028.0 66574.0
0.07617728531855955 5028.0 66574.0
0.07640812557710065 5028.0 70150.0
0.0765235457063712 5028.0 70153.0
0.077331486611265 5045.0 103678.0
0.07790858725761773 5033.0 74893.0
0.07813942751615882 5035.0 121543.0
0.07825484764542937 5035.0 121662.0
0.07837026777469991 5033.0 75018.0
0.078601108033241 5035.0 121677.0
0.07871652816251154 5040.0 90070.5
0.07883194829178208 5033.0 75077.0
0.07894736842105263 5040.0 90072.0
0.07906278855032317 5040.0 90182.0
0.07917820867959371 5040.0 90197.5
0.07929362880886427 5033.0 75322.0
0.07940904893813482 5040.5 90742.5
0.07952446906740536 5040.5 90743.5
0.0796398891966759 5048.0 106072.0
0.08010156971375808 5048.0 106092.0
0.08021698984302862 5048.0 106094.0
0.08125577100646353 5048.0 99249.0
0.08206371191135733 5048.0 99261.0
0.08229455216989844 5048.0 99261.0
0.08240997229916898 5048.0 99261.0
0.08252539242843952 5049.0 99836.0
0.08264081255771007 5041.0 110553.0
0.08275623268698061 5045.0 105198.5
0.08287165281625115 5041.0 110556.0
0.08310249307479224 5041.0 110574.0
0.08333333333333333 5041.0 110574.0
0.08356417359187442 5043.0 111236.0
0.08414127423822715 5048.0 108417.0
0.08437211449676824 5048.0 108422.0
0.08448753462603878 5048.0 108422.0
0.08471837488457987 5048.0 108476.0
0.08483379501385041 5048.0 108476.0
0.08494921514312095 5048.0 108579.0
0.08518005540166206 5048.0 108586.0
0.08541089566020314 5046.0 110467.0
0.08552631578947369 5048.0 108747.0
0.08598799630655586 5056.0 145448.0
0.08633425669436749 5050.0 129116.5
0.08644967682363804 5044.0 112332.0
0.0865650969529086 5050.0 129143.5
0.08668051708217914 5044.0 112424.0
0.08691135734072022 5048.0 110908.0
0.08714219759926131 5048.0 110909.0
0.08748845798707294 5057.0 145938.0
0.08783471837488457 5057.0 146284.0
0.08795013850415513 5057.0 147436.0
0.08818097876269622 5052.0 104820.0
0.08829639889196676 5052.0 104820.0
0.08875807940904894 5049.0 113820.0
0.08933518005540166 5057.0 147783.0
0.08945060018467221 5047.5 113924.5
0.08956602031394276 5051.0 114717.0
0.0896814404432133 5051.0 114717.0
0.08979686057248384 5051.0 114726.0
0.08991228070175439 5054.5 131327.0
0.09002770083102493 5052.0 114733.0
0.09014312096029548 5058.0 148373.0
0.09025854108956602 5052.0 114758.0
0.09037396121883656 5055.5 131598.5
0.09060480147737765 5053.0 114824.0
0.0907202216066482 5056.0 131918.0
0.0909510618651893 5054.0 115470.0
0.09106648199445984 5054.0 115470.0
0.09164358264081256 5058.0 148410.0
0.09187442289935364 5054.0 115542.0
0.09268236380424746 5046.0 117763.0
0.09279778393351801 5058.5 142156.5
0.09291320406278855 5052.0 134162.5
0.0930286241920591 5051.0 118427.0
0.09314404432132964 5054.5 134411.5
0.09360572483841181 5059.0 134150.0
0.09429824561403509 5059.0 134152.0
0.0951061865189289 5059.0 150616.0
0.0961449676823638 5060.0 154937.0
0.09672206832871653 5060.0 155128.0
0.09706832871652817 5059.0 134546.0
0.09799168975069251 5052.0 122222.0
0.0984533702677747 5052.0 122511.0
0.09856879039704525 5052.0 122511.0
0.09868421052631579 5052.0 122531.0
0.09879963065558633 5056.0 140430.5
0.09891505078485688 5060.0 158437.0
0.09903047091412742 5052.0 122566.0
0.09926131117266851 5052.0 122593.0
0.09937673130193905 5057.0 138722.66666666666
0.0994921514312096 5055.5 128844.0
0.09960757156048015 5053.0 122841.0
0.09983841181902124 5059.5 146779.0
0.10006925207756233 5060.0 158555.0
0.10018467220683287 5060.0 158556.0
0.10030009233610342 5057.5 140898.0
0.10041551246537396 5055.0 123250.0
0.1005309325946445 5055.0 123250.0
0.10064635272391505 5055.0 123528.0
0.10076177285318559 5055.0 123637.0
0.10087719298245613 5055.0 123637.0
0.10110803324099724 5055.0 124136.0
0.10122345337026778 5055.0 124143.0
0.10145429362880887 5053.0 124847.0
0.10191597414589104 5053.0 125873.0
0.1028393351800554 5056.0 129895.0
0.10318559556786704 5056.0 129896.0
0.10330101569713758 5056.0 129900.0
0.10376269621421975 5064.0 136089.0
0.1038781163434903 5057.0 130712.0
0.10399353647276086 5057.0 131366.0
0.1041089566020314 5064.0 136098.0
0.10433979686057249 5064.0 136171.0
0.10445521698984303 5055.0 126595.0
0.10457063711911357 5059.5 131396.0
0.10468605724838412 5064.0 136171.0
0.10480147737765466 5055.0 126639.0
0.10503231763619575 5055.0 126640.0
0.10664819944598337 5066.0 137318.0
0.10676361957525392 5066.0 137318.0
0.10687903970452448 5066.0 137319.0
0.10803324099722991 5066.0 137385.0
0.10814866112650046 5068.0 137659.0
0.10884118190212373 5070.0 142354.0
0.10895660203139428 5065.0 133771.0
0.10907202216066482 5065.0 133771.0
0.1093028624192059 5074.0 159227.0
0.11888273314866113 5067.0 150493.0
0.11957525392428439 5067.0 150565.0
0.12246075715604801 5070.0 149707.0
0.12257617728531855 5070.0 149707.0
0.1226915974145891 5066.0 171491.0
0.12280701754385964 5066.0 171574.0
0.12303785780240074 5069.5 194000.5
0.12315327793167129 5066.0 171574.0
0.12326869806094183 5066.0 171574.0
0.12338411819021237 5066.0 171581.0
0.12823176361957525 5067.0 172389.0
0.1283471837488458 5067.0 172389.0
0.1298476454293629 5068.0 172432.0
0.13007848568790398 5068.0 172433.0
0.13030932594644506 5068.0 172434.0
0.1304247460757156 5068.0 172460.0
0.1306555863342567 5073.0 161423.0
0.13250230840258542 5073.0 162727.0
0.1327331486611265 5074.0 164800.0
0.13284856879039705 5071.0 171603.0
0.13319482917820868 5068.0 178409.0
0.13365650969529086 5074.0 166116.0
0.13977377654662973 5071.0 179892.0
0.14012003693444136 5071.0 179900.0
0.140466297322253 5071.0 180979.0
0.14058171745152354 5071.0 181061.0
0.14069713758079408 5071.0 181245.0
0.14081255771006462 5071.0 181281.0
0.14104339796860574 5071.0 181281.0
0.14115881809787628 5071.0 181281.0
0.14289012003693444 5071.0 182456.0
0.14300554016620498 5071.0 182456.0
0.14369806094182824 5072.0 182548.0
0.1440443213296399 5072.0 182569.0
0.144275161588181 5072.0 182572.0
0.14439058171745153 5072.0 182578.0
0.14496768236380425 5072.0 182590.0
0.14623730378578023 5072.0 183607.0
0.14808402585410896 5072.0 196915.0
0.15443213296398892 5080.0 252164.0
0.20152354570637118 5085.0 318524.0
0.20394736842105263 5085.0 321346.0
0.20637119113573407 5087.0 324488.0
0.21144967682363805 5092.0 323542.0
0.21225761772853186 5089.0 287793.0
0.2149122807017544 5089.0 290286.0
0.21502770083102493 5089.0 290286.0
0.21514312096029548 5089.0 290305.0
0.21941366574330562 5090.0 292148.0
0.2195290858725762 5090.0 292148.0
0.21964450600184673 5090.0 292148.0
0.21975992613111728 5090.0 292148.0
0.22045244690674054 5090.0 292184.0
0.22056786703601108 5090.0 295045.0
0.22079870729455217 5090.0 295045.0
0.22737765466297322 5090.0 299980.0
0.32075253924284397 5104.0 482769.0
0.3242151431209603 5104.0 488474.0
0.32767774699907665 5102.0 458536.0
0.32779316712834716 5102.0 458574.0
0.32790858725761773 5106.0 505816.0
0.3283702677746999 5102.0 459488.0
0.32894736842105265 5102.0 459495.0
0.32906278855032317 5102.0 459594.0
0.32940904893813483 5102.0 459813.0
0.34083564173591874 5104.5 497704.0
0.3409510618651893 5103.0 472570.0
0.3410664819944598 5103.0 472583.0
0.3412973222530009 5103.0 472583.0
0.3414127423822715 5103.0 472584.0
0.3432594644506002 5107.0 549755.0
0.3894275161588181 5105.0 504739.0
0.38954293628808867 5105.0 504744.0
0.3898891966759003 5105.0 504748.0
0.39000461680517085 5105.0 504803.0
0.39012003693444136 5105.0 504803.0
0.3910433979686057 5105.0 505035.0
0.39808402585410896 5105.0 507990.0
0.4028162511542013 5106.0 516478.0
0.4503693444136657 5108.0 581190.0
0.6567405355493998 5118.0 905678.0
1.0 5131.0 1455433.0
