1422
0.00011539349180706209 443.1557812139395 0.0
0.00023078698361412417 615.3925997116771 0.0
0.0003461804754211862 732.7469982847341 0.0
0.00046157396722824835 817.781041388518 0.0
0.0005769674590353104 866.1147859922179 0.0
0.0006923609508423724 900.5467032967033 0.0
0.0008077544426494346 928.3985239852399 0.0
0.0009231479344564967 949.1460176991151 0.0
0.0010385414262635588 960.5373134328358 0.0
0.0011539349180706207 976.2229299363057 0.0
0.001269328409877683 984.2205882352941 0.0
0.0013847219016847449 993.0081967213115 0.0
0.001500115393491807 1005.0 0.0
0.0016155088852988692 1010.3516483516484 0.0
0.0017309023771059312 1017.3703703703703 0.0
0.0018462958689129934 1031.5344827586207 0.0
0.0019616893607200554 1034.9117647058824 0.0
0.0020770828525271175 1036.4545454545455 0.0
0.0021924763443341797 1033.888888888889 0.0
0.0023078698361412415 1028.8846153846155 0.0
0.0024232633279483036 1039.607142857143 0.0
0.002538656819755366 1043.659574468085 0.0
0.002654050311562428 1048.7222222222222 0.0
0.0027694438033694898 1049.6176470588234 0.0
0.002884837295176552 1052.1176470588234 0.0
0.003000230786983614 1053.2571428571428 0.0
0.0031156242787906763 1060.5 0.0
0.0032310177705977385 1060.892857142857 0.0
0.0033464112624048002 1062.4444444444443 0.0
0.0034618047542118624 1064.09375 0.0
0.0035771982460189246 1068.6774193548388 0.0
0.0036925917378259868 1067.0 0.0
0.0038079852296330485 1059.6896551724137 0.0
0.003923378721440111 1062.3333333333333 0.0
0.004038772213247173 1069.7272727272727 0.0
0.004154165705054235 1068.9473684210527 0.0
0.004269559196861297 1068.2380952380952 0.0
0.0043849526886683594 1063.2857142857142 0.0
0.004500346180475421 1073.7142857142858 0.0
0.004615739672282483 1072.0 0.0
0.004731133164089545 1076.1666666666667 0.0
0.004846526655896607 1081.157894736842 0.0
0.0049619201477036695 1080.6 0.0
0.005077313639510732 1079.4761904761904 0.0
0.005192707131317794 1079.7142857142858 0.0
0.005308100623124856 1081.5 0.0
0.005423494114931918 1083.8636363636363 0.0
0.0055388876067389795 1084.0714285714287 0.0
0.005654281098546042 1086.125 0.0
0.005769674590353104 1082.5833333333333 0.0
0.005885068082160166 1078.9285714285713 0.0
0.006000461573967228 1082.15 0.0
0.00611585506577429 1086.875 0.0
0.006231248557581353 1090.6 0.0
0.006346642049388415 1091.142857142857 0.0
0.006462035541195477 1095.4 0.0
0.006577429033002538 1090.5714285714287 0.0
0.0066928225248096005 1088.875 0.0
0.006808216016616663 1091.5 0.0
0.006923609508423725 1101.7777777777778 0.0
0.007039003000230787 1100.6666666666667 0.0
0.007154396492037849 1092.090909090909 0.0
0.007269789983844911 1093.0 0.0
0.0073851834756519736 1092.8 0.0
0.007500576967459035 1094.909090909091 0.0
0.007615970459266097 1092.7222222222222 0.0
0.007731363951073159 1090.0714285714287 0.0
0.007846757442880221 1089.076923076923 0.0
0.007962150934687284 1087.2857142857142 0.0
0.008077544426494346 1094.0 0.0
0.008192937918301408 1096.090909090909 0.0
0.00830833141010847 1089.6 0.0
0.008423724901915532 1089.8333333333333 0.0
0.008539118393722595 1091.7142857142858 0.0
0.008654511885529657 1087.2 0.0
0.008769905377336719 1095.6 0.0
0.008885298869143781 1088.8333333333333 0.0
0.009000692360950842 1099.5 0.0
0.009116085852757904 1104.5714285714287 0.0
0.009231479344564966 1092.2 0.0
0.009346872836372028 1091.5 0.0
0.00946226632817909 1100.8333333333333 0.0
0.009577659819986152 1092.0 0.0
0.009693053311793215 1094.6666666666667 0.0
0.009808446803600277 1110.6666666666667 0.0
0.009923840295407339 1110.0 0.0
0.010039233787214401 1106.7 0.0
0.010154627279021463 1099.2222222222222 0.0
0.010270020770828526 1102.7142857142858 0.0
0.010385414262635588 1104.625 0.0
0.01050080775444265 1105.5 0.0
0.010616201246249712 1107.625 0.0
0.010731594738056774 1100.2222222222222 0.0
0.010846988229863836 1100.0 0.0
0.010962381721670899 1102.0 0.0
0.011077775213477959 1101.3333333333333 0.0
0.011193168705285021 1096.75 0.0
0.011308562197092083 1101.5 0.0
0.011423955688899146 1099.2 0.0
0.011539349180706208 1097.5714285714287 0.0
0.01165474267251327 1098.6 0.0
0.011770136164320332 1098.142857142857 0.0
0.011885529656127394 1100.5 0.0
0.012000923147934456 1099.75 0.0
0.012116316639741519 1101.4285714285713 0.0
0.01223171013154858 1106.7142857142858 0.0
0.012347103623355643 1102.25 0.0
0.012462497115162705 1101.375 0.0
0.012577890606969767 1103.6 0.0
0.01269328409877683 1105.6 0.0
0.012808677590583892 1096.2 0.0
0.012924071082390954 1104.0 0.0
0.013039464574198014 1101.0 0.0
0.013154858066005077 1100.3333333333333 0.0
0.013270251557812139 1102.0 0.0
0.013385645049619201 1101.8 0.0
0.013501038541426263 1107.3333333333333 0.0
0.013616432033233325 1098.75 0.0
0.013731825525040387 1101.3333333333333 0.0
0.01384721901684745 1100.6666666666667 0.0
0.013962612508654512 1101.25 0.0
0.014078006000461574 1102.8 0.0
0.014193399492268636 1099.1666666666667 0.0
0.014308792984075698 1097.0 0.0
0.01442418647588276 1106.4285714285713 0.0
0.014539579967689823 1110.0 0.0
0.014654973459496885 1114.6 0.0
0.014770366951303947 1112.0 0.0
0.01488576044311101 1137.0 0.0
0.01500115393491807 1102.0 0.0
0.015116547426725132 1111.0 0.0
0.015231940918532194 1121.0 0.0
0.015347334410339256 1097.0 0.0
0.015462727902146318 1103.0 0.0
0.01557812139395338 1112.3333333333333 0.0
0.015693514885760443 1099.0 0.0
0.015808908377567505 1108.5 0.0
0.015924301869374567 1109.0 0.0
0.01603969536118163 1113.5 0.0
0.01615508885298869 1113.5 0.0
0.016270482344795754 1115.5 0.0
0.016385875836602816 1117.5 0.0
0.016501269328409878 1123.0 0.0
0.01661666282021694 1133.5 0.0
0.016732056312024002 1123.5 0.0
0.016847449803831065 1111.0 0.0
0.016962843295638127 1110.0 0.0
0.01707823678744519 1108.0 0.0
0.01719363027925225 1102.5 0.0
0.017309023771059313 1115.6666666666667 0.0
0.017424417262866376 1108.6666666666667 0.0
0.017539810754673438 1100.0 0.0
0.0176552042464805 1110.3333333333333 0.0
0.017770597738287562 1117.6666666666667 0.0
0.017885991230094624 1111.0 0.0
0.018001384721901683 1118.0 0.0
0.018116778213708745 1111.2 0.0
0.018232171705515807 1107.0 0.0
0.01834756519732287 1107.0 0.0
0.018462958689129932 1104.5 0.0
0.018693745672744056 1113.3333333333333 0.0
0.01880913916455112 1109.0 0.0
0.01892453265635818 1105.5 0.0
0.019039926148165243 1110.5 0.0
0.019155319639972305 1112.3333333333333 0.0
0.019270713131779367 1112.0 0.0
0.01938610662358643 1115.6666666666667 0.0
0.01950150011539349 1112.0 0.0
0.019616893607200554 1131.0 0.0
0.019732287099007616 1118.0 0.0
0.019847680590814678 1105.0 0.0
0.020078467574428802 1107.0 0.0
0.020193861066235864 1103.0 0.0
0.020309254558042927 1132.5 0.0
0.02042464804984999 1116.0 0.0
0.020655435033464113 1112.5 0.0
0.020886222017078238 1114.5 0.0
0.0210016155088853 1109.6666666666667 0.0
0.021117009000692362 1114.5 0.0
0.021232402492499424 1110.0 0.0
0.021347795984306486 1105.0 0.0
0.02146318947611355 1106.0 0.0
0.02157858296792061 1110.0 0.0
0.021693976459727673 1109.75 0.0
0.021809369951534735 1108.5 0.0
0.021924763443341797 1119.0 0.0
0.022040156935148856 1113.5 0.0
0.022155550426955918 1110.6666666666667 0.0
0.02227094391876298 1103.6666666666667 0.0
0.022386337410570042 1111.5 0.0
0.022501730902377105 1111.5 0.0
0.022617124394184167 1103.0 0.0
0.02273251788599123 1109.0 0.0
0.02284791137779829 1111.3333333333333 0.0
0.022963304869605353 1104.0 0.0
0.023078698361412416 1105.0 0.0
0.023194091853219478 1109.5 0.0
0.02330948534502654 1109.0 0.0
0.023540272328640664 1118.0 0.0
0.023655665820447726 1119.0 0.0
0.02377105931225479 1111.0 0.0
0.02388645280406185 1111.0 0.0
0.024232633279483037 1121.0 0.0
0.0243480267712901 1121.0 0.0
0.02446342026309716 1121.0 0.0
0.024578813754904224 1116.0 0.0
0.024694207246711286 1121.0 0.0
0.02480960073851835 1121.0 0.0
0.02492499423032541 1121.0 0.0
0.025155781213939535 1115.0 0.0
0.025271174705746597 1110.0 0.0
0.02538656819755366 1116.5 0.0
0.02550196168936072 1110.5 0.0
0.025617355181167784 1115.0 0.0
0.025732748672974846 1115.0 0.0
0.02596353565658897 1101.0 0.0
0.02607892914839603 1108.0 0.0
0.02619432264020309 1108.5 0.0
0.026309716132010153 1108.5 0.0
0.026425109623817215 1108.0 0.0
0.02665589660743134 1108.0 0.0
0.026771290099238402 1108.0 0.0
0.026886683591045464 1108.0 0.0
0.027002077082852526 1108.0 0.0
0.02711747057465959 1108.0 0.0
0.02723286406646665 1108.0 0.0
0.027348257558273713 1108.5 0.0
0.027463651050080775 1108.6666666666667 0.0
0.027579044541887837 1109.0 0.0
0.0276944380336949 1108.0 0.0
0.027925225017309024 1112.0 0.0
0.028156012000923148 1112.0 0.0
0.02827140549273021 1111.3333333333333 0.0
0.028386798984537272 1110.5 0.0
0.028963766443572583 1120.0 0.0
0.029425340410800832 1109.0 0.0
0.02977152088622202 1155.0 0.0
0.02988691437802908 1132.0 0.0
0.03000230786983614 1132.0 0.0
0.0301177013616432 1132.0 0.0
0.030233094853450264 1132.0 0.0
0.030348488345257326 1155.0 0.0
0.030463881837064388 1111.0 0.0
0.030694668820678513 1109.0 0.0
0.030810062312485575 1113.0 0.0
0.030925455804292637 1111.0 0.0
0.0310408492960997 1113.0 0.0
0.031387029771520886 1121.0 0.0
0.03150242326332795 1121.0 0.0
0.03161781675513501 1138.0 0.0
0.031733210246942076 1155.0 0.0
0.031848603738749134 1155.0 0.0
0.03219478421417032 1121.0 0.0
0.03231017770597738 1109.5 0.0
0.03242557119778444 1113.0 0.0
0.03254096468959151 1120.0 0.0
0.03334871913224094 1113.0 0.0
0.033579506115855064 1115.0 0.0
0.03369489960766213 1113.0 0.0
0.03381029309946919 1115.0 0.0
0.033925686591276254 1126.6666666666667 0.0
0.03404108008308331 1123.25 0.0
0.03415647357489038 1123.25 0.0
0.03427186706669744 1115.0 0.0
0.0343872605585045 1115.0 0.0
0.03450265405031156 1124.3333333333333 0.0
0.03461804754211863 1143.0 0.0
0.034733441033925685 1143.0 0.0
0.03484883452573275 1143.0 0.0
0.035195015001153934 1131.5 0.0
0.035310408492961 1117.0 0.0
0.03542580198476806 1117.0 0.0
0.035541195476575124 1127.6666666666667 0.0
0.03565658896838218 1146.0 0.0
0.03577198246018925 1146.0 0.0
0.036002769443803366 1146.0 0.0
0.03611816293561043 1146.0 0.0
0.036348949919224556 1146.0 0.0
0.036464343411031615 1146.0 0.0
0.03657973690283868 1146.0 0.0
0.03669513039464574 1126.3333333333333 0.0
0.036810523886452805 1146.0 0.0
0.036925917378259863 1146.0 0.0
0.03704131087006693 1146.0 0.0
0.03715670436187399 1120.0 0.0
0.037272097853681053 1113.0 0.0
0.03738749134548811 1146.0 0.0
0.03750288483729518 1133.0 0.0
0.03761827832910224 1120.0 0.0
0.0377336718209093 1133.0 0.0
0.03784906531271636 1116.5 0.0
0.03796445880452343 1120.0 0.0
0.038079852296330485 1120.0 0.0
0.038426032771751675 1113.0 0.0
0.038541426263558734 1113.0 0.0
0.03877221324717286 1146.0 0.0
0.038887606738979924 1113.0 0.0
0.03911839372259405 1112.0 0.0
0.03923378721440111 1112.0 0.0
0.03934918070620817 1112.0 0.0
0.03981075467343642 1120.5 0.0
0.03992614816524348 1118.0 0.0
0.04004154165705054 1123.0 0.0
0.040156935148857605 1139.0 0.0
0.04038772213247173 1126.6666666666667 0.0
0.04050311562427879 1123.25 0.0
0.04061850911608585 1128.5 0.0
0.04073390260789291 1118.0 0.0
0.040964689591507036 1131.5 0.0
0.04119547657512116 1139.0 0.0
0.041310870066928226 1124.0 0.0
0.041426263558735285 1112.0 0.0
0.04154165705054235 1112.0 0.0
0.04165705054234941 1118.0 0.0
0.041772444034156475 1115.0 0.0
0.04211862450957766 1115.0 0.0
0.04246480498499885 1172.0 0.0
0.04281098546042003 1172.0 0.0
0.04361873990306947 1136.0 0.0
0.04373413339487653 1141.0 0.0
0.043849526886683594 1131.0 0.0
0.04396492037849065 1121.5 0.0
0.04408031387029771 1112.0 0.0
0.04419570736210478 1112.0 0.0
0.044311100853911836 1112.0 0.0
0.0444264943457189 1112.0 0.0
0.04454188783752596 1111.5 0.0
0.044657281329333026 1111.5 0.0
0.044772674821140085 1111.0 0.0
0.04488806831294715 1112.0 0.0
0.04500346180475421 1112.0 0.0
0.045118855296561275 1112.0 0.0
0.04581121624740365 1119.0 0.0
0.04592660973921071 1130.5 0.0
0.04615739672282483 1142.0 0.0
0.0462727902146319 1119.0 0.0
0.046388183706438955 1119.0 0.0
0.04650357719824602 1142.0 0.0
0.04661897069005308 1112.0 0.0
0.046734364181860145 1142.0 0.0
0.047195938149088394 1142.0 0.0
0.04731133164089545 1142.0 0.0
0.04742672513270252 1115.5 0.0
0.04765751211631664 1174.0 0.0
0.04788829909993077 1174.0 0.0
0.04834987306715901 1116.0 0.0
0.04881144703438726 1119.0 0.0
0.04892684052619432 1146.5 0.0
0.049273021001615507 1133.0 0.0
0.04938841449342257 1174.0 0.0
0.04950380798522963 1126.0 0.0
0.0496192014770367 1126.5 0.0
0.049734594968843755 1134.0 0.0
0.04984998846065082 1134.0 0.0
0.04996538195245788 1175.0 0.0
0.05123471036233557 1175.0 0.0
0.05146549734594969 1175.0 0.0
0.05158089083775675 1175.0 0.0
0.051696284329563816 1175.0 0.0
0.05192707131317794 1134.0 0.0
0.05215785829679206 1134.0 0.0
0.05273482575582737 1144.0 0.0
0.05285021924763443 1159.5 0.0
0.053081006231248555 1175.0 0.0
0.05319639972305562 1175.0 0.0
0.05331179321486268 1175.0 0.0
0.05365797369028387 1175.0 0.0
0.05377336718209093 1146.0 0.0
0.053888760673897994 1117.0 0.0
0.05400415416570505 1117.0 0.0
0.05458112162474037 1175.0 0.0
0.05481190860835449 1175.0 0.0
0.05492730210016155 1175.0 0.0
0.055042695591968616 1175.0 0.0
0.05527348257558274 1115.0 0.0
0.0553888760673898 1115.0 0.0
0.055504269559196864 1145.0 0.0
0.05573505654281099 1115.0 0.0
0.05608123701823217 1140.0 0.0
0.05619663051003923 1116.0 0.0
0.05711977844449573 1140.0 0.0
0.057235171936302794 1116.0 0.0
0.05735056542810985 1116.0 0.0
0.05758135241172398 1116.0 0.0
0.060120009231479345 1149.0 0.0
0.061389337641357025 1149.0 0.0
0.06150473113316409 1149.0 0.0
0.06254327255942765 1115.0 0.0
0.06612047080544657 1116.0 0.0
0.06623586429725363 1116.0 0.0
0.0663512577890607 1116.0 0.0
0.06646665128086776 1116.0 0.0
0.06681283175628895 1116.0 0.0
0.06692822524809601 1116.0 0.0
0.06704361873990307 1116.0 0.0
0.06808216016616662 1116.0 0.0
0.06819755365797368 1116.0 0.0
0.06842834064158781 1116.0 0.0
0.06900530810062312 1116.0 0.0
0.06958227555965843 1116.0 0.0
0.07004384952688668 1116.0 0.0
0.07027463651050081 1144.0 0.0
0.07039003000230787 1131.0 0.0
0.07050542349411493 1144.0 0.0
0.07073621047772906 1118.0 0.0
0.07142857142857142 1119.0 0.0
0.07165935841218556 1119.0 0.0
0.07177475190399261 1119.0 0.0
0.07200553888760673 1119.0 0.0
0.0721209323794138 1119.0 0.0
0.07223632587122086 1119.0 0.0
0.07246711285483498 1117.0 0.0
0.07258250634664205 1117.0 0.0
0.07269789983844911 1117.0 0.0
0.07281329333025617 1117.0 0.0
0.0739672282483268 1117.0 0.0
0.0754673436418186 1117.0 0.0
0.0758135241172398 1117.0 0.0
0.07592891760904685 1117.0 0.0
0.07996768982229402 1121.0 0.0
0.08019847680590815 1155.0 0.0
0.08031387029771521 1155.0 0.0
0.08077544426494346 1156.0 0.0
0.08089083775675052 1121.0 0.0
0.08112162474036465 1138.5 0.0
0.0812370182321717 1121.0 0.0
0.08135241172397877 1156.0 0.0
0.0815831987075929 1121.0 0.0
0.08169859219939996 1121.0 0.0
0.08192937918301407 1135.0 0.0
0.08204477267482115 1121.0 0.0
0.0821601661666282 1135.0 0.0
0.08227555965843526 1149.0 0.0
0.08239095315024232 1135.0 0.0
0.0825063466420494 1121.0 0.0
0.08262174013385645 1149.0 0.0
0.08285252711747057 1135.0 0.0
0.08296792060927764 1121.0 0.0
0.0830833141010847 1121.0 0.0
0.08331410108469882 1149.0 0.0
0.08342949457650589 1149.0 0.0
0.08354488806831295 1138.5 0.0
0.08366028156012001 1135.0 0.0
0.08377567505192707 1121.0 0.0
0.08389106854373414 1156.0 0.0
0.0840064620355412 1156.0 0.0
0.08412185552734826 1156.0 0.0
0.08423724901915532 1138.5 0.0
0.08435264251096238 1138.5 0.0
0.08446803600276945 1138.5 0.0
0.0845834294945765 1135.0 0.0
0.08469882298638357 1149.0 0.0
0.08481421647819062 1135.0 0.0
0.0849296099699977 1149.0 0.0
0.08504500346180476 1149.0 0.0
0.08527579044541887 1152.5 0.0
0.08539118393722595 1149.0 0.0
0.085506577429033 1135.0 0.0
0.08573736441264712 1121.0 0.0
0.08608354488806831 1121.0 0.0
0.08631433187168244 1155.0 0.0
0.0864297253634895 1156.0 0.0
0.08666051234710362 1154.0 0.0
0.08677590583891069 1121.0 0.0
0.08689129933071775 1121.0 0.0
0.08712208631433187 1154.0 0.0
0.08723747980613894 1121.0 0.0
0.08746826678975306 1121.0 0.0
0.08758366028156012 1121.0 0.0
0.08781444726517425 1121.0 0.0
0.0879298407569813 1121.0 0.0
0.08816062774059542 1121.0 0.0
0.08850680821601661 1121.0 0.0
0.0888529886914378 1121.0 0.0
0.08896838218324486 1138.5 0.0
0.08908377567505192 1121.0 0.0
0.08931456265866605 1121.0 0.0
0.08942995615047311 1121.0 0.0
0.09381490883914147 1158.0 0.0
0.09393030233094854 1158.0 0.0
0.09450726978998385 1158.0 0.0
0.09485345026540504 1158.0 0.0
0.0949688437572121 1158.0 0.0
0.09531502423263329 1158.0 0.0
0.09577659819986153 1158.0 0.0
0.09623817216708977 1158.0 0.0
0.09658435264251096 1122.0 0.0
0.09669974613431802 1122.0 0.0
0.09681513962612509 1140.0 0.0
0.09693053311793215 1140.0 0.0
0.09704592660973921 1140.0 0.0
0.09716132010154627 1158.0 0.0
0.09727671359335334 1158.0 0.0
0.0973921070851604 1158.0 0.0
0.09750750057696746 1122.0 0.0
0.09762289406877452 1140.0 0.0
0.09773828756058159 1122.0 0.0
0.09808446803600276 1122.0 0.0
0.09819986152780984 1120.5 0.0
0.0983152550196169 1122.0 0.0
0.09843064851142395 1122.0 0.0
0.09854604200323101 1122.0 0.0
0.09866143549503809 1120.5 0.0
0.09877682898684514 1120.5 0.0
0.0988922224786522 1120.5 0.0
0.09900761597045926 1119.0 0.0
0.09912300946226633 1119.0 0.0
0.0992384029540734 1119.0 0.0
0.09935379644588045 1119.0 0.0
0.09946918993768751 1119.0 0.0
0.09958458342949458 1119.0 0.0
0.09969997692130164 1119.0 0.0
0.10027694438033695 1148.0 0.0
0.10062312485575814 1158.0 0.0
0.10108469882298639 1148.0 0.0
0.1016616662820217 1148.0 0.0
0.10189245326563581 1148.0 0.0
0.10200784675744289 1148.0 0.0
0.102238633741057 1148.0 0.0
0.10281560120009231 1148.0 0.0
0.10293099469189938 1148.0 0.0
0.10350796215093469 1148.0 0.0
0.10362335564274175 1148.0 0.0
0.10373874913454881 1148.0 0.0
0.10385414262635588 1148.0 0.0
0.10789291483960305 1159.0 0.0
0.10858527579044541 1159.0 0.0
0.10927763674128779 1159.0 0.0
0.1098546042003231 1159.0 0.0
0.13062543272559426 1120.0 0.0
0.13466420493884146 1120.0 0.0
0.15439649203784905 1188.0 0.0
0.15451188552965614 1188.0 0.0
0.15497345949688437 1188.0 0.0
0.15508885298869143 1188.0 0.0
0.1552042464804985 1188.0 0.0
0.15531963997230555 1188.0 0.0
0.15543503346411264 1188.0 0.0
0.15566582044772675 1188.0 0.0
0.1557812139395338 1188.0 0.0
0.1564735748903762 1188.0 0.0
0.15693514885760443 1188.0 0.0
0.1576275098084468 1123.0 0.0
0.15797369028386798 1123.0 0.0
0.15808908377567504 1123.0 0.0
0.1594738056773598 1163.0 0.0
0.16108931456265865 1163.0 0.0
0.16166628202169397 1163.0 0.0
0.16178167551350103 1163.0 0.0
0.1618970690053081 1163.0 0.0
0.16201246249711515 1163.0 0.0
0.16212785598892224 1163.0 0.0
0.1622432494807293 1163.0 0.0
0.16235864297253635 1123.0 0.0
0.1624740364643434 1143.0 0.0
0.16258942995615047 1188.0 0.0
0.16270482344795753 1155.5 0.0
0.1628202169397646 1143.0 0.0
0.16293561043157165 1143.0 0.0
0.16305100392337873 1123.0 0.0
0.1631663974151858 1123.0 0.0
0.1637433648742211 1188.0 0.0
0.16385875836602815 1163.0 0.0
0.16397415185783523 1175.5 0.0
0.1640895453496423 1188.0 0.0
0.16420493884144935 1188.0 0.0
0.16443572582506347 1188.0 0.0
0.16570505423494114 1188.0 0.0
0.1658204477267482 1188.0 0.0
0.16593584121855529 1188.0 0.0
0.16639741518578352 1188.0 0.0
0.16651280867759058 1188.0 0.0
0.1667435956612047 1188.0 0.0
0.16685898915301178 1194.0 0.0
0.16697438264481884 1194.0 0.0
0.1670897761366259 1194.0 0.0
0.16743595661204708 1165.0 0.0
0.1676667435956612 1165.0 0.0
0.16778213708746828 1165.0 0.0
0.16789753057927534 1165.0 0.0
0.1680129240710824 1165.0 0.0
0.1707823678744519 1194.0 0.0
0.17147472882529424 1180.0 0.0
0.17159012231710133 1194.0 0.0
0.1777059773828756 1194.0 0.0
0.17782137087468267 1194.0 0.0
0.17897530579275328 1213.0 0.0
0.17909069928456034 1213.0 0.0
0.18070620816985922 1213.0 0.0
0.18082160166166628 1213.0 0.0
0.18093699515347333 1213.0 0.0
0.1810523886452804 1213.0 0.0
0.18151396261250866 1213.0 0.0
0.1828986845141934 1213.0 0.0
0.1834756519732287 1174.0 0.0
0.18359104546503577 1174.0 0.0
0.18370643895684283 1174.0 0.0
0.18382183244864989 1174.0 0.0
0.19282252480960074 1186.0 0.0
0.1929379183014078 1186.0 0.0
0.1938610662358643 1186.0 0.0
0.19489960766212786 1186.0 0.0
0.19536118162935612 1186.0 0.0
0.20274636510500807 1187.0 0.0
0.20286175859681513 1187.0 0.0
0.20297715208862221 1187.0 0.0
0.20309254558042927 1187.0 0.0
0.20366951303946457 1187.0 0.0
0.20378490653127163 1187.0 0.0
0.20643895684283406 1187.0 0.0
0.20678513731825526 1187.0 0.0
0.20690053081006232 1187.0 0.0
0.2224786522040157 1187.0 0.0
0.22259404569582275 1187.0 0.0
0.2227094391876298 1187.0 0.0
0.22282483267943687 1187.0 0.0
0.22294022617124395 1187.0 0.0
0.223055619663051 1187.0 0.0
0.22317101315485807 1187.0 0.0
0.22328640664666513 1187.0 0.0
0.2236325871220863 1187.0 0.0
0.2239787675975075 1187.0 0.0
0.22420955458112163 1187.0 0.0
0.2243249480729287 1187.0 0.0
0.22444034156473575 1187.0 0.0
0.2258250634664205 1187.0 0.0
0.22594045695822756 1187.0 0.0
0.2264020309254558 1187.0 0.0
0.22720978536810524 1187.0 0.0
0.2284791137779829 1187.0 0.0
0.22859450726978997 1201.5 0.0
0.22870990076159706 1216.0 0.0
0.22882529425340412 1187.0 0.0
0.2291714747288253 1187.0 0.0
0.22951765520424647 1187.0 0.0
0.2306715901223171 1216.0 0.0
0.23078698361412417 1216.0 0.0
0.2321717055158089 1242.0 0.0
0.23228709900761596 1242.0 0.0
0.23240249249942302 1242.0 0.0
0.2325178859912301 1242.0 0.0
0.23321024694207246 1242.0 0.0
0.23367182090930072 1242.0 0.0
0.23378721440110778 1242.0 0.0
0.23413339487652896 1242.0 0.0
0.2352873297945996 1242.0 0.0
0.2358642972536349 1242.0 0.0
0.23621047772905607 1187.0 0.0
0.239787675975075 1187.0 0.0
0.23990306946688206 1187.0 0.0
0.24001846295868912 1187.0 0.0
0.24128779136856682 1187.0 0.0
0.24671128548349874 1187.0 0.0
0.24705746595891992 1187.0 0.0
0.24786522040156936 1187.0 0.0
0.3229863835679668 1276.0 0.0
0.3249480729286868 1282.0 0.0
0.33429494576505886 1282.0 0.0
0.33671820909300715 1282.0 0.0
0.34121855527348255 1282.0 0.0
0.34456496653588736 1283.0 0.0
0.3533348719132241 1283.0 0.0
0.36406646665128084 1284.0 0.0
0.4307639049157628 1272.0 0.0
0.5478882990999308 1325.0 0.0
0.9786522040156935 1420.0 0.0
0.9990768520655435 1422.0 0.0
0.9993076390491576 1422.0 0.0
1.0 1422.0 0.0
