5883191
0.00011542012927054478 1792.90824099723 0.0
0.00023084025854108956 2716.789608177172 0.0
0.00034626038781163435 4660.077586206897 0.0
0.0004616805170821791 5394.865217391304 0.0
0.0005771006463527239 7192.210412147506 0.0
0.0006925207756232687 8525.621253405994 0.0
0.0008079409048938135 11013.391459074734 0.0
0.0009233610341643582 11615.12554112554 0.0
0.001038781163434903 11692.856382978724 0.0
0.0011542012927054479 13899.974522292994 0.0
0.0012696214219759926 14837.3537414966 0.0
0.0013850415512465374 14851.321167883212 0.0
0.0015004616805170822 17047.205607476637 0.0
0.001615881809787627 17347.5641025641 0.0
0.0017313019390581717 19431.08 0.0
0.0018467220683287165 16639.506024096387 0.0
0.0019621421975992612 20545.077922077922 0.0
0.002077562326869806 25058.20895522388 0.0
0.0021929824561403508 25210.616666666665 0.0
0.0023084025854108957 23855.828125 0.0
0.0024238227146814403 30502.897959183672 0.0
0.0025392428439519853 28332.266666666666 0.0
0.00265466297322253 33197.84782608696 0.0
0.002770083102493075 29637.608695652172 0.0
0.0028855032317636198 31303.85106382979 0.0
0.0030009233610341643 36098.413043478264 0.0
0.0031163434903047093 32272.484848484848 0.0
0.003231763619575254 37094.171428571426 0.0
0.003347183748845799 36273.44117647059 0.0
0.0034626038781163434 39388.02857142857 0.0
0.0035780240073868884 43495.0 0.0
0.003693444136657433 36810.5 0.0
0.003808864265927978 39570.93548387097 0.0
0.0039242843951985225 45948.15789473684 0.0
0.004039704524469067 49777.73684210526 0.0
0.004155124653739612 47738.35 0.0
0.004270544783010157 47990.769230769234 0.0
0.0043859649122807015 67410.86956521739 0.0
0.004501385041551247 48454.333333333336 0.0
0.0046168051708217915 43792.4 0.0
0.004732225300092336 57988.10526315789 0.0
0.004847645429362881 50053.64705882353 0.0
0.004963065558633426 49521.833333333336 0.0
0.0050784856879039705 55364.705882352944 0.0
0.005193905817174515 48010.333333333336 0.0
0.00530932594644506 55233.083333333336 0.0
0.005424746075715605 57506.857142857145 0.0
0.00554016620498615 55006.357142857145 0.0
0.005655586334256694 65046.25 0.0
0.0057710064635272396 50137.38461538462 0.0
0.005886426592797784 67052.4 0.0
0.006001846722068329 70882.16666666667 0.0
0.006117266851338873 74607.41176470589 0.0
0.006232686980609419 58871.769230769234 0.0
0.006348107109879963 65313.5 0.0
0.006463527239150508 68727.1 0.0
0.006578947368421052 65452.53846153846 0.0
0.006694367497691598 74161.44444444444 0.0
0.006809787626962142 63287.07692307692 0.0
0.006925207756232687 82771.0 0.0
0.007040627885503232 61073.4 0.0
0.007156048014773777 81862.42857142857 0.0
0.007271468144044321 89701.0 0.0
0.007386888273314866 96254.84615384616 0.0
0.007502308402585411 101207.4 0.0
0.007617728531855956 93091.8 0.0
0.0077331486611265 73720.66666666667 0.0
0.007848568790397045 67842.0 0.0
0.00796398891966759 68513.41666666667 0.0
0.008079409048938134 64581.181818181816 0.0
0.00819482917820868 82096.86666666667 0.0
0.008310249307479225 95681.28571428571 0.0
0.008425669436749769 69477.09090909091 0.0
0.008541089566020314 70804.9 0.0
0.00865650969529086 93103.18181818182 0.0
0.008771929824561403 106628.0 0.0
0.008887349953831948 98317.875 0.0
0.009002770083102494 91040.1 0.0
0.009118190212373038 88867.55555555556 0.0
0.009233610341643583 98351.125 0.0
0.009349030470914127 99878.36363636363 0.0
0.009464450600184672 94835.22222222222 0.0
0.009579870729455217 92533.90909090909 0.0
0.009695290858725761 96879.78571428571 0.0
0.009810710987996307 107737.0 0.0
0.009926131117266852 111367.2 0.0
0.010041551246537396 112881.41666666667 0.0
0.010156971375807941 110248.75 0.0
0.010272391505078486 84532.6 0.0
0.01038781163434903 107619.81818181818 0.0
0.010503231763619576 108347.8 0.0
0.01061865189289012 107588.875 0.0
0.010734072022160665 112654.75 0.0
0.01084949215143121 105705.28571428571 0.0
0.010964912280701754 111077.25 0.0
0.0110803324099723 102732.66666666667 0.0
0.011195752539242845 119326.375 0.0
0.011311172668513388 119673.4 0.0
0.011426592797783934 105969.33333333333 0.0
0.011542012927054479 107582.16666666667 0.0
0.011657433056325023 97800.6 0.0
0.011772853185595568 120411.28571428571 0.0
0.011888273314866112 113477.75 0.0
0.012003693444136657 82939.33333333333 0.0
0.012119113573407203 108577.0 0.0
0.012234533702677746 91821.75 0.0
0.012349953831948292 106838.0 0.0
0.012465373961218837 144930.0 0.0
0.012580794090489381 120794.8 0.0
0.012696214219759926 105984.0 0.0
0.012811634349030472 138380.25 0.0
0.012927054478301015 132727.5 0.0
0.01304247460757156 145331.5 0.0
0.013157894736842105 134920.0 0.0
0.01327331486611265 128021.5 0.0
0.013388734995383195 172342.6 0.0
0.013504155124653739 159961.75 0.0
0.013619575253924284 130680.33333333333 0.0
0.01373499538319483 124583.5 0.0
0.013850415512465374 153974.25 0.0
0.013965835641735919 180282.75 0.0
0.014081255771006464 152856.2 0.0
0.014196675900277008 136607.6 0.0
0.014312096029547553 140836.0 0.0
0.014427516158818097 141729.4 0.0
0.014542936288088643 113475.6 0.0
0.014658356417359188 165830.66666666666 0.0
0.014773776546629732 125143.6 0.0
0.014889196675900277 150723.0 0.0
0.015004616805170823 130192.0 0.0
0.015120036934441366 131062.5 0.0
0.015235457063711912 131427.75 0.0
0.015350877192982455 109183.0 0.0
0.015466297322253 132184.6 0.0
0.015581717451523546 143430.0 0.0
0.01569713758079409 162631.66666666666 0.0
0.015812557710064637 177297.0 0.0
0.01592797783933518 162035.0 0.0
0.016043397968605724 116849.0 0.0
0.016158818097876268 143695.6 0.0
0.016274238227146815 140909.0 0.0
0.01638965835641736 113419.5 0.0
0.016505078485687903 154177.5 0.0
0.01662049861495845 149369.0 0.0
0.016735918744228993 156226.4 0.0
0.016851338873499537 139920.0 0.0
0.016966759002770084 144803.0 0.0
0.017082179132040628 204028.0 0.0
0.01719759926131117 119527.0 0.0
0.01731301939058172 167931.33333333334 0.0
0.017428439519852262 219964.0 0.0
0.017543859649122806 173983.0 0.0
0.017659279778393353 136469.0 0.0
0.017774699907663897 127049.0 0.0
0.01789012003693444 179449.0 0.0
0.018005540166204988 200683.5 0.0
0.01812096029547553 194132.0 0.0
0.018236380424746075 226589.5 0.0
0.018351800554016622 195971.0 0.0
0.018467220683287166 172909.25 0.0
0.01858264081255771 173479.0 0.0
0.018698060941828253 151031.66666666666 0.0
0.018928901200369344 127241.5 0.0
0.019044321329639888 197302.0 0.0
0.019159741458910435 130841.33333333333 0.0
0.01927516158818098 155328.33333333334 0.0
0.019390581717451522 213103.6 0.0
0.01950600184672207 178873.0 0.0
0.019621421975992613 179205.25 0.0
0.019736842105263157 180397.6 0.0
0.019852262234533704 155136.8 0.0
0.019967682363804248 184239.6 0.0
0.02008310249307479 177609.4 0.0
0.02019852262234534 199997.0 0.0
0.020313942751615882 222261.33333333334 0.0
0.020429362880886426 178905.33333333334 0.0
0.020544783010156973 215880.66666666666 0.0
0.020660203139427517 200706.625 0.0
0.02077562326869806 178091.33333333334 0.0
0.020891043397968604 200502.6 0.0
0.02100646352723915 236628.0 0.0
0.021121883656509695 238068.75 0.0
0.02123730378578024 253462.0 0.0
0.021352723915050786 199131.5 0.0
0.02146814404432133 212888.0 0.0
0.021583564173591873 240028.25 0.0
0.02169898430286242 218737.75 0.0
0.021814404432132964 208700.8 0.0
0.021929824561403508 196941.0 0.0
0.022045244690674055 190384.0 0.0
0.0221606648199446 222414.25 0.0
0.02239150507848569 243910.0 0.0
0.022506925207756233 243915.0 0.0
0.023084025854108958 285218.0 0.0
0.023199445983379502 240378.5 0.0
0.023314866112650046 237100.0 0.0
0.02343028624192059 237404.0 0.0
0.023545706371191136 193015.5 0.0
0.02366112650046168 241307.0 0.0
0.023776546629732224 242041.0 0.0
0.02389196675900277 291244.0 0.0
0.02412280701754386 212944.0 0.0
0.024238227146814405 266616.6666666667 0.0
0.02435364727608495 272317.25 0.0
0.024469067405355493 281227.5 0.0
0.02458448753462604 299802.3333333333 0.0
0.024699907663896584 263695.6 0.0
0.024815327793167127 275416.2 0.0
0.024930747922437674 226281.66666666666 0.0
0.025046168051708218 114233.0 0.0
0.025161588180978762 293119.0 0.0
0.02527700831024931 275337.0 0.0
0.025507848568790396 248921.0 0.0
0.025623268698060944 206623.0 0.0
0.025738688827331487 333578.0 0.0
0.025969529085872575 207637.5 0.0
0.026200369344413665 250652.0 0.0
0.02631578947368421 246715.5 0.0
0.026431209602954756 335130.0 0.0
0.026662049861495844 349325.0 0.0
0.027123730378578025 336694.0 0.0
0.02723915050784857 222823.0 0.0
0.02746999076638966 297434.5 0.0
0.027700831024930747 395582.0 0.0
0.027816251154201294 280199.3333333333 0.0
0.027931671283471838 238251.0 0.0
0.02804709141274238 222770.0 0.0
0.02816251154201293 600047.0 0.0
0.028277931671283472 224659.0 0.0
0.028393351800554016 224867.0 0.0
0.028624192059095107 210962.0 0.0
0.02873961218836565 123441.0 0.0
0.028855032317636194 269886.0 0.0
0.02897045244690674 234787.0 0.0
0.029085872576177285 198613.0 0.0
0.02920129270544783 123933.0 0.0
0.02943213296398892 167655.5 0.0
0.02966297322253001 251334.0 0.0
0.029778393351800554 309157.0 0.0
0.029893813481071098 211492.0 0.0
0.030009233610341645 252199.0 0.0
0.030240073868882732 243613.0 0.0
0.03035549399815328 243924.0 0.0
0.030470914127423823 259434.5 0.0
0.030586334256694367 259730.0 0.0
0.03070175438596491 289012.0 0.0
0.030817174515235458 245459.0 0.0
0.030932594644506 230644.0 0.0
0.03150969529085872 234190.0 0.0
0.031625115420129274 234273.0 0.0
0.03174053554939982 255162.0 0.0
0.03185595567867036 294430.0 0.0
0.031971375807940905 294454.0 0.0
0.03208679593721145 245579.5 0.0
0.03220221606648199 261882.25 0.0
0.032317636195752536 304710.75 0.0
0.03243305632502309 257911.0 0.0
0.032663896583564174 258651.0 0.0
0.03277931671283472 258743.0 0.0
0.03289473684210526 263778.0 0.0
0.033010156971375805 296945.5 0.0
0.033125577100646356 329169.0 0.0
0.0332409972299169 264905.0 0.0
0.03335641735918744 329830.0 0.0
0.03347183748845799 212140.0 0.0
0.033702677746999074 306907.0 0.0
0.033818097876269625 363754.0 0.0
0.03393351800554017 338988.3333333333 0.0
0.03404893813481071 420899.0 0.0
0.034164358264081256 298266.0 0.0
0.0342797783933518 285516.0 0.0
0.03451061865189289 287870.5 0.0
0.03462603878116344 286087.0 0.0
0.03474145891043398 286507.0 0.0
0.034856879039704525 286577.0 0.0
0.035318559556786706 287298.0 0.0
0.03543397968605725 292940.0 0.0
0.035549399815327794 293085.0 0.0
0.03566481994459834 328682.0 0.0
0.03578024007386888 328818.0 0.0
0.035895660203139425 329725.0 0.0
0.036011080332409975 317356.0 0.0
0.03624192059095106 298313.0 0.0
0.036357340720221606 298842.0 0.0
0.03647276084949215 299335.0 0.0
0.03785780240073869 303348.0 0.0
0.03935826408125577 330891.0 0.0
0.03981994459833795 280555.0 0.0
0.039935364727608495 280723.0 0.0
0.040281625115420126 335109.0 0.0
0.040974145891043395 366261.0 0.0
0.041089566020313946 312688.5 0.0
0.04120498614958449 370083.0 0.0
0.04132040627885503 370105.0 0.0
0.04155124653739612 310459.0 0.0
0.041666666666666664 374477.0 0.0
0.04178208679593721 485918.0 0.0
0.04189750692520776 486208.0 0.0
0.042128347183748846 392158.5 0.0
0.04224376731301939 392428.0 0.0
0.04235918744228993 480338.0 0.0
0.04270544783010157 310091.0 0.0
0.042820867959372115 310283.0 0.0
0.04293628808864266 310794.0 0.0
0.0430517082179132 311120.0 0.0
0.043167128347183746 311150.0 0.0
0.0432825484764543 311160.0 0.0
0.04420590951061865 311609.0 0.0
0.044552169898430284 370858.0 0.0
0.04466759002770083 316630.0 0.0
0.04478301015697138 363602.6666666667 0.0
0.04489843028624192 336269.5 0.0
0.04524469067405355 358471.0 0.0
0.04813019390581717 520268.0 0.0
0.04824561403508772 378258.0 0.0
0.04836103416435827 520319.0 0.0
0.05090027700831025 386200.0 0.0
0.051477377654662974 522543.0 0.0
0.05193905817174515 499824.0 0.0
0.0520544783010157 457523.0 0.0
0.05216989843028624 457534.0 0.0
0.05228531855955679 391061.0 0.0
0.05240073868882733 391354.0 0.0
0.052516158818097874 391801.0 0.0
0.052977839335180056 459633.0 0.0
0.0541320406278855 482169.0 0.0
0.05424746075715605 482257.0 0.0
0.05447830101569714 505068.0 0.0
0.05459372114496768 505085.0 0.0
0.05563250230840259 394481.0 0.0
0.05574792243767313 432371.0 0.0
0.055863342566943676 394790.0 0.0
0.05597876269621422 470054.0 0.0
0.05620960295475531 515469.0 0.0
0.056555863342566945 395619.0 0.0
0.05678670360110803 395764.0 0.0
0.057248384118190214 516462.0 0.0
0.05794090489381348 495064.0 0.0
0.05805632502308403 459906.0 0.0
0.058287165281625114 460057.0 0.0
0.05932594644506002 461253.0 0.0
0.059441366574330565 461515.0 0.0
0.05955678670360111 461666.0 0.0
0.06336565096952909 638750.0 0.0
0.06348107109879964 537418.0 0.0
0.06405817174515235 640892.0 0.0
0.0641735918744229 641028.0 0.0
0.06844413665743306 534646.0 0.0
0.0708679593721145 582800.0 0.0
0.07098337950138504 558179.0 0.0
0.078601108033241 578510.0 0.0
0.07871652816251154 578676.0 0.0
0.07929362880886427 593629.0 0.0
0.07952446906740536 629246.0 0.0
0.0796398891966759 629261.0 0.0
0.07987072945521699 737965.0 0.0
0.07998614958448753 738284.0 0.0
0.08067867036011081 742360.0 0.0
0.08079409048938135 742571.0 0.0
0.08148661126500462 631871.0 0.0
0.08217913204062789 724112.0 0.0
0.0865650969529086 720523.5 0.0
0.08668051708217914 660110.0 0.0
0.08771929824561403 655959.0 0.0
0.09637580794090489 769894.0 0.0
0.09776084949215143 778343.0 0.0
0.09960757156048015 781766.0 0.0
0.09983841181902124 846039.0 0.0
0.10295475530932595 763777.0 0.0
0.1038781163434903 791032.0 0.0
0.10399353647276086 818126.0 0.0
0.10560941828254848 865162.0 0.0
0.10941828254847645 916392.0 0.0
0.1128808864265928 958170.0 0.0
0.11472760849492152 1262321.0 0.0
0.11703601108033242 973571.0 0.0
0.12142197599261312 1278820.0 0.0
0.1363111726685134 1000937.0 0.0
0.15062326869806095 1147484.0 0.0
0.1922899353647276 1671644.0 0.0
0.21456602031394276 1932850.0 0.0
0.21849030470914127 1653195.0 0.0
0.22403047091412742 1520332.0 0.0
0.3429132040627885 2528903.0 0.0
0.43859649122807015 3074167.0 0.0
0.5614035087719298 3671125.0 0.0
1.0 5883191.0 0.0
