9982
0.00011542012927054478 909.4627192982456 0.0
0.00023084025854108956 1411.6464891041162 0.0
0.00034626038781163435 1930.37618147448 0.0
0.0004616805170821791 2176.064275037369 0.0
0.0005771006463527239 2471.4875846501127 0.0
0.0006925207756232687 2653.258258258258 0.0
0.0008079409048938135 2905.594017094017 0.0
0.0009233610341643582 3012.1162790697676 0.0
0.001038781163434903 3169.2258064516127 0.0
0.0011542012927054479 3275.7712418300653 0.0
0.0012696214219759926 3299.1655172413793 0.0
0.0013850415512465374 3459.35 0.0
0.0015004616805170822 3583.034782608696 0.0
0.001615881809787627 3649.9423076923076 0.0
0.0017313019390581717 3708.3137254901962 0.0
0.0018467220683287165 3757.2926829268295 0.0
0.0019621421975992612 3965.6027397260273 0.0
0.002077562326869806 4074.5 0.0
0.0021929824561403508 4142.714285714285 0.0
0.0023084025854108957 4154.491803278688 0.0
0.0024238227146814403 4119.42 0.0
0.0025392428439519853 4408.093023255814 0.0
0.00265466297322253 4254.9607843137255 0.0
0.002770083102493075 4240.4047619047615 0.0
0.0028855032317636198 4330.609756097561 0.0
0.0030009233610341643 4286.977272727273 0.0
0.0031163434903047093 4399.4838709677415 0.0
0.003231763619575254 4416.571428571428 0.0
0.003347183748845799 4515.53488372093 0.0
0.0034626038781163434 4501.714285714285 0.0
0.0035780240073868884 4447.210526315789 0.0
0.003693444136657433 4482.777777777777 0.0
0.003808864265927978 4302.416666666667 0.0
0.0039242843951985225 4504.590909090909 0.0
0.004039704524469067 4552.125 0.0
0.004155124653739612 4720.454545454545 0.0
0.004270544783010157 4724.222222222223 0.0
0.0043859649122807015 4652.222222222223 0.0
0.004501385041551247 4655.611111111111 0.0
0.0046168051708217915 4875.894736842105 0.0
0.004732225300092336 4793.6875 0.0
0.004847645429362881 4751.4 0.0
0.004963065558633426 4708.0 0.0
0.0050784856879039705 4712.461538461538 0.0
0.005193905817174515 4704.0 0.0
0.00530932594644506 4866.928571428572 0.0
0.005424746075715605 4835.625 0.0
0.00554016620498615 4800.357142857143 0.0
0.005655586334256694 4754.555555555556 0.0
0.0057710064635272396 4852.555555555556 0.0
0.005886426592797784 4722.0 0.0
0.006001846722068329 4914.7692307692305 0.0
0.006117266851338873 4915.909090909091 0.0
0.006232686980609419 4974.181818181818 0.0
0.006348107109879963 4879.375 0.0
0.006463527239150508 4877.111111111111 0.0
0.006578947368421052 4827.666666666667 0.0
0.006694367497691598 4921.5 0.0
0.006809787626962142 4858.0 0.0
0.006925207756232687 4919.142857142857 0.0
0.007040627885503232 4972.0 0.0
0.007156048014773777 4910.363636363636 0.0
0.007271468144044321 4948.888888888889 0.0
0.007386888273314866 4988.555555555556 0.0
0.007502308402585411 5172.833333333333 0.0
0.007617728531855956 5182.0 0.0
0.0077331486611265 5216.0 0.0
0.007848568790397045 5249.25 0.0
0.00796398891966759 5239.0 0.0
0.008079409048938134 5185.4 0.0
0.00819482917820868 5298.0 0.0
0.008310249307479225 5381.25 0.0
0.008425669436749769 5226.6 0.0
0.008541089566020314 5343.777777777777 0.0
0.00865650969529086 4965.0 0.0
0.008771929824561403 5195.0 0.0
0.008887349953831948 5181.5 0.0
0.009002770083102494 5314.7 0.0
0.009118190212373038 5270.833333333333 0.0
0.009233610341643583 5201.166666666667 0.0
0.009349030470914127 5217.142857142857 0.0
0.009464450600184672 5295.777777777777 0.0
0.009579870729455217 5335.5 0.0
0.009695290858725761 5307.625 0.0
0.009810710987996307 5298.6 0.0
0.009926131117266852 5220.142857142857 0.0
0.010041551246537396 5410.2 0.0
0.010156971375807941 5052.777777777777 0.0
0.010272391505078486 4972.666666666667 0.0
0.01038781163434903 5077.166666666667 0.0
0.010503231763619576 5338.428571428572 0.0
0.01061865189289012 5434.6 0.0
0.010734072022160665 5360.166666666667 0.0
0.01084949215143121 5086.25 0.0
0.010964912280701754 5445.0 0.0
0.0110803324099723 5316.666666666667 0.0
0.011195752539242845 5549.5 0.0
0.011311172668513388 5380.857142857143 0.0
0.011426592797783934 5526.75 0.0
0.011542012927054479 5454.333333333333 0.0
0.011657433056325023 5504.0 0.0
0.011772853185595568 5449.5 0.0
0.011888273314866112 5441.714285714285 0.0
0.012003693444136657 5405.333333333333 0.0
0.012119113573407203 5398.25 0.0
0.012234533702677746 5657.75 0.0
0.012349953831948292 5660.0 0.0
0.012465373961218837 5614.8 0.0
0.012580794090489381 5832.0 0.0
0.012696214219759926 5331.0 0.0
0.012811634349030472 5544.333333333333 0.0
0.012927054478301015 5754.0 0.0
0.01304247460757156 5695.5 0.0
0.013157894736842105 5669.0 0.0
0.01327331486611265 5683.0 0.0
0.013388734995383195 5535.5 0.0
0.013504155124653739 5728.6 0.0
0.013619575253924284 5605.0 0.0
0.01373499538319483 5877.5 0.0
0.013850415512465374 5511.5 0.0
0.013965835641735919 5555.333333333333 0.0
0.014081255771006464 5642.75 0.0
0.014196675900277008 5787.0 0.0
0.014312096029547553 5591.4 0.0
0.014427516158818097 5484.0 0.0
0.014542936288088643 5229.5 0.0
0.014658356417359188 5305.666666666667 0.0
0.014773776546629732 5053.0 0.0
0.014889196675900277 5386.666666666667 0.0
0.015004616805170823 5892.5 0.0
0.015120036934441366 5794.666666666667 0.0
0.015235457063711912 5805.666666666667 0.0
0.015350877192982455 6387.0 0.0
0.015581717451523546 5664.0 0.0
0.01569713758079409 5889.0 0.0
0.015812557710064637 5120.0 0.0
0.01592797783933518 5706.666666666667 0.0
0.016043397968605724 5603.25 0.0
0.016158818097876268 5395.25 0.0
0.016274238227146815 5392.6 0.0
0.01638965835641736 5291.0 0.0
0.016505078485687903 5964.666666666667 0.0
0.01662049861495845 5655.166666666667 0.0
0.016735918744228993 5613.666666666667 0.0
0.016851338873499537 5903.0 0.0
0.016966759002770084 5454.5 0.0
0.017082179132040628 5421.0 0.0
0.01719759926131117 5776.5 0.0
0.01731301939058172 5535.666666666667 0.0
0.017428439519852262 5669.0 0.0
0.017543859649122806 5646.333333333333 0.0
0.017659279778393353 5824.25 0.0
0.017774699907663897 5494.0 0.0
0.01789012003693444 5727.0 0.0
0.018005540166204988 5921.0 0.0
0.01812096029547553 5695.666666666667 0.0
0.018236380424746075 5730.5 0.0
0.018351800554016622 5724.75 0.0
0.018467220683287166 6200.0 0.0
0.018698060941828253 5503.5 0.0
0.0188134810710988 5505.25 0.0
0.018928901200369344 5603.333333333333 0.0
0.019044321329639888 5666.333333333333 0.0
0.019159741458910435 5114.0 0.0
0.01927516158818098 5353.0 0.0
0.019390581717451522 5066.0 0.0
0.01950600184672207 5899.333333333333 0.0
0.019621421975992613 5558.0 0.0
0.019736842105263157 5564.5 0.0
0.019852262234533704 5441.0 0.0
0.019967682363804248 5906.0 0.0
0.02008310249307479 5746.5 0.0
0.02019852262234534 5885.666666666667 0.0
0.020313942751615882 5723.5 0.0
0.020429362880886426 5766.0 0.0
0.020544783010156973 5888.0 0.0
0.020660203139427517 5489.0 0.0
0.02077562326869806 5507.0 0.0
0.020891043397968604 5872.666666666667 0.0
0.02100646352723915 5509.0 0.0
0.021121883656509695 5510.0 0.0
0.02123730378578024 5511.0 0.0
0.021352723915050786 5481.0 0.0
0.02146814404432133 5481.0 0.0
0.021583564173591873 5703.0 0.0
0.02169898430286242 5920.666666666667 0.0
0.021814404432132964 5530.0 0.0
0.021929824561403508 5686.0 0.0
0.022045244690674055 5682.333333333333 0.0
0.0221606648199446 5696.0 0.0
0.022276084949215142 5520.0 0.0
0.02239150507848569 6022.333333333333 0.0
0.022506925207756233 5385.0 0.0
0.022622345337026777 5766.0 0.0
0.022737765466297324 5940.666666666667 0.0
0.022853185595567867 5754.75 0.0
0.02296860572483841 5967.5 0.0
0.023084025854108958 5906.0 0.0
0.023199445983379502 5923.0 0.0
0.023314866112650046 6247.0 0.0
0.02343028624192059 6247.0 0.0
0.023545706371191136 6125.0 0.0
0.02366112650046168 5801.0 0.0
0.023776546629732224 5563.5 0.0
0.02389196675900277 5959.25 0.0
0.024007386888273315 6146.0 0.0
0.02412280701754386 5897.75 0.0
0.024238227146814405 5851.5 0.0
0.02435364727608495 5951.5 0.0
0.024469067405355493 5904.0 0.0
0.02458448753462604 5581.666666666667 0.0
0.024699907663896584 5787.25 0.0
0.024815327793167127 5429.666666666667 0.0
0.024930747922437674 5331.0 0.0
0.025046168051708218 5634.0 0.0
0.025161588180978762 5798.666666666667 0.0
0.02527700831024931 5540.8 0.0
0.025392428439519853 5581.25 0.0
0.025507848568790396 5601.333333333333 0.0
0.025623268698060944 5730.5 0.0
0.025738688827331487 5640.0 0.0
0.02585410895660203 5133.0 0.0
0.02631578947368421 5458.0 0.0
0.026431209602954756 5535.0 0.0
0.0265466297322253 6258.0 0.0
0.026662049861495844 6259.0 0.0
0.026892890120036934 5908.5 0.0
0.027008310249307478 6054.25 0.0
0.027123730378578025 5916.333333333333 0.0
0.02723915050784857 5895.0 0.0
0.027354570637119113 6282.0 0.0
0.02746999076638966 5976.0 0.0
0.027585410895660203 6282.0 0.0
0.027700831024930747 5976.0 0.0
0.027816251154201294 5860.5 0.0
0.027931671283471838 6283.0 0.0
0.02804709141274238 6283.0 0.0
0.02816251154201293 6147.0 0.0
0.028277931671283472 5969.0 0.0
0.028393351800554016 6291.0 0.0
0.02850877192982456 5546.666666666667 0.0
0.028624192059095107 6369.0 0.0
0.02873961218836565 5357.0 0.0
0.028855032317636194 5482.25 0.0
0.02897045244690674 5729.0 0.0
0.029085872576177285 6271.0 0.0
0.02920129270544783 6196.666666666667 0.0
0.029316712834718376 6107.5 0.0
0.02943213296398892 5944.0 0.0
0.029547553093259463 6379.0 0.0
0.02966297322253001 6379.0 0.0
0.030009233610341645 6380.0 0.0
0.03012465373961219 5168.0 0.0
0.030240073868882732 6380.0 0.0
0.03035549399815328 5611.0 0.0
0.030586334256694367 5954.666666666667 0.0
0.03070175438596491 5742.0 0.0
0.030932594644506 6003.0 0.0
0.031163434903047092 6311.0 0.0
0.031278855032317636 6311.0 0.0
0.03139427516158818 6311.0 0.0
0.031625115420129274 6311.0 0.0
0.031971375807940905 6311.0 0.0
0.03208679593721145 6317.0 0.0
0.03220221606648199 6317.0 0.0
0.032317636195752536 6317.0 0.0
0.03243305632502309 6293.5 0.0
0.03277931671283472 6382.0 0.0
0.03289473684210526 6152.25 0.0
0.033125577100646356 6254.333333333333 0.0
0.0332409972299169 6382.0 0.0
0.03335641735918744 6190.5 0.0
0.03347183748845799 6222.0 0.0
0.03358725761772853 6222.0 0.0
0.033702677746999074 6383.0 0.0
0.033818097876269625 6061.0 0.0
0.03393351800554017 6293.0 0.0
0.03404893813481071 6177.5 0.0
0.034164358264081256 6293.0 0.0
0.0342797783933518 6178.0 0.0
0.03439519852262234 6063.0 0.0
0.03474145891043398 6063.0 0.0
0.03508771929824561 6063.0 0.0
0.035203139427516156 6063.0 0.0
0.03543397968605725 5637.0 0.0
0.035895660203139425 6015.0 0.0
0.036011080332409975 6019.0 0.0
0.03612650046168052 6390.0 0.0
0.03624192059095106 6390.0 0.0
0.036357340720221606 6390.0 0.0
0.036703601108033244 6215.0 0.0
0.03681902123730379 6391.0 0.0
0.03716528162511542 5795.0 0.0
0.03751154201292706 6222.0 0.0
0.0376269621421976 6091.5 0.0
0.037742382271468145 5961.0 0.0
0.03785780240073869 6223.0 0.0
0.038088642659279776 5965.0 0.0
0.038204062788550326 6094.5 0.0
0.03831948291782087 6204.0 0.0
0.038434903047091414 6444.0 0.0
0.03855032317636196 6445.0 0.0
0.0386657433056325 6333.0 0.0
0.038781163434903045 6184.5 0.0
0.038896583564173595 6445.0 0.0
0.03901200369344414 6445.0 0.0
0.03912742382271468 6333.0 0.0
0.039242843951985226 6185.5 0.0
0.03935826408125577 6333.0 0.0
0.039473684210526314 6333.0 0.0
0.03981994459833795 6334.0 0.0
0.04005078485687904 6099.0 0.0
0.04016620498614958 6401.0 0.0
0.040281625115420126 6367.5 0.0
0.04039704524469068 6367.5 0.0
0.04051246537396122 6220.0 0.0
0.040627885503231764 6039.0 0.0
0.04074330563250231 6220.0 0.0
0.04085872576177285 6164.0 0.0
0.040974145891043395 6220.0 0.0
0.041089566020313946 6220.5 0.0
0.04120498614958449 6402.0 0.0
0.04155124653739612 6403.0 0.0
0.041666666666666664 6403.0 0.0
0.04178208679593721 6367.5 0.0
0.04189750692520776 6367.0 0.0
0.0420129270544783 6389.5 0.0
0.04259002770083103 6116.0 0.0
0.042820867959372115 6241.5 0.0
0.04293628808864266 6286.5 0.0
0.0430517082179132 6544.0 0.0
0.0432825484764543 6548.0 0.0
0.04362880886426593 6116.0 0.0
0.043975069252077566 6116.0 0.0
0.04420590951061865 6120.0 0.0
0.0443213296398892 6224.0 0.0
0.04443674976915974 6328.0 0.0
0.04524469067405355 6122.0 0.0
0.0453601108033241 6123.0 0.0
0.04559095106186519 6124.0 0.0
0.04582179132040628 6125.0 0.0
0.046168051708217916 6125.0 0.0
0.04755309325946445 6278.0 0.0
0.047668513388735 6422.0 0.0
0.047899353647276086 6422.0 0.0
0.04801477377654663 6422.0 0.0
0.04813019390581717 6422.0 0.0
0.04836103416435827 6422.0 0.0
0.04847645429362881 6061.0 0.0
0.048591874422899355 6206.0 0.0
0.0487072945521699 6135.0 0.0
0.04882271468144044 6061.0 0.0
0.048938134810710986 6061.0 0.0
0.049284395198522624 6423.0 0.0
0.049630655586334255 6407.0 0.0
0.0497460757156048 6423.0 0.0
0.05043859649122807 6652.0 0.0
0.05055401662049862 6653.0 0.0
0.05066943674976916 6524.0 0.0
0.05090027700831025 6398.0 0.0
0.05101569713758079 6398.0 0.0
0.051131117266851336 6525.5 0.0
0.05124653739612189 6526.5 0.0
0.05136195752539243 6526.5 0.0
0.051477377654662974 6654.0 0.0
0.05159279778393352 6400.0 0.0
0.05193905817174515 6603.5 0.0
0.05216989843028624 6807.0 0.0
0.05228531855955679 6338.0 0.0
0.052977839335180056 6808.0 0.0
0.053208679593721143 6270.0 0.0
0.05332409972299169 6272.0 0.0
0.05343951985226224 6400.0 0.0
0.053670360110803325 6657.0 0.0
0.05378578024007387 6657.0 0.0
0.05390120036934441 6455.0 0.0
0.054016620498614956 6354.0 0.0
0.0541320406278855 6482.5 0.0
0.05424746075715605 6447.0 0.0
0.054362880886426594 6308.0 0.0
0.05447830101569714 6308.0 0.0
0.05459372114496768 6308.0 0.0
0.05482456140350877 6308.0 0.0
0.05505540166204986 6308.0 0.0
0.05517082179132041 6308.0 0.0
0.05574792243767313 6829.0 0.0
0.05609418282548476 6372.5 0.0
0.05632502308402586 6308.0 0.0
0.0564404432132964 6439.0 0.0
0.05736380424746076 6543.0 0.0
0.05771006463527239 6543.0 0.0
0.05782548476454294 6543.0 0.0
0.05794090489381348 6543.0 0.0
0.05805632502308403 6543.0 0.0
0.05817174515235457 6543.0 0.0
0.058287165281625114 6543.0 0.0
0.05886426592797784 6733.0 0.0
0.05897968605724838 6774.0 0.0
0.05932594644506002 6312.0 0.0
0.05955678670360111 6731.0 0.0
0.06001846722068329 6447.0 0.0
0.06071098799630656 6544.0 0.0
0.0608264081255771 6661.5 0.0
0.060941828254847646 6784.0 0.0
0.06128808864265928 6496.0 0.0
0.06151892890120037 6593.0 0.0
0.061634349030470915 7068.0 0.0
0.06174976915974146 6465.0 0.0
0.061865189289012 6911.0 0.0
0.06209602954755309 6468.0 0.0
0.06221144967682364 6788.0 0.0
0.062326869806094184 6788.0 0.0
0.06244228993536473 6788.0 0.0
0.06267313019390582 6470.0 0.0
0.06359649122807018 6489.0 0.0
0.06371191135734072 6489.0 0.0
0.06394275161588181 6489.0 0.0
0.06405817174515235 6490.0 0.0
0.0641735918744229 6490.0 0.0
0.06463527239150507 6490.0 0.0
0.06694367497691597 6833.0 0.0
0.06821329639889197 6504.0 0.0
0.06879039704524469 6833.0 0.0
0.06925207756232687 6505.0 0.0
0.06936749769159742 6505.0 0.0
0.07006001846722068 6833.0 0.0
0.07017543859649122 6833.0 0.0
0.07040627885503231 6833.0 0.0
0.07052169898430287 6833.0 0.0
0.07063711911357341 6833.0 0.0
0.0708679593721145 6861.0 0.0
0.07132963988919667 6939.0 0.0
0.07144506001846722 6939.0 0.0
0.07156048014773776 6939.0 0.0
0.0716759002770083 6939.0 0.0
0.07179132040627885 6939.0 0.0
0.07225300092336104 6939.0 0.0
0.07236842105263158 6939.0 0.0
0.07271468144044321 6900.5 0.0
0.07283010156971376 6940.0 0.0
0.0729455216989843 6863.0 0.0
0.07306094182825484 6863.0 0.0
0.07375346260387812 6864.0 0.0
0.07386888273314866 6864.0 0.0
0.07606186518928901 6941.0 0.0
0.07617728531855955 6943.0 0.0
0.0762927054478301 6903.5 0.0
0.07640812557710065 6864.0 0.0
0.0765235457063712 6943.0 0.0
0.07663896583564174 6943.0 0.0
0.07675438596491228 6903.5 0.0
0.07686980609418283 6903.5 0.0
0.07698522622345337 6948.0 0.0
0.07744690674053555 6230.0 0.0
0.07767774699907663 6230.0 0.0
0.07790858725761773 6230.0 0.0
0.07998614958448753 6868.0 0.0
0.08010156971375808 7129.5 0.0
0.08021698984302862 6869.0 0.0
0.08044783010156971 6889.0 0.0
0.08067867036011081 6889.0 0.0
0.08079409048938135 6889.0 0.0
0.08114035087719298 6889.0 0.0
0.08160203139427516 6891.0 0.0
0.0817174515235457 6891.0 0.0
0.08194829178208679 6891.0 0.0
0.08275623268698061 6891.0 0.0
0.08287165281625115 6891.0 0.0
0.08702677746999077 7067.0 0.0
0.08748845798707294 7067.0 0.0
0.08760387811634349 7067.0 0.0
0.08771929824561403 7067.0 0.0
0.08795013850415513 7057.0 0.0
0.08818097876269622 7057.0 0.0
0.08829639889196676 7057.0 0.0
0.08956602031394276 7059.0 0.0
0.0896814404432133 7059.0 0.0
0.08979686057248384 7059.0 0.0
0.09002770083102493 7059.0 0.0
0.09014312096029548 7059.0 0.0
0.09349030470914127 7064.0 0.0
0.09372114496768236 6947.0 0.0
0.09683748845798708 6947.0 0.0
0.09706832871652817 7110.0 0.0
0.09753000923361034 7110.0 0.0
0.09764542936288088 7087.5 0.0
0.09776084949215143 7065.0 0.0
0.09787626962142197 7110.0 0.0
0.09799168975069251 7065.0 0.0
0.09810710987996306 7029.0 0.0
0.09822253000923362 6947.0 0.0
0.09856879039704525 6950.0 0.0
0.09868421052631579 7348.0 0.0
0.09903047091412742 7065.0 0.0
0.09914589104339797 7065.0 0.0
0.09926131117266851 7065.0 0.0
0.09937673130193905 7065.0 0.0
0.0994921514312096 7065.0 0.0
0.09983841181902124 7066.0 0.0
0.10607109879963066 7351.0 0.0
0.1061865189289012 7072.0 0.0
0.10630193905817174 7072.0 0.0
0.10641735918744229 7352.0 0.0
0.10653277931671283 7352.0 0.0
0.108264081255771 6344.0 0.0
0.10895660203139428 6344.0 0.0
0.11241920590951061 6345.0 0.0
0.11276546629732226 6345.0 0.0
0.1139196675900277 7368.0 0.0
0.11449676823638043 7368.0 0.0
0.11553554939981532 7374.0 0.0
0.11565096952908588 7374.0 0.0
0.11576638965835642 7374.0 0.0
0.11599722991689751 7374.0 0.0
0.1162280701754386 7374.0 0.0
0.11784395198522622 6348.0 0.0
0.11888273314866113 7375.0 0.0
0.12084487534626039 7385.0 0.0
0.12096029547553093 7385.0 0.0
0.12107571560480147 7385.0 0.0
0.12119113573407202 7385.0 0.0
0.12130655586334256 7385.0 0.0
0.1216528162511542 7385.0 0.0
0.12176823638042475 7385.0 0.0
0.12188365650969529 7385.0 0.0
0.12626962142197598 7154.0 0.0
0.12638504155124652 7155.0 0.0
0.1265004616805171 7155.0 0.0
0.12661588180978764 7155.0 0.0
0.12719298245614036 7284.0 0.0
0.127539242843952 7155.0 0.0
0.12765466297322253 7155.0 0.0
0.12788550323176362 7155.0 0.0
0.13100184672206833 7156.0 0.0
0.13111726685133887 7156.0 0.0
0.13227146814404434 7156.0 0.0
0.13238688827331488 7156.0 0.0
0.13250230840258542 7156.0 0.0
0.13319482917820868 7156.0 0.0
0.13331024930747923 7156.0 0.0
0.14623730378578023 7280.0 0.0
0.14635272391505078 7280.0 0.0
0.14646814404432132 7280.0 0.0
0.14658356417359186 7280.0 0.0
0.1466989843028624 7280.0 0.0
0.14681440443213298 7280.0 0.0
0.1490073868882733 7289.0 0.0
0.14912280701754385 7289.0 0.0
0.15143120960295475 7290.0 0.0
0.16632040627885503 7561.0 0.0
0.16643582640812557 7561.0 0.0
0.1665512465373961 7574.0 0.0
0.16666666666666666 7574.0 0.0
0.1667820867959372 7574.0 0.0
0.16735918744228995 7574.0 0.0
0.1674746075715605 7574.0 0.0
0.17128347183748846 7574.0 0.0
0.17336103416435827 7574.0 0.0
0.17359187442289936 7574.0 0.0
0.1737072945521699 7574.0 0.0
0.17382271468144045 7574.0 0.0
0.173938134810711 7574.0 0.0
0.17405355493998154 7574.0 0.0
0.17428439519852262 7574.0 0.0
0.17439981532779317 7574.0 0.0
0.1745152354570637 7574.0 0.0
0.17497691597414589 7574.0 0.0
0.17509233610341643 7574.0 0.0
0.17520775623268697 7574.0 0.0
0.17532317636195752 7574.0 0.0
0.2107571560480148 7630.0 0.0
0.21179593721144968 7633.0 0.0
0.22172206832871652 7644.0 0.0
0.22530009233610343 7927.0 0.0
0.22541551246537397 7927.0 0.0
0.22553093259464452 7966.0 0.0
0.2259926131117267 7966.0 0.0
0.22968605724838412 7970.0 0.0
0.22980147737765466 7970.0 0.0
0.23037857802400738 7970.0 0.0
0.28462603878116344 8111.0 0.0
0.2849722991689751 8111.0 0.0
0.2850877192982456 8111.0 0.0
0.28543397968605727 8111.0 0.0
0.28566481994459836 8111.0 0.0
0.2857802400738689 8111.0 0.0
0.28601108033240996 8111.0 0.0
0.2868190212373038 8128.0 0.0
0.2869344413665743 8128.0 0.0
0.2871652816251154 8128.0 0.0
0.28728070175438597 8128.0 0.0
0.2902816251154201 8129.0 0.0
0.2905124653739612 8129.0 0.0
0.29062788550323176 8134.0 0.0
0.2918975069252078 8145.0 0.0
0.2920129270544783 8145.0 0.0
0.5137349953831948 8778.0 0.0
0.5177746999076639 8779.0 0.0
0.5304709141274239 8823.0 0.0
0.6483148661126501 8967.0 0.0
0.6854801477377654 9048.0 0.0
0.8369113573407202 9244.0 0.0
0.8964681440443213 9319.0 0.0
0.9030470914127424 9320.0 0.0
0.919898430286242 9332.0 0.0
1.0 9982.0 0.0
