5112
0.00011542012927054478 602.7046398891966 85.49307479224376
0.00023084025854108956 926.4859855334539 165.49728752260398
0.00034626038781163435 1310.6485473289597 246.56982193064667
0.0004616805170821791 1574.7406832298136 278.73136645962734
0.0005771006463527239 1796.8656387665199 417.13436123348015
0.0006925207756232687 1918.2 400.5885714285714
0.0008079409048938135 2095.467924528302 679.2792452830189
0.0009233610341643582 2208.413636363636 807.1954545454546
0.001038781163434903 2378.0060240963853 666.2530120481928
0.0011542012927054479 2480.279220779221 896.8506493506494
0.0012696214219759926 2578.589552238806 1123.1044776119404
0.0013850415512465374 2663.78125 692.703125
0.0015004616805170822 2725.8407079646017 843.5398230088496
0.001615881809787627 2777.24 840.32
0.0017313019390581717 2892.0421052631577 1356.421052631579
0.0018467220683287165 3012.3246753246754 1039.077922077922
0.0019621421975992612 3013.4767441860463 1102.9651162790697
0.002077562326869806 3067.072463768116 1059.1304347826087
0.0021929824561403508 3145.1159420289855 1240.7391304347825
0.0023084025854108957 3062.0377358490564 1105.433962264151
0.0024238227146814403 3156.9375 1090.9375
0.0025392428439519853 3308.464285714286 1472.7142857142858
0.00265466297322253 3317.55737704918 1351.4262295081967
0.002770083102493075 3309.1666666666665 1108.125
0.0028855032317636198 3437.1190476190477 2033.6666666666667
0.0030009233610341643 3464.222222222222 2521.796296296296
0.0031163434903047093 3469.5476190476193 2634.3333333333335
0.003231763619575254 3492.232558139535 2616.9767441860463
0.003347183748845799 3616.9714285714285 2256.114285714286
0.0034626038781163434 3602.8 3071.0285714285715
0.0035780240073868884 3561.6296296296296 2007.1851851851852
0.003693444136657433 3562.6875 1721.125
0.003808864265927978 3711.46875 2228.21875
0.0039242843951985225 3667.909090909091 1757.8181818181818
0.004039704524469067 3700.185185185185 3207.925925925926
0.004155124653739612 3728.794117647059 1674.4117647058824
0.004270544783010157 3822.0967741935483 2429.451612903226
0.0043859649122807015 3800.0 3922.28
0.004501385041551247 3778.0333333333333 2078.0666666666666
0.0046168051708217915 3811.95 5610.8
0.004732225300092336 3813.2916666666665 3849.5416666666665
0.004847645429362881 3845.862068965517 3613.3793103448274
0.004963065558633426 3968.15 6806.05
0.0050784856879039705 3863.777777777778 2443.8888888888887
0.005193905817174515 3849.7 3372.15
0.00530932594644506 3816.764705882353 4937.0
0.005424746075715605 3947.9375 6753.0
0.00554016620498615 4012.7894736842104 5084.526315789473
0.005655586334256694 4018.5 6313.277777777777
0.0057710064635272396 3975.785714285714 5578.785714285715
0.005886426592797784 3975.3571428571427 3746.9285714285716
0.006001846722068329 4095.0666666666666 6919.466666666666
0.006117266851338873 4219.428571428572 3627.8571428571427
0.006232686980609419 4049.133333333333 6525.0
0.006348107109879963 4136.363636363636 3653.818181818182
0.006463527239150508 4098.777777777777 6045.555555555556
0.006578947368421052 4158.625 10749.375
0.006694367497691598 4126.058823529412 5158.882352941177
0.006809787626962142 4129.454545454545 4385.818181818182
0.006925207756232687 4178.916666666667 8282.333333333334
0.007040627885503232 4217.727272727273 4060.818181818182
0.007156048014773777 4267.727272727273 4522.454545454545
0.007271468144044321 4241.909090909091 4042.818181818182
0.007386888273314866 4315.222222222223 4679.666666666667
0.007502308402585411 4232.555555555556 3311.222222222222
0.007617728531855956 4385.833333333333 5952.166666666667
0.0077331486611265 4250.25 4581.75
0.007848568790397045 4290.0 4827.833333333333
0.00796398891966759 4277.0 4731.833333333333
0.008079409048938134 4269.6 4121.6
0.00819482917820868 4296.6 5452.0
0.008310249307479225 4358.166666666667 4556.333333333333
0.008425669436749769 4275.5 6208.0
0.008541089566020314 4377.4 11429.2
0.00865650969529086 4392.625 9403.5
0.008771929824561403 4327.333333333333 7235.666666666667
0.008887349953831948 4360.666666666667 8772.833333333334
0.009002770083102494 4424.0 8613.0
0.009118190212373038 4373.0 7323.0
0.009233610341643583 4368.0 6911.5
0.009349030470914127 4442.2 9293.8
0.009464450600184672 4419.5 11978.833333333334
0.009579870729455217 4388.428571428572 6727.571428571428
0.009695290858725761 4325.166666666667 6092.166666666667
0.009810710987996307 4410.333333333333 6792.0
0.009926131117266852 4266.6 4038.8
0.010041551246537396 4326.166666666667 4493.166666666667
0.010156971375807941 4370.636363636364 7882.818181818182
0.010272391505078486 4433.8 9820.0
0.01038781163434903 4418.142857142857 5488.714285714285
0.010503231763619576 4386.916666666667 6396.916666666667
0.01061865189289012 4520.4 9341.2
0.010734072022160665 4418.75 7599.375
0.01084949215143121 4364.666666666667 8693.833333333334
0.010964912280701754 4334.714285714285 5660.428571428572
0.0110803324099723 4470.111111111111 7906.888888888889
0.011195752539242845 4422.125 8493.5
0.011311172668513388 4470.125 7727.125
0.011426592797783934 4473.25 8854.25
0.011542012927054479 4461.0 6179.2
0.011657433056325023 4488.25 9022.0
0.011772853185595568 4502.333333333333 11140.833333333334
0.011888273314866112 4456.333333333333 7397.0
0.012003693444136657 4411.75 5320.5
0.012119113573407203 4407.666666666667 9368.333333333334
0.012234533702677746 4443.5 8925.333333333334
0.012349953831948292 4535.666666666667 9646.0
0.012465373961218837 4504.666666666667 6037.0
0.012580794090489381 4488.5 9321.0
0.012696214219759926 4567.0 8328.0
0.012811634349030472 4517.2 10317.0
0.012927054478301015 4492.166666666667 13787.166666666666
0.01304247460757156 4420.5 12464.0
0.013157894736842105 4435.666666666667 6193.0
0.01327331486611265 4519.2 12138.8
0.013388734995383195 4579.25 16453.25
0.013504155124653739 4518.5 6236.0
0.013619575253924284 4617.666666666667 14141.0
0.01373499538319483 4594.0 9129.5
0.013850415512465374 4578.333333333333 8322.666666666666
0.014081255771006464 4582.0 5379.0
0.014312096029547553 4534.0 4999.0
0.014427516158818097 4553.5 4720.0
0.014542936288088643 4687.0 16554.0
0.014658356417359188 4570.333333333333 6027.0
0.014773776546629732 4587.0 6528.0
0.014889196675900277 4542.166666666667 10998.333333333334
0.015004616805170823 4574.5 7383.0
0.015120036934441366 4571.666666666667 9323.333333333334
0.015235457063711912 4626.666666666667 11055.0
0.015350877192982455 4577.333333333333 8879.333333333334
0.015466297322253 4687.0 22659.5
0.015581717451523546 4631.6 16041.2
0.01569713758079409 4717.0 16595.0
0.015812557710064637 4740.0 25604.5
0.01592797783933518 4684.0 16186.0
0.016043397968605724 4695.0 14124.5
0.016158818097876268 4553.0 9822.6
0.016274238227146815 4463.5 6885.25
0.01638965835641736 4603.0 11221.0
0.016505078485687903 4578.5 10677.0
0.01662049861495845 4479.0 7949.666666666667
0.016735918744228993 4595.0 4631.0
0.016851338873499537 4532.6 7149.4
0.016966759002770084 4546.6 7125.0
0.017082179132040628 4627.5 9460.0
0.01719759926131117 4598.666666666667 9796.5
0.01731301939058172 4592.857142857143 10349.57142857143
0.017428439519852262 4602.0 11512.166666666666
0.017543859649122806 4570.333333333333 13839.666666666666
0.017659279778393353 4622.833333333333 12041.333333333334
0.017774699907663897 4594.2 12481.8
0.01789012003693444 4574.25 10631.75
0.018005540166204988 4658.8 13334.6
0.01812096029547553 4688.166666666667 17486.333333333332
0.018236380424746075 4599.666666666667 17421.666666666668
0.018351800554016622 4697.25 20515.5
0.018467220683287166 4588.75 15826.0
0.01858264081255771 4583.875 12259.25
0.018698060941828253 4576.5 9906.0
0.0188134810710988 4358.0 3382.0
0.018928901200369344 4554.0 10808.5
0.019044321329639888 4557.0 10931.0
0.019159741458910435 4417.5 6461.5
0.01927516158818098 4549.2 9272.8
0.019390581717451522 4528.0 10598.333333333334
0.01950600184672207 4511.5 9759.25
0.019621421975992613 4646.0 12586.0
0.019736842105263157 4597.75 9460.25
0.019852262234533704 4754.0 18501.0
0.019967682363804248 4616.333333333333 10478.0
0.02008310249307479 4693.5 15681.5
0.02019852262234534 4643.0 16461.5
0.020313942751615882 4675.333333333333 15054.0
0.020429362880886426 4630.0 11261.5
0.020544783010156973 4616.0 7774.0
0.020660203139427517 4688.0 11335.5
0.02077562326869806 4629.5 12867.0
0.020891043397968604 4642.0 10899.8
0.02100646352723915 4620.0 10497.333333333334
0.02123730378578024 4628.0 10658.666666666666
0.021352723915050786 4779.0 16681.0
0.02146814404432133 4720.0 15530.0
0.021583564173591873 4695.5 10858.5
0.02169898430286242 4576.333333333333 11417.666666666666
0.021814404432132964 4639.0 12917.5
0.021929824561403508 4697.0 15455.0
0.022045244690674055 4690.0 14329.0
0.0221606648199446 4491.0 4865.0
0.022276084949215142 4693.666666666667 15809.666666666666
0.02239150507848569 4624.6 12662.4
0.022506925207756233 4756.333333333333 15324.666666666666
0.022622345337026777 4768.0 15041.0
0.022737765466297324 4758.0 13903.5
0.022853185595567867 4724.333333333333 15283.333333333334
0.02296860572483841 4766.0 19168.0
0.023199445983379502 4507.0 5070.0
0.023314866112650046 4675.666666666667 12300.0
0.02343028624192059 4508.0 5070.0
0.023545706371191136 4639.5 11302.0
0.02366112650046168 4748.0 16781.0
0.023776546629732224 4546.0 5521.0
0.02389196675900277 4748.0 17198.0
0.024007386888273315 4776.0 18253.0
0.02412280701754386 4737.0 12806.0
0.024238227146814405 4776.0 18255.0
0.02435364727608495 4759.0 19867.0
0.024469067405355493 4780.0 18716.0
0.024699907663896584 4712.5 13639.5
0.024815327793167127 4764.0 20093.0
0.024930747922437674 4713.0 13667.5
0.025046168051708218 4764.0 20108.0
0.02527700831024931 4830.0 23095.0
0.025507848568790396 4689.0 8867.0
0.025738688827331487 4757.0 19029.0
0.02631578947368421 4755.5 17552.5
0.026662049861495844 4758.0 17587.5
0.02677746999076639 4717.0 9333.0
0.026892890120036934 4713.0 26558.0
0.027008310249307478 4750.0 13325.0
0.027123730378578025 4761.0 17827.5
0.02723915050784857 4774.666666666667 18731.0
0.027354570637119113 4719.0 9403.0
0.02746999076638966 4726.0 9403.0
0.027700831024930747 4735.0 26811.0
0.027931671283471838 4685.5 16823.0
0.02816251154201293 4757.0 13798.0
0.028277931671283472 4750.0 11518.333333333334
0.028393351800554016 4742.0 9915.0
0.02850877192982456 4798.666666666667 18268.333333333332
0.028624192059095107 4794.5 17455.0
0.02873961218836565 4789.333333333333 17418.0
0.028855032317636194 4776.0 14008.0
0.02897045244690674 4826.5 22323.0
0.029085872576177285 4803.0 17123.0
0.02920129270544783 4816.0 23631.0
0.029316712834718376 4811.5 20775.0
0.029547553093259463 4774.0 14634.0
0.02966297322253001 4774.0 14634.0
0.029893813481071098 4820.0 26724.0
0.030009233610341645 4820.0 26729.0
0.03012465373961219 4846.0 29376.0
0.030240073868882732 4803.5 19719.5
0.03035549399815328 4846.0 29565.0
0.030470914127423823 4806.666666666667 19379.333333333332
0.030586334256694367 4806.666666666667 19379.333333333332
0.031048014773776545 4860.0 28365.0
0.031163434903047092 4861.0 28438.0
0.031278855032317636 4840.5 27616.5
0.03139427516158818 4861.0 28442.0
0.031625115420129274 4839.5 23435.0
0.03174053554939982 4814.0 18392.0
0.03185595567867036 4792.5 18364.0
0.031971375807940905 4829.0 27131.0
0.03208679593721145 4781.666666666667 15713.333333333334
0.03220221606648199 4781.333333333333 13044.0
0.032317636195752536 4790.5 17565.0
0.03254847645429363 4788.666666666667 13031.666666666666
0.032663896583564174 4788.666666666667 13036.666666666666
0.03289473684210526 4792.0 13024.0
0.033010156971375805 4793.0 13062.0
0.033125577100646356 4805.5 18071.5
0.0332409972299169 4818.0 23081.0
0.03347183748845799 4867.0 20160.0
0.03358725761772853 4845.0 20567.0
0.033702677746999074 4822.333333333333 17258.666666666668
0.033818097876269625 4845.0 20571.0
0.03393351800554017 4806.333333333333 18234.333333333332
0.03404893813481071 4777.0 10640.0
0.034164358264081256 4777.0 10640.0
0.03462603878116344 4840.0 20623.0
0.034856879039704525 4840.0 20645.0
0.03497229916897507 4840.0 20645.0
0.035318559556786706 4780.0 10702.0
0.03566481994459834 4806.0 12370.0
0.03681902123730379 4812.0 16593.5
0.03693444136657433 4813.5 16859.5
0.037049861495844875 4831.0 22593.0
0.03728070175438596 4831.0 22593.0
0.037742382271468145 4832.0 22598.0
0.03785780240073869 4832.0 24981.0
0.03797322253000923 4784.0 28716.0
0.038088642659279776 4784.0 28717.0
0.038204062788550326 4833.0 31107.5
0.03831948291782087 4785.0 28720.0
0.038434903047091414 4858.5 29481.5
0.03855032317636196 4786.0 28724.0
0.0386657433056325 4882.0 33581.0
0.038781163434903045 4835.0 25497.0
0.038896583564173595 4835.0 25501.0
0.03901200369344414 4858.5 29566.5
0.03935826408125577 4787.0 28743.0
0.039473684210526314 4882.0 33646.0
0.03958910433979686 4882.0 33685.0
0.04005078485687904 4884.0 33787.0
0.04016620498614958 4885.0 33787.0
0.040281625115420126 4951.0 67404.0
0.04051246537396122 4889.0 29060.5
0.040627885503231764 4853.333333333333 20561.0
0.04074330563250231 4851.666666666667 23764.333333333332
0.04085872576177285 4844.0 15394.0
0.040974145891043395 4844.0 15394.0
0.04178208679593721 4844.0 15593.0
0.0420129270544783 4844.0 15593.0
0.042128347183748846 4844.0 15653.0
0.04224376731301939 4844.0 15653.0
0.04235918744228993 4844.0 15672.0
0.04247460757156048 4870.5 20397.0
0.04259002770083103 4844.0 15672.0
0.04270544783010157 4844.0 15672.0
0.042820867959372115 4844.0 15672.0
0.043167128347183746 4844.0 15672.0
0.04362880886426593 4864.0 20582.0
0.04374422899353647 4847.0 15787.0
0.043859649122807015 4902.0 26227.0
0.043975069252077566 4876.5 21053.5
0.04409048938134811 4872.666666666667 20914.333333333332
0.04420590951061865 4865.0 20709.0
0.0443213296398892 4852.666666666667 24232.666666666668
0.04443674976915974 4851.666666666667 20355.333333333332
0.044552169898430284 4845.5 22776.5
0.04466759002770083 4847.5 28622.0
0.04478301015697138 4855.0 26261.333333333332
0.04489843028624192 4854.0 30393.0
0.04512927054478301 4855.0 22185.5
0.04524469067405355 4857.0 29004.0
0.0453601108033241 4864.0 25151.5
0.04547553093259465 4869.0 21270.0
0.04559095106186519 4859.0 29055.0
0.046398891966759004 4861.0 29275.0
0.04651431209602955 4861.0 29275.0
0.04662973222530009 4860.0 29989.5
0.046745152354570635 4860.0 31187.0
0.04686057248384118 4860.0 31196.0
0.04709141274238227 4863.0 29289.0
0.04732225300092336 4881.5 31297.5
0.047437673130193904 4871.0 25998.0
0.04755309325946445 4882.0 28594.0
0.047668513388735 4882.0 28643.0
0.04824561403508772 4870.0 31633.0
0.04836103416435827 4870.0 31633.0
0.04847645429362881 4869.0 30529.5
0.0487072945521699 4881.0 35010.0
0.048938134810710986 4872.0 31668.0
0.04905355493998153 4874.0 31993.0
0.04916897506925208 4874.0 31993.0
0.049284395198522624 4883.0 35244.5
0.04939981532779317 4892.0 38489.0
0.04951523545706371 4883.0 35270.0
0.0497460757156048 4888.0 35802.0
0.04986149584487535 4891.5 32584.0
0.04997691597414589 4899.5 36377.0
0.050092336103416436 4906.0 34272.0
0.05020775623268698 4898.0 30485.5
0.050323176361957524 4886.5 29947.5
0.05043859649122807 4890.0 26683.0
0.05055401662049862 4893.0 31420.333333333332
0.05066943674976916 4906.0 34292.0
0.050784856879039705 4901.0 36635.0
0.05159279778393352 4903.0 36566.0
0.05170821791320406 4903.0 36566.0
0.05193905817174515 4892.0 26946.0
0.0520544783010157 4894.0 27179.0
0.05228531855955679 4894.0 27179.0
0.052516158818097874 4909.0 35749.0
0.0530932594644506 4901.0 36122.0
0.053208679593721143 4915.0 38572.0
0.05332409972299169 4901.5 36133.5
0.05343951985226224 4917.0 38588.0
0.0541320406278855 4925.0 39360.0
0.05447830101569714 4919.0 38196.5
0.054709141274238225 4925.0 39360.0
0.05482456140350877 4925.0 39368.0
0.05517082179132041 4920.5 38668.0
0.05528624192059095 4925.0 39369.0
0.055401662049861494 4925.0 39463.0
0.05551708217913204 4925.0 39476.0
0.055863342566943676 4919.0 38016.0
0.05597876269621422 4919.0 38363.0
0.057248384118190214 4929.0 41409.0
0.05736380424746076 4929.0 41409.0
0.057594644506001845 4864.0 21469.0
0.05771006463527239 4887.5 25099.0
0.05794090489381348 4911.0 28664.0
0.05805632502308403 4911.0 28733.0
0.05897968605724838 4929.0 41755.0
0.05990304709141274 4925.5 38783.0
0.06001846722068329 4919.666666666667 40441.333333333336
0.060133887349953834 4914.0 38255.0
0.06024930747922438 4914.0 38255.0
0.06036472760849492 4934.0 47217.0
0.060480147737765465 4935.0 47390.0
0.06059556786703601 4927.5 45376.5
0.06071098799630656 4920.0 43442.0
0.0608264081255771 4921.0 43442.0
0.060941828254847646 4921.0 43442.0
0.06105724838411819 4920.0 35315.0
0.061172668513388734 4921.0 35546.0
0.06128808864265928 4921.0 35546.0
0.06140350877192982 4921.0 35546.0
0.06151892890120037 4922.0 35574.0
0.061634349030470915 4921.0 43599.0
0.06244228993536473 4924.0 35976.0
0.06267313019390582 4924.0 35976.0
0.0629039704524469 4924.0 35982.0
0.06359649122807018 4913.0 38342.0
0.06486611265004617 4946.0 48877.0
0.06602031394275161 4956.0 51560.0
0.06613573407202217 4956.0 51574.0
0.06625115420129271 4956.0 51574.0
0.06844413665743306 4935.0 54558.0
0.0685595567867036 4935.0 54558.0
0.06867497691597414 4936.0 54588.0
0.07063711911357341 4938.0 55061.0
0.07121421975992613 4939.0 55076.0
0.07156048014773776 4926.0 29571.0
0.0716759002770083 4940.0 55518.0
0.07179132040627885 4940.0 55518.0
0.0719067405355494 4940.0 55909.0
0.07202216066481995 4935.0 42899.0
0.0721375807940905 4935.0 42900.0
0.07248384118190213 4941.0 55911.0
0.07271468144044321 4941.0 56309.0
0.07283010156971376 4941.0 56309.0
0.07756232686980609 4947.0 57202.0
0.07825484764542937 4939.0 32421.0
0.078601108033241 4940.0 32895.0
0.07871652816251154 4940.0 32897.0
0.07894736842105263 4940.0 32936.0
0.07906278855032317 4942.0 33508.0
0.07917820867959371 4942.0 33508.0
0.08160203139427516 4952.0 36181.0
0.0817174515235457 4952.0 36232.0
0.08275623268698061 4969.0 58561.0
0.0829870729455217 4969.0 58607.0
0.08321791320406279 4969.0 59035.0
0.08333333333333333 4970.0 59051.0
0.08344875346260387 4970.0 59069.0
0.0840258541089566 4973.0 59533.0
0.08471837488457987 4973.0 59578.0
0.08483379501385041 4976.0 60080.0
0.08506463527239151 4973.0 59578.0
0.08518005540166206 4977.0 60204.0
0.0852954755309326 4977.0 60236.0
0.08541089566020314 4977.0 60251.5
0.08552631578947369 4980.0 61335.0
0.08564173591874423 4980.0 61335.0
0.0861034164358264 4971.5 50462.0
0.08621883656509695 4982.0 61825.0
0.08633425669436749 4982.0 61833.0
0.08644967682363804 4971.5 50489.5
0.0865650969529086 4982.0 61833.0
0.08829639889196676 4962.0 40850.0
0.0884118190212373 4962.0 40850.0
0.08898891966759002 4962.0 41043.0
0.08910433979686057 4965.0 42108.0
0.08956602031394276 4965.0 42147.0
0.0896814404432133 4965.0 42147.0
0.09002770083102493 4983.0 63045.0
0.09014312096029548 4983.0 63045.0
0.09037396121883656 4983.0 63045.0
0.0904893813481071 4975.0 52936.0
0.0907202216066482 4967.0 42900.0
0.09083564173591874 4975.0 53003.0
0.0909510618651893 4983.0 63855.0
0.09106648199445984 4975.0 53427.5
0.09118190212373038 4983.0 63855.0
0.09164358264081256 4983.0 63864.0
0.0917590027700831 4985.0 63923.0
0.09187442289935364 4985.0 63923.0
0.09222068328716528 4985.0 63953.0
0.09256694367497692 4985.0 63957.0
0.09337488457987073 4985.0 64048.0
0.09360572483841181 4985.0 64048.0
0.09372114496768236 4985.0 64054.0
0.09556786703601108 4985.0 64335.0
0.09568328716528163 4985.0 64335.0
0.09637580794090489 4985.0 64405.0
0.09649122807017543 4985.0 64405.0
0.09660664819944598 4985.0 64405.0
0.09706832871652817 4985.0 64405.0
0.09718374884579871 4985.0 64405.0
0.09729916897506925 4985.0 64415.0
0.0974145891043398 4985.0 64425.0
0.09753000923361034 4985.0 64426.0
0.09776084949215143 4986.0 64429.0
0.1005309325946445 4967.0 49470.0
0.10076177285318559 4967.0 49470.0
0.10087719298245613 4967.0 49470.0
0.1018005540166205 4967.0 63070.0
0.10191597414589104 4967.0 63083.0
0.10237765466297322 4968.0 63208.0
0.10260849492151432 4968.0 63519.0
0.10272391505078486 4968.0 63519.0
0.10353185595567867 4968.0 63572.0
0.10364727608494921 4968.0 63572.0
0.10376269621421975 4968.0 63572.0
0.1038781163434903 4968.0 63572.0
0.1041089566020314 4968.0 63774.0
0.10422437673130194 4969.0 63774.0
0.10653277931671283 4969.0 49984.0
0.11403508771929824 4988.0 62168.0
0.11426592797783934 4988.0 63273.0
0.11449676823638043 4988.0 63273.0
0.1291551246537396 5004.0 87556.0
0.12927054478301014 5004.0 87556.0
0.12950138504155126 5004.0 87556.0
0.1296168051708218 5004.0 87658.0
0.1298476454293629 5004.0 87658.0
0.13007848568790398 5004.0 87692.0
0.13019390581717452 5004.0 87692.0
0.13030932594644506 5004.0 87725.0
0.13054016620498615 5004.0 87725.0
0.13077100646352724 5005.0 87754.0
0.13088642659279778 5005.0 87754.0
0.13988919667590027 4994.0 76144.0
0.14323638042474607 5011.0 93245.0
0.1433518005540166 5002.5 85031.5
0.14346722068328716 5011.0 93250.0
0.1440443213296399 5011.0 93256.0
0.14415974145891045 5011.0 93256.0
0.144275161588181 5011.0 93256.0
0.14462142197599262 5011.0 93266.0
0.14473684210526316 5004.0 85973.5
0.14531394275161588 5011.0 93423.0
0.14554478301015697 5011.0 93432.0
0.1456602031394275 5011.0 93462.0
0.14577562326869806 5011.0 93462.0
0.14600646352723914 5011.0 93494.0
0.1461218836565097 5011.0 93494.0
0.14635272391505078 5011.0 93693.0
0.14692982456140352 5011.0 93797.0
0.14727608494921515 5011.0 93898.0
0.14773776546629733 5011.0 93924.0
0.14785318559556787 5011.0 94077.0
0.14796860572483841 5011.0 94094.0
0.19990766389658357 5035.0 122921.0
0.2157202216066482 5041.0 161011.0
0.21583564173591874 5041.0 161798.0
0.21595106186518928 5041.0 161800.0
0.21606648199445982 5041.0 161801.0
0.21618190212373037 5041.0 161801.0
0.2162973222530009 5041.0 162033.0
0.21641274238227146 5041.0 162155.0
0.21675900277008311 5041.0 162295.0
0.2221837488457987 5041.0 165843.0
0.22229916897506924 5041.0 165843.0
0.22276084949215144 5041.0 167097.0
0.22287626962142199 5041.0 167097.0
0.22299168975069253 5041.0 167097.0
0.22553093259464452 5033.0 151296.0
0.2259926131117267 5041.0 167331.0
0.22610803324099724 5041.0 167341.0
0.251269621421976 5044.0 128665.0
0.26869806094182824 5049.0 144523.0
0.2704293628808864 5049.0 149095.0
0.2817405355493998 5054.0 151333.0
0.28774238227146814 5057.0 210940.0
0.28797322253000923 5057.0 210940.0
0.2882040627885503 5057.0 210940.0
0.2883194829178209 5057.0 210940.0
0.2884349030470914 5057.0 210948.0
0.288550323176362 5057.0 210968.0
0.2886657433056325 5057.0 210968.0
0.28878116343490307 5057.0 210968.0
0.2894736842105263 5057.0 211170.0
0.2902816251154201 5057.0 211186.0
0.2905124653739612 5057.0 211235.0
0.29062788550323176 5057.0 211411.0
0.29074330563250234 5057.0 211531.0
0.29085872576177285 5057.0 211545.0
0.2912049861495845 5057.0 211562.0
0.291320406278855 5057.0 211562.0
0.2920129270544783 5057.0 211587.0
0.29212834718374886 5057.0 211590.0
0.2922437673130194 5057.0 211594.0
0.29235918744228995 5057.0 211594.0
0.29247460757156046 5057.0 211604.0
0.29409048938134813 5058.0 211904.0
0.32329178208679593 5053.0 215725.0
0.3234072022160665 5053.0 215725.0
0.323522622345337 5053.0 215739.0
0.3237534626038781 5053.0 215748.0
0.3238688827331487 5053.0 215748.0
0.32767774699907665 5053.0 217398.0
0.32779316712834716 5053.0 217398.0
0.32790858725761773 5053.0 217398.0
0.32802400738688825 5053.0 217398.0
0.3281394275161588 5053.0 217635.0
0.5758310249307479 5087.0 363237.0
0.5827562326869806 5089.0 417518.0
0.5891043397968606 5090.0 419902.0
0.9172437673130194 5109.0 637537.0
0.9278624192059095 5110.0 651059.0
0.9361726685133888 5111.0 656097.0
0.9597183748845799 5111.0 673308.0
1.0 5112.0 740712.0
