1238330
0.0001 1088 0 0
0.0001 1680 0 0
0.0002 2551 0 0
0.0003 3314 0 0
0.0003 3882 0 0
0.0004 4383 0 0
0.0005 4860 0 0
0.0006 5168 0 0
0.0006 5865 0 0
0.0007 5997 0 0
0.0008 6847 0 0
0.0008 7163 0 0
0.0009 6842 0 0
0.0010 7417 0 0
0.0010 7129 0 0
0.0011 7835 0 0
0.0012 8379 0 0
0.0012 8304 0 0
0.0013 8499 0 0
0.0014 9027 0 0
0.0015 9000 0 0
0.0015 9246 0 0
0.0016 9863 0 0
0.0017 10403 0 0
0.0017 9789 0 0
0.0018 10625 0 0
0.0019 11560 0 0
0.0019 11092 0 0
0.0020 11724 0 0
0.0021 11333 0 0
0.0021 12146 0 0
0.0022 12219 0 0
0.0023 12796 0 0
0.0024 11442 0 0
0.0024 12268 0 0
0.0025 13945 0 0
0.0026 13256 0 0
0.0026 13228 0 0
0.0027 14422 0 0
0.0028 12595 0 0
0.0028 15376 0 0
0.0029 13662 0 0
0.0030 14121 0 0
0.0030 14343 0 0
0.0031 15152 0 0
0.0032 16213 0 0
0.0033 15354 0 0
0.0033 16520 0 0
0.0034 16273 0 0
0.0035 14836 0 0
0.0035 14892 0 0
0.0036 16463 0 0
0.0037 15731 0 0
0.0037 15124 0 0
0.0038 16940 0 0
0.0039 20152 0 0
0.0039 15149 0 0
0.0040 17250 0 0
0.0041 18483 0 0
0.0042 15577 0 0
0.0042 18937 0 0
0.0043 16873 0 0
0.0044 16950 0 0
0.0044 18359 0 0
0.0045 19465 0 0
0.0046 22026 0 0
0.0046 17639 0 0
0.0047 20627 0 0
0.0048 21213 0 0
0.0048 20287 0 0
0.0049 17743 0 0
0.0050 17822 0 0
0.0051 18823 0 0
0.0051 19430 0 0
0.0052 20631 0 0
0.0053 17264 0 0
0.0053 19712 0 0
0.0054 26662 0 0
0.0055 20197 0 0
0.0055 21132 0 0
0.0056 20804 0 0
0.0057 20118 0 0
0.0057 20926 0 0
0.0058 25421 0 0
0.0059 20981 0 0
0.0060 23869 0 0
0.0060 22971 0 0
0.0061 21447 0 0
0.0062 22874 0 0
0.0062 24120 0 0
0.0063 20384 0 0
0.0064 23654 0 0
0.0064 15516 0 0
0.0066 23049 0 0
0.0067 28294 0 0
0.0067 20850 0 0
0.0068 37525 0 0
0.0069 17060 0 0
0.0069 22652 0 0
0.0070 29145 0 0
0.0071 20503 0 0
0.0071 19629 0 0
0.0072 29251 0 0
0.0073 24739 0 0
0.0073 27010 0 0
0.0074 23462 0 0
0.0075 24162 0 0
0.0076 29776 0 0
0.0076 25032 0 0
0.0077 21463 0 0
0.0078 29507 0 0
0.0078 34483 0 0
0.0079 20235 0 0
0.0080 47351 0 0
0.0080 19417 0 0
0.0081 36260 0 0
0.0082 28173 0 0
0.0083 20753 0 0
0.0085 22147 0 0
0.0086 54457 0 0
0.0087 24974 0 0
0.0087 22974 0 0
0.0088 38638 0 0
0.0089 26754 0 0
0.0089 38786 0 0
0.0091 30784 0 0
0.0093 22501 0 0
0.0094 28649 0 0
0.0095 61818 0 0
0.0096 38256 0 0
0.0096 24219 0 0
0.0097 33547 0 0
0.0098 28620 0 0
0.0098 35496 0 0
0.0099 45392 0 0
0.0100 33261 0 0
0.0101 28117 0 0
0.0105 62494 0 0
0.0106 65498 0 0
0.0108 26670 0 0
0.0110 32965 0 0
0.0114 28376 0 0
0.0116 34274 0 0
0.0116 39327 0 0
0.0118 32823 0 0
0.0120 61241 0 0
0.0122 58079 0 0
0.0123 53051 0 0
0.0125 49708 0 0
0.0129 45380 0 0
0.0132 37240 0 0
0.0132 65071 0 0
0.0133 88090 0 0
0.0134 107028 0 0
0.0134 54696 0 0
0.0135 30042 0 0
0.0137 56814 0 0
0.0138 76356 0 0
0.0142 44433 0 0
0.0143 31277 0 0
0.0145 55611 0 0
0.0146 56079 0 0
0.0147 52787 0 0
0.0148 42572 0 0
0.0149 49961 0 0
0.0151 108535 0 0
0.0153 46742 0 0
0.0154 29133 0 0
0.0155 113826 0 0
0.0157 57315 0 0
0.0159 47143 0 0
0.0161 42357 0 0
0.0164 76735 0 0
0.0166 90874 0 0
0.0168 44426 0 0
0.0169 87220 0 0
0.0172 78352 0 0
0.0181 48236 0 0
0.0183 66872 0 0
0.0184 76258 0 0
0.0186 89879 0 0
0.0186 117923 0 0
0.0187 62437 0 0
0.0191 79095 0 0
0.0193 49472 0 0
0.0194 86312 0 0
0.0196 73001 0 0
0.0201 93220 0 0
0.0203 50281 0 0
0.0204 65370 0 0
0.0206 58601 0 0
0.0208 58872 0 0
0.0209 71895 0 0
0.0210 70227 0 0
0.0211 57319 0 0
0.0211 110418 0 0
0.0214 62419 0 0
0.0217 54224 0 0
0.0220 98785 0 0
0.0222 96821 0 0
0.0224 69310 0 0
0.0225 63043 0 0
0.0227 65382 0 0
0.0228 94857 0 0
0.0229 101628 0 0
0.0231 80377 0 0
0.0233 99861 0 0
0.0234 124108 0 0
0.0235 61400 0 0
0.0241 123498 0 0
0.0242 77027 0 0
0.0244 68870 0 0
0.0247 91832 0 0
0.0248 77955 0 0
0.0249 74404 0 0
0.0249 93340 0 0
0.0253 74719 0 0
0.0254 82952 0 0
0.0254 99744 0 0
0.0255 61524 0 0
0.0258 96449 0 0
0.0260 101676 0 0
0.0262 101593 0 0
0.0270 86641 0 0
0.0277 105960 0 0
0.0285 64748 0 0
0.0288 93101 0 0
0.0290 100715 0 0
0.0290 140894 0 0
0.0291 82687 0 0
0.0294 96601 0 0
0.0301 107548 0 0
0.0305 85394 0 0
0.0307 63943 0 0
0.0308 130056 0 0
0.0309 101207 0 0
0.0311 83094 0 0
0.0314 128103 0 0
0.0319 84386 0 0
0.0321 136907 0 0
0.0321 92378 0 0
0.0325 69279 0 0
0.0335 116282 0 0
0.0344 106715 0 0
0.0346 101087 0 0
0.0349 111842 0 0
0.0352 113687 0 0
0.0353 106136 0 0
0.0355 145846 0 0
0.0361 147256 0 0
0.0367 86622 0 0
0.0368 87919 0 0
0.0369 95739 0 0
0.0370 86701 0 0
0.0371 116999 0 0
0.0377 93906 0 0
0.0382 76322 0 0
0.0386 92008 0 0
0.0392 125585 0 0
0.0402 134596 0 0
0.0402 94459 0 0
0.0405 85745 0 0
0.0407 159934 0 0
0.0411 104154 0 0
0.0412 121501 0 0
0.0414 106481 0 0
0.0420 129116 0 0
0.0421 112004 0 0
0.0423 118359 0 0
0.0423 126837 0 0
0.0426 142789 0 0
0.0439 77435 0 0
0.0440 104358 0 0
0.0442 125386 0 0
0.0446 142978 0 0
0.0453 124251 0 0
0.0459 100237 0 0
0.0459 155765 0 0
0.0494 97286 0 0
0.0499 142914 0 0
0.0500 136512 0 0
0.1000 291753 0 0
0.1500 373099 0 0
0.2001 437994 0 0
0.2501 505547 0 0
0.3001 562619 0 0
0.3501 629686 0 0
0.4001 697366 0 0
0.4501 757833 0 0
0.5001 820016 0 0
0.5501 851797 0 0
0.6000 907267 0 0
0.6500 946021 0 0
0.7000 982279 0 0
0.7500 1029152 0 0
0.8000 1067025 0 0
0.8500 1089939 0 0
0.9000 1136138 0 0
0.9500 1209490 0 0
1.0000 1238330 0 0
