5883193
0.00011542012927054478 1794.8991228070176 0.0
0.00023084025854108956 2789.057650628522 0.0
0.00034626038781163435 4863.503434739941 0.0
0.0004616805170821791 6430.978813559322 0.0
0.0005771006463527239 7876.155925155925 0.0
0.0006925207756232687 8121.1436314363145 0.0
0.0008079409048938135 11591.9385665529 0.0
0.0009233610341643582 13317.196581196582 0.0
0.001038781163434903 13888.385416666666 0.0
0.0011542012927054479 14716.703703703704 0.0
0.0012696214219759926 14389.441176470587 0.0
0.0013850415512465374 16362.319672131147 0.0
0.0015004616805170822 17204.982300884956 0.0
0.001615881809787627 19525.50434782609 0.0
0.0017313019390581717 20808.690721649484 0.0
0.0018467220683287165 24156.280898876405 0.0
0.0019621421975992612 22261.616438356163 0.0
0.002077562326869806 21887.345679012345 0.0
0.0021929824561403508 24775.0 0.0
0.0023084025854108957 28559.347826086956 0.0
0.0024238227146814403 29588.677966101695 0.0
0.0025392428439519853 30972.980392156864 0.0
0.00265466297322253 24912.466666666667 0.0
0.002770083102493075 23760.51111111111 0.0
0.0028855032317636198 27752.5 0.0
0.0030009233610341643 30018.20512820513 0.0
0.0031163434903047093 30338.8 0.0
0.003231763619575254 32577.4375 0.0
0.003347183748845799 32405.162162162163 0.0
0.0034626038781163434 32836.294117647056 0.0
0.0035780240073868884 31324.58620689655 0.0
0.003693444136657433 39306.03333333333 0.0
0.003808864265927978 41385.37142857143 0.0
0.0039242843951985225 41418.666666666664 0.0
0.004039704524469067 47042.04347826087 0.0
0.004155124653739612 42095.260869565216 0.0
0.004270544783010157 49843.666666666664 0.0
0.0043859649122807015 37907.17647058824 0.0
0.004501385041551247 46803.05 0.0
0.0046168051708217915 46818.19047619047 0.0
0.004732225300092336 52136.38888888889 0.0
0.004847645429362881 54222.84210526316 0.0
0.004963065558633426 47486.58823529412 0.0
0.0050784856879039705 46958.5 0.0
0.005193905817174515 47033.26315789474 0.0
0.00530932594644506 50667.75 0.0
0.005424746075715605 58444.38888888889 0.0
0.00554016620498615 53755.21428571428 0.0
0.005655586334256694 61973.666666666664 0.0
0.0057710064635272396 57772.28571428572 0.0
0.005886426592797784 69161.88888888889 0.0
0.006001846722068329 64822.333333333336 0.0
0.006117266851338873 61406.857142857145 0.0
0.006232686980609419 55903.57142857143 0.0
0.006348107109879963 54224.36363636364 0.0
0.006463527239150508 65120.142857142855 0.0
0.006578947368421052 60037.0 0.0
0.006694367497691598 64152.75 0.0
0.006809787626962142 56593.11111111111 0.0
0.006925207756232687 84535.11111111111 0.0
0.007040627885503232 61198.27272727273 0.0
0.007156048014773777 59432.72727272727 0.0
0.007271468144044321 67158.4 0.0
0.007386888273314866 68499.9 0.0
0.007502308402585411 70461.58333333333 0.0
0.007617728531855956 71421.08333333333 0.0
0.0077331486611265 68483.69230769231 0.0
0.007848568790397045 74690.28571428571 0.0
0.00796398891966759 74175.84615384616 0.0
0.008079409048938134 70203.0 0.0
0.00819482917820868 74385.83333333333 0.0
0.008310249307479225 80316.4 0.0
0.008425669436749769 82841.28571428571 0.0
0.008541089566020314 80735.7 0.0
0.00865650969529086 76384.25 0.0
0.008771929824561403 88551.16666666667 0.0
0.008887349953831948 75461.57142857143 0.0
0.009002770083102494 89727.5 0.0
0.009118190212373038 81946.66666666667 0.0
0.009233610341643583 79868.25 0.0
0.009349030470914127 85181.45454545454 0.0
0.009464450600184672 83009.90909090909 0.0
0.009579870729455217 97051.375 0.0
0.009695290858725761 101025.0 0.0
0.009810710987996307 102675.63636363637 0.0
0.009926131117266852 97669.66666666667 0.0
0.010041551246537396 109361.11111111111 0.0
0.010156971375807941 96815.5 0.0
0.010272391505078486 108001.5 0.0
0.01038781163434903 92756.11111111111 0.0
0.010503231763619576 102703.5 0.0
0.01061865189289012 78468.75 0.0
0.010734072022160665 117309.16666666667 0.0
0.01084949215143121 94273.0 0.0
0.010964912280701754 121784.42857142857 0.0
0.0110803324099723 134112.25 0.0
0.011195752539242845 121712.0 0.0
0.011311172668513388 104197.0 0.0
0.011426592797783934 101246.5 0.0
0.011542012927054479 122186.16666666667 0.0
0.011657433056325023 128533.5 0.0
0.011772853185595568 141252.0 0.0
0.011888273314866112 108547.5 0.0
0.012003693444136657 121646.8 0.0
0.012119113573407203 121662.5 0.0
0.012234533702677746 126886.25 0.0
0.012349953831948292 128702.25 0.0
0.012465373961218837 99695.66666666667 0.0
0.012580794090489381 102682.5 0.0
0.012696214219759926 116148.25 0.0
0.012811634349030472 141771.66666666666 0.0
0.012927054478301015 156283.0 0.0
0.01304247460757156 145652.0 0.0
0.013157894736842105 147718.0 0.0
0.01327331486611265 163976.83333333334 0.0
0.013388734995383195 159511.25 0.0
0.013504155124653739 128582.33333333333 0.0
0.013619575253924284 154968.7142857143 0.0
0.01373499538319483 155463.66666666666 0.0
0.013850415512465374 125036.66666666667 0.0
0.013965835641735919 141543.5 0.0
0.014081255771006464 148878.0 0.0
0.014196675900277008 148971.0 0.0
0.014312096029547553 176050.0 0.0
0.014427516158818097 168313.25 0.0
0.014542936288088643 187359.33333333334 0.0
0.014658356417359188 109605.0 0.0
0.014773776546629732 150427.66666666666 0.0
0.014889196675900277 170945.0 0.0
0.015004616805170823 174734.0 0.0
0.015120036934441366 168801.2 0.0
0.015235457063711912 169259.0 0.0
0.015350877192982455 153040.0 0.0
0.015466297322253 178188.25 0.0
0.015581717451523546 148894.7142857143 0.0
0.01569713758079409 140837.4 0.0
0.015812557710064637 139409.0 0.0
0.01592797783933518 152908.5 0.0
0.016043397968605724 178996.0 0.0
0.016158818097876268 179018.5 0.0
0.016274238227146815 166156.6 0.0
0.01638965835641736 170281.75 0.0
0.016505078485687903 184196.7142857143 0.0
0.01662049861495845 185296.5 0.0
0.016735918744228993 202415.5 0.0
0.016851338873499537 167896.66666666666 0.0
0.016966759002770084 134105.33333333334 0.0
0.017082179132040628 159979.8 0.0
0.01719759926131117 149299.33333333334 0.0
0.01731301939058172 188862.66666666666 0.0
0.017428439519852262 181005.8 0.0
0.017543859649122806 166318.66666666666 0.0
0.017659279778393353 171887.2 0.0
0.017774699907663897 196257.66666666666 0.0
0.01789012003693444 185533.0 0.0
0.018005540166204988 188682.5 0.0
0.01812096029547553 172253.2 0.0
0.018236380424746075 173619.33333333334 0.0
0.018351800554016622 187927.33333333334 0.0
0.018467220683287166 194615.25 0.0
0.01858264081255771 171584.5 0.0
0.018698060941828253 188790.0 0.0
0.0188134810710988 190655.0 0.0
0.018928901200369344 201230.8 0.0
0.019044321329639888 217216.0 0.0
0.019159741458910435 210514.8 0.0
0.01927516158818098 206028.66666666666 0.0
0.019390581717451522 182958.0 0.0
0.01950600184672207 182246.8 0.0
0.019621421975992613 172856.0 0.0
0.019736842105263157 194341.5 0.0
0.019852262234533704 215981.0 0.0
0.019967682363804248 173301.0 0.0
0.02008310249307479 173757.0 0.0
0.02019852262234534 178572.33333333334 0.0
0.020313942751615882 224888.8 0.0
0.020429362880886426 223831.0 0.0
0.020544783010156973 225054.8 0.0
0.020660203139427517 233855.25 0.0
0.02077562326869806 221313.25 0.0
0.020891043397968604 213483.66666666666 0.0
0.02100646352723915 229791.0 0.0
0.021121883656509695 243442.0 0.0
0.02123730378578024 208313.4 0.0
0.02146814404432133 227966.5 0.0
0.021583564173591873 221070.5 0.0
0.02169898430286242 223590.0 0.0
0.021814404432132964 207304.0 0.0
0.021929824561403508 247223.0 0.0
0.022045244690674055 231550.5 0.0
0.0221606648199446 225945.0 0.0
0.022276084949215142 154242.0 0.0
0.02239150507848569 221399.8 0.0
0.022506925207756233 209849.0 0.0
0.022622345337026777 235103.0 0.0
0.022737765466297324 226574.0 0.0
0.022853185595567867 230929.5 0.0
0.02296860572483841 230969.5 0.0
0.023084025854108958 226730.0 0.0
0.02366112650046168 186532.0 0.0
0.023776546629732224 197585.25 0.0
0.02389196675900277 215969.75 0.0
0.024007386888273315 254995.5 0.0
0.02412280701754386 210302.0 0.0
0.024238227146814405 247562.5 0.0
0.02435364727608495 237989.5 0.0
0.024469067405355493 261296.0 0.0
0.024815327793167127 200649.33333333334 0.0
0.024930747922437674 316497.0 0.0
0.025046168051708218 263994.0 0.0
0.025161588180978762 297112.0 0.0
0.02527700831024931 279777.0 0.0
0.025392428439519853 240257.0 0.0
0.025507848568790396 238858.0 0.0
0.025623268698060944 230375.0 0.0
0.025738688827331487 218873.0 0.0
0.02585410895660203 270264.5 0.0
0.025969529085872575 219165.0 0.0
0.02631578947368421 176743.5 0.0
0.026431209602954756 203358.0 0.0
0.0265466297322253 163034.0 0.0
0.026662049861495844 223535.33333333334 0.0
0.02677746999076639 206788.0 0.0
0.026892890120036934 241552.0 0.0
0.027008310249307478 224306.5 0.0
0.027123730378578025 258600.33333333334 0.0
0.02723915050784857 246547.75 0.0
0.02746999076638966 145683.0 0.0
0.027585410895660203 228207.33333333334 0.0
0.027700831024930747 253646.66666666666 0.0
0.027816251154201294 210979.0 0.0
0.027931671283471838 232738.4 0.0
0.02804709141274238 193531.75 0.0
0.028277931671283472 234058.0 0.0
0.028393351800554016 208733.0 0.0
0.02850877192982456 247548.2 0.0
0.028624192059095107 230416.0 0.0
0.02873961218836565 248861.5 0.0
0.028855032317636194 213571.0 0.0
0.02897045244690674 268631.5 0.0
0.029085872576177285 262742.0 0.0
0.02920129270544783 258649.5 0.0
0.029316712834718376 304021.5 0.0
0.02943213296398892 304254.0 0.0
0.029547553093259463 231946.25 0.0
0.029778393351800554 263603.0 0.0
0.029893813481071098 277270.6666666667 0.0
0.030009233610341645 264964.3333333333 0.0
0.030240073868882732 264332.0 0.0
0.03035549399815328 264410.0 0.0
0.030470914127423823 224984.5 0.0
0.030817174515235458 276158.0 0.0
0.030932594644506 226188.5 0.0
0.031048014773776545 203636.0 0.0
0.031163434903047092 266851.0 0.0
0.031278855032317636 246313.0 0.0
0.03139427516158818 273407.5 0.0
0.03150969529085872 246868.5 0.0
0.031625115420129274 202342.0 0.0
0.03174053554939982 267810.0 0.0
0.03185595567867036 311140.0 0.0
0.031971375807940905 236013.0 0.0
0.03208679593721145 253920.33333333334 0.0
0.03220221606648199 269509.5 0.0
0.032317636195752536 269813.6666666667 0.0
0.03243305632502309 232121.0 0.0
0.032663896583564174 290140.3333333333 0.0
0.03277931671283472 274468.6666666667 0.0
0.03289473684210526 232660.0 0.0
0.033125577100646356 375374.0 0.0
0.0332409972299169 323587.5 0.0
0.03347183748845799 317709.0 0.0
0.03358725761772853 272746.0 0.0
0.033702677746999074 272794.0 0.0
0.033818097876269625 272836.0 0.0
0.03393351800554017 316784.0 0.0
0.034164358264081256 310962.0 0.0
0.03451061865189289 312427.0 0.0
0.03462603878116344 312433.0 0.0
0.03474145891043398 312490.0 0.0
0.035203139427516156 342003.0 0.0
0.035318559556786706 342130.0 0.0
0.03543397968605725 343884.0 0.0
0.035549399815327794 344160.0 0.0
0.03578024007386888 344285.0 0.0
0.03647276084949215 388668.0 0.0
0.036588180978762694 388975.0 0.0
0.03751154201292706 394516.0 0.0
0.0376269621421976 355472.5 0.0
0.037742382271468145 356319.5 0.0
0.03785780240073869 293891.0 0.0
0.038088642659279776 397215.0 0.0
0.038204062788550326 297068.0 0.0
0.03831948291782087 317705.0 0.0
0.03855032317636196 285075.0 0.0
0.0386657433056325 418830.0 0.0
0.038781163434903045 419003.0 0.0
0.03935826408125577 322970.0 0.0
0.039473684210526314 323002.0 0.0
0.03970452446906741 323135.0 0.0
0.04039704524469068 329808.0 0.0
0.04051246537396122 329850.0 0.0
0.040627885503231764 329894.0 0.0
0.04120498614958449 463489.0 0.0
0.04132040627885503 399522.0 0.0
0.04143582640812558 464594.0 0.0
0.04155124653739612 335721.0 0.0
0.04259002770083103 467927.0 0.0
0.04270544783010157 468034.0 0.0
0.04443674976915974 416059.0 0.0
0.044552169898430284 374188.0 0.0
0.04466759002770083 332528.0 0.0
0.04489843028624192 416330.0 0.0
0.04512927054478301 332944.0 0.0
0.04524469067405355 332948.0 0.0
0.0453601108033241 337048.0 0.0
0.045706371191135735 497886.0 0.0
0.04582179132040628 437264.0 0.0
0.04593721144967682 418567.5 0.0
0.046052631578947366 418736.0 0.0
0.046168051708217916 338628.0 0.0
0.04662973222530009 505286.0 0.0
0.04709141274238227 511023.0 0.0
0.04732225300092336 511073.0 0.0
0.04755309325946445 511431.0 0.0
0.04778393351800554 513282.0 0.0
0.0487072945521699 401528.0 0.0
0.04905355493998153 347354.0 0.0
0.04916897506925208 347386.0 0.0
0.049284395198522624 347783.0 0.0
0.04939981532779317 348381.0 0.0
0.050092336103416436 527796.0 0.0
0.050323176361957524 348839.0 0.0
0.05043859649122807 348842.0 0.0
0.0520544783010157 380387.0 0.0
0.05228531855955679 436448.0 0.0
0.05240073868882733 381864.0 0.0
0.052516158818097874 440611.3333333333 0.0
0.0530932594644506 373901.0 0.0
0.053208679593721143 373908.5 0.0
0.05332409972299169 391369.0 0.0
0.05355493998153278 458509.0 0.0
0.053670360110803325 459617.5 0.0
0.05378578024007387 460120.5 0.0
0.05390120036934441 553586.0 0.0
0.05447830101569714 582628.0 0.0
0.05701754385964912 520290.0 0.0
0.05713296398891967 520309.0 0.0
0.05840258541089566 589635.0 0.0
0.05897968605724838 538654.0 0.0
0.05909510618651893 545677.0 0.0
0.05921052631578947 545698.0 0.0
0.06001846722068329 621851.0 0.0
0.060133887349953834 621971.0 0.0
0.06024930747922438 622123.0 0.0
0.06128808864265928 624929.0 0.0
0.06140350877192982 644809.0 0.0
0.06151892890120037 644822.0 0.0
0.061634349030470915 644998.0 0.0
0.06405817174515235 717118.0 0.0
0.06428901200369344 626471.0 0.0
0.06440443213296398 626479.0 0.0
0.06451985226223453 626510.0 0.0
0.06486611265004617 627376.0 0.0
0.06567405355493998 600119.0 0.0
0.06578947368421052 600615.0 0.0
0.06590489381348107 1010507.0 0.0
0.06913665743305633 607566.0 0.0
0.06936749769159742 607750.0 0.0
0.0698291782086796 607857.0 0.0
0.0716759002770083 605402.0 0.0
0.07179132040627885 605436.0 0.0
0.0719067405355494 605500.0 0.0
0.0721375807940905 606613.0 0.0
0.07236842105263158 606670.0 0.0
0.07790858725761773 575036.0 0.0
0.07813942751615882 575821.0 0.0
0.07825484764542937 575845.0 0.0
0.07837026777469991 584369.0 0.0
0.07848568790397045 729359.0 0.0
0.078601108033241 729799.0 0.0
0.07987072945521699 732223.0 0.0
0.08206371191135733 640914.0 0.0
0.08217913204062789 641090.0 0.0
0.08229455216989844 641427.0 0.0
0.08275623268698061 542494.0 0.0
0.08310249307479224 693441.0 0.0
0.08356417359187442 698420.0 0.0
0.08379501385041552 698892.0 0.0
0.08575715604801477 753881.0 0.0
0.08829639889196676 873922.0 0.0
0.09129732225300093 927804.0 0.0
0.11507386888273315 798405.0 0.0
0.12684672206832873 1080365.0 0.0
0.1371191135734072 994636.0 0.0
0.13827331486611266 1223309.0 0.0
0.1569713758079409 1205721.0 0.0
0.1770544783010157 1539531.0 0.0
0.20417820867959371 2022507.0 0.0
0.21987534626038782 1403947.0 0.0
0.27204524469067404 1789083.0 0.0
0.34672206832871655 2249127.0 0.0
0.44909972299168976 2938248.0 0.0
0.5509002770083102 3821710.0 0.0
1.0 5883193.0 0.0
