5112
0.0001 888 8 0
0.0001 1403 15 0
0.0002 1855 22 0
0.0003 2235 30 0
0.0003 2454 42 0
0.0004 2668 63 0
0.0005 2877 73 0
0.0006 3026 85 0
0.0006 3171 91 0
0.0007 3298 80 0
0.0008 3379 89 0
0.0008 3461 78 0
0.0009 3545 119 0
0.0010 3645 106 0
0.0010 3697 135 0
0.0011 3807 166 0
0.0012 3793 198 0
0.0012 3866 198 0
0.0013 3916 184 0
0.0014 3963 204 0
0.0015 4054 163 0
0.0015 4071 239 0
0.0016 4050 206 0
0.0017 4086 167 0
0.0017 4135 118 0
0.0018 4175 194 0
0.0019 4219 202 0
0.0019 4184 182 0
0.0020 4280 253 0
0.0021 4296 312 0
0.0021 4350 169 0
0.0022 4375 202 0
0.0023 4359 206 0
0.0024 4373 307 0
0.0024 4405 343 0
0.0025 4440 251 0
0.0026 4443 313 0
0.0026 4442 381 0
0.0027 4506 611 0
0.0028 4471 385 0
0.0028 4484 390 0
0.0029 4476 332 0
0.0030 4458 407 0
0.0030 4471 318 0
0.0031 4566 418 0
0.0032 4524 337 0
0.0033 4555 466 0
0.0033 4525 372 0
0.0034 4563 545 0
0.0035 4570 405 0
0.0035 4585 685 0
0.0036 4546 600 0
0.0037 4591 358 0
0.0037 4591 432 0
0.0038 4630 537 0
0.0039 4652 669 0
0.0039 4646 872 0
0.0040 4631 772 0
0.0041 4643 791 0
0.0042 4660 409 0
0.0042 4683 729 0
0.0043 4675 845 0
0.0044 4658 433 0
0.0044 4752 663 0
0.0045 4684 773 0
0.0046 4711 1270 0
0.0046 4706 1188 0
0.0047 4599 737 0
0.0048 4696 812 0
0.0048 4713 681 0
0.0049 4724 620 0
0.0050 4726 716 0
0.0051 4704 562 0
0.0051 4734 717 0
0.0052 4760 816 0
0.0053 4749 796 0
0.0053 4732 861 0
0.0054 4787 1057 0
0.0055 4726 518 0
0.0055 4695 485 0
0.0056 4764 1450 0
0.0057 4749 776 0
0.0057 4760 641 0
0.0058 4756 748 0
0.0059 4750 788 0
0.0060 4781 656 0
0.0060 4798 481 0
0.0061 4796 538 0
0.0062 4801 581 0
0.0062 4734 897 0
0.0063 4769 850 0
0.0064 4808 534 0
0.0064 4752 681 0
0.0065 4761 867 0
0.0066 4791 1546 0
0.0067 4778 553 0
0.0067 4802 756 0
0.0068 4808 564 0
0.0069 4779 696 0
0.0069 4872 521 0
0.0070 4849 621 0
0.0071 4852 1023 0
0.0071 4842 640 0
0.0072 4839 803 0
0.0073 4783 925 0
0.0073 4847 430 0
0.0074 4805 545 0
0.0075 4894 608 0
0.0076 4818 744 0
0.0076 4774 1427 0
0.0077 4848 1491 0
0.0078 4834 421 0
0.0078 4803 588 0
0.0079 4931 716 0
0.0080 4780 1105 0
0.0080 4813 860 0
0.0081 4907 1102 0
0.0082 4918 517 0
0.0083 4840 922 0
0.0084 4893 1526 0
0.0085 4896 2218 0
0.0085 4896 2218 0
0.0086 4826 630 0
0.0087 4846 875 0
0.0087 4877 1147 0
0.0088 4882 1105 0
0.0089 4871 997 0
0.0089 4864 687 0
0.0090 4913 1072 0
0.0092 4844 815 0
0.0093 4843 959 0
0.0094 4848 979 0
0.0094 4834 1003 0
0.0095 4838 1431 0
0.0096 4855 1301 0
0.0096 4878 884 0
0.0097 4897 209 0
0.0098 4918 1724 0
0.0098 4908 2735 0
0.0100 4913 2123 0
0.0101 4862 1301 0
0.0102 4902 1412 0
0.0106 4929 1420 0
0.0107 4883 1391 0
0.0108 4936 1427 0
0.0109 4885 2469 0
0.0110 4893 1777 0
0.0111 4905 4604 0
0.0112 4808 381 0
0.0112 4855 1200 0
0.0114 4900 2469 0
0.0115 4926 1704 0
0.0118 4885 1930 0
0.0119 4906 2469 0
0.0121 4917 1150 0
0.0121 4843 396 0
0.0128 4949 1795 0
0.0130 4932 2991 0
0.0132 4896 1209 0
0.0133 4958 2336 0
0.0136 4901 741 0
0.0138 4938 1175 0
0.0139 4908 880 0
0.0139 4965 1975 0
0.0140 4930 1202 0
0.0142 4940 905 0
0.0145 4932 1527 0
0.0148 4952 1516 0
0.0149 4956 1266 0
0.0150 4956 2303 0
0.0150 4972 1353 0
0.0152 4946 4561 0
0.0152 4947 1458 0
0.0153 4935 1204 0
0.0154 4972 2552 0
0.0156 4942 1455 0
0.0157 4969 2625 0
0.0159 4950 1705 0
0.0160 4981 2175 0
0.0165 4943 1356 0
0.0166 4964 2358 0
0.0168 4945 1764 0
0.0168 4947 1469 0
0.0170 4946 1989 0
0.0170 4930 1001 0
0.0171 4959 426 0
0.0174 4965 1803 0
0.0178 4977 2413 0
0.0179 4985 2471 0
0.0180 4953 1301 0
0.0181 4990 1998 0
0.0181 4948 2010 0
0.0184 4955 2010 0
0.0186 4986 3056 0
0.0187 4938 888 0
0.0189 4972 1915 0
0.0190 4989 4517 0
0.0191 4977 1607 0
0.0193 4959 1550 0
0.0193 4963 1745 0
0.0195 4940 1877 0
0.0196 4989 4517 0
0.0197 4985 1632 0
0.0197 4998 3318 0
0.0201 4977 2432 0
0.0204 4999 4218 0
0.0206 4971 982 0
0.0211 4994 4536 0
0.0212 5006 3311 0
0.0213 4984 5354 0
0.0213 4988 5397 0
0.0214 5005 999 0
0.0215 4971 2057 0
0.0218 5009 3506 0
0.0219 4991 2057 0
0.0220 4964 1605 0
0.0222 4995 2122 0
0.0223 4989 5691 0
0.0224 4993 1606 0
0.0227 4999 2064 0
0.0229 4997 2347 0
0.0231 4993 1606 0
0.0234 4998 2347 0
0.0235 4987 1179 0
0.0236 5010 2078 0
0.0238 4998 2351 0
0.0238 4997 4646 0
0.0239 5013 3039 0
0.0240 5009 3630 0
0.0242 4994 5460 0
0.0242 5012 4130 0
0.0244 4995 3716 0
0.0245 5019 3832 0
0.0245 4995 4270 0
0.0246 5016 3736 0
0.0251 5024 3835 0
0.0251 5013 3409 0
0.0252 4999 2434 0
0.0259 4997 5463 0
0.0261 4998 5463 0
0.0267 5010 3972 0
0.0274 5000 3759 0
0.0278 5012 2618 0
0.0281 5013 1838 0
0.0282 5019 6927 0
0.0285 5004 5564 0
0.0287 5015 3423 0
0.0287 5012 2428 0
0.0288 5008 5356 0
0.0290 5020 3814 0
0.0291 5012 3996 0
0.0292 5030 4744 0
0.0293 5008 4356 0
0.0295 5019 4882 0
0.0298 5020 6126 0
0.0299 5016 2580 0
0.0299 5020 3890 0
0.0303 5012 4015 0
0.0303 5019 2679 0
0.0304 5018 1966 0
0.0310 5024 4823 0
0.0313 5008 2082 0
0.0316 5025 3913 0
0.0317 5022 6169 0
0.0319 5024 5841 0
0.0324 5027 6953 0
0.0326 5030 5400 0
0.0331 5036 3150 0
0.0339 5019 4325 0
0.0340 5036 4880 0
0.0341 5025 2157 0
0.0342 5025 3058 0
0.0342 5038 3188 0
0.0346 5032 5099 0
0.0349 5029 6665 0
0.0350 5020 4363 0
0.0355 5033 5103 0
0.0360 5042 6638 0
0.0360 5042 3791 0
0.0362 5039 5048 0
0.0365 5035 5739 0
0.0366 5033 2582 0
0.0371 5022 2413 0
0.0371 5042 5048 0
0.0375 5026 4451 0
0.0376 5052 6856 0
0.0377 5030 4932 0
0.0378 5037 3806 0
0.0378 5032 3230 0
0.0381 5027 2603 0
0.0382 5044 3929 0
0.0384 5031 5624 0
0.0384 5030 5262 0
0.0387 5029 4675 0
0.0390 5041 4759 0
0.0392 5043 7841 0
0.0393 5037 4454 0
0.0395 5031 5626 0
0.0396 5042 5881 0
0.0398 5042 4777 0
0.0401 5053 7384 0
0.0402 5041 6993 0
0.0402 5041 4590 0
0.0407 5037 3316 0
0.0410 5031 4471 0
0.0413 5048 4723 0
0.0416 5042 7029 0
0.0418 5047 5188 0
0.0419 5035 4472 0
0.0423 5043 5996 0
0.0425 5040 5102 0
0.0427 5044 4633 0
0.0430 5029 4352 0
0.0434 5039 3790 0
0.0434 5058 7327 0
0.0436 5039 3001 0
0.0447 5044 4661 0
0.0450 5045 4882 0
0.0456 5047 6900 0
0.0457 5043 5208 0
0.0461 5037 5107 0
0.0465 5051 5459 0
0.0468 5039 5128 0
0.0472 5042 4795 0
0.0472 5037 5682 0
0.0476 5050 7376 0
0.0481 5037 9849 0
0.0499 5041 6009 0
0.0500 5051 6510 0
0.1000 5080 22532 0
0.1500 5083 27848 0
0.2000 5086 31762 0
0.2500 5093 38701 0
0.3000 5094 47969 0
0.3500 5095 55209 0
0.4000 5097 60097 0
0.4499 5098 65870 0
0.4999 5102 72981 0
0.5499 5108 78228 0
0.5999 5109 81070 0
0.6499 5109 86378 0
0.6999 5109 92865 0
0.7499 5111 100502 0
0.7999 5111 104113 0
0.8500 5111 109559 0
0.9000 5111 114798 0
0.9500 5112 122877 0
1.0000 5112 128208 0
