341650
0.00011542012927054478 637.57594644506 0.0
0.00023084025854108956 975.4568676716918 0.0
0.00034626038781163435 1516.1296111665006 0.0
0.0004616805170821791 1755.7584615384615 0.0
0.0005771006463527239 2268.3953488372094 0.0
0.0006925207756232687 2546.492537313433 0.0
0.0008079409048938135 2608.742307692308 0.0
0.0009233610341643582 2752.9244444444444 0.0
0.001038781163434903 3078.3675675675677 0.0
0.0011542012927054479 3208.25 0.0
0.0012696214219759926 3316.007299270073 0.0
0.0013850415512465374 3488.219298245614 0.0
0.0015004616805170822 3899.86 0.0
0.001615881809787627 4005.559523809524 0.0
0.0017313019390581717 4198.4731182795695 0.0
0.0018467220683287165 4532.951807228916 0.0
0.0019621421975992612 4586.642857142857 0.0
0.002077562326869806 4798.820895522388 0.0
0.0021929824561403508 5078.9 0.0
0.0023084025854108957 5765.18 0.0
0.0024238227146814403 5289.098039215686 0.0
0.0025392428439519853 4945.815789473684 0.0
0.00265466297322253 5161.772727272727 0.0
0.002770083102493075 6072.727272727273 0.0
0.0028855032317636198 5356.405405405405 0.0
0.0030009233610341643 5805.5526315789475 0.0
0.0031163434903047093 6269.282051282052 0.0
0.003231763619575254 5943.931034482759 0.0
0.003347183748845799 5862.685714285714 0.0
0.0034626038781163434 7366.032258064516 0.0
0.0035780240073868884 6305.111111111111 0.0
0.003693444136657433 7498.5 0.0
0.003808864265927978 7607.066666666667 0.0
0.0039242843951985225 6999.62962962963 0.0
0.004039704524469067 7885.909090909091 0.0
0.004155124653739612 8369.70588235294 0.0
0.004270544783010157 8197.285714285714 0.0
0.0043859649122807015 6746.411764705882 0.0
0.004501385041551247 7555.208333333333 0.0
0.0046168051708217915 7425.48 0.0
0.004732225300092336 7620.304347826087 0.0
0.004847645429362881 7707.2 0.0
0.004963065558633426 8088.142857142857 0.0
0.0050784856879039705 8055.055555555556 0.0
0.005193905817174515 7222.789473684211 0.0
0.00530932594644506 8213.04347826087 0.0
0.005424746075715605 8026.75 0.0
0.00554016620498615 8213.894736842105 0.0
0.005655586334256694 9976.76923076923 0.0
0.0057710064635272396 8989.75 0.0
0.005886426592797784 10175.0 0.0
0.006001846722068329 8881.214285714286 0.0
0.006117266851338873 8111.0 0.0
0.006232686980609419 8158.111111111111 0.0
0.006348107109879963 9629.785714285714 0.0
0.006463527239150508 10300.333333333334 0.0
0.006578947368421052 9508.35294117647 0.0
0.006694367497691598 9631.214285714286 0.0
0.006809787626962142 9701.142857142857 0.0
0.006925207756232687 10190.64705882353 0.0
0.007040627885503232 10191.6 0.0
0.007156048014773777 9478.555555555555 0.0
0.007271468144044321 9487.0 0.0
0.007386888273314866 11031.066666666668 0.0
0.007502308402585411 11296.538461538461 0.0
0.007617728531855956 10305.333333333334 0.0
0.0077331486611265 11635.0 0.0
0.007848568790397045 9921.083333333334 0.0
0.00796398891966759 10245.545454545454 0.0
0.008079409048938134 10907.153846153846 0.0
0.00819482917820868 11175.25 0.0
0.008310249307479225 8711.375 0.0
0.008425669436749769 11486.714285714286 0.0
0.008541089566020314 11095.0 0.0
0.00865650969529086 11866.222222222223 0.0
0.008771929824561403 11009.0 0.0
0.008887349953831948 10519.5 0.0
0.009002770083102494 10187.166666666666 0.0
0.009118190212373038 11884.125 0.0
0.009233610341643583 10951.0 0.0
0.009349030470914127 11723.222222222223 0.0
0.009464450600184672 12207.142857142857 0.0
0.009579870729455217 10652.111111111111 0.0
0.009695290858725761 11017.3 0.0
0.009810710987996307 12501.666666666666 0.0
0.009926131117266852 12859.777777777777 0.0
0.010041551246537396 12362.923076923076 0.0
0.010156971375807941 13324.1 0.0
0.010272391505078486 12475.2 0.0
0.01038781163434903 12692.545454545454 0.0
0.010503231763619576 15566.25 0.0
0.01061865189289012 13611.538461538461 0.0
0.010734072022160665 13990.90909090909 0.0
0.01084949215143121 11184.25 0.0
0.010964912280701754 16187.857142857143 0.0
0.0110803324099723 14076.333333333334 0.0
0.011195752539242845 14836.875 0.0
0.011311172668513388 14092.5 0.0
0.011426592797783934 14140.0 0.0
0.011542012927054479 13127.625 0.0
0.011657433056325023 12717.111111111111 0.0
0.011772853185595568 13004.0 0.0
0.011888273314866112 13701.8 0.0
0.012003693444136657 13703.4 0.0
0.012119113573407203 15225.625 0.0
0.012234533702677746 13953.285714285714 0.0
0.012349953831948292 14622.4 0.0
0.012465373961218837 15978.666666666666 0.0
0.012580794090489381 15533.0 0.0
0.012696214219759926 15770.0 0.0
0.012811634349030472 14067.333333333334 0.0
0.012927054478301015 13602.777777777777 0.0
0.01304247460757156 14688.333333333334 0.0
0.013157894736842105 13961.2 0.0
0.01327331486611265 13416.5 0.0
0.013388734995383195 13400.666666666666 0.0
0.013504155124653739 13803.0 0.0
0.013619575253924284 17631.14285714286 0.0
0.01373499538319483 20386.166666666668 0.0
0.013850415512465374 16353.75 0.0
0.013965835641735919 15159.0 0.0
0.014081255771006464 18729.166666666668 0.0
0.014196675900277008 17261.222222222223 0.0
0.014312096029547553 15113.666666666666 0.0
0.014427516158818097 16017.166666666666 0.0
0.014542936288088643 15628.75 0.0
0.014658356417359188 16063.166666666666 0.0
0.014773776546629732 14625.166666666666 0.0
0.014889196675900277 16746.0 0.0
0.015004616805170823 17098.6 0.0
0.015120036934441366 16999.6 0.0
0.015235457063711912 16696.125 0.0
0.015350877192982455 16753.909090909092 0.0
0.015466297322253 17268.0 0.0
0.015581717451523546 15741.0 0.0
0.01569713758079409 18252.571428571428 0.0
0.015812557710064637 16622.222222222223 0.0
0.01592797783933518 16458.0 0.0
0.016043397968605724 14338.2 0.0
0.016158818097876268 15484.833333333334 0.0
0.016274238227146815 17042.777777777777 0.0
0.01638965835641736 17001.85714285714 0.0
0.016505078485687903 19368.8 0.0
0.01662049861495845 18489.833333333332 0.0
0.016735918744228993 17712.333333333332 0.0
0.016851338873499537 18780.5 0.0
0.016966759002770084 17133.0 0.0
0.017082179132040628 18389.333333333332 0.0
0.01719759926131117 19256.85714285714 0.0
0.01731301939058172 18220.125 0.0
0.017428439519852262 18029.555555555555 0.0
0.017543859649122806 18978.666666666668 0.0
0.017659279778393353 16075.0 0.0
0.017774699907663897 18446.8 0.0
0.01789012003693444 21938.25 0.0
0.018005540166204988 21640.5 0.0
0.01812096029547553 19417.0 0.0
0.018236380424746075 19459.0 0.0
0.018351800554016622 18069.0 0.0
0.018467220683287166 18427.2 0.0
0.01858264081255771 18601.166666666668 0.0
0.018698060941828253 20868.0 0.0
0.0188134810710988 21544.0 0.0
0.018928901200369344 21981.75 0.0
0.019044321329639888 19186.8 0.0
0.019159741458910435 21993.4 0.0
0.01927516158818098 19873.6 0.0
0.019390581717451522 21803.833333333332 0.0
0.01950600184672207 22785.666666666668 0.0
0.019621421975992613 22985.5 0.0
0.019736842105263157 17167.5 0.0
0.019852262234533704 22534.666666666668 0.0
0.019967682363804248 25445.4 0.0
0.02008310249307479 20800.5 0.0
0.02019852262234534 21022.5 0.0
0.020313942751615882 22351.0 0.0
0.020429362880886426 20508.666666666668 0.0
0.020544783010156973 20137.0 0.0
0.020660203139427517 22119.0 0.0
0.02077562326869806 19490.666666666668 0.0
0.020891043397968604 20191.0 0.0
0.02100646352723915 23279.333333333332 0.0
0.021121883656509695 20240.5 0.0
0.02123730378578024 21441.0 0.0
0.021352723915050786 22525.666666666668 0.0
0.02146814404432133 21406.0 0.0
0.021583564173591873 20789.0 0.0
0.02169898430286242 23430.333333333332 0.0
0.021814404432132964 21889.6 0.0
0.021929824561403508 23364.5 0.0
0.022045244690674055 19526.5 0.0
0.0221606648199446 19813.333333333332 0.0
0.022276084949215142 21084.666666666668 0.0
0.02239150507848569 22172.5 0.0
0.022506925207756233 22307.0 0.0
0.022622345337026777 20524.0 0.0
0.022737765466297324 19950.0 0.0
0.023084025854108958 19971.0 0.0
0.023314866112650046 20894.0 0.0
0.02343028624192059 23692.0 0.0
0.023545706371191136 23740.0 0.0
0.02389196675900277 18193.0 0.0
0.024007386888273315 19247.0 0.0
0.02412280701754386 23852.75 0.0
0.024238227146814405 20949.666666666668 0.0
0.02435364727608495 24228.333333333332 0.0
0.024469067405355493 21398.0 0.0
0.02458448753462604 21309.75 0.0
0.024699907663896584 20455.666666666668 0.0
0.024815327793167127 21695.666666666668 0.0
0.024930747922437674 25300.333333333332 0.0
0.025046168051708218 25363.5 0.0
0.025161588180978762 25900.0 0.0
0.02527700831024931 25692.0 0.0
0.025392428439519853 23017.25 0.0
0.025507848568790396 22292.0 0.0
0.025623268698060944 20099.0 0.0
0.025738688827331487 25893.0 0.0
0.02585410895660203 23856.25 0.0
0.025969529085872575 21265.666666666668 0.0
0.02608494921514312 26930.0 0.0
0.026200369344413665 26350.0 0.0
0.026431209602954756 26735.0 0.0
0.0265466297322253 30533.0 0.0
0.026892890120036934 26873.75 0.0
0.027008310249307478 29049.0 0.0
0.027123730378578025 25137.0 0.0
0.02723915050784857 30968.0 0.0
0.027354570637119113 27095.333333333332 0.0
0.02746999076638966 26624.5 0.0
0.027585410895660203 29087.0 0.0
0.027700831024930747 23205.333333333332 0.0
0.027816251154201294 22677.333333333332 0.0
0.027931671283471838 26828.333333333332 0.0
0.02804709141274238 22451.333333333332 0.0
0.02816251154201293 23789.0 0.0
0.028277931671283472 29883.5 0.0
0.028393351800554016 27273.333333333332 0.0
0.02850877192982456 24497.0 0.0
0.028624192059095107 22457.0 0.0
0.02873961218836565 26704.5 0.0
0.028855032317636194 26908.0 0.0
0.02897045244690674 25413.0 0.0
0.029085872576177285 28351.0 0.0
0.02920129270544783 25457.5 0.0
0.029316712834718376 24270.0 0.0
0.02943213296398892 22470.0 0.0
0.029547553093259463 22739.0 0.0
0.030009233610341645 28103.5 0.0
0.03035549399815328 23429.0 0.0
0.031163434903047092 32388.0 0.0
0.03174053554939982 29206.0 0.0
0.03185595567867036 27469.0 0.0
0.031971375807940905 27475.333333333332 0.0
0.03208679593721145 27555.0 0.0
0.03220221606648199 30123.0 0.0
0.032663896583564174 21462.0 0.0
0.03277931671283472 21578.0 0.0
0.03289473684210526 27749.0 0.0
0.033010156971375805 24112.666666666668 0.0
0.033125577100646356 24192.333333333332 0.0
0.0332409972299169 21691.0 0.0
0.03335641735918744 28193.0 0.0
0.03358725761772853 25125.5 0.0
0.033702677746999074 28031.5 0.0
0.033818097876269625 24974.0 0.0
0.03393351800554017 22244.0 0.0
0.03404893813481071 22355.0 0.0
0.034164358264081256 21434.0 0.0
0.0342797783933518 20529.0 0.0
0.03439519852262234 22155.5 0.0
0.03451061865189289 26197.0 0.0
0.03462603878116344 24474.333333333332 0.0
0.03474145891043398 26169.0 0.0
0.034856879039704525 27123.666666666668 0.0
0.03497229916897507 30238.0 0.0
0.03508771929824561 22608.5 0.0
0.035203139427516156 24684.0 0.0
0.035318559556786706 28852.666666666668 0.0
0.03543397968605725 23602.5 0.0
0.035549399815327794 27101.5 0.0
0.03566481994459834 31783.0 0.0
0.035895660203139425 37966.0 0.0
0.036011080332409975 34862.5 0.0
0.036357340720221606 29149.0 0.0
0.03647276084949215 29154.0 0.0
0.037049861495844875 30678.0 0.0
0.03728070175438596 38954.0 0.0
0.037396121883656507 39010.0 0.0
0.03751154201292706 37593.0 0.0
0.0376269621421976 27897.5 0.0
0.037742382271468145 27926.5 0.0
0.03785780240073869 35984.5 0.0
0.03797322253000923 37734.0 0.0
0.038088642659279776 31497.25 0.0
0.038204062788550326 29044.666666666668 0.0
0.03831948291782087 32863.5 0.0
0.038434903047091414 27003.5 0.0
0.03855032317636196 21489.0 0.0
0.0386657433056325 26834.0 0.0
0.038781163434903045 32713.0 0.0
0.038896583564173595 31585.8 0.0
0.03901200369344414 29840.25 0.0
0.03912742382271468 33298.0 0.0
0.039242843951985226 34991.0 0.0
0.03935826408125577 30089.5 0.0
0.039473684210526314 29190.666666666668 0.0
0.03958910433979686 31896.333333333332 0.0
0.03981994459833795 32576.75 0.0
0.039935364727608495 33625.5 0.0
0.04005078485687904 32333.333333333332 0.0
0.04016620498614958 32696.0 0.0
0.040281625115420126 34725.0 0.0
0.04039704524469068 32476.5 0.0
0.04051246537396122 28394.333333333332 0.0
0.040627885503231764 27420.0 0.0
0.04074330563250231 26163.666666666668 0.0
0.04085872576177285 26584.0 0.0
0.040974145891043395 32555.0 0.0
0.041089566020313946 32564.0 0.0
0.04132040627885503 29863.0 0.0
0.04143582640812558 29888.0 0.0
0.04155124653739612 29894.0 0.0
0.0420129270544783 28017.0 0.0
0.04224376731301939 30507.333333333332 0.0
0.04235918744228993 33744.0 0.0
0.04270544783010157 33770.0 0.0
0.0432825484764543 33788.0 0.0
0.04374422899353647 38176.0 0.0
0.043859649122807015 38179.0 0.0
0.043975069252077566 38183.0 0.0
0.04409048938134811 35795.0 0.0
0.04420590951061865 35805.0 0.0
0.0443213296398892 35808.0 0.0
0.044552169898430284 35817.0 0.0
0.04466759002770083 35820.0 0.0
0.04524469067405355 38326.0 0.0
0.046052631578947366 38355.0 0.0
0.04628347183748846 38546.0 0.0
0.046745152354570635 36463.0 0.0
0.04720683287165282 36650.0 0.0
0.047899353647276086 37370.0 0.0
0.04801477377654663 37413.0 0.0
0.04836103416435827 45376.0 0.0
0.05355493998153278 42222.0 0.0
0.054709141274238225 48881.0 0.0
0.05493998153277932 32999.0 0.0
0.05517082179132041 36408.0 0.0
0.055401662049861494 28556.0 0.0
0.055863342566943676 28029.0 0.0
0.05632502308402586 38856.0 0.0
0.0564404432132964 28883.0 0.0
0.056555863342566945 28887.0 0.0
0.05678670360110803 28918.0 0.0
0.056902123730378576 28954.0 0.0
0.05701754385964912 28956.0 0.0
0.05782548476454294 39501.0 0.0
0.05794090489381348 39512.0 0.0
0.058287165281625114 39681.0 0.0
0.058748845798707296 49187.0 0.0
0.05886426592797784 49191.0 0.0
0.05897968605724838 83687.5 0.0
0.05909510618651893 49213.0 0.0
0.05921052631578947 49233.0 0.0
0.05932594644506002 49243.0 0.0
0.059441366574330565 49243.0 0.0
0.05955678670360111 53965.0 0.0
0.059787626962142196 53029.0 0.0
0.06071098799630656 54506.0 0.0
0.06151892890120037 54698.0 0.0
0.061865189289012 39582.0 0.0
0.06325023084025855 30208.0 0.0
0.06348107109879964 40810.0 0.0
0.06371191135734072 40883.0 0.0
0.06382733148661127 40892.0 0.0
0.0762927054478301 72687.0 0.0
0.08125577100646353 55711.0 0.0
0.08137119113573407 55712.0 0.0
0.08160203139427516 55847.0 0.0
0.08206371191135733 55851.0 0.0
0.08252539242843952 55858.0 0.0
0.08264081255771007 55873.0 0.0
0.08275623268698061 56544.0 0.0
0.0829870729455217 56574.0 0.0
0.08310249307479224 56576.0 0.0
0.08321791320406279 56583.0 0.0
0.08344875346260387 57599.0 0.0
0.08621883656509695 58690.0 0.0
0.08933518005540166 62604.0 0.0
0.09626038781163435 67858.0 0.0
0.10203139427516159 70936.0 0.0
0.10226223453370267 70966.0 0.0
0.10364727608494921 59102.0 0.0
0.1038781163434903 59107.0 0.0
0.1141505078485688 76268.0 0.0
0.11588180978762697 76537.0 0.0
0.11772853185595568 76836.0 0.0
0.11795937211449677 76850.0 0.0
0.13227146814404434 79555.0 0.0
0.13238688827331488 79561.0 0.0
0.1329639889196676 79599.0 0.0
0.13307940904893814 79808.0 0.0
0.1352723915050785 160765.0 0.0
0.13885041551246538 71533.0 0.0
0.1394275161588181 71584.0 0.0
0.14265927977839335 83473.0 0.0
0.1427746999076639 83482.0 0.0
0.14289012003693444 83584.0 0.0
0.14300554016620498 83608.0 0.0
0.14312096029547552 83609.0 0.0
0.14323638042474607 83609.0 0.0
0.17970914127423823 100515.0 0.0
0.19298245614035087 91595.0 0.0
0.19909972299168974 93590.0 0.0
0.2079870729455217 93887.0 0.0
0.20856417359187443 94106.0 0.0
0.20879501385041552 94115.0 0.0
0.2265697137580794 97722.0 0.0
0.22691597414589104 97735.0 0.0
0.22737765466297322 97773.0 0.0
0.2276084949215143 97776.0 0.0
0.2278393351800554 97783.0 0.0
0.2283010156971376 97805.0 0.0
0.24295937211449678 110402.0 0.0
0.25427054478301014 105249.0 0.0
0.27827793167128345 121103.0 0.0
0.4113573407202216 162394.0 0.0
0.4533702677746999 156157.0 0.0
0.5466297322253001 263711.0 0.0
1.0 341650.0 0.0
