10265843
0.0001 2324 0 0
0.0001 3353 0 0
0.0002 5549 0 0
0.0003 7894 0 0
0.0003 9905 0 0
0.0004 12034 0 0
0.0005 13116 0 0
0.0006 14370 0 0
0.0006 15776 0 0
0.0007 16904 0 0
0.0008 19023 0 0
0.0008 20391 0 0
0.0009 21264 0 0
0.0010 22975 0 0
0.0010 26033 0 0
0.0011 26509 0 0
0.0012 26933 0 0
0.0012 26709 0 0
0.0013 26822 0 0
0.0014 29338 0 0
0.0015 30508 0 0
0.0015 30047 0 0
0.0016 32741 0 0
0.0017 37314 0 0
0.0017 36409 0 0
0.0018 39355 0 0
0.0019 39202 0 0
0.0019 39439 0 0
0.0020 37977 0 0
0.0021 44301 0 0
0.0021 41499 0 0
0.0022 41092 0 0
0.0023 39361 0 0
0.0024 46469 0 0
0.0024 45714 0 0
0.0025 48166 0 0
0.0026 46210 0 0
0.0026 48179 0 0
0.0027 50640 0 0
0.0028 54694 0 0
0.0028 57416 0 0
0.0029 53035 0 0
0.0030 52855 0 0
0.0030 60075 0 0
0.0031 52013 0 0
0.0032 58395 0 0
0.0033 59814 0 0
0.0033 61141 0 0
0.0034 59603 0 0
0.0035 61387 0 0
0.0035 67917 0 0
0.0036 62653 0 0
0.0037 61563 0 0
0.0037 62702 0 0
0.0038 62208 0 0
0.0039 62258 0 0
0.0039 65303 0 0
0.0040 67943 0 0
0.0041 66850 0 0
0.0042 68697 0 0
0.0042 75511 0 0
0.0043 77778 0 0
0.0044 80729 0 0
0.0044 74834 0 0
0.0045 75004 0 0
0.0046 76796 0 0
0.0046 75395 0 0
0.0047 71136 0 0
0.0048 76143 0 0
0.0048 70092 0 0
0.0049 74617 0 0
0.0050 75610 0 0
0.0051 77319 0 0
0.0051 92685 0 0
0.0052 87908 0 0
0.0053 82890 0 0
0.0053 81987 0 0
0.0054 88535 0 0
0.0055 80023 0 0
0.0055 77477 0 0
0.0056 84438 0 0
0.0057 84503 0 0
0.0057 92780 0 0
0.0058 83766 0 0
0.0059 82149 0 0
0.0060 88826 0 0
0.0060 72015 0 0
0.0061 82238 0 0
0.0062 88961 0 0
0.0062 82467 0 0
0.0063 87856 0 0
0.0064 105002 0 0
0.0064 110751 0 0
0.0065 109717 0 0
0.0066 112983 0 0
0.0067 88151 0 0
0.0067 106651 0 0
0.0068 109263 0 0
0.0069 89835 0 0
0.0069 123438 0 0
0.0070 104777 0 0
0.0071 141600 0 0
0.0071 112519 0 0
0.0072 134444 0 0
0.0073 81773 0 0
0.0073 73428 0 0
0.0074 108048 0 0
0.0075 74195 0 0
0.0076 173151 0 0
0.0076 92038 0 0
0.0077 127155 0 0
0.0078 144643 0 0
0.0079 149241 0 0
0.0080 129667 0 0
0.0080 157933 0 0
0.0081 103567 0 0
0.0082 136116 0 0
0.0082 182260 0 0
0.0083 170432 0 0
0.0084 147892 0 0
0.0085 111350 0 0
0.0087 125428 0 0
0.0088 139481 0 0
0.0089 138695 0 0
0.0089 154524 0 0
0.0091 131945 0 0
0.0091 206969 0 0
0.0092 145475 0 0
0.0093 123960 0 0
0.0094 130304 0 0
0.0095 136655 0 0
0.0096 138242 0 0
0.0096 149224 0 0
0.0097 162734 0 0
0.0098 178797 0 0
0.0099 194967 0 0
0.0100 299990 0 0
0.0100 192338 0 0
0.0101 141147 0 0
0.0102 124986 0 0
0.0103 201903 0 0
0.0104 187815 0 0
0.0105 154867 0 0
0.0106 110468 0 0
0.0107 113455 0 0
0.0107 211885 0 0
0.0110 189492 0 0
0.0111 166890 0 0
0.0112 208347 0 0
0.0112 236415 0 0
0.0114 232467 0 0
0.0116 200351 0 0
0.0117 191337 0 0
0.0118 200804 0 0
0.0120 312242 0 0
0.0122 240222 0 0
0.0124 296589 0 0
0.0125 309845 0 0
0.0125 211071 0 0
0.0128 189817 0 0
0.0131 269491 0 0
0.0133 199016 0 0
0.0134 255580 0 0
0.0136 361436 0 0
0.0137 196990 0 0
0.0138 243241 0 0
0.0140 313896 0 0
0.0141 357017 0 0
0.0142 357850 0 0
0.0145 368167 0 0
0.0146 223839 0 0
0.0150 218846 0 0
0.0152 398215 0 0
0.0155 218309 0 0
0.0157 539310 0 0
0.0159 364744 0 0
0.0159 266120 0 0
0.0161 342379 0 0
0.0163 258828 0 0
0.0167 365807 0 0
0.0168 313697 0 0
0.0169 234268 0 0
0.0170 309546 0 0
0.0176 305049 0 0
0.0177 350668 0 0
0.0183 283962 0 0
0.0184 312986 0 0
0.0186 299870 0 0
0.0189 367984 0 0
0.0190 302567 0 0
0.0193 369294 0 0
0.0197 405048 0 0
0.0200 430113 0 0
0.0202 308424 0 0
0.0204 399586 0 0
0.0206 390834 0 0
0.0211 387763 0 0
0.0213 460158 0 0
0.0214 288606 0 0
0.0216 502677 0 0
0.0220 341703 0 0
0.0222 493188 0 0
0.0223 336509 0 0
0.0227 314211 0 0
0.0229 400870 0 0
0.0231 538997 0 0
0.0232 421690 0 0
0.0235 372588 0 0
0.0236 414777 0 0
0.0239 394490 0 0
0.0240 501130 0 0
0.0241 545059 0 0
0.0244 339679 0 0
0.0245 367615 0 0
0.0252 572818 0 0
0.0256 343992 0 0
0.0257 537559 0 0
0.0261 525175 0 0
0.0265 476230 0 0
0.0269 467423 0 0
0.0272 545362 0 0
0.0273 530164 0 0
0.0276 643784 0 0
0.0281 432990 0 0
0.0281 454980 0 0
0.0282 343517 0 0
0.0287 499071 0 0
0.0291 553770 0 0
0.0294 860194 0 0
0.0296 388413 0 0
0.0303 551560 0 0
0.0305 467525 0 0
0.0310 412371 0 0
0.0312 430510 0 0
0.0314 585584 0 0
0.0315 413945 0 0
0.0317 421256 0 0
0.0319 563350 0 0
0.0319 556296 0 0
0.0324 558199 0 0
0.0330 438277 0 0
0.0331 599031 0 0
0.0332 571222 0 0
0.0338 547626 0 0
0.0346 578124 0 0
0.0349 620143 0 0
0.0351 682215 0 0
0.0352 516604 0 0
0.0357 666055 0 0
0.0360 467388 0 0
0.0365 645397 0 0
0.0369 491893 0 0
0.0372 820800 0 0
0.0374 761461 0 0
0.0377 660644 0 0
0.0378 968834 0 0
0.0383 671418 0 0
0.0384 552117 0 0
0.0389 732845 0 0
0.0390 728796 0 0
0.0396 530755 0 0
0.0398 600613 0 0
0.0408 530352 0 0
0.0409 701241 0 0
0.0410 607293 0 0
0.0417 523958 0 0
0.0418 540272 0 0
0.0420 662608 0 0
0.0421 690289 0 0
0.0424 723529 0 0
0.0425 753227 0 0
0.0428 622631 0 0
0.0431 705150 0 0
0.0463 846777 0 0
0.0470 610255 0 0
0.0479 1096226 0 0
0.0499 875697 0 0
0.0500 783545 0 0
0.1000 1268247 0 0
0.1500 1782503 0 0
0.2001 2358242 0 0
0.2501 2909372 0 0
0.3001 3348729 0 0
0.3501 3902160 0 0
0.4001 4547960 0 0
0.4501 4968767 0 0
0.5001 5450387 0 0
0.5502 5889658 0 0
0.6002 6433759 0 0
0.6502 6908521 0 0
0.7001 7275833 0 0
0.7501 7751848 0 0
0.8002 8234984 0 0
0.8501 8748480 0 0
0.9001 9146196 0 0
0.9501 9848020 0 0
1.0000 10265843 0 0
