21992
0.0001 1387 0 0
0.0001 2243 0 0
0.0002 3267 0 0
0.0003 3913 0 0
0.0003 4555 0 0
0.0004 5139 0 0
0.0005 5557 0 0
0.0006 6142 0 0
0.0006 6532 0 0
0.0007 7063 0 0
0.0008 7370 0 0
0.0008 7755 0 0
0.0009 7828 0 0
0.0010 8231 0 0
0.0010 8787 0 0
0.0011 8840 0 0
0.0012 9252 0 0
0.0012 9347 0 0
0.0013 9757 0 0
0.0014 10100 0 0
0.0015 10058 0 0
0.0015 9915 0 0
0.0016 10380 0 0
0.0017 10333 0 0
0.0017 10875 0 0
0.0018 10842 0 0
0.0019 10994 0 0
0.0019 11446 0 0
0.0020 11274 0 0
0.0021 11462 0 0
0.0021 11692 0 0
0.0022 11621 0 0
0.0023 11938 0 0
0.0024 12228 0 0
0.0024 11602 0 0
0.0025 11900 0 0
0.0026 12285 0 0
0.0026 12615 0 0
0.0027 12530 0 0
0.0028 12851 0 0
0.0028 12791 0 0
0.0029 12602 0 0
0.0030 12427 0 0
0.0030 13399 0 0
0.0031 13372 0 0
0.0032 13549 0 0
0.0033 13616 0 0
0.0033 13461 0 0
0.0034 13141 0 0
0.0035 14008 0 0
0.0035 13285 0 0
0.0036 14195 0 0
0.0037 13549 0 0
0.0037 13471 0 0
0.0038 13617 0 0
0.0039 14071 0 0
0.0039 13885 0 0
0.0040 14068 0 0
0.0041 13821 0 0
0.0042 13920 0 0
0.0042 14243 0 0
0.0043 14434 0 0
0.0044 15548 0 0
0.0044 14578 0 0
0.0045 14305 0 0
0.0046 13839 0 0
0.0046 14801 0 0
0.0047 14354 0 0
0.0048 14599 0 0
0.0048 14374 0 0
0.0049 14715 0 0
0.0050 14615 0 0
0.0051 14633 0 0
0.0051 14845 0 0
0.0052 14915 0 0
0.0053 15401 0 0
0.0053 15625 0 0
0.0054 15832 0 0
0.0055 15400 0 0
0.0055 15367 0 0
0.0056 15878 0 0
0.0057 15399 0 0
0.0057 16008 0 0
0.0058 15671 0 0
0.0059 15661 0 0
0.0060 15153 0 0
0.0060 15715 0 0
0.0061 15379 0 0
0.0062 14124 0 0
0.0062 15880 0 0
0.0063 16061 0 0
0.0064 15764 0 0
0.0064 15066 0 0
0.0065 15671 0 0
0.0066 15747 0 0
0.0067 15509 0 0
0.0067 15542 0 0
0.0068 15727 0 0
0.0069 16884 0 0
0.0069 16486 0 0
0.0071 16560 0 0
0.0071 16893 0 0
0.0072 17075 0 0
0.0073 16496 0 0
0.0073 16588 0 0
0.0074 15637 0 0
0.0075 16349 0 0
0.0076 16279 0 0
0.0076 16273 0 0
0.0077 16521 0 0
0.0078 16182 0 0
0.0078 16980 0 0
0.0079 15745 0 0
0.0080 15957 0 0
0.0082 17413 0 0
0.0082 16078 0 0
0.0083 16939 0 0
0.0084 15921 0 0
0.0085 16270 0 0
0.0087 16620 0 0
0.0089 18707 0 0
0.0089 17841 0 0
0.0090 16337 0 0
0.0091 16892 0 0
0.0091 16944 0 0
0.0093 16737 0 0
0.0094 17568 0 0
0.0094 16750 0 0
0.0096 16105 0 0
0.0097 17148 0 0
0.0098 17312 0 0
0.0099 17470 0 0
0.0100 16501 0 0
0.0101 17191 0 0
0.0103 17624 0 0
0.0105 17214 0 0
0.0106 17917 0 0
0.0107 17475 0 0
0.0109 18223 0 0
0.0110 17125 0 0
0.0111 17437 0 0
0.0112 17409 0 0
0.0115 17415 0 0
0.0116 18997 0 0
0.0118 17695 0 0
0.0121 17840 0 0
0.0123 17396 0 0
0.0124 17591 0 0
0.0125 17523 0 0
0.0129 17880 0 0
0.0130 17406 0 0
0.0131 17965 0 0
0.0132 17400 0 0
0.0133 17922 0 0
0.0136 17444 0 0
0.0139 17804 0 0
0.0139 17866 0 0
0.0140 17982 0 0
0.0141 17362 0 0
0.0143 17388 0 0
0.0145 19257 0 0
0.0145 18255 0 0
0.0150 18179 0 0
0.0152 19582 0 0
0.0154 17657 0 0
0.0155 17490 0 0
0.0158 17915 0 0
0.0163 18170 0 0
0.0164 17775 0 0
0.0165 17762 0 0
0.0166 18252 0 0
0.0166 18231 0 0
0.0167 17894 0 0
0.0168 17980 0 0
0.0170 17929 0 0
0.0172 17845 0 0
0.0174 18304 0 0
0.0175 17957 0 0
0.0177 17994 0 0
0.0178 18503 0 0
0.0179 18084 0 0
0.0181 17942 0 0
0.0183 18585 0 0
0.0184 18408 0 0
0.0184 19706 0 0
0.0189 18125 0 0
0.0190 18146 0 0
0.0190 18090 0 0
0.0192 18474 0 0
0.0193 18174 0 0
0.0196 18339 0 0
0.0197 18220 0 0
0.0198 19746 0 0
0.0199 18555 0 0
0.0200 18264 0 0
0.0201 18275 0 0
0.0202 18596 0 0
0.0206 18038 0 0
0.0206 18388 0 0
0.0208 18319 0 0
0.0209 18412 0 0
0.0215 18424 0 0
0.0218 18725 0 0
0.0218 18635 0 0
0.0219 18520 0 0
0.0221 18482 0 0
0.0222 18683 0 0
0.0224 18334 0 0
0.0224 18785 0 0
0.0226 18567 0 0
0.0232 18589 0 0
0.0233 18550 0 0
0.0237 18491 0 0
0.0239 18294 0 0
0.0241 18413 0 0
0.0242 18456 0 0
0.0246 18598 0 0
0.0249 18322 0 0
0.0249 18536 0 0
0.0250 18361 0 0
0.0255 19596 0 0
0.0256 18430 0 0
0.0257 19925 0 0
0.0261 18762 0 0
0.0263 18384 0 0
0.0266 18858 0 0
0.0267 18611 0 0
0.0272 18640 0 0
0.0272 18622 0 0
0.0274 18755 0 0
0.0275 18560 0 0
0.0276 18680 0 0
0.0276 18508 0 0
0.0277 19969 0 0
0.0279 18759 0 0
0.0284 18532 0 0
0.0285 18790 0 0
0.0287 18732 0 0
0.0288 18720 0 0
0.0290 18848 0 0
0.0292 18756 0 0
0.0294 19054 0 0
0.0296 18715 0 0
0.0299 18865 0 0
0.0301 19148 0 0
0.0301 18776 0 0
0.0302 18767 0 0
0.0303 20027 0 0
0.0305 18905 0 0
0.0308 18652 0 0
0.0310 18705 0 0
0.0314 18955 0 0
0.0317 18676 0 0
0.0326 18808 0 0
0.0328 18967 0 0
0.0330 18908 0 0
0.0335 18924 0 0
0.0336 20090 0 0
0.0338 18744 0 0
0.0339 18897 0 0
0.0339 18707 0 0
0.0342 19005 0 0
0.0343 18704 0 0
0.0346 19521 0 0
0.0347 18800 0 0
0.0349 19090 0 0
0.0350 18922 0 0
0.0353 18925 0 0
0.0357 18886 0 0
0.0359 18751 0 0
0.0360 18902 0 0
0.0363 19248 0 0
0.0365 19748 0 0
0.0366 19123 0 0
0.0370 19076 0 0
0.0371 19042 0 0
0.0371 18866 0 0
0.0372 18997 0 0
0.0376 19061 0 0
0.0377 18954 0 0
0.0384 19042 0 0
0.0386 19820 0 0
0.0388 19197 0 0
0.0390 19057 0 0
0.0398 20171 0 0
0.0400 18836 0 0
0.0401 19084 0 0
0.0402 19125 0 0
0.0402 19285 0 0
0.0403 19008 0 0
0.0404 19036 0 0
0.0405 19000 0 0
0.0407 18975 0 0
0.0408 19313 0 0
0.0418 19060 0 0
0.0419 19913 0 0
0.0421 18910 0 0
0.0423 20200 0 0
0.0426 19142 0 0
0.0434 19096 0 0
0.0439 19958 0 0
0.0443 19118 0 0
0.0444 19105 0 0
0.0449 19198 0 0
0.0450 19126 0 0
0.0454 19045 0 0
0.0458 19362 0 0
0.0463 19324 0 0
0.0464 20643 0 0
0.0473 19044 0 0
0.0475 20071 0 0
0.0499 19761 0 0
0.0500 19343 0 0
0.1000 19693 0 0
0.1500 21251 0 0
0.2001 21370 0 0
0.2500 21482 0 0
0.3000 21542 0 0
0.3500 21593 0 0
0.4000 21636 0 0
0.4501 21665 0 0
0.5001 21693 0 0
0.5501 21710 0 0
0.6001 21718 0 0
0.6501 21734 0 0
0.7001 21758 0 0
0.7501 21768 0 0
0.8001 21782 0 0
0.8501 21802 0 0
0.9001 21811 0 0
0.9501 21980 0 0
1.0000 21992 0 0
