692037
0.00011542012927054478 778.1668975069252 85.49307479224376
0.00023084025854108956 1115.9664783427495 144.57175141242936
0.00034626038781163435 1892.9345794392523 224.30529595015577
0.0004616805170821791 2029.4077519379846 298.34728682170544
0.0005771006463527239 2951.311435523114 449.4111922141119
0.0006925207756232687 3275.4608695652173 534.6492753623188
0.0008079409048938135 3603.5636363636363 500.3309090909091
0.0009233610341643582 3659.5 529.1205357142857
0.001038781163434903 4214.682352941177 679.7764705882353
0.0011542012927054479 4640.837037037037 1016.7185185185185
0.0012696214219759926 4733.618705035971 693.7338129496403
0.0013850415512465374 5239.642857142857 821.8125
0.0015004616805170822 5137.6435643564355 773.5346534653465
0.001615881809787627 6003.717647058824 934.7882352941176
0.0017313019390581717 5888.974683544304 1147.3544303797469
0.0018467220683287165 6859.597222222223 1366.3055555555557
0.0019621421975992612 7178.878787878788 1664.8333333333333
0.002077562326869806 6456.523809523809 1036.142857142857
0.0021929824561403508 6387.932203389831 1036.915254237288
0.0023084025854108957 6659.6140350877195 1366.1754385964912
0.0024238227146814403 6716.05 1211.05
0.0025392428439519853 8325.047619047618 1535.9285714285713
0.00265466297322253 8163.023809523809 1688.2619047619048
0.002770083102493075 8099.45 1686.15
0.0028855032317636198 8491.76923076923 1461.7179487179487
0.0030009233610341643 8426.8 1804.8
0.0031163434903047093 10957.117647058823 1848.3529411764705
0.003231763619575254 9078.864864864865 1884.837837837838
0.003347183748845799 7845.928571428572 1767.9642857142858
0.0034626038781163434 8195.08695652174 1896.4347826086957
0.0035780240073868884 8626.7 1763.0666666666666
0.003693444136657433 9255.095238095239 2247.8571428571427
0.003808864265927978 10004.08695652174 2297.3478260869565
0.0039242843951985225 9096.0 2596.6875
0.004039704524469067 11712.88 2295.12
0.004155124653739612 10120.0 3307.695652173913
0.004270544783010157 11878.25 3420.1875
0.0043859649122807015 10844.565217391304 2657.8260869565215
0.004501385041551247 11836.5 3583.2272727272725
0.0046168051708217915 10237.130434782608 2199.6521739130435
0.004732225300092336 14290.733333333334 3012.8
0.004847645429362881 11708.1 3123.65
0.004963065558633426 14578.944444444445 4172.833333333333
0.0050784856879039705 14505.15 3758.75
0.005193905817174515 13018.916666666666 3370.1666666666665
0.00530932594644506 12958.882352941177 3483.529411764706
0.005424746075715605 11742.478260869566 3083.478260869565
0.00554016620498615 9903.25 2352.2
0.005655586334256694 10394.0 2505.625
0.0057710064635272396 11583.058823529413 2721.235294117647
0.005886426592797784 12426.111111111111 2207.0
0.006001846722068329 13832.153846153846 2821.076923076923
0.006117266851338873 12916.733333333334 2685.6666666666665
0.006232686980609419 13504.857142857143 2828.0714285714284
0.006348107109879963 12615.866666666667 2452.2
0.006463527239150508 16839.875 3654.75
0.006578947368421052 11790.176470588236 2818.529411764706
0.006694367497691598 14501.25 3884.5625
0.006809787626962142 11319.1 2497.6
0.006925207756232687 15725.333333333334 4076.5
0.007040627885503232 16358.9 6143.3
0.007156048014773777 19133.88888888889 5131.333333333333
0.007271468144044321 15848.444444444445 4418.555555555556
0.007386888273314866 14883.90909090909 5721.636363636364
0.007502308402585411 17490.0 7598.333333333333
0.007617728531855956 13568.818181818182 6374.454545454545
0.0077331486611265 15605.0 4772.384615384615
0.007848568790397045 15385.25 6615.25
0.00796398891966759 16173.727272727272 4977.363636363636
0.008079409048938134 14823.888888888889 5408.666666666667
0.00819482917820868 19059.375 6402.625
0.008310249307479225 18079.166666666668 7599.666666666667
0.008425669436749769 18959.222222222223 6522.333333333333
0.008541089566020314 16410.125 5282.125
0.00865650969529086 17646.666666666668 4477.555555555556
0.008771929824561403 16817.0 3435.4285714285716
0.008887349953831948 22668.375 7437.375
0.009002770083102494 17554.875 5062.75
0.009118190212373038 17579.0 5405.272727272727
0.009233610341643583 16946.166666666668 3766.6666666666665
0.009349030470914127 12433.0 3601.8
0.009464450600184672 22375.666666666668 5856.5
0.009579870729455217 17006.11111111111 5938.333333333333
0.009695290858725761 15888.6 4714.2
0.009810710987996307 17113.8 6395.6
0.009926131117266852 23876.166666666668 10168.333333333334
0.010041551246537396 18459.0 6992.625
0.010156971375807941 13093.0 4465.0
0.010272391505078486 16471.6 6304.2
0.01038781163434903 14416.2 5235.4
0.010503231763619576 17854.25 5793.75
0.01061865189289012 18667.666666666668 6791.333333333333
0.010734072022160665 19319.8 8188.4
0.01084949215143121 18348.25 8186.25
0.010964912280701754 19863.333333333332 7493.0
0.0110803324099723 17518.0 5065.5
0.011195752539242845 16855.333333333332 5342.666666666667
0.011311172668513388 19194.6 6633.1
0.011426592797783934 20596.14285714286 6466.714285714285
0.011542012927054479 19316.0 6805.0
0.011657433056325023 18680.0 6064.0
0.011772853185595568 21729.4 8365.2
0.011888273314866112 24327.75 7563.5
0.012003693444136657 27021.714285714286 8949.42857142857
0.012119113573407203 30124.6 8492.8
0.012234533702677746 29267.1 9054.3
0.012349953831948292 22536.2 4753.4
0.012465373961218837 30963.333333333332 17695.666666666668
0.012580794090489381 28714.444444444445 13218.888888888889
0.012696214219759926 25124.0 7514.8
0.012811634349030472 22743.333333333332 6675.0
0.012927054478301015 26436.0 6037.833333333333
0.01304247460757156 27682.6 14236.4
0.013157894736842105 26860.333333333332 15907.333333333334
0.01327331486611265 23935.0 12405.75
0.013388734995383195 19215.0 5040.0
0.013504155124653739 18980.0 11093.6
0.013619575253924284 16132.333333333334 3681.6666666666665
0.01373499538319483 20862.5 12247.833333333334
0.013965835641735919 27232.4 15815.2
0.014081255771006464 20078.0 8552.666666666666
0.014196675900277008 23686.75 6763.75
0.014312096029547553 31711.8 6595.2
0.014427516158818097 20023.75 8574.75
0.014542936288088643 25328.0 9116.333333333334
0.014658356417359188 23023.666666666668 8489.5
0.014773776546629732 26528.25 9482.75
0.014889196675900277 27122.8 11477.4
0.015004616805170823 29238.666666666668 10048.666666666666
0.015120036934441366 29384.0 10958.75
0.015235457063711912 24588.666666666668 9254.0
0.015350877192982455 20263.4 5725.4
0.015466297322253 24102.5 6696.0
0.015581717451523546 21641.0 2220.0
0.01569713758079409 19617.0 5717.666666666667
0.015812557710064637 23777.5 7667.333333333333
0.01592797783933518 28768.25 9094.25
0.016043397968605724 24204.166666666668 6561.333333333333
0.016158818097876268 30614.166666666668 8040.666666666667
0.016274238227146815 21842.0 6387.0
0.01638965835641736 21635.5 8249.25
0.016505078485687903 26379.0 9735.5
0.01662049861495845 20087.0 5522.333333333333
0.016735918744228993 23198.0 8045.5
0.016851338873499537 22228.571428571428 7476.714285714285
0.016966759002770084 19744.25 5274.5
0.017082179132040628 24546.666666666668 6958.833333333333
0.01719759926131117 29747.666666666668 7752.0
0.01731301939058172 24071.333333333332 3302.0
0.017428439519852262 29608.0 9548.0
0.017543859649122806 26461.0 5947.5
0.017659279778393353 26436.5 10595.75
0.017774699907663897 23728.0 7144.4
0.01789012003693444 24152.333333333332 11958.666666666666
0.018005540166204988 24137.666666666668 9085.444444444445
0.01812096029547553 22638.6 7547.4
0.018236380424746075 23270.5 7858.166666666667
0.018351800554016622 30653.333333333332 9044.833333333334
0.018467220683287166 25248.333333333332 8581.666666666666
0.01858264081255771 26652.666666666668 10082.666666666666
0.018698060941828253 27238.25 10476.75
0.0188134810710988 25400.0 8119.5
0.018928901200369344 28809.333333333332 11437.666666666666
0.019044321329639888 24432.0 8993.0
0.019159741458910435 30229.0 9834.0
0.01927516158818098 25737.333333333332 8610.0
0.019390581717451522 26830.4 9858.4
0.01950600184672207 25964.0 10778.0
0.019621421975992613 28286.5 9722.25
0.019736842105263157 26910.0 10627.6
0.019852262234533704 26066.0 9706.0
0.019967682363804248 24262.0 8187.75
0.02008310249307479 22653.0 7068.0
0.02019852262234534 25199.4 9540.6
0.020313942751615882 23864.75 9060.5
0.020429362880886426 24995.0 8378.666666666666
0.020544783010156973 22489.0 8497.5
0.020660203139427517 27986.5 9571.0
0.02077562326869806 25937.666666666668 20842.333333333332
0.020891043397968604 27635.4 17048.0
0.02100646352723915 27231.75 19007.75
0.021121883656509695 28034.75 17409.5
0.02123730378578024 30268.5 11539.0
0.021352723915050786 27234.666666666668 11121.333333333334
0.02146814404432133 26853.25 9014.0
0.021583564173591873 31775.0 10072.0
0.02169898430286242 35124.5 12274.0
0.021814404432132964 33539.666666666664 9809.0
0.021929824561403508 31781.0 7336.0
0.022045244690674055 47904.5 11602.5
0.0221606648199446 32592.333333333332 10252.333333333334
0.022276084949215142 30698.75 9751.75
0.022506925207756233 30181.5 10811.0
0.022622345337026777 34735.5 14761.25
0.022737765466297324 37019.333333333336 16365.666666666666
0.022853185595567867 36114.666666666664 15638.333333333334
0.02296860572483841 40867.0 16999.666666666668
0.023084025854108958 37788.0 13388.5
0.023199445983379502 38455.5 14120.5
0.02343028624192059 37271.0 14916.0
0.02366112650046168 37399.0 14927.0
0.023776546629732224 35089.333333333336 13616.333333333334
0.02389196675900277 41489.0 13288.5
0.024007386888273315 45098.0 18852.0
0.02412280701754386 45112.0 18852.0
0.024238227146814405 36939.0 14241.0
0.024469067405355493 37933.0 15014.0
0.02458448753462604 37954.0 15017.0
0.024699907663896584 36372.0 13581.0
0.024815327793167127 40944.0 11927.0
0.024930747922437674 73415.0 21049.0
0.025046168051708218 49352.0 16578.0
0.025161588180978762 73599.0 21070.0
0.025392428439519853 55148.333333333336 17497.333333333332
0.025507848568790396 32498.0 13079.0
0.025623268698060944 73898.0 21099.0
0.025738688827331487 59320.0 18539.0
0.02585410895660203 53418.5 26786.5
0.02608494921514312 47561.0 35099.0
0.026200369344413665 43066.0 25284.0
0.026431209602954756 39947.0 21840.333333333332
0.0265466297322253 41657.5 15386.0
0.026662049861495844 40146.0 16599.0
0.02677746999076639 43699.333333333336 21968.0
0.026892890120036934 38347.333333333336 26248.0
0.027008310249307478 44257.333333333336 22469.0
0.027123730378578025 40355.0 17109.0
0.027354570637119113 59544.5 18201.0
0.02746999076638966 46698.5 20238.0
0.027585410895660203 63836.0 23461.666666666668
0.027700831024930747 51041.333333333336 17263.666666666668
0.027816251154201294 48849.25 27574.0
0.027931671283471838 61537.5 24486.5
0.02804709141274238 57469.5 21333.0
0.02816251154201293 43050.0 18690.25
0.028277931671283472 43924.0 18583.0
0.028393351800554016 56764.0 19217.0
0.028624192059095107 59091.0 19528.0
0.02873961218836565 43334.666666666664 19623.666666666668
0.028855032317636194 75320.0 23191.0
0.02897045244690674 51453.333333333336 19302.0
0.029085872576177285 49510.5 18503.75
0.02920129270544783 54182.333333333336 22080.666666666668
0.029316712834718376 42882.0 17788.0
0.029547553093259463 43041.5 17797.5
0.02966297322253001 60292.0 19700.5
0.029778393351800554 45137.0 16173.0
0.029893813481071098 42410.0 18030.5
0.030009233610341645 45381.0 16267.0
0.03012465373961219 57596.5 21562.0
0.030240073868882732 44420.333333333336 18981.666666666668
0.03035549399815328 47159.0 22027.5
0.030470914127423823 46712.0 18525.5
0.030586334256694367 45663.0 21261.25
0.03070175438596491 40311.0 20206.0
0.030932594644506 43127.0 18999.0
0.031048014773776545 48919.0 27804.0
0.031163434903047092 47321.0 19385.5
0.031278855032317636 43246.0 19283.5
0.03139427516158818 50696.5 22319.0
0.03150969529085872 54148.333333333336 22872.0
0.031625115420129274 48721.0 22043.0
0.03174053554939982 55039.666666666664 24251.0
0.03185595567867036 48738.0 22043.0
0.031971375807940905 58225.0 25355.0
0.03208679593721145 53428.333333333336 33170.666666666664
0.03220221606648199 55380.0 35832.5
0.032317636195752536 66929.0 22919.0
0.03254847645429363 66935.0 22919.0
0.032663896583564174 57035.5 20794.5
0.03277931671283472 67381.0 23081.0
0.03289473684210526 67385.0 23081.0
0.033010156971375805 67386.0 23081.0
0.033125577100646356 67387.0 23084.0
0.03347183748845799 47305.0 19296.0
0.03358725761772853 52394.0 29117.0
0.033702677746999074 52400.0 29117.0
0.033818097876269625 53010.0 29135.0
0.03393351800554017 54118.0 21652.0
0.03404893813481071 54123.0 21652.0
0.034164358264081256 54136.0 21658.0
0.0342797783933518 49864.5 35785.5
0.03439519852262234 54194.0 21672.0
0.03451061865189289 51977.5 30144.0
0.03462603878116344 51128.0 36020.5
0.034856879039704525 51372.5 36191.5
0.03508771929824561 55482.0 21788.0
0.035203139427516156 102929.0 32725.0
0.035318559556786706 78139.0 31221.5
0.03543397968605725 102975.0 32967.0
0.03566481994459834 75690.0 41997.0
0.03578024007386888 78443.5 31931.5
0.036703601108033244 106307.0 35272.0
0.03681902123730379 106317.0 35272.0
0.03693444136657433 106328.0 35272.0
0.037396121883656507 34808.0 10098.0
0.03751154201292706 43486.0 31541.0
0.0376269621421976 37211.0 10784.0
0.037742382271468145 39770.0 16793.5
0.03785780240073869 46102.5 37562.5
0.03797322253000923 38344.0 14296.5
0.038088642659279776 40911.5 20303.0
0.038204062788550326 37428.0 10926.0
0.03855032317636196 47803.0 23944.0
0.0386657433056325 47833.0 23946.5
0.038781163434903045 79950.0 30334.5
0.03901200369344414 39913.0 18169.0
0.039242843951985226 79526.0 28767.0
0.03935826408125577 79529.0 28767.0
0.03958910433979686 40011.0 18263.0
0.03970452446906741 93325.0 32283.0
0.03981994459833795 94273.5 33126.5
0.039935364727608495 108704.0 37416.0
0.04005078485687904 45065.0 28592.0
0.04016620498614958 45338.0 28724.0
0.04039704524469068 52019.0 39834.0
0.040627885503231764 47232.0 29123.0
0.04074330563250231 52139.0 39873.0
0.04085872576177285 52151.0 39880.0
0.040974145891043395 46615.0 29116.0
0.041089566020313946 52157.0 39880.0
0.04120498614958449 40491.0 18345.0
0.04132040627885503 52164.0 39888.0
0.04143582640812558 45991.0 15655.0
0.04155124653739612 52329.0 39937.0
0.041666666666666664 46012.0 15657.0
0.04189750692520776 47485.0 16434.0
0.0420129270544783 53590.0 25186.0
0.04224376731301939 57579.0 19950.5
0.04235918744228993 57595.0 19955.0
0.04270544783010157 47615.0 16531.0
0.042820867959372115 47618.0 16531.0
0.043167128347183746 67256.5 27916.5
0.0432825484764543 67269.0 27931.5
0.04339796860572484 68153.0 23602.0
0.04362880886426593 72757.0 35068.5
0.04420590951061865 50403.5 29044.5
0.04443674976915974 52139.5 36169.5
0.04466759002770083 52158.0 36172.0
0.04478301015697138 51387.0 31994.0
0.04489843028624192 53121.5 32535.5
0.045013850415512466 53173.0 32808.5
0.04524469067405355 53188.0 32808.5
0.0453601108033241 51464.0 32525.0
0.045706371191135735 54999.0 33354.0
0.04593721144967682 52370.5 25835.0
0.04628347183748846 51608.0 32586.0
0.046398891966759004 71459.0 32939.0
0.04651431209602955 50538.5 23815.0
0.04662973222530009 47648.0 27488.5
0.046745152354570635 69474.0 24326.0
0.04686057248384118 52555.0 31575.0
0.04697599261311173 49826.0 29654.0
0.04709141274238227 49837.0 29654.0
0.04732225300092336 55518.0 56239.0
0.047437673130193904 69521.0 24391.0
0.04755309325946445 66909.0 33866.0
0.047668513388735 56409.0 56591.0
0.04778393351800554 56962.333333333336 39089.0
0.047899353647276086 60156.75 35427.25
0.04801477377654663 70752.0 25118.0
0.04813019390581717 57587.0 57212.0
0.04824561403508772 71242.0 25526.0
0.04847645429362881 71513.0 27341.0
0.048591874422899355 69319.0 30635.0
0.0487072945521699 69320.5 30635.0
0.04882271468144044 69339.0 30643.5
0.04905355493998153 67224.0 34126.0
0.04916897506925208 71701.0 27433.0
0.049284395198522624 71701.0 27433.0
0.04939981532779317 71715.0 27470.0
0.05043859649122807 71642.0 33645.0
0.05055401662049862 71285.0 39600.0
0.05101569713758079 72056.0 27690.0
0.05274699907663897 51748.0 35609.0
0.052977839335180056 51849.0 35737.0
0.0530932594644506 51851.0 35737.0
0.053208679593721143 54677.5 35060.5
0.05390120036934441 72319.0 40294.0
0.054016620498614956 72347.0 40434.0
0.0541320406278855 72359.0 40434.0
0.05505540166204986 124349.0 33162.0
0.05563250230840259 58399.0 47820.0
0.055863342566943676 92465.0 37198.0
0.05609418282548476 92509.0 37215.0
0.05632502308402586 92516.0 37215.0
0.0564404432132964 93084.0 37420.0
0.056555863342566945 65184.0 31705.0
0.05678670360110803 58604.0 47842.0
0.057248384118190214 60168.0 59955.0
0.05736380424746076 60170.0 59955.0
0.0574792243767313 60187.0 59955.0
0.057594644506001845 65320.0 31728.0
0.05771006463527239 65321.0 31729.0
0.058287165281625114 58689.0 47894.0
0.05863342566943675 60345.0 60078.0
0.05886426592797784 65840.0 32036.0
0.05897968605724838 62288.5 39970.5
0.05909510618651893 59680.0 53997.5
0.05921052631578947 65852.0 32036.0
0.05932594644506002 65859.0 32039.0
0.059441366574330565 61864.0 60164.0
0.05955678670360111 62794.0 42973.666666666664
0.05967220683287165 62039.5 49057.0
0.059787626962142196 63406.5 34597.5
0.05990304709141274 65954.0 32094.0
0.06001846722068329 60949.0 37130.0
0.060133887349953834 63468.5 34701.5
0.06024930747922438 63471.5 34701.5
0.06036472760849492 61019.0 37253.0
0.060941828254847646 59924.5 27277.5
0.06105724838411819 66087.0 32204.0
0.06128808864265928 66346.0 34033.0
0.06151892890120037 64953.0 38589.0
0.061634349030470915 64956.0 38589.0
0.061865189289012 65504.0 38639.0
0.06463527239150507 107455.0 37677.0
0.06590489381348107 87927.0 51384.5
0.06602031394275161 65470.0 49805.0
0.06775161588180979 130990.0 95898.0
0.0685595567867036 78298.0 45815.0
0.08471837488457987 118976.0 52601.0
0.08506463527239151 118983.0 52601.0
0.09349030470914127 153893.0 74391.0
0.09533702677747 95598.0 57935.0
0.09556786703601108 95645.0 58001.0
0.09579870729455217 95656.0 58026.0
0.09637580794090489 95926.0 58033.0
0.09683748845798708 100516.0 58059.0
0.09695290858725762 100601.0 58113.0
0.09764542936288088 133152.0 74193.0
0.09810710987996306 133224.0 74232.0
0.09833795013850416 133377.0 74650.0
0.10133887349953832 151328.0 65748.0
0.10457063711911357 138854.0 77265.0
0.1053785780240074 106759.0 61085.0
0.10549399815327794 106796.0 61130.0
0.10560941828254848 225712.0 72836.0
0.11922899353647276 98660.0 84181.0
0.12823176361957525 113316.0 106828.0
0.14785318559556787 178752.0 84064.0
0.16585872576177285 173166.0 111298.0
0.17024469067405357 293041.0 110513.0
0.19598337950138503 199535.0 202726.0
0.2593490304709141 280110.0 185689.0
0.26708217913204063 232457.0 168245.0
0.3202908587257618 297097.0 208040.0
0.3666897506925208 352596.0 259228.0
0.4373268698060942 410751.0 278758.0
0.5626731301939059 470196.0 461954.0
1.0 692037.0 740712.0
