10114
0.00011542012927054478 1004.8132502308403 167.9862650046168
0.00023084025854108956 1540.3755102040816 297.9942857142857
0.00034626038781163435 2154.3959296947273 436.64662349676223
0.0004616805170821791 2677.1870967741934 563.075806451613
0.0005771006463527239 3001.1299559471368 778.7973568281939
0.0006925207756232687 3297.005235602094 1022.7015706806283
0.0008079409048938135 3757.6768707482993 1331.3401360544217
0.0009233610341643582 3859.5502183406115 1372.2183406113538
0.001038781163434903 4238.326203208556 1281.673796791444
0.0011542012927054479 4298.551948051948 1518.2792207792209
0.0012696214219759926 4615.562962962963 2824.0444444444443
0.0013850415512465374 4617.240740740741 1828.7777777777778
0.0015004616805170822 4906.8494623655915 1691.3978494623657
0.001615881809787627 4782.086021505376 1681.720430107527
0.0017313019390581717 5201.541666666667 2945.652777777778
0.0018467220683287165 5336.035294117647 1997.3058823529411
0.0019621421975992612 5351.106666666667 2667.0933333333332
0.002077562326869806 5672.55 2956.883333333333
0.0021929824561403508 5563.127272727273 2318.818181818182
0.0023084025854108957 5704.672131147541 4221.622950819672
0.0024238227146814403 5551.25 3330.840909090909
0.0025392428439519853 5847.977777777778 4192.4
0.00265466297322253 6161.561403508772 5246.017543859649
0.002770083102493075 5960.450980392156 2835.1176470588234
0.0028855032317636198 6102.594594594595 3342.891891891892
0.0030009233610341643 5962.612903225807 2652.3548387096776
0.0031163434903047093 6394.857142857143 3280.3214285714284
0.003231763619575254 6019.266666666666 3130.9
0.003347183748845799 6286.076923076923 2796.9615384615386
0.0034626038781163434 6409.2692307692305 3575.3846153846152
0.0035780240073868884 6548.583333333333 3984.25
0.003693444136657433 6541.172413793103 3909.8275862068967
0.003808864265927978 6703.076923076923 3962.5384615384614
0.0039242843951985225 6714.517241379311 4455.689655172414
0.004039704524469067 6857.538461538462 3935.230769230769
0.004155124653739612 6862.9 3847.05
0.004270544783010157 7174.238095238095 4585.428571428572
0.0043859649122807015 7387.277777777777 5410.388888888889
0.004501385041551247 7279.9047619047615 5107.190476190476
0.0046168051708217915 7317.294117647059 8366.235294117647
0.004732225300092336 7138.055555555556 5093.666666666667
0.004847645429362881 7126.055555555556 4690.0
0.004963065558633426 7230.444444444444 5260.0
0.0050784856879039705 7305.764705882353 6647.117647058823
0.005193905817174515 7566.714285714285 10817.714285714286
0.00530932594644506 7141.142857142857 6806.857142857143
0.005424746075715605 7431.235294117647 6554.529411764706
0.00554016620498615 7441.529411764706 5092.411764705882
0.005655586334256694 7051.117647058823 4830.941176470588
0.0057710064635272396 7205.631578947368 5666.8421052631575
0.005886426592797784 7513.8125 6291.5
0.006001846722068329 7684.444444444444 7426.5
0.006117266851338873 7606.882352941177 7147.058823529412
0.006232686980609419 7797.9375 7561.4375
0.006348107109879963 8085.5 12420.7
0.006463527239150508 7596.0 7538.6
0.006578947368421052 7914.111111111111 9548.0
0.006694367497691598 8047.25 10493.166666666666
0.006809787626962142 7870.3 10245.5
0.006925207756232687 7524.0 8968.0
0.007040627885503232 7756.7692307692305 9178.0
0.007156048014773777 7965.222222222223 11579.111111111111
0.007271468144044321 7827.888888888889 9721.666666666666
0.007386888273314866 7727.857142857143 9057.714285714286
0.007502308402585411 7787.333333333333 9712.444444444445
0.007617728531855956 7746.0 9406.0
0.0077331486611265 7956.428571428572 7519.0
0.007848568790397045 7823.0 15501.666666666666
0.00796398891966759 7988.333333333333 9159.888888888889
0.008079409048938134 7915.111111111111 10971.888888888889
0.00819482917820868 7952.583333333333 14904.666666666666
0.008310249307479225 7913.666666666667 10785.777777777777
0.008425669436749769 7831.625 10273.0
0.008541089566020314 8231.333333333334 15753.666666666666
0.00865650969529086 8036.3 11405.4
0.008771929824561403 8270.4 14021.9
0.008887349953831948 8158.25 13474.0
0.009002770083102494 8168.111111111111 15390.111111111111
0.009118190212373038 7978.333333333333 8995.666666666666
0.009233610341643583 8145.75 10948.125
0.009349030470914127 8250.888888888889 11948.888888888889
0.009464450600184672 8193.57142857143 10232.714285714286
0.009579870729455217 8358.09090909091 12427.363636363636
0.009695290858725761 8468.0 14097.75
0.009810710987996307 8211.8 12707.8
0.009926131117266852 8157.857142857143 11716.857142857143
0.010041551246537396 8029.444444444444 8380.111111111111
0.010156971375807941 8321.75 12633.25
0.010272391505078486 8270.888888888889 12568.777777777777
0.01038781163434903 8492.5 18971.125
0.010503231763619576 8246.1 13515.8
0.01061865189289012 8225.125 14894.0
0.010734072022160665 8307.857142857143 15301.714285714286
0.01084949215143121 8219.42857142857 12441.285714285714
0.010964912280701754 7968.333333333333 10223.0
0.0110803324099723 8500.25 21754.125
0.011195752539242845 8262.25 10447.125
0.011311172668513388 8376.0 13579.166666666666
0.011426592797783934 8158.75 9509.5
0.011542012927054479 8416.25 12456.5
0.011657433056325023 8532.6 17453.6
0.011772853185595568 8422.0 13014.0
0.011888273314866112 8263.0 12631.0
0.012003693444136657 8315.0 9769.666666666666
0.012119113573407203 8243.25 12780.0
0.012234533702677746 8573.5 14121.0
0.012349953831948292 8301.0 6707.0
0.012465373961218837 8779.666666666666 17921.0
0.012580794090489381 8665.125 19030.5
0.012696214219759926 8561.2 13825.4
0.012811634349030472 8684.75 16125.5
0.012927054478301015 8561.25 14386.25
0.01304247460757156 8526.714285714286 16813.571428571428
0.013157894736842105 8590.333333333334 15190.666666666666
0.01327331486611265 8646.0 17386.166666666668
0.013388734995383195 8663.333333333334 16128.666666666666
0.013504155124653739 8752.8 18227.2
0.013619575253924284 8706.5 17796.0
0.01373499538319483 8521.5 14262.5
0.013850415512465374 8600.333333333334 17624.333333333332
0.013965835641735919 9131.0 26577.0
0.014081255771006464 8546.333333333334 14846.333333333334
0.014196675900277008 8695.5 17980.5
0.014312096029547553 8788.5 20764.5
0.014427516158818097 8965.8 25759.0
0.014542936288088643 8603.333333333334 16476.666666666668
0.014658356417359188 8652.0 19757.2
0.014773776546629732 8717.333333333334 16861.333333333332
0.014889196675900277 8831.0 17291.0
0.015004616805170823 8604.8 13895.2
0.015120036934441366 8311.666666666666 6935.333333333333
0.015235457063711912 8651.2 17300.2
0.015350877192982455 8661.833333333334 19401.0
0.015466297322253 8484.75 12861.75
0.015581717451523546 8776.0 19710.2
0.01569713758079409 8911.0 25121.0
0.015812557710064637 9039.0 39070.0
0.01592797783933518 8745.0 20650.0
0.016043397968605724 8540.5 11063.0
0.016158818097876268 8682.6 20017.4
0.016274238227146815 8611.333333333334 16687.666666666668
0.01638965835641736 9106.0 22778.0
0.016505078485687903 8758.0 22419.5
0.01662049861495845 8697.5 13092.0
0.016735918744228993 8735.333333333334 18990.333333333332
0.016851338873499537 8799.666666666666 21267.333333333332
0.016966759002770084 8876.5 25876.0
0.017082179132040628 8860.666666666666 21159.666666666668
0.01719759926131117 8862.666666666666 21173.0
0.01731301939058172 8748.333333333334 14841.666666666666
0.017428439519852262 8903.5 21794.0
0.017659279778393353 8726.0 12580.0
0.017774699907663897 8904.0 19238.333333333332
0.01789012003693444 8844.0 13978.333333333334
0.018005540166204988 8827.0 15556.75
0.01812096029547553 8859.5 18878.0
0.018236380424746075 8759.0 20325.0
0.018351800554016622 8848.5 16697.5
0.018467220683287166 8886.0 16485.5
0.01858264081255771 8875.0 17986.25
0.018698060941828253 8830.0 17249.0
0.0188134810710988 9083.0 21710.5
0.019044321329639888 9048.0 20594.0
0.019159741458910435 9058.0 21078.0
0.01927516158818098 8875.0 36750.0
0.019390581717451522 8971.0 28948.0
0.019621421975992613 8787.0 20820.0
0.019736842105263157 8923.5 21119.0
0.019852262234533704 8800.0 20954.0
0.019967682363804248 9063.0 21363.0
0.02008310249307479 9065.0 21367.0
0.02019852262234534 9068.0 21631.0
0.020429362880886426 9062.0 32705.5
0.020544783010156973 9122.5 32807.0
0.020660203139427517 9103.666666666666 33907.666666666664
0.02077562326869806 9126.5 29074.5
0.020891043397968604 9185.0 36278.0
0.02100646352723915 9075.5 28929.5
0.021121883656509695 8967.0 21581.0
0.02123730378578024 9077.0 28935.5
0.021352723915050786 9044.0 21970.666666666668
0.02146814404432133 9031.5 19728.5
0.02169898430286242 9023.0 19895.5
0.021814404432132964 9176.0 41851.0
0.022045244690674055 9017.0 18661.0
0.0221606648199446 9172.0 32085.0
0.022276084949215142 9156.0 26047.0
0.02239150507848569 9157.0 26050.5
0.022506925207756233 9016.5 26712.0
0.022622345337026777 9193.0 35594.333333333336
0.022737765466297324 9200.0 31095.5
0.022853185595567867 9201.0 31105.0
0.02296860572483841 9297.0 30637.5
0.023084025854108958 9215.5 31632.0
0.023199445983379502 9299.5 30834.0
0.023314866112650046 9098.0 29889.0
0.02343028624192059 8858.0 29587.0
0.023545706371191136 9081.0 29319.0
0.02389196675900277 9101.0 29677.0
0.024007386888273315 8709.0 21365.0
0.02412280701754386 8796.0 26268.0
0.02435364727608495 8709.0 21365.0
0.024469067405355493 8915.666666666666 21999.333333333332
0.02458448753462604 8952.0 28503.666666666668
0.024699907663896584 9135.0 23119.0
0.024815327793167127 9004.25 25180.5
0.024930747922437674 8932.333333333334 22288.333333333332
0.025046168051708218 9135.0 36905.0
0.025161588180978762 9135.0 36909.0
0.02527700831024931 8930.0 30879.0
0.025392428439519853 9069.25 29697.75
0.025507848568790396 9050.666666666666 27407.0
0.025623268698060944 9280.0 31634.333333333332
0.02585410895660203 9153.0 24298.0
0.025969529085872575 9131.5 26882.75
0.02608494921514312 9165.0 24413.0
0.026200369344413665 8952.0 22441.0
0.02631578947368421 9180.0 25351.5
0.026431209602954756 9129.333333333334 27918.0
0.0265466297322253 9071.0 23594.0
0.026662049861495844 9106.5 29843.0
0.02677746999076639 9170.666666666666 30268.0
0.026892890120036934 9257.0 37177.0
0.027008310249307478 9173.0 30281.666666666668
0.027123730378578025 8980.0 27750.0
0.02723915050784857 9109.5 29906.5
0.027354570637119113 9260.0 37436.0
0.02746999076638966 9260.0 37436.0
0.027585410895660203 9235.0 31954.5
0.027700831024930747 9251.0 27942.0
0.027816251154201294 9204.666666666666 35247.333333333336
0.027931671283471838 9462.0 38963.0
0.02804709141274238 9351.0 46894.0
0.028393351800554016 9273.0 48458.0
0.02850877192982456 9364.0 47271.0
0.028624192059095107 9106.0 17682.0
0.02873961218836565 9174.0 35860.5
0.028855032317636194 9218.0 34009.666666666664
0.02897045244690674 9222.5 31524.5
0.02920129270544783 9229.0 31611.0
0.029316712834718376 9109.5 34620.0
0.02943213296398892 9141.0 33415.0
0.029547553093259463 9290.0 39099.0
0.029778393351800554 9346.0 51328.0
0.029893813481071098 9354.0 60967.0
0.030009233610341645 9482.0 151585.0
0.03012465373961219 9355.0 60995.0
0.030240073868882732 9355.0 60995.0
0.03035549399815328 9226.0 48703.5
0.030470914127423823 9333.0 41522.0
0.030586334256694367 9344.5 45904.5
0.03139427516158818 9429.0 61510.0
0.03150969529085872 9190.0 20040.0
0.031625115420129274 9190.0 20046.0
0.03185595567867036 9267.0 25570.0
0.031971375807940905 9198.0 20059.0
0.032317636195752536 9295.0 44067.5
0.03243305632502309 9246.0 56925.0
0.03254847645429363 9295.5 32368.0
0.03277931671283472 9296.0 32393.5
0.03289473684210526 9301.5 32556.0
0.033010156971375805 9349.5 39901.75
0.033125577100646356 9345.0 42253.0
0.0332409972299169 9434.0 62561.0
0.03335641735918744 9260.0 22019.0
0.03347183748845799 9173.0 23397.5
0.033702677746999074 9262.0 43684.5
0.033818097876269625 9120.0 26677.0
0.03393351800554017 9437.0 62586.0
0.03404893813481071 9246.0 48670.0
0.03462603878116344 9446.0 62845.0
0.03474145891043398 9376.0 32292.0
0.03497229916897507 9377.0 48256.0
0.03508771929824561 9377.0 48448.0
0.035318559556786706 9282.5 38554.5
0.03543397968605725 9379.0 48452.0
0.03566481994459834 9219.0 38434.0
0.03578024007386888 9317.0 38185.0
0.035895660203139425 9335.5 27735.0
0.036011080332409975 9337.5 27887.5
0.03612650046168052 9137.0 24038.0
0.03624192059095106 9339.0 28544.5
0.036357340720221606 9364.5 29175.0
0.03647276084949215 9332.0 50118.5
0.036588180978762694 9332.0 50120.0
0.036703601108033244 9397.0 50962.0
0.03681902123730379 9344.0 37639.0
0.03693444136657433 9397.0 50962.0
0.037049861495844875 9399.0 50999.0
0.03728070175438596 9400.0 51019.0
0.0376269621421976 9402.0 51400.0
0.03785780240073869 9402.0 51481.0
0.03797322253000923 9402.0 51481.0
0.038088642659279776 9450.0 35166.0
0.038204062788550326 9366.0 42509.0
0.03831948291782087 9378.0 45503.0
0.038434903047091414 9343.0 50675.0
0.03855032317636196 9343.5 50678.0
0.0386657433056325 9305.0 50094.0
0.038781163434903045 9350.0 63199.0
0.03901200369344414 9370.0 51399.0
0.03912742382271468 9391.0 51471.0
0.039242843951985226 9395.0 51511.0
0.039473684210526314 9413.0 51663.0
0.03958910433979686 9377.0 51501.0
0.03970452446906741 9358.0 26896.0
0.03981994459833795 9358.0 26899.0
0.04005078485687904 9369.0 40506.5
0.04016620498614958 9378.5 41228.0
0.04039704524469068 9360.0 27154.0
0.04051246537396122 9360.0 27184.0
0.040627885503231764 9369.0 27200.0
0.04074330563250231 9369.0 27273.0
0.04085872576177285 9370.0 27273.0
0.040974145891043395 9478.0 71520.0
0.04120498614958449 9372.0 27291.0
0.04143582640812558 9441.0 55527.0
0.041666666666666664 9491.0 64754.0
0.04189750692520776 9523.0 67871.0
0.0420129270544783 9491.0 64859.0
0.04224376731301939 9514.0 100452.0
0.04235918744228993 9514.0 100452.0
0.04270544783010157 9417.0 56201.0
0.042820867959372115 9417.0 56202.0
0.04293628808864266 9417.0 56210.0
0.043167128347183746 9417.0 56306.0
0.04339796860572484 9419.0 56346.0
0.04362880886426593 9419.0 56346.0
0.04374422899353647 9419.0 56542.0
0.043859649122807015 9443.0 57837.0
0.043975069252077566 9443.0 57868.0
0.04409048938134811 9450.0 58203.0
0.04420590951061865 9450.0 58222.0
0.0443213296398892 9458.5 58665.5
0.04443674976915974 9460.0 58693.5
0.044552169898430284 9498.0 41118.0
0.04512927054478301 9477.0 58834.0
0.04524469067405355 9477.0 58871.0
0.0453601108033241 9477.0 58877.0
0.04559095106186519 9478.0 59023.0
0.04582179132040628 9500.0 66403.0
0.04593721144967682 9481.0 59037.0
0.046052631578947366 9484.0 59459.0
0.046168051708217916 9495.0 63185.0
0.04628347183748846 9506.0 66582.0
0.04651431209602955 9495.5 63235.0
0.04720683287165282 9509.0 67089.0
0.04732225300092336 9498.0 65607.5
0.047437673130193904 9486.0 64108.0
0.04755309325946445 9486.0 64108.0
0.04847645429362881 9440.0 53844.0
0.048591874422899355 9441.0 54027.0
0.0487072945521699 9450.0 54257.0
0.04882271468144044 9498.5 75249.5
0.04916897506925208 9450.0 54276.0
0.04939981532779317 9549.0 96264.0
0.04951523545706371 9550.0 96273.0
0.04986149584487535 9485.0 61180.0
0.05020775623268698 9552.0 96293.0
0.050323176361957524 9552.0 96302.0
0.05101569713758079 9561.0 97598.0
0.051477377654662974 9520.0 68190.0
0.05193905817174515 9564.0 99852.0
0.05216989843028624 9564.0 99868.0
0.05263157894736842 9566.0 100198.0
0.05274699907663897 9529.0 68960.0
0.05332409972299169 9545.0 69595.0
0.05343951985226224 9545.0 69597.0
0.05355493998153278 9545.0 69606.0
0.05378578024007387 9545.0 69669.0
0.054016620498614956 9439.0 63765.0
0.05459372114496768 9569.0 74276.0
0.054709141274238225 9440.0 63833.0
0.05482456140350877 9504.5 69115.0
0.05505540166204986 9450.0 65522.0
0.05517082179132041 9450.0 65543.0
0.05528624192059095 9569.0 74369.0
0.055401662049861494 9510.0 69965.5
0.05551708217913204 9510.0 69973.0
0.05563250230840259 9570.0 74375.0
0.05574792243767313 9570.0 74375.0
0.055863342566943676 9570.0 74375.0
0.05667128347183749 9451.0 65810.0
0.05678670360110803 9532.0 68525.0
0.056902123730378576 9533.0 68532.0
0.05701754385964912 9492.0 67189.5
0.05713296398891967 9451.0 65833.0
0.057248384118190214 9534.0 68600.0
0.057594644506001845 9535.0 68833.0
0.05782548476454294 9571.0 74874.0
0.05794090489381348 9571.0 74874.0
0.05817174515235457 9571.0 74876.0
0.058287165281625114 9535.0 69054.0
0.05840258541089566 9553.0 72061.0
0.05863342566943675 9543.5 70981.5
0.058748845798707296 9543.5 70989.5
0.05886426592797784 9571.0 75098.0
0.05909510618651893 9571.0 75098.0
0.06001846722068329 9518.0 67438.0
0.06036472760849492 9613.0 87456.0
0.06059556786703601 9535.0 85601.0
0.06071098799630656 9535.0 85601.0
0.0608264081255771 9580.0 88034.0
0.060941828254847646 9537.0 85651.0
0.06151892890120037 9558.0 88014.0
0.06174976915974146 9560.0 90579.0
0.06278855032317636 9525.0 68182.0
0.06301939058171745 9526.0 68187.0
0.06325023084025855 9526.0 68187.0
0.06428901200369344 9538.0 68959.0
0.06440443213296398 9538.0 68959.0
0.06613573407202217 9496.0 69818.0
0.06625115420129271 9497.0 69895.0
0.06659741458910434 9500.0 69909.0
0.06671283471837489 9504.0 70031.0
0.06752077562326869 9562.0 70130.0
0.06786703601108034 9639.0 110124.0
0.06809787626962142 9639.0 110163.0
0.07029085872576177 9716.0 139415.0
0.07052169898430287 9716.0 139416.0
0.07109879963065559 9627.0 112130.5
0.0729455216989843 9648.0 95702.0
0.07398430286241921 9649.0 96868.0
0.07409972299168975 9648.0 88543.5
0.0742151431209603 9648.0 80373.0
0.07433056325023084 9650.0 80879.0
0.07456140350877193 9650.0 89052.0
0.07490766389658357 9650.0 80949.0
0.07502308402585411 9650.0 81051.0
0.0752539242843952 9650.0 81056.0
0.07571560480147738 9650.0 81072.0
0.0765235457063712 9653.0 97580.0
0.07675438596491228 9658.0 100637.0
0.07686980609418283 9658.0 100637.0
0.07698522622345337 9655.5 91000.5
0.07721606648199446 9662.5 88963.0
0.077331486611265 9548.0 51087.0
0.07744690674053555 9549.0 51275.0
0.07756232686980609 9549.0 51275.0
0.07767774699907663 9657.5 91858.0
0.07779316712834719 9665.0 91959.0
0.07813942751615882 9670.0 82063.0
0.07825484764542937 9670.0 82195.0
0.07848568790397045 9551.0 52120.0
0.07883194829178208 9671.0 82677.0
0.07917820867959371 9671.0 82904.0
0.07929362880886427 9671.0 82904.0
0.07940904893813482 9684.0 106834.5
0.07998614958448753 9671.0 83038.0
0.08010156971375808 9627.0 70067.5
0.08021698984302862 9579.0 87214.0
0.08033240997229917 9671.0 83846.0
0.08044783010156971 9671.0 83846.0
0.08056325023084025 9671.0 83846.0
0.08067867036011081 9757.0 149371.0
0.08079409048938135 9714.5 116636.5
0.0809095106186519 9671.0 84041.0
0.08102493074792244 9758.0 149418.0
0.08148661126500462 9671.0 84071.0
0.08160203139427516 9671.0 84081.0
0.0817174515235457 9671.0 84081.0
0.08194829178208679 9660.0 92856.5
0.08206371191135733 9646.0 97432.0
0.08217913204062789 9704.0 126218.5
0.08229455216989844 9679.0 88724.0
0.08240997229916898 9684.0 101921.33333333333
0.08252539242843952 9704.5 126271.0
0.0840258541089566 9767.0 158626.0
0.09499076638965835 9715.0 141028.0
0.09579870729455217 9819.0 168989.0
0.09591412742382271 9715.0 141121.0
0.09602954755309326 9819.0 170088.0
0.0961449676823638 9767.0 156163.0
0.09637580794090489 9821.0 171382.0
0.09649122807017543 9762.5 134372.0
0.09672206832871653 9821.0 171382.0
0.09683748845798708 9821.0 171412.0
0.09729916897506925 9822.0 171464.0
0.0974145891043398 9822.0 172958.0
0.09764542936288088 9822.0 172992.0
0.09776084949215143 9822.0 172992.0
0.09787626962142197 9769.5 157126.0
0.09799168975069251 9717.0 141259.0
0.09810710987996306 9718.0 141560.0
0.09822253000923362 9822.0 172998.0
0.0984533702677747 9822.0 173001.0
0.09879963065558633 9824.0 173380.0
0.09903047091412742 9824.0 173381.0
0.09914589104339797 9771.5 157798.5
0.09926131117266851 9719.0 142249.0
0.09937673130193905 9719.0 142252.0
0.0994921514312096 9719.0 142252.0
0.09960757156048015 9719.0 142252.0
0.10203139427516159 9825.0 174020.0
0.10226223453370267 9825.0 174130.0
0.10307017543859649 9825.0 174164.0
0.10341643582640812 9825.0 174195.0
0.10353185595567867 9825.0 174293.0
0.10364727608494921 9825.0 174495.0
0.10376269621421975 9827.0 175109.0
0.10399353647276086 9719.0 100022.0
0.10445521698984303 9719.0 100130.0
0.10457063711911357 9720.0 100207.0
0.10468605724838412 9721.0 100211.0
0.1049168975069252 9721.0 100283.0
0.10503231763619575 9721.0 100283.0
0.10572483841181902 9725.0 143041.0
0.108264081255771 9729.0 103060.0
0.10837950138504156 9729.0 103060.0
0.10872576177285319 9729.0 103067.0
0.109533702677747 9741.0 111767.0
0.12049861495844875 9844.0 202297.0
0.1206140350877193 9844.0 202297.0
0.12084487534626039 9844.0 202297.0
0.12119113573407202 9844.0 203993.0
0.12130655586334256 9844.0 204110.0
0.144275161588181 9786.0 188012.0
0.14439058171745153 9786.0 188611.0
0.14577562326869806 9786.0 188869.0
0.1458910433979686 9786.0 188872.0
0.14600646352723914 9786.0 188873.0
0.14623730378578023 9786.0 188929.0
0.14646814404432132 9786.0 188960.0
0.14658356417359186 9786.0 188960.0
0.1471606648199446 9786.0 189128.0
0.14727608494921515 9787.0 191937.0
0.14831486611265005 9788.0 193661.0
0.1731301939058172 9840.0 227982.0
0.17347645429362882 9840.0 227982.0
0.1737072945521699 9840.0 228204.0
0.17382271468144045 9840.0 228204.0
0.17416897506925208 9840.0 228264.0
0.1745152354570637 9840.0 228274.0
0.18513388734995384 9862.0 273799.0
0.18524930747922438 9862.0 273803.0
0.18536472760849493 9862.0 273824.0
0.18559556786703602 9862.0 273900.0
0.1866343490304709 9865.0 276518.0
0.18709602954755308 9865.0 276710.0
0.18744228993536471 9865.0 276735.0
0.18755771006463529 9865.0 276736.0
0.18778855032317637 9865.0 276736.0
0.188134810710988 9865.0 276745.0
0.18848107109879964 9865.0 276939.0
0.18859649122807018 9865.0 276939.0
0.18871191135734072 9865.0 277214.0
0.20152354570637118 9883.0 259374.0
0.20163896583564173 9883.0 259375.0
0.2018698060941828 9883.0 259452.0
0.20244690674053556 9883.0 259474.0
0.2025623268698061 9883.0 259474.0
0.20267774699907665 9883.0 259474.0
0.2027931671283472 9883.0 259474.0
0.20290858725761773 9884.0 259589.0
0.20302400738688828 9884.0 259589.0
0.20325484764542937 9884.0 259589.0
0.2033702677746999 9884.0 259592.0
0.20371652816251154 9885.0 259751.0
0.20394736842105263 9885.0 259752.0
0.20406278855032317 9885.0 259805.0
0.20417820867959371 9885.0 260145.0
0.20429362880886426 9885.0 260145.0
0.20579409048938135 9885.0 260878.0
0.2059095106186519 9885.0 261224.0
0.24953831948291783 9906.0 367631.0
0.3267543859649123 9951.0 464160.0
0.32721606648199447 9994.0 465334.0
0.3275623268698061 9994.0 465345.0
0.35168513388734995 10000.0 496516.0
0.3518005540166205 10000.0 496517.0
0.3526084949215143 10000.0 496519.0
0.3527239150507849 10000.0 496523.0
0.3528393351800554 10000.0 503019.0
0.3536472760849492 10009.0 536145.0
0.35676361957525393 9989.0 615745.0
0.43386426592797783 10021.0 623359.0
0.4662973222530009 10014.0 727512.0
0.5487072945521699 10037.0 789492.0
0.5661357340720221 10042.0 832074.0
1.0 10114.0 1455433.0
