832994
0.0001 763 0 0
0.0001 1194 0 0
0.0002 1966 0 0
0.0003 2247 0 0
0.0003 2595 0 0
0.0004 2970 0 0
0.0005 3199 0 0
0.0006 3728 0 0
0.0006 3903 0 0
0.0007 4177 0 0
0.0008 4457 0 0
0.0008 4640 0 0
0.0009 5002 0 0
0.0010 5223 0 0
0.0010 5273 0 0
0.0011 5490 0 0
0.0012 5690 0 0
0.0012 6226 0 0
0.0013 6094 0 0
0.0014 6434 0 0
0.0015 6482 0 0
0.0015 7052 0 0
0.0016 7449 0 0
0.0017 7386 0 0
0.0017 8238 0 0
0.0018 7849 0 0
0.0019 8047 0 0
0.0019 8268 0 0
0.0020 8053 0 0
0.0021 8934 0 0
0.0021 8880 0 0
0.0022 8562 0 0
0.0023 8945 0 0
0.0024 8721 0 0
0.0024 9641 0 0
0.0025 9624 0 0
0.0026 9837 0 0
0.0026 10770 0 0
0.0027 10431 0 0
0.0028 10308 0 0
0.0028 10249 0 0
0.0029 11075 0 0
0.0030 10381 0 0
0.0030 10398 0 0
0.0031 9872 0 0
0.0032 13071 0 0
0.0033 12361 0 0
0.0033 10722 0 0
0.0034 10961 0 0
0.0035 11911 0 0
0.0035 11846 0 0
0.0036 12009 0 0
0.0037 11482 0 0
0.0037 11937 0 0
0.0038 12734 0 0
0.0039 12746 0 0
0.0039 12434 0 0
0.0040 11503 0 0
0.0041 12050 0 0
0.0042 12521 0 0
0.0042 11804 0 0
0.0043 14166 0 0
0.0044 13515 0 0
0.0044 14180 0 0
0.0045 14335 0 0
0.0046 14045 0 0
0.0046 15365 0 0
0.0047 16136 0 0
0.0048 16034 0 0
0.0048 17735 0 0
0.0049 16084 0 0
0.0050 16184 0 0
0.0051 16333 0 0
0.0051 16579 0 0
0.0052 18030 0 0
0.0053 14739 0 0
0.0053 19094 0 0
0.0054 18368 0 0
0.0055 14308 0 0
0.0055 15912 0 0
0.0056 18626 0 0
0.0057 15063 0 0
0.0057 19148 0 0
0.0058 15730 0 0
0.0059 16133 0 0
0.0060 15768 0 0
0.0060 19110 0 0
0.0061 15986 0 0
0.0062 16521 0 0
0.0062 16043 0 0
0.0063 16107 0 0
0.0064 16046 0 0
0.0064 17221 0 0
0.0066 16507 0 0
0.0067 16166 0 0
0.0067 17944 0 0
0.0068 16254 0 0
0.0069 19681 0 0
0.0069 19337 0 0
0.0070 17774 0 0
0.0071 18604 0 0
0.0071 15939 0 0
0.0073 27576 0 0
0.0073 17982 0 0
0.0074 23052 0 0
0.0075 38028 0 0
0.0076 28902 0 0
0.0076 25518 0 0
0.0077 19759 0 0
0.0078 31970 0 0
0.0079 20576 0 0
0.0080 20516 0 0
0.0080 21084 0 0
0.0082 28135 0 0
0.0082 20192 0 0
0.0083 28923 0 0
0.0084 28928 0 0
0.0085 22772 0 0
0.0085 20317 0 0
0.0086 18406 0 0
0.0087 18318 0 0
0.0088 17418 0 0
0.0089 20718 0 0
0.0091 17162 0 0
0.0092 40483 0 0
0.0094 15252 0 0
0.0095 27570 0 0
0.0096 21225 0 0
0.0097 26786 0 0
0.0098 14509 0 0
0.0098 14561 0 0
0.0099 14612 0 0
0.0100 22175 0 0
0.0101 33076 0 0
0.0102 22555 0 0
0.0103 20511 0 0
0.0103 30824 0 0
0.0105 36831 0 0
0.0106 45451 0 0
0.0107 26869 0 0
0.0107 22328 0 0
0.0114 33449 0 0
0.0114 28590 0 0
0.0115 23658 0 0
0.0116 24561 0 0
0.0118 34460 0 0
0.0120 27898 0 0
0.0121 31115 0 0
0.0123 26560 0 0
0.0123 27881 0 0
0.0124 29298 0 0
0.0125 25903 0 0
0.0125 34749 0 0
0.0126 23956 0 0
0.0127 27483 0 0
0.0127 37745 0 0
0.0129 46216 0 0
0.0133 37928 0 0
0.0134 34471 0 0
0.0136 32669 0 0
0.0136 28094 0 0
0.0138 33919 0 0
0.0139 32898 0 0
0.0141 27247 0 0
0.0143 31833 0 0
0.0144 38162 0 0
0.0146 29048 0 0
0.0147 30768 0 0
0.0148 39734 0 0
0.0148 39904 0 0
0.0150 50153 0 0
0.0152 52738 0 0
0.0152 36571 0 0
0.0155 27746 0 0
0.0157 35765 0 0
0.0160 35908 0 0
0.0161 30412 0 0
0.0163 42347 0 0
0.0164 53438 0 0
0.0167 38460 0 0
0.0168 47162 0 0
0.0169 31014 0 0
0.0170 36475 0 0
0.0174 31603 0 0
0.0175 55158 0 0
0.0175 53338 0 0
0.0177 56800 0 0
0.0183 31028 0 0
0.0187 41380 0 0
0.0190 40379 0 0
0.0195 41335 0 0
0.0196 39131 0 0
0.0197 63419 0 0
0.0198 41220 0 0
0.0200 39659 0 0
0.0202 43525 0 0
0.0204 33832 0 0
0.0204 55497 0 0
0.0205 47708 0 0
0.0206 44712 0 0
0.0206 43528 0 0
0.0207 38098 0 0
0.0210 43684 0 0
0.0211 44639 0 0
0.0211 50427 0 0
0.0212 38933 0 0
0.0215 35443 0 0
0.0217 41569 0 0
0.0218 39259 0 0
0.0219 46126 0 0
0.0220 52931 0 0
0.0222 55083 0 0
0.0223 60370 0 0
0.0225 57658 0 0
0.0227 45686 0 0
0.0228 45720 0 0
0.0229 46807 0 0
0.0236 40791 0 0
0.0238 48873 0 0
0.0240 47651 0 0
0.0244 48041 0 0
0.0245 51288 0 0
0.0249 53111 0 0
0.0253 61815 0 0
0.0254 39639 0 0
0.0254 49710 0 0
0.0255 51629 0 0
0.0257 63790 0 0
0.0260 52497 0 0
0.0261 58647 0 0
0.0263 83548 0 0
0.0264 58644 0 0
0.0265 49889 0 0
0.0269 55467 0 0
0.0270 65381 0 0
0.0272 89883 0 0
0.0274 54207 0 0
0.0276 50634 0 0
0.0277 88154 0 0
0.0278 51448 0 0
0.0279 53832 0 0
0.0280 62655 0 0
0.0287 61304 0 0
0.0288 50743 0 0
0.0292 58918 0 0
0.0297 62472 0 0
0.0301 69705 0 0
0.0303 67344 0 0
0.0305 55936 0 0
0.0308 95347 0 0
0.0309 61837 0 0
0.0310 66389 0 0
0.0312 63256 0 0
0.0312 67360 0 0
0.0322 59939 0 0
0.0326 59133 0 0
0.0327 64010 0 0
0.0334 54100 0 0
0.0335 63608 0 0
0.0335 64807 0 0
0.0336 72243 0 0
0.0337 64646 0 0
0.0344 67799 0 0
0.0346 61370 0 0
0.0348 57626 0 0
0.0354 96216 0 0
0.0357 59218 0 0
0.0358 58661 0 0
0.0359 63939 0 0
0.0360 62073 0 0
0.0363 58580 0 0
0.0374 74584 0 0
0.0375 69816 0 0
0.0377 67100 0 0
0.0379 71308 0 0
0.0380 78515 0 0
0.0384 60900 0 0
0.0385 72020 0 0
0.0386 71238 0 0
0.0387 76191 0 0
0.0391 79847 0 0
0.0392 63273 0 0
0.0393 101524 0 0
0.0396 62929 0 0
0.0398 104353 0 0
0.0399 72870 0 0
0.0400 77887 0 0
0.0407 64820 0 0
0.0408 88298 0 0
0.0414 82129 0 0
0.0424 111372 0 0
0.0438 65087 0 0
0.0439 73685 0 0
0.0441 69805 0 0
0.0442 80982 0 0
0.0448 99374 0 0
0.0454 66154 0 0
0.0456 77549 0 0
0.0464 89768 0 0
0.0468 89815 0 0
0.0468 94627 0 0
0.0476 77093 0 0
0.0481 84140 0 0
0.0484 75508 0 0
0.0497 82046 0 0
0.0499 101820 0 0
0.0500 97017 0 0
0.1000 156538 0 0
0.1500 237824 0 0
0.2001 292072 0 0
0.2501 333877 0 0
0.3001 364218 0 0
0.3501 430645 0 0
0.4000 453407 0 0
0.4501 480655 0 0
0.5001 507467 0 0
0.5500 534082 0 0
0.6000 567098 0 0
0.6500 605740 0 0
0.7000 647016 0 0
0.7500 675041 0 0
0.8000 699710 0 0
0.8500 724217 0 0
0.9000 743906 0 0
0.9500 803478 0 0
1.0000 832994 0 0
