1130395
0.00011542012927054478 1371.8808864265927 183.908702677747
0.00023084025854108956 2160.064585115483 316.1813515825492
0.00034626038781163435 3091.160237388724 433.5440158259149
0.0004616805170821791 3745.2430453879942 580.415812591508
0.0005771006463527239 4817.71635610766 827.5942028985507
0.0006925207756232687 5646.879781420765 1245.9289617486338
0.0008079409048938135 6258.68 1411.709090909091
0.0009233610341643582 7332.012765957446 1340.004255319149
0.001038781163434903 7206.790243902439 1398.6048780487804
0.0011542012927054479 8501.142857142857 2189.8809523809523
0.0012696214219759926 9145.654411764706 1658.2132352941176
0.0013850415512465374 8414.40776699029 2100.902912621359
0.0015004616805170822 8508.377551020409 1745.408163265306
0.001615881809787627 8501.943820224718 1428.2808988764045
0.0017313019390581717 9933.025 2863.9375
0.0018467220683287165 10693.809523809523 2782.5396825396824
0.0019621421975992612 10479.301369863013 2429.3698630136987
0.002077562326869806 11268.36923076923 2504.230769230769
0.0021929824561403508 11467.264150943396 3218.396226415094
0.0023084025854108957 11941.82142857143 3412.0
0.0024238227146814403 11314.84 3160.08
0.0025392428439519853 13072.549019607843 2808.4117647058824
0.00265466297322253 13064.644444444444 3678.5777777777776
0.002770083102493075 13504.58 3293.56
0.0028855032317636198 13488.777777777777 3246.1296296296296
0.0030009233610341643 12918.585365853658 2948.8048780487807
0.0031163434903047093 12964.216216216217 3307.108108108108
0.003231763619575254 16760.964285714286 5487.071428571428
0.003347183748845799 15851.515151515152 4887.727272727273
0.0034626038781163434 16832.909090909092 4531.181818181818
0.0035780240073868884 17895.151515151516 5229.363636363636
0.003693444136657433 19953.28 5548.08
0.003808864265927978 17803.5 5887.4
0.0039242843951985225 17228.409090909092 4499.136363636364
0.004039704524469067 19327.41379310345 4596.275862068966
0.004155124653739612 19939.458333333332 6105.916666666667
0.004270544783010157 17977.033333333333 5595.9
0.0043859649122807015 18853.633333333335 4884.9
0.004501385041551247 18170.04761904762 4964.333333333333
0.0046168051708217915 20627.0 5866.15625
0.004732225300092336 24023.666666666668 6597.0
0.004847645429362881 20588.967741935485 5972.032258064516
0.004963065558633426 18018.055555555555 4061.1666666666665
0.0050784856879039705 21565.363636363636 7220.681818181818
0.005193905817174515 19587.7 7089.3
0.00530932594644506 18410.6 6658.75
0.005424746075715605 23015.38888888889 7653.833333333333
0.00554016620498615 27102.61111111111 9091.277777777777
0.005655586334256694 19657.4 7110.333333333333
0.0057710064635272396 24001.333333333332 9193.111111111111
0.005886426592797784 21145.266666666666 9048.666666666666
0.006001846722068329 24583.64285714286 9517.714285714286
0.006117266851338873 27619.30769230769 10283.384615384615
0.006232686980609419 21078.0625 8697.5
0.006348107109879963 23261.0 9293.388888888889
0.006463527239150508 25560.2 9941.933333333332
0.006578947368421052 28112.47619047619 10811.952380952382
0.006694367497691598 25088.78947368421 8593.368421052632
0.006809787626962142 27380.75 9875.9375
0.006925207756232687 29066.125 10087.375
0.007040627885503232 27764.583333333332 10979.666666666666
0.007156048014773777 24284.333333333332 12759.333333333334
0.007271468144044321 29635.5 12210.3125
0.007386888273314866 28931.571428571428 11255.5
0.007502308402585411 28836.6 11460.533333333333
0.007617728531855956 32453.944444444445 13450.722222222223
0.0077331486611265 27328.777777777777 14227.111111111111
0.007848568790397045 32919.0 9866.75
0.00796398891966759 29118.0 9842.875
0.008079409048938134 26685.0 9949.375
0.00819482917820868 33813.0 16799.0
0.008310249307479225 27768.6 8712.4
0.008425669436749769 33406.11111111111 11020.777777777777
0.008541089566020314 29728.85714285714 12878.0
0.00865650969529086 37896.42857142857 10782.57142857143
0.008771929824561403 35560.72727272727 12887.272727272728
0.008887349953831948 30549.777777777777 12954.0
0.009002770083102494 26105.0 10004.2
0.009118190212373038 24336.5 8286.0
0.009233610341643583 38802.75 14284.0
0.009349030470914127 18983.0 6273.2
0.009464450600184672 25303.666666666668 9790.666666666666
0.009579870729455217 31616.444444444445 14364.333333333334
0.009695290858725761 33958.333333333336 9714.833333333334
0.009810710987996307 31470.285714285714 12576.0
0.009926131117266852 24408.0 11848.5
0.010041551246537396 29331.714285714286 10751.857142857143
0.010156971375807941 33488.5 12484.5
0.010272391505078486 33563.42857142857 13593.285714285714
0.01038781163434903 35803.71428571428 12948.57142857143
0.010503231763619576 32897.6 11844.8
0.01061865189289012 23849.0 10150.0
0.010734072022160665 31021.0 10805.6
0.01084949215143121 33472.0 12850.6
0.010964912280701754 33154.0 15399.875
0.0110803324099723 31396.666666666668 12589.5
0.011195752539242845 30755.0 13272.857142857143
0.011311172668513388 30397.25 12450.125
0.011426592797783934 31709.14285714286 12174.0
0.011542012927054479 30377.5 12835.125
0.011657433056325023 26248.2 9214.6
0.011772853185595568 33117.6 12264.8
0.011888273314866112 32507.666666666668 13751.333333333334
0.012003693444136657 33807.8 12618.6
0.012119113573407203 31186.75 12409.5
0.012234533702677746 32218.5 11495.75
0.012349953831948292 40165.833333333336 15367.166666666666
0.012465373961218837 37537.875 14117.75
0.012580794090489381 41539.666666666664 16457.5
0.012696214219759926 36265.6 15695.4
0.012811634349030472 39738.333333333336 15326.833333333334
0.012927054478301015 45046.5 19610.0
0.01304247460757156 42248.0 16998.0
0.013157894736842105 46283.8 16402.2
0.01327331486611265 33739.0 16333.0
0.013388734995383195 38542.0 31045.5
0.013504155124653739 37103.0 25759.666666666668
0.013619575253924284 37542.0 25795.5
0.01373499538319483 52125.333333333336 24127.666666666668
0.013850415512465374 48210.333333333336 17565.666666666668
0.013965835641735919 40360.5 15944.75
0.014081255771006464 41636.666666666664 24180.666666666668
0.014196675900277008 49207.6 22710.8
0.014312096029547553 44305.5 17248.5
0.014427516158818097 40132.5 19838.5
0.014542936288088643 42972.8 20060.0
0.014658356417359188 43034.0 23497.0
0.014773776546629732 44764.0 24392.333333333332
0.014889196675900277 34443.5 18280.0
0.015004616805170823 57694.0 39610.333333333336
0.015120036934441366 58350.75 31595.25
0.015235457063711912 50625.333333333336 33998.666666666664
0.015350877192982455 55670.28571428572 31388.14285714286
0.015466297322253 58720.6 32604.6
0.015581717451523546 54326.5 21051.5
0.01569713758079409 73994.0 29029.666666666668
0.015812557710064637 66812.66666666667 28173.666666666668
0.01592797783933518 54987.166666666664 24223.666666666668
0.016043397968605724 51575.25 23080.25
0.016158818097876268 58174.166666666664 23539.0
0.016274238227146815 56072.4 21874.0
0.01638965835641736 46932.0 24469.0
0.016505078485687903 46583.6 20150.0
0.01662049861495845 60163.75 23965.0
0.016735918744228993 53500.666666666664 23024.0
0.016851338873499537 50064.25 22203.25
0.016966759002770084 52905.6 21504.0
0.017082179132040628 53061.857142857145 26133.285714285714
0.01719759926131117 64241.833333333336 25297.166666666668
0.01731301939058172 60540.75 24441.0
0.017428439519852262 57985.0 30393.25
0.017543859649122806 64452.6 28383.2
0.017774699907663897 47882.0 32230.0
0.01789012003693444 46915.0 24401.0
0.01812096029547553 91143.0 29091.0
0.018351800554016622 63112.333333333336 26193.333333333332
0.018467220683287166 45280.25 23561.5
0.01858264081255771 58992.0 26887.75
0.018698060941828253 59618.2 25565.2
0.0188134810710988 69643.33333333333 33073.333333333336
0.018928901200369344 50759.0 20221.0
0.019044321329639888 53145.0 37519.6
0.019159741458910435 48124.666666666664 26697.333333333332
0.019390581717451522 34989.0 18508.0
0.01950600184672207 48252.5 30083.0
0.019621421975992613 50993.0 20300.0
0.019736842105263157 62723.0 25217.0
0.019852262234533704 45771.0 12947.0
0.019967682363804248 56380.333333333336 27144.333333333332
0.02008310249307479 53884.666666666664 33289.0
0.02019852262234534 54094.0 46678.0
0.020313942751615882 61693.0 41980.0
0.020429362880886426 48245.333333333336 28539.666666666668
0.020544783010156973 50326.333333333336 28596.666666666668
0.020660203139427517 50407.666666666664 28646.333333333332
0.02077562326869806 46496.0 32196.0
0.020891043397968604 58869.8 28260.4
0.02100646352723915 54292.666666666664 29340.0
0.021121883656509695 65854.75 30450.5
0.02123730378578024 65036.5 23273.75
0.021352723915050786 78048.0 38625.5
0.02146814404432133 75252.0 27697.0
0.021583564173591873 88962.0 45084.0
0.021814404432132964 75424.0 27720.0
0.021929824561403508 46988.0 14030.0
0.022045244690674055 72522.0 37771.0
0.0221606648199446 72091.0 38631.333333333336
0.022276084949215142 72118.66666666667 38766.666666666664
0.02239150507848569 57039.0 25929.0
0.022506925207756233 73497.66666666667 46372.333333333336
0.022622345337026777 63350.5 47398.5
0.022737765466297324 56658.5 31329.5
0.022853185595567867 60740.6 27660.6
0.02296860572483841 56310.666666666664 28766.666666666668
0.023084025854108958 65694.0 29628.0
0.023199445983379502 71911.4 41114.4
0.023314866112650046 68452.66666666667 36869.666666666664
0.02343028624192059 66790.75 32853.0
0.023545706371191136 60994.0 36977.333333333336
0.023776546629732224 59618.0 25705.0
0.02389196675900277 63524.0 43061.0
0.024007386888273315 65839.0 44974.0
0.02412280701754386 74841.5 49020.5
0.024238227146814405 74852.5 49062.5
0.02458448753462604 68492.0 35776.0
0.024815327793167127 68509.0 35789.0
0.024930747922437674 79380.0 47838.5
0.025046168051708218 102324.0 49114.0
0.025161588180978762 97847.0 46408.0
0.02527700831024931 76353.66666666667 39209.0
0.025392428439519853 98034.5 46481.0
0.025507848568790396 69304.0 36073.0
0.025623268698060944 90699.75 43672.5
0.025738688827331487 96175.0 37653.5
0.02585410895660203 80415.5 35900.0
0.025969529085872575 87443.33333333333 45122.0
0.026200369344413665 85791.0 54891.5
0.02631578947368421 62970.0 30325.0
0.026431209602954756 67330.0 27985.0
0.0265466297322253 67390.0 27988.0
0.026662049861495844 67442.0 27998.0
0.02677746999076639 67451.0 27998.0
0.026892890120036934 92456.0 37235.0
0.027008310249307478 104976.5 41858.5
0.027123730378578025 67519.0 28006.0
0.02723915050784857 67523.0 28019.0
0.02746999076638966 65115.0 30119.0
0.027585410895660203 67758.0 32726.5
0.027700831024930747 65237.0 30211.0
0.027931671283471838 104178.0 65580.0
0.02804709141274238 104188.0 65595.0
0.02816251154201293 85073.5 48239.0
0.028277931671283472 104193.0 65600.0
0.028393351800554016 68500.0 33238.0
0.02850877192982456 70623.0 35403.0
0.028624192059095107 70624.0 35403.0
0.02873961218836565 66566.0 31108.0
0.028855032317636194 70646.0 35405.0
0.02897045244690674 70750.0 35405.0
0.029085872576177285 68816.5 33453.5
0.02920129270544783 67642.5 39010.0
0.029316712834718376 67703.5 39058.5
0.029547553093259463 67783.0 39074.5
0.02966297322253001 67101.0 32260.0
0.029778393351800554 67404.0 32388.0
0.029893813481071098 69048.0 32675.0
0.030009233610341645 69237.0 32817.0
0.03012465373961219 88961.0 33588.5
0.030240073868882732 99895.0 54847.0
0.03035549399815328 101042.66666666667 58481.0
0.030470914127423823 110314.0 35131.5
0.030586334256694367 102177.5 55421.0
0.030817174515235458 90821.0 75190.0
0.030932594644506 90863.0 75235.0
0.031048014773776545 88595.0 58307.333333333336
0.031163434903047092 69705.0 33572.0
0.031278855032317636 89918.0 48236.0
0.03139427516158818 80722.0 55087.5
0.03150969529085872 108422.0 34547.0
0.031625115420129274 89192.5 34130.0
0.03174053554939982 115046.0 38249.0
0.03185595567867036 111831.0 36411.5
0.031971375807940905 116795.0 38857.0
0.03208679593721145 108646.0 34601.0
0.03220221606648199 112760.5 36734.5
0.032317636195752536 101223.5 56239.0
0.03243305632502309 101236.5 56239.0
0.032663896583564174 75650.0 55884.666666666664
0.03277931671283472 83708.5 68521.5
0.03289473684210526 91982.0 76936.0
0.033010156971375805 67518.0 45371.0
0.0332409972299169 65642.0 31199.0
0.03347183748845799 110949.0 78211.0
0.033702677746999074 75522.0 60164.0
0.033818097876269625 75575.0 60266.0
0.03393351800554017 75892.0 60680.0
0.034164358264081256 112543.0 58613.0
0.0342797783933518 96753.0 49033.5
0.03439519852262234 95461.0 59103.0
0.03451061865189289 82466.0 61230.0
0.03462603878116344 91748.0 60579.25
0.03474145891043398 93141.5 55631.0
0.034856879039704525 94133.5 60961.0
0.03497229916897507 93167.5 55634.0
0.03508771929824561 84541.0 71993.0
0.035203139427516156 82902.0 61403.0
0.035318559556786706 83837.0 66717.5
0.03543397968605725 82941.0 61427.0
0.03578024007386888 85381.0 72441.0
0.035895660203139425 81450.5 66711.0
0.036011080332409975 85424.0 72453.0
0.03612650046168052 119102.0 52307.0
0.036588180978762694 66799.0 32417.0
0.036703601108033244 85463.0 48131.0
0.03681902123730379 75899.5 48146.0
0.03693444136657433 76008.0 48158.5
0.03728070175438596 94338.5 57959.0
0.037396121883656507 101593.0 77343.0
0.03751154201292706 114558.0 80755.0
0.0376269621421976 83974.0 68592.5
0.03831948291782087 73692.0 39247.0
0.038434903047091414 73697.0 39247.0
0.03855032317636196 89684.0 77393.0
0.0386657433056325 81897.0 60430.0
0.038781163434903045 73862.0 40293.0
0.03912742382271468 99182.0 80622.0
0.039242843951985226 137416.0 86876.0
0.039473684210526314 108670.0 75387.0
0.03958910433979686 137431.0 86877.0
0.03970452446906741 87091.0 71767.0
0.03981994459833795 94474.0 79723.0
0.039935364727608495 76014.0 41826.0
0.04005078485687904 76049.0 41826.0
0.04016620498614958 76050.0 41826.0
0.040281625115420126 101448.0 82147.0
0.04039704524469068 88781.0 62003.0
0.04051246537396122 76403.0 41896.0
0.040627885503231764 89007.0 62395.0
0.04074330563250231 69892.5 37346.5
0.04085872576177285 120360.0 65175.0
0.040974145891043395 63294.0 32532.0
0.041089566020313946 91849.0 48956.0
0.04120498614958449 120403.0 65380.0
0.04132040627885503 63320.0 32542.0
0.04155124653739612 63363.0 32542.0
0.04178208679593721 123953.0 43709.0
0.0420129270544783 110012.0 83715.0
0.042128347183748846 95410.0 81240.0
0.04224376731301939 80737.0 64458.0
0.04235918744228993 80754.0 64460.0
0.04270544783010157 66453.0 49525.0
0.042820867959372115 124425.0 44427.0
0.04293628808864266 124442.0 44427.0
0.0430517082179132 124496.0 44427.0
0.0432825484764543 126491.0 71734.0
0.043513388734995384 124518.0 44432.0
0.04362880886426593 105564.5 63276.5
0.04374422899353647 105574.5 63287.5
0.043859649122807015 105627.5 63332.0
0.04409048938134811 124672.0 44615.0
0.04420590951061865 67739.0 49998.0
0.0443213296398892 91704.0 82353.5
0.04443674976915974 83726.66666666667 71652.0
0.044552169898430284 97051.33333333333 60156.666666666664
0.04466759002770083 84319.0 72034.66666666667
0.045013850415512466 69700.0 51137.0
0.04512927054478301 93777.66666666667 73238.0
0.04524469067405355 83760.5 67495.0
0.04547553093259465 87336.0 82706.0
0.04559095106186519 100746.5 83922.0
0.045706371191135735 92081.0 68216.0
0.04582179132040628 78918.0 67142.5
0.046052631578947366 114263.0 85200.0
0.04628347183748846 108048.0 54798.0
0.046398891966759004 115215.0 85298.0
0.04651431209602955 113509.0 74550.5
0.04662973222530009 116945.66666666667 72179.0
0.046745152354570635 119581.0 76415.5
0.04697599261311173 124045.0 67871.0
0.04709141274238227 124114.0 67947.0
0.04720683287165282 111760.0 63809.0
0.04732225300092336 111831.0 63869.0
0.047437673130193904 111865.0 63869.0
0.04755309325946445 111894.0 63869.0
0.047899353647276086 111988.0 63917.0
0.04801477377654663 111994.0 63917.0
0.04813019390581717 105257.5 74676.0
0.04836103416435827 112006.0 63917.0
0.048938134810710986 108642.0 55254.0
0.04905355493998153 109160.0 55502.0
0.04916897506925208 108099.33333333333 67009.0
0.04939981532779317 116166.5 87816.0
0.049630655586334255 121150.0 79006.0
0.0497460757156048 116197.0 88398.0
0.04986149584487535 118934.0 89033.0
0.04997691597414589 125175.66666666667 83070.0
0.05020775623268698 116528.0 88439.0
0.05055401662049862 153354.0 114335.0
0.05066943674976916 101374.0 59570.0
0.050784856879039705 101486.0 60107.0
0.05090027700831025 101489.0 60107.0
0.05240073868882733 85920.0 67380.0
0.052516158818097874 86088.0 67465.0
0.05274699907663897 86158.0 67478.0
0.052977839335180056 134206.0 104742.0
0.053208679593721143 86258.0 67603.0
0.05343951985226224 112656.0 62075.0
0.05459372114496768 97828.0 82378.0
0.054709141274238225 97834.0 82378.0
0.05505540166204986 113834.0 62888.0
0.05517082179132041 120984.0 73827.0
0.055401662049861494 122026.33333333333 92632.66666666667
0.05551708217913204 129262.0 102194.0
0.05574792243767313 107870.0 74024.0
0.05597876269621422 107886.0 74031.0
0.05609418282548476 130164.5 84113.5
0.05620960295475531 108014.0 74233.0
0.05632502308402586 113513.0 62740.0
0.05678670360110803 108086.0 74238.0
0.05713296398891967 113770.0 63104.0
0.05736380424746076 111023.0 68719.5
0.0574792243767313 108268.0 74335.0
0.05771006463527239 108279.0 74365.0
0.05782548476454294 108281.0 74365.0
0.05794090489381348 129121.0 90698.0
0.05805632502308403 114397.0 63409.0
0.05863342566943675 108416.0 74401.0
0.05886426592797784 165607.0 135766.0
0.05921052631578947 165713.0 135777.0
0.05932594644506002 165758.0 135805.0
0.059441366574330565 165769.0 135806.0
0.05955678670360111 165771.0 135806.0
0.05967220683287165 165962.0 135835.0
0.061865189289012 119544.0 75388.0
0.061980609418282546 119632.0 75418.0
0.06209602954755309 119638.0 75418.0
0.062326869806094184 119647.0 75418.0
0.06244228993536473 119675.0 75420.0
0.06255771006463527 119681.0 75420.0
0.06267313019390582 119688.0 75425.0
0.06544321329639889 171223.0 140681.0
0.06717451523545706 174648.0 208364.0
0.06786703601108034 174840.0 208456.0
0.06809787626962142 174854.0 208456.0
0.06971375807940905 164998.0 98471.0
0.06994459833795014 165178.0 98549.0
0.07006001846722068 165195.0 98549.0
0.0716759002770083 171582.0 122712.0
0.07340720221606649 185207.0 215671.0
0.07398430286241921 146382.0 97806.0
0.0742151431209603 146384.0 97808.0
0.07940904893813482 170144.0 101212.0
0.07952446906740536 170146.0 101213.0
0.0796398891966759 170149.0 101213.0
0.07998614958448753 170221.0 101336.0
0.08102493074792244 213583.0 226238.0
0.08114035087719298 152246.0 100643.0
0.08137119113573407 170808.0 102007.0
0.08148661126500462 152303.0 100952.0
0.08160203139427516 235490.0 111568.5
0.08183287165281625 152567.0 101045.0
0.08194829178208679 176735.0 135299.0
0.08206371191135733 152605.0 101125.0
0.08217913204062789 152631.0 101125.0
0.08356417359187442 137124.0 99665.0
0.08760387811634349 226023.0 246478.0
0.09014312096029548 276203.0 248601.0
0.094067405355494 242814.0 146729.0
0.09568328716528163 236326.0 181073.0
0.09960757156048015 205603.0 110588.0
0.10480147737765466 202179.0 143459.0
0.10514773776546629 202228.0 144114.0
0.10837950138504156 205670.0 145022.0
0.10895660203139428 205239.0 145420.0
0.11345798707294552 209747.0 150043.0
0.11368882733148661 209754.0 150044.0
0.1149584487534626 210179.0 150654.0
0.11553554939981532 210625.0 150964.0
0.11680517082179132 211585.0 151327.0
0.11692059095106186 211590.0 151327.0
0.11715143120960296 212586.0 196078.0
0.1265004616805171 233459.0 167065.0
0.14162049861495846 204177.0 163074.0
0.17174515235457063 501351.0 370767.0
0.19367497691597416 381226.0 257317.0
0.21283471837488457 367196.0 377151.0
0.25369344413665745 557969.0 506066.0
0.26812096029547555 355268.0 330139.0
0.40650969529085873 606144.0 634468.0
0.47818559556786705 671343.0 757180.0
0.521814404432133 758973.0 836205.0
1.0 1130395.0 1593385.0
