1566981
0.0001 1221 8 0
0.0001 1883 14 0
0.0002 2908 28 0
0.0003 3647 36 0
0.0003 4193 41 0
0.0004 4881 56 0
0.0005 5181 56 0
0.0006 5743 58 0
0.0006 6260 81 0
0.0007 6550 120 0
0.0008 7327 153 0
0.0008 7683 157 0
0.0009 8386 146 0
0.0010 8189 134 0
0.0010 9070 119 0
0.0011 8761 137 0
0.0012 8958 132 0
0.0012 10043 151 0
0.0013 10217 196 0
0.0014 10362 152 0
0.0015 11503 183 0
0.0015 11281 246 0
0.0016 11882 294 0
0.0017 12469 329 0
0.0017 12273 194 0
0.0018 12124 340 0
0.0019 13108 280 0
0.0019 13177 255 0
0.0020 12746 180 0
0.0021 14297 198 0
0.0021 14968 202 0
0.0022 15578 223 0
0.0023 16185 377 0
0.0024 14707 378 0
0.0024 15306 309 0
0.0025 15082 237 0
0.0026 14459 305 0
0.0026 16791 323 0
0.0027 15685 406 0
0.0028 16503 281 0
0.0028 17278 380 0
0.0029 17731 290 0
0.0030 17306 277 0
0.0030 17846 265 0
0.0031 15303 305 0
0.0032 17257 564 0
0.0033 19001 562 0
0.0033 21566 471 0
0.0034 20947 416 0
0.0035 18331 410 0
0.0035 20066 505 0
0.0036 19141 667 0
0.0037 19849 425 0
0.0037 21064 399 0
0.0038 21607 358 0
0.0039 23640 398 0
0.0039 20400 426 0
0.0040 26470 450 0
0.0041 22359 333 0
0.0042 22144 367 0
0.0042 24466 374 0
0.0043 27633 329 0
0.0044 28905 491 0
0.0044 28949 434 0
0.0045 22420 401 0
0.0046 22014 519 0
0.0046 21878 412 0
0.0047 25606 615 0
0.0048 25381 597 0
0.0048 23866 1251 0
0.0049 23927 653 0
0.0050 23379 511 0
0.0051 25494 539 0
0.0051 25943 392 0
0.0052 24279 945 0
0.0053 25137 283 0
0.0053 34608 1368 0
0.0054 25995 1133 0
0.0055 29562 594 0
0.0055 31085 521 0
0.0056 32350 645 0
0.0057 29061 626 0
0.0057 27484 1543 0
0.0058 22093 673 0
0.0059 24357 645 0
0.0060 25224 672 0
0.0060 28425 691 0
0.0061 29204 857 0
0.0062 30263 911 0
0.0062 27806 903 0
0.0063 30054 896 0
0.0064 36441 474 0
0.0064 25282 344 0
0.0065 31301 485 0
0.0066 31601 627 0
0.0067 27520 555 0
0.0067 39637 1191 0
0.0068 30398 616 0
0.0069 25337 716 0
0.0069 35171 347 0
0.0070 37417 865 0
0.0071 38560 599 0
0.0071 31699 612 0
0.0072 56503 1268 0
0.0073 33662 795 0
0.0073 26094 345 0
0.0074 30658 785 0
0.0075 31292 501 0
0.0076 30722 777 0
0.0076 36495 450 0
0.0077 32100 613 0
0.0078 35346 490 0
0.0079 39372 560 0
0.0080 38940 1365 0
0.0080 66704 1285 0
0.0081 35508 921 0
0.0082 32204 281 0
0.0082 35222 359 0
0.0083 32150 644 0
0.0084 32742 281 0
0.0085 75099 1602 0
0.0085 34914 604 0
0.0087 34542 759 0
0.0087 34546 759 0
0.0088 80622 1953 0
0.0089 33563 496 0
0.0089 37750 557 0
0.0090 58571 563 0
0.0091 23395 1160 0
0.0091 40783 545 0
0.0092 47365 1012 0
0.0093 38635 851 0
0.0094 37941 742 0
0.0094 41090 756 0
0.0095 35866 551 0
0.0096 38227 357 0
0.0096 44413 771 0
0.0097 44527 451 0
0.0098 45270 771 0
0.0098 40154 1913 0
0.0099 46281 1350 0
0.0100 59572 1496 0
0.0100 43568 1552 0
0.0101 92893 3526 0
0.0106 35810 939 0
0.0107 43757 1342 0
0.0107 51226 781 0
0.0108 40138 1153 0
0.0109 38752 592 0
0.0109 45553 2015 0
0.0110 28142 448 0
0.0111 41538 855 0
0.0112 41790 804 0
0.0113 50028 1449 0
0.0114 49016 527 0
0.0115 51919 1962 0
0.0116 56166 688 0
0.0117 33749 699 0
0.0118 65283 848 0
0.0118 46282 2304 0
0.0121 70671 740 0
0.0121 45448 594 0
0.0123 67969 1940 0
0.0123 39603 584 0
0.0124 53336 818 0
0.0125 55242 1046 0
0.0126 60929 2108 0
0.0127 79999 2157 0
0.0127 53554 818 0
0.0129 45768 470 0
0.0130 54991 879 0
0.0132 40454 586 0
0.0132 57894 2750 0
0.0133 60969 1725 0
0.0135 49807 230 0
0.0136 51942 935 0
0.0137 61069 367 0
0.0139 87507 1172 0
0.0140 73717 911 0
0.0141 42707 609 0
0.0143 133040 3238 0
0.0144 97267 3796 0
0.0145 64399 760 0
0.0147 37976 722 0
0.0149 64672 760 0
0.0150 55213 951 0
0.0152 53610 1113 0
0.0153 80115 2191 0
0.0155 63746 1517 0
0.0157 87236 2202 0
0.0157 65553 908 0
0.0159 58251 1237 0
0.0160 68402 1756 0
0.0162 72008 1348 0
0.0163 67029 860 0
0.0165 36910 1667 0
0.0169 69365 1684 0
0.0170 48022 1249 0
0.0173 59968 1258 0
0.0174 71658 2875 0
0.0175 46513 1142 0
0.0176 88333 773 0
0.0178 101576 3882 0
0.0179 78938 1157 0
0.0181 60016 2734 0
0.0184 95111 2379 0
0.0185 78457 1696 0
0.0188 136349 3496 0
0.0188 62632 1149 0
0.0189 89261 792 0
0.0190 103696 1006 0
0.0193 83738 1000 0
0.0194 69202 3175 0
0.0197 78481 5743 0
0.0199 75597 2033 0
0.0205 81678 1710 0
0.0206 87909 1865 0
0.0209 116086 4204 0
0.0210 66756 2946 0
0.0211 50661 1152 0
0.0213 103775 2949 0
0.0215 74202 953 0
0.0215 67365 4011 0
0.0220 61174 1235 0
0.0222 52518 1266 0
0.0224 112336 3780 0
0.0224 61602 1235 0
0.0225 102041 2943 0
0.0227 91114 2521 0
0.0228 147941 5973 0
0.0229 61860 1268 0
0.0229 108296 1504 0
0.0231 86414 1951 0
0.0232 101913 1335 0
0.0234 59127 1786 0
0.0235 97030 2648 0
0.0238 113312 4987 0
0.0240 97324 2648 0
0.0242 76816 3316 0
0.0245 115695 1550 0
0.0246 93323 2904 0
0.0248 122018 1554 0
0.0250 92505 3283 0
0.0251 88257 1329 0
0.0252 90026 1856 0
0.0254 78660 3335 0
0.0256 82307 2359 0
0.0259 141770 6485 0
0.0260 80907 4039 0
0.0266 111917 2446 0
0.0272 121357 3339 0
0.0272 92944 5659 0
0.0274 98849 3290 0
0.0278 81740 1711 0
0.0283 113453 2853 0
0.0283 137915 3501 0
0.0287 125207 2049 0
0.0292 95668 2745 0
0.0294 128605 3720 0
0.0299 142939 2849 0
0.0299 91540 2227 0
0.0301 137902 2912 0
0.0302 89584 2659 0
0.0303 131791 3554 0
0.0303 136856 7366 0
0.0306 139540 2925 0
0.0307 97341 5251 0
0.0314 91545 4100 0
0.0314 141705 2962 0
0.0329 107569 4355 0
0.0332 147976 6396 0
0.0333 134610 4032 0
0.0335 97769 3694 0
0.0337 129961 2200 0
0.0339 144761 3562 0
0.0340 123932 4085 0
0.0342 112477 5048 0
0.0345 127772 8249 0
0.0346 163492 2326 0
0.0350 121146 3700 0
0.0358 116639 3087 0
0.0362 102162 3198 0
0.0366 144338 2858 0
0.0371 105767 5006 0
0.0374 150918 4039 0
0.0375 149371 3872 0
0.0378 111714 7042 0
0.0383 159595 9362 0
0.0386 130521 4783 0
0.0387 147306 8343 0
0.0391 129061 5805 0
0.0392 190382 9964 0
0.0393 158149 5241 0
0.0394 146596 4197 0
0.0400 156539 4082 0
0.0405 113620 4153 0
0.0407 96436 3430 0
0.0409 160653 4113 0
0.0410 149993 4161 0
0.0412 130471 7210 0
0.0418 132872 4756 0
0.0423 151306 7371 0
0.0431 156650 3097 0
0.0432 126410 3416 0
0.0453 159289 5599 0
0.0456 145390 5427 0
0.0459 170590 7214 0
0.0460 174013 10436 0
0.0465 228311 7225 0
0.0467 160129 5184 0
0.0472 229623 7231 0
0.0472 137815 3447 0
0.0475 166333 6862 0
0.0477 179632 2912 0
0.0499 189025 7701 0
0.0500 168430 6087 0
0.1000 327530 17156 0
0.1500 468111 28273 0
0.2001 550960 32273 0
0.2501 630059 40314 0
0.3001 681076 44799 0
0.3501 758404 50821 0
0.4001 809355 55347 0
0.4501 886853 60664 0
0.5001 944212 65357 0
0.5502 1015171 69651 0
0.6001 1070299 77465 0
0.6501 1106150 81874 0
0.7001 1178313 88871 0
0.7501 1253984 92092 0
0.8001 1332780 99804 0
0.8501 1417006 107172 0
0.9000 1472995 112551 0
0.9501 1512063 118308 0
1.0000 1566981 128208 0
