692038
0.00011542012927054478 779.1643582640812 85.49307479224376
0.00023084025854108956 1156.858786195954 144.36493454978182
0.00034626038781163435 1841.925601750547 292.4956236323851
0.0004616805170821791 2214.82015503876 270.184496124031
0.0005771006463527239 2672.6427015250547 339.69934640522877
0.0006925207756232687 3128.4597701149423 406.97701149425285
0.0008079409048938135 3192.707581227437 672.5018050541516
0.0009233610341643582 3558.3290043290044 521.8484848484849
0.001038781163434903 3894.6906077348067 524.4806629834254
0.0011542012927054479 4308.886524822695 610.9219858156029
0.0012696214219759926 4294.015873015873 782.5238095238095
0.0013850415512465374 5227.19801980198 867.5049504950495
0.0015004616805170822 5521.236559139785 1050.967741935484
0.001615881809787627 5438.549019607844 932.8333333333334
0.0017313019390581717 6862.0641025641025 1312.923076923077
0.0018467220683287165 6031.417582417583 1408.1208791208792
0.0019621421975992612 6278.733333333334 1449.0666666666666
0.002077562326869806 6779.835820895522 1522.358208955224
0.0021929824561403508 6923.283333333334 1995.7833333333333
0.0023084025854108957 7343.537037037037 1425.2592592592594
0.0024238227146814403 7787.547169811321 2282.0
0.0025392428439519853 8870.2 2958.327272727273
0.00265466297322253 8944.0 2031.396551724138
0.002770083102493075 10665.739130434782 2142.7608695652175
0.0028855032317636198 7589.591836734694 1695.469387755102
0.0030009233610341643 9026.304347826086 1550.5652173913043
0.0031163434903047093 9367.108695652174 1918.1739130434783
0.003231763619575254 8232.893617021276 3075.744680851064
0.003347183748845799 9038.1 3455.775
0.0034626038781163434 9434.783783783783 4407.8378378378375
0.0035780240073868884 9381.625 3013.0
0.003693444136657433 8992.103448275862 3086.655172413793
0.003808864265927978 10133.222222222223 2526.5555555555557
0.0039242843951985225 8746.448275862069 1864.1724137931035
0.004039704524469067 11403.857142857143 4424.035714285715
0.004155124653739612 9794.444444444445 3718.6666666666665
0.004270544783010157 11490.0 2726.0
0.0043859649122807015 10207.916666666666 4586.416666666667
0.004501385041551247 9514.222222222223 2040.3333333333333
0.0046168051708217915 12853.473684210527 2853.4736842105262
0.004732225300092336 11796.444444444445 4336.888888888889
0.004847645429362881 12933.727272727272 5256.090909090909
0.004963065558633426 13798.153846153846 3979.076923076923
0.0050784856879039705 12602.083333333334 4655.958333333333
0.005193905817174515 12833.52380952381 2775.3809523809523
0.00530932594644506 12410.625 3233.625
0.005424746075715605 11154.8 3528.0
0.00554016620498615 13218.235294117647 4305.470588235294
0.005655586334256694 12966.07142857143 3498.5714285714284
0.0057710064635272396 12557.166666666666 3884.777777777778
0.005886426592797784 12260.666666666666 4447.142857142857
0.006001846722068329 13903.0 5039.555555555556
0.006117266851338873 12230.235294117647 3317.823529411765
0.006232686980609419 11945.384615384615 3408.4615384615386
0.006348107109879963 12412.176470588236 3286.5882352941176
0.006463527239150508 15061.25 4774.125
0.006578947368421052 14635.23076923077 4664.153846153846
0.006694367497691598 14040.866666666667 5608.0
0.006809787626962142 14373.714285714286 5142.857142857143
0.006925207756232687 13331.2 4246.8
0.007040627885503232 14041.666666666666 5854.833333333333
0.007156048014773777 14050.916666666666 4192.666666666667
0.007271468144044321 17374.8 6364.9
0.007386888273314866 18381.0 6027.5
0.007502308402585411 14864.09090909091 5323.727272727273
0.007617728531855956 14687.833333333334 4785.0
0.0077331486611265 18996.9 5977.9
0.007848568790397045 17360.272727272728 4798.818181818182
0.00796398891966759 15671.75 5707.75
0.008079409048938134 19522.833333333332 4444.333333333333
0.00819482917820868 13799.333333333334 3624.5
0.008310249307479225 15682.42857142857 3309.5714285714284
0.008425669436749769 16225.307692307691 3361.5384615384614
0.008541089566020314 17548.625 4229.125
0.00865650969529086 22149.909090909092 5682.545454545455
0.008771929824561403 21598.0 5536.333333333333
0.008887349953831948 21142.444444444445 10937.222222222223
0.009002770083102494 25292.0 5789.428571428572
0.009118190212373038 14954.857142857143 3315.5714285714284
0.009233610341643583 21335.916666666668 5874.166666666667
0.009349030470914127 27021.0 7548.666666666667
0.009464450600184672 24036.88888888889 5567.333333333333
0.009579870729455217 21505.0 4990.857142857143
0.009695290858725761 21865.25 5471.75
0.009810710987996307 26860.5 6718.125
0.009926131117266852 18088.75 5813.75
0.010041551246537396 20634.5 6178.75
0.010156971375807941 18829.75 5396.0
0.010272391505078486 25663.0 6080.4
0.01038781163434903 27553.571428571428 7540.571428571428
0.010503231763619576 28756.85714285714 8289.285714285714
0.01061865189289012 20028.0 7564.0
0.010734072022160665 20928.8 5708.0
0.01084949215143121 19269.85714285714 5238.142857142857
0.010964912280701754 16122.666666666666 4851.166666666667
0.0110803324099723 17726.85714285714 6989.285714285715
0.011195752539242845 17891.5 6241.5
0.011311172668513388 18543.5 5969.25
0.011426592797783934 21051.0 5754.375
0.011542012927054479 22961.5 6607.6
0.011657433056325023 16632.8 4387.8
0.011772853185595568 22216.75 6717.75
0.011888273314866112 22909.0 6766.0
0.012003693444136657 24296.0 9805.4
0.012119113573407203 24628.0 9886.57142857143
0.012234533702677746 23270.333333333332 7855.333333333333
0.012349953831948292 26960.833333333332 10185.0
0.012465373961218837 19396.0 6095.5
0.012580794090489381 20820.25 6406.875
0.012696214219759926 17792.666666666668 4975.0
0.012811634349030472 26418.75 6316.0
0.012927054478301015 24190.5 9183.0
0.01304247460757156 23384.0 7910.333333333333
0.013157894736842105 24016.8 9607.4
0.01327331486611265 22090.5 6476.5
0.013388734995383195 19481.0 7705.0
0.013504155124653739 25303.6 10512.4
0.013619575253924284 22852.285714285714 9864.142857142857
0.01373499538319483 22194.75 8616.25
0.013850415512465374 21171.0 9137.0
0.013965835641735919 20615.85714285714 6983.857142857143
0.014081255771006464 21891.0 7677.25
0.014196675900277008 18683.333333333332 5691.333333333333
0.014312096029547553 24821.0 7230.5
0.014427516158818097 21853.5 8283.0
0.014542936288088643 22670.4 13148.4
0.014658356417359188 21679.333333333332 9322.666666666666
0.014773776546629732 20279.333333333332 10019.5
0.014889196675900277 25183.666666666668 11473.333333333334
0.015004616805170823 28672.4 14208.2
0.015120036934441366 29973.2 14233.2
0.015235457063711912 19869.666666666668 6989.0
0.015350877192982455 29431.4 8202.8
0.015466297322253 29966.4 8177.2
0.015581717451523546 24953.25 7747.0
0.01569713758079409 25274.6 8847.2
0.015812557710064637 39489.2 15895.0
0.01592797783933518 27648.6 9793.4
0.016043397968605724 26910.666666666668 11009.166666666666
0.016158818097876268 32576.333333333332 14063.666666666666
0.016274238227146815 30743.5 12945.5
0.01638965835641736 28192.4 11184.6
0.016505078485687903 31580.25 14241.25
0.01662049861495845 25969.833333333332 9790.833333333334
0.016735918744228993 30537.25 14934.25
0.016851338873499537 30546.833333333332 10445.333333333334
0.016966759002770084 32575.5 13992.0
0.017082179132040628 29848.166666666668 10168.833333333334
0.01719759926131117 36589.5 16289.5
0.01731301939058172 38901.5 14196.5
0.017428439519852262 29759.0 9491.5
0.017543859649122806 26770.571428571428 11332.142857142857
0.017659279778393353 31402.0 11412.0
0.017774699907663897 26808.0 7404.5
0.01789012003693444 26279.25 9612.25
0.018005540166204988 31309.333333333332 9765.333333333334
0.01812096029547553 27980.75 7971.25
0.018236380424746075 29759.5 10891.5
0.018351800554016622 27525.8 7945.6
0.018467220683287166 27416.0 5062.333333333333
0.01858264081255771 27383.333333333332 10404.333333333334
0.018698060941828253 27049.5 9556.5
0.0188134810710988 29032.0 10850.0
0.018928901200369344 22990.0 10092.0
0.019044321329639888 45152.0 13215.0
0.019159741458910435 45353.5 13270.0
0.01927516158818098 21625.0 9702.0
0.019390581717451522 38272.666666666664 11605.333333333334
0.01950600184672207 73769.66666666667 11563.666666666666
0.019621421975992613 25067.666666666668 6662.0
0.019736842105263157 26902.0 8092.0
0.019852262234533704 28415.5 7773.5
0.019967682363804248 31256.0 8441.0
0.02019852262234534 38253.0 9121.666666666666
0.020313942751615882 29382.0 8482.0
0.020429362880886426 24038.0 4576.0
0.020544783010156973 21888.0 9739.0
0.020660203139427517 22983.0 7158.5
0.02077562326869806 22990.5 7158.5
0.020891043397968604 33819.0 13435.0
0.02100646352723915 34808.333333333336 11725.666666666666
0.021121883656509695 34010.0 13510.0
0.02123730378578024 22056.0 9773.0
0.021352723915050786 30761.333333333332 12361.666666666666
0.02146814404432133 35681.5 13273.5
0.021583564173591873 38001.5 15537.5
0.02169898430286242 41586.333333333336 14351.0
0.021814404432132964 38023.0 14160.25
0.021929824561403508 37205.0 15827.0
0.022045244690674055 34054.666666666664 10123.333333333334
0.0221606648199446 36887.0 14861.5
0.022276084949215142 39436.5 13416.75
0.02239150507848569 31288.0 11508.5
0.022506925207756233 35082.0 11106.0
0.022622345337026777 57302.0 17385.5
0.022737765466297324 55632.0 17542.5
0.022853185595567867 39518.5 13783.5
0.02296860572483841 34222.75 11622.0
0.023084025854108958 30899.0 10995.0
0.023199445983379502 35186.0 9894.0
0.02343028624192059 62312.5 18845.0
0.023545706371191136 26797.0 7961.0
0.02366112650046168 51021.0 16892.0
0.023776546629732224 53977.0 16804.5
0.02389196675900277 56395.0 18444.5
0.02412280701754386 56657.0 18643.0
0.024238227146814405 27345.0 10925.0
0.02435364727608495 38864.5 11728.5
0.02458448753462604 54378.5 18415.0
0.024699907663896584 24936.0 18568.0
0.024815327793167127 53242.666666666664 16765.0
0.025046168051708218 39238.5 12329.5
0.025161588180978762 39300.5 12406.5
0.02527700831024931 50663.5 16549.25
0.025392428439519853 50933.0 12799.0
0.025507848568790396 39819.5 12916.0
0.025623268698060944 28427.0 12985.0
0.025738688827331487 25544.0 19335.0
0.02585410895660203 28655.0 13003.0
0.025969529085872575 27137.0 16169.0
0.02608494921514312 39995.0 12934.5
0.026200369344413665 25645.0 19335.0
0.02631578947368421 47201.0 15528.0
0.0265466297322253 35920.5 15609.5
0.026662049861495844 37554.333333333336 15271.0
0.02677746999076639 34716.0 18897.5
0.026892890120036934 32782.666666666664 17337.333333333332
0.027008310249307478 34911.0 19497.5
0.027123730378578025 35006.0 20762.5
0.02723915050784857 28760.0 13094.0
0.027354570637119113 28771.0 13094.0
0.02746999076638966 27517.5 18075.0
0.027585410895660203 73304.0 25594.0
0.027816251154201294 44021.0 18492.0
0.027931671283471838 44025.0 18499.0
0.02816251154201293 74393.0 25704.0
0.028277931671283472 74397.0 25704.0
0.028393351800554016 58635.5 21457.0
0.028624192059095107 42925.0 17247.0
0.02873961218836565 42975.0 17249.0
0.028855032317636194 43024.333333333336 19591.0
0.02897045244690674 47350.0 23403.5
0.029085872576177285 51716.0 29544.0
0.02943213296398892 50526.0 20931.0
0.02966297322253001 30030.0 9491.0
0.029778393351800554 29772.0 11419.5
0.029893813481071098 37174.0 17472.666666666668
0.030009233610341645 51885.0 29590.0
0.03012465373961219 32084.0 9822.0
0.030586334256694367 33215.0 10098.0
0.03070175438596491 33262.0 10114.0
0.030817174515235458 43240.0 10210.0
0.030932594644506 47874.5 28291.0
0.031048014773776545 52402.0 34969.0
0.031163434903047092 53953.5 17170.5
0.031278855032317636 59132.0 24012.0
0.03139427516158818 50613.0 21060.333333333332
0.03150969529085872 44242.666666666664 23407.333333333332
0.031625115420129274 33586.0 14957.0
0.03208679593721145 34403.0 15988.0
0.032317636195752536 64817.0 12969.0
0.03254847645429363 64827.0 12969.0
0.03289473684210526 59655.0 24532.0
0.033010156971375805 55122.0 36229.0
0.0332409972299169 50956.0 22198.0
0.03335641735918744 35186.0 18567.0
0.03347183748845799 35212.0 18573.0
0.03358725761772853 37859.0 18992.0
0.033702677746999074 46798.5 27971.0
0.033818097876269625 33160.666666666664 17997.666666666668
0.03404893813481071 33298.0 21498.0
0.034164358264081256 55209.0 36800.0
0.0342797783933518 65707.0 14296.0
0.03439519852262234 58564.0 17955.0
0.03451061865189289 51425.0 21614.0
0.03462603878116344 51465.0 21628.0
0.03497229916897507 51763.0 25843.0
0.03508771929824561 51782.0 25845.0
0.035203139427516156 51787.0 25847.0
0.03543397968605725 51795.0 25847.0
0.035549399815327794 45234.0 44138.0
0.03566481994459834 53958.0 31588.5
0.03578024007386888 45988.5 22579.0
0.036011080332409975 50750.5 40737.5
0.03612650046168052 54924.0 31641.0
0.03624192059095106 45402.0 44170.0
0.036357340720221606 54975.0 31693.0
0.036588180978762694 61438.0 21123.0
0.036703601108033244 61457.0 21123.0
0.03681902123730379 40755.0 19772.0
0.03716528162511542 56535.0 37364.0
0.03728070175438596 56539.0 37364.0
0.037742382271468145 66595.0 14713.0
0.038204062788550326 66604.0 14717.0
0.03855032317636196 67902.0 15272.0
0.038896583564173595 52646.0 27946.0
0.03901200369344414 53846.0 29900.0
0.03912742382271468 53859.0 29900.0
0.039242843951985226 53863.0 29900.0
0.03935826408125577 52444.0 22823.0
0.039473684210526314 54137.0 27339.666666666668
0.03958910433979686 54287.5 26073.5
0.03970452446906741 56127.0 29301.0
0.03981994459833795 56143.0 29303.0
0.039935364727608495 53505.0 18957.5
0.041089566020313946 62635.0 21622.0
0.04132040627885503 60303.0 33354.0
0.04143582640812558 61536.5 27500.5
0.0420129270544783 54754.0 40325.0
0.042128347183748846 112569.0 48876.0
0.04270544783010157 54987.0 46487.0
0.042820867959372115 55311.0 62692.0
0.0432825484764543 55350.0 62692.0
0.04339796860572484 55353.0 62692.0
0.043513388734995384 55355.0 62692.0
0.04362880886426593 55368.0 62692.0
0.04374422899353647 55373.0 62692.0
0.043859649122807015 55404.0 62692.0
0.043975069252077566 55408.0 62694.0
0.04409048938134811 55412.0 62694.0
0.0443213296398892 55424.0 62708.0
0.045013850415512466 61238.0 26040.0
0.04512927054478301 59327.0 74741.0
0.04524469067405355 61313.0 26042.0
0.04559095106186519 60836.0 74922.0
0.045706371191135735 42763.0 17498.0
0.04582179132040628 51840.5 46234.5
0.04593721144967682 52398.0 46266.0
0.046052631578947366 62086.0 75000.0
0.046168051708217916 52470.0 46277.0
0.04628347183748846 42885.0 17547.0
0.046398891966759004 52647.0 46289.0
0.04651431209602955 62195.0 75011.0
0.04662973222530009 52581.0 22177.0
0.046745152354570635 62230.0 75011.0
0.04686057248384118 61752.0 26660.0
0.04697599261311173 61994.5 50835.5
0.04720683287165282 62468.0 75081.0
0.04732225300092336 62199.0 50950.0
0.047437673130193904 62595.0 75091.0
0.047668513388735 62228.0 50974.0
0.04778393351800554 61845.0 26854.0
0.047899353647276086 61845.0 26854.0
0.04824561403508772 63015.0 27379.0
0.04847645429362881 63078.0 27382.0
0.048591874422899355 63273.0 27648.0
0.0487072945521699 63084.0 51451.5
0.04882271468144044 63329.0 27648.0
0.050323176361957524 52216.0 25240.0
0.05043859649122807 52221.0 25240.0
0.05055401662049862 52345.0 25904.0
0.05066943674976916 52369.0 25904.0
0.050784856879039705 58054.5 50971.0
0.05090027700831025 52395.0 25907.0
0.05136195752539243 64161.5 33468.5
0.05159279778393352 63579.333333333336 29201.0
0.05170821791320406 59105.5 23895.5
0.051823638042474605 55940.0 27136.0
0.05193905817174515 55983.0 27172.0
0.0520544783010157 72653.0 39934.0
0.05216989843028624 72659.0 39934.0
0.05228531855955679 72664.0 39934.0
0.05263157894736842 67176.0 26961.0
0.05355493998153278 73224.0 33360.0
0.05424746075715605 73345.0 33908.0
0.05459372114496768 57021.0 27643.0
0.05493998153277932 73478.0 34507.0
0.05505540166204986 73478.0 34507.0
0.05528624192059095 73492.0 34507.0
0.05597876269621422 65815.0 46294.0
0.05609418282548476 73733.0 34637.0
0.057248384118190214 73872.0 34967.0
0.0574792243767313 74359.0 35092.0
0.05817174515235457 119377.0 55304.0
0.06036472760849492 82465.0 54258.0
0.06071098799630656 82517.0 54270.0
0.0608264081255771 82522.0 54270.0
0.060941828254847646 82525.0 54270.0
0.06105724838411819 82527.0 54270.0
0.06151892890120037 82567.0 54278.0
0.062326869806094184 82674.0 54547.0
0.06244228993536473 83699.5 52046.5
0.06255771006463527 83721.0 52055.0
0.06267313019390582 88296.0 52427.5
0.06278855032317636 76083.0 36385.0
0.06301939058171745 84981.0 49573.0
0.06348107109879964 84443.5 45836.0
0.06359649122807018 76072.0 36257.0
0.06371191135734072 92843.0 55422.0
0.06532779316712835 69474.0 25285.0
0.06555863342566944 72595.0 36186.0
0.06590489381348107 73029.0 37035.0
0.06613573407202217 73055.0 37069.0
0.06659741458910434 73176.0 57658.0
0.06671283471837489 119873.0 61010.0
0.06763619575253925 72015.0 43905.5
0.06821329639889197 73670.0 57846.0
0.06844413665743306 73672.0 57846.0
0.0685595567867036 73763.0 57881.0
0.06879039704524469 73818.0 57881.0
0.06890581717451523 74275.0 58045.0
0.06925207756232687 74280.0 58045.0
0.06936749769159742 74282.0 58045.0
0.07006001846722068 79120.0 38175.0
0.07017543859649122 79121.0 38175.0
0.07040627885503231 71059.0 30257.0
0.0708679593721145 79156.0 38202.0
0.07098337950138504 79223.0 38205.0
0.07109879963065559 79227.0 38215.0
0.07179132040627885 76301.0 58849.0
0.0719067405355494 76309.0 58854.0
0.07317636195752539 109399.0 32575.0
0.07329178208679593 109415.0 32580.0
0.07340720221606649 109415.0 32580.0
0.07398430286241921 110213.0 32830.0
0.07409972299168975 94304.0 46073.0
0.0742151431209603 110218.0 32832.0
0.07548476454293629 82513.0 60004.0
0.07594644506001846 98987.0 52055.0
0.07617728531855955 110546.0 33480.0
0.07686980609418283 110766.0 33485.0
0.07698522622345337 110788.0 33626.0
0.07721606648199446 110793.0 33629.0
0.077331486611265 110812.0 33632.0
0.07825484764542937 118706.0 68703.0
0.07952446906740536 135209.0 69100.0
0.08183287165281625 102217.0 55379.0
0.0840258541089566 102576.0 56036.0
0.08460295475530932 102629.0 56119.0
0.0852954755309326 102773.0 57624.0
0.08552631578947369 102833.0 57624.0
0.08621883656509695 110486.5 68616.0
0.08644967682363804 118119.0 79616.0
0.0865650969529086 118131.0 79616.0
0.08714219759926131 118155.0 79618.0
0.08771929824561403 103725.0 57774.0
0.08795013850415513 103735.0 57774.0
0.08806555863342568 103822.0 57776.0
0.08818097876269622 103838.0 57776.0
0.08829639889196676 103839.0 57776.0
0.08875807940904894 103916.0 57871.0
0.08898891966759002 104072.0 58019.0
0.08933518005540166 111732.0 91307.0
0.09118190212373038 134207.0 83425.0
0.0951061865189289 94085.0 54332.0
0.09533702677747 95091.0 54374.0
0.09591412742382271 95201.0 54374.0
0.0961449676823638 95219.0 54374.0
0.0974145891043398 95374.0 54769.0
0.09753000923361034 95375.0 54769.0
0.09764542936288088 95398.0 54769.0
0.09776084949215143 95408.0 54771.0
0.1038781163434903 97304.0 56096.0
0.10399353647276086 97309.0 56377.0
0.10480147737765466 97407.0 56782.0
0.10503231763619575 97444.0 56922.0
0.10514773776546629 97445.0 56922.0
0.11795937211449677 112824.0 46314.0
0.12188365650969529 106380.0 72692.0
0.1283471837488458 171675.0 96748.0
0.1348107109879963 143221.0 93637.0
0.17832409972299168 183369.0 149326.0
0.18467220683287167 200494.0 107324.0
0.19136657433056325 214044.0 146321.0
0.21087257617728533 321878.0 165605.0
0.2259926131117267 240770.0 177062.0
0.3327562326869806 369231.0 238297.0
0.4043167128347184 361466.0 326388.0
0.41101108033240996 395802.0 307000.0
0.8153277931671283 631154.0 633388.0
1.0 692038.0 740712.0
