5112
0.00011542012927054478 602.7083333333334 85.49307479224376
0.00023084025854108956 937.6440271673991 134.0495405513384
0.00034626038781163435 1301.160481444333 223.08124373119358
0.0004616805170821791 1558.4725609756097 319.7637195121951
0.0005771006463527239 1652.2314225053078 388.54140127388536
0.0006925207756232687 1892.480712166172 556.973293768546
0.0008079409048938135 2131.80276816609 717.3287197231834
0.0009233610341643582 2157.4915966386557 592.7773109243698
0.001038781163434903 2352.142105263158 805.7947368421053
0.0011542012927054479 2410.673333333333 623.1466666666666
0.0012696214219759926 2583.03125 811.203125
0.0013850415512465374 2619.9217391304346 674.9565217391304
0.0015004616805170822 2750.90350877193 949.6578947368421
0.001615881809787627 2759.75641025641 873.1410256410256
0.0017313019390581717 2908.935064935065 1063.8051948051948
0.0018467220683287165 2882.902777777778 1435.3333333333333
0.0019621421975992612 3009.7413793103447 1073.1724137931035
0.002077562326869806 3055.983870967742 1143.032258064516
0.0021929824561403508 3081.623188405797 1063.0
0.0023084025854108957 3157.3636363636365 1047.909090909091
0.0024238227146814403 3092.725490196078 1336.9019607843138
0.0025392428439519853 3271.6666666666665 1475.0392156862745
0.00265466297322253 3219.030303030303 1393.4545454545455
0.002770083102493075 3377.6666666666665 1515.025641025641
0.0028855032317636198 3458.3529411764707 1439.264705882353
0.0030009233610341643 3490.525 2406.675
0.0031163434903047093 3582.2758620689656 1813.8620689655172
0.003231763619575254 3535.595238095238 2273.0714285714284
0.003347183748845799 3589.0789473684213 2375.2105263157896
0.0034626038781163434 3427.740740740741 1855.7407407407406
0.0035780240073868884 3676.235294117647 2847.323529411765
0.003693444136657433 3716.4210526315787 2611.9473684210525
0.003808864265927978 3663.6666666666665 2133.0
0.0039242843951985225 3629.6 1590.32
0.004039704524469067 3745.3636363636365 1907.6818181818182
0.004155124653739612 3813.4347826086955 2313.086956521739
0.004270544783010157 3830.304347826087 2209.1739130434785
0.0043859649122807015 3755.0 2037.95
0.004501385041551247 3724.7619047619046 2071.9523809523807
0.0046168051708217915 3738.733333333333 1964.0
0.004732225300092336 3862.7894736842104 2306.8947368421054
0.004847645429362881 3843.8 2258.866666666667
0.004963065558633426 4043.0 5081.533333333334
0.0050784856879039705 3870.2105263157896 2612.8947368421054
0.005193905817174515 4023.3076923076924 4183.076923076923
0.00530932594644506 3920.9166666666665 2954.3333333333335
0.005424746075715605 3925.25 2796.8333333333335
0.00554016620498615 3944.8125 2851.8125
0.005655586334256694 3941.5 2366.3571428571427
0.0057710064635272396 3928.2 2610.3
0.005886426592797784 4041.176470588235 2750.705882352941
0.006001846722068329 4043.714285714286 2625.6428571428573
0.006117266851338873 4068.6666666666665 2762.777777777778
0.006232686980609419 3932.7272727272725 2162.818181818182
0.006348107109879963 4083.125 3177.125
0.006463527239150508 4119.454545454545 3629.4545454545455
0.006578947368421052 3920.3333333333335 3659.0
0.006694367497691598 4098.625 4726.125
0.006809787626962142 3980.1111111111113 2669.3333333333335
0.006925207756232687 4066.3333333333335 3578.75
0.007040627885503232 4158.888888888889 5669.111111111111
0.007156048014773777 3958.8333333333335 4081.1666666666665
0.007271468144044321 4182.5 4188.333333333333
0.007386888273314866 4125.888888888889 3455.222222222222
0.007502308402585411 4267.5 4398.9
0.007617728531855956 4361.3 4725.4
0.0077331486611265 4309.4 4079.6
0.007848568790397045 4289.0 4428.75
0.00796398891966759 4303.125 3815.625
0.008079409048938134 4277.6 3730.4
0.00819482917820868 4219.714285714285 4772.357142857143
0.008310249307479225 4225.363636363636 4376.727272727273
0.008425669436749769 4264.818181818182 4567.727272727273
0.008541089566020314 4326.083333333333 4047.9166666666665
0.00865650969529086 4318.9 4467.5
0.008771929824561403 4260.428571428572 3362.8571428571427
0.008887349953831948 4312.2 4772.6
0.009002770083102494 4391.545454545455 5261.0
0.009118190212373038 4338.857142857143 4972.571428571428
0.009233610341643583 4338.166666666667 5119.5
0.009464450600184672 4269.0 4704.714285714285
0.009579870729455217 4407.428571428572 5760.714285714285
0.009695290858725761 4593.833333333333 6208.5
0.009810710987996307 4407.25 4851.625
0.009926131117266852 4351.0 4593.428571428572
0.010041551246537396 4482.25 10499.0
0.010156971375807941 4432.0 5509.285714285715
0.010272391505078486 4527.0 9215.0
0.01038781163434903 4365.428571428572 5163.714285714285
0.010503231763619576 4481.833333333333 6057.0
0.01061865189289012 4525.5 4996.5
0.010734072022160665 4381.0 5898.0
0.01084949215143121 4414.0 4977.833333333333
0.010964912280701754 4504.142857142857 7629.714285714285
0.0110803324099723 4412.2 4510.0
0.011195752539242845 4347.125 6051.625
0.011311172668513388 4328.0 5492.4
0.011426592797783934 4288.333333333333 3486.0
0.011542012927054479 4424.0 6316.4
0.011657433056325023 4410.333333333333 5833.666666666667
0.011772853185595568 4515.5 6890.5
0.011888273314866112 4426.6 4877.6
0.012003693444136657 4513.333333333333 7683.333333333333
0.012119113573407203 4548.5 7311.75
0.012234533702677746 4587.8 7354.0
0.012349953831948292 4598.2 10293.6
0.012465373961218837 4489.0 11863.5
0.012580794090489381 4610.6 8618.8
0.012696214219759926 4571.166666666667 9872.0
0.012811634349030472 4545.4 8926.8
0.012927054478301015 4496.5 8065.25
0.01304247460757156 4450.8 6664.0
0.013157894736842105 4593.75 7803.0
0.01327331486611265 4556.4 6756.8
0.013388734995383195 4541.5 7198.166666666667
0.013504155124653739 4685.0 9223.5
0.013619575253924284 4522.625 6902.375
0.01373499538319483 4524.888888888889 7588.111111111111
0.013850415512465374 4530.666666666667 7911.333333333333
0.013965835641735919 4566.25 9534.25
0.014081255771006464 4578.285714285715 9193.714285714286
0.014196675900277008 4637.833333333333 10154.333333333334
0.014312096029547553 4549.5 8993.0
0.014427516158818097 4512.25 7747.0
0.014542936288088643 4587.0 10328.0
0.014658356417359188 4655.0 11362.75
0.014773776546629732 4538.142857142857 8700.42857142857
0.014889196675900277 4568.75 6319.5
0.015004616805170823 4506.0 5495.5
0.015120036934441366 4543.0 8182.666666666667
0.015235457063711912 4419.0 4864.0
0.015350877192982455 4615.5 10704.0
0.015466297322253 4656.0 7858.0
0.015581717451523546 4495.5 5928.5
0.01569713758079409 4578.0 9808.5
0.015812557710064637 4600.333333333333 8127.666666666667
0.01592797783933518 4584.0 5791.0
0.016043397968605724 4591.666666666667 7519.666666666667
0.016158818097876268 4801.0 12544.0
0.016274238227146815 4616.333333333333 12465.666666666666
0.01638965835641736 4673.0 11957.0
0.016505078485687903 4551.0 6315.0
0.01662049861495845 4616.5 8831.5
0.016735918744228993 4703.0 21356.0
0.016851338873499537 4653.333333333333 12846.333333333334
0.016966759002770084 4593.666666666667 6436.666666666667
0.017082179132040628 4632.5 7409.5
0.01719759926131117 4624.0 8302.25
0.01731301939058172 4695.0 9887.0
0.017428439519852262 4645.0 9044.4
0.017543859649122806 4685.25 13095.0
0.017659279778393353 4715.666666666667 13531.333333333334
0.017774699907663897 4703.666666666667 14761.333333333334
0.01789012003693444 4608.666666666667 9095.666666666666
0.018005540166204988 4677.25 9807.75
0.01812096029547553 4649.25 8948.0
0.018236380424746075 4606.0 8080.0
0.018351800554016622 4640.0 8706.5
0.018467220683287166 4600.5 8560.5
0.01858264081255771 4620.0 7239.0
0.018698060941828253 4795.0 18207.0
0.0188134810710988 4729.0 16239.666666666666
0.018928901200369344 4830.0 15049.0
0.019044321329639888 4689.666666666667 10529.666666666666
0.019159741458910435 4691.333333333333 13529.333333333334
0.01927516158818098 4725.571428571428 14275.142857142857
0.019390581717451522 4711.8 13179.0
0.01950600184672207 4723.75 15366.5
0.019621421975992613 4686.5 9369.5
0.019736842105263157 4698.25 12620.75
0.019852262234533704 4701.75 9872.25
0.019967682363804248 4680.5 11353.5
0.02008310249307479 4680.166666666667 12379.0
0.02019852262234534 4701.25 13666.0
0.020313942751615882 4705.5 10619.5
0.020429362880886426 4783.0 18921.0
0.020544783010156973 4764.333333333333 16400.0
0.020660203139427517 4723.5 17649.5
0.02077562326869806 4735.666666666667 15738.333333333334
0.020891043397968604 4684.25 14062.5
0.02100646352723915 4681.0 14992.333333333334
0.021121883656509695 4701.5 10511.5
0.02123730378578024 4707.25 12345.25
0.021352723915050786 4768.5 19486.5
0.02146814404432133 4665.666666666667 13456.666666666666
0.021583564173591873 4692.5 16983.5
0.02169898430286242 4658.2 11968.2
0.021814404432132964 4736.333333333333 15961.333333333334
0.021929824561403508 4728.5 12226.5
0.022045244690674055 4702.0 16079.2
0.0221606648199446 4671.666666666667 13565.333333333334
0.022276084949215142 4529.0 6694.0
0.02239150507848569 4676.0 17683.5
0.022506925207756233 4725.0 10512.0
0.022622345337026777 4812.5 21351.5
0.022737765466297324 4597.333333333333 11780.333333333334
0.022853185595567867 4688.333333333333 20543.0
0.02296860572483841 4674.0 17565.5
0.023084025854108958 4542.0 18125.0
0.023199445983379502 4728.0 18734.0
0.023314866112650046 4653.0 13242.666666666666
0.02343028624192059 4702.333333333333 25037.333333333332
0.023545706371191136 4713.333333333333 16247.0
0.023776546629732224 4793.0 13754.0
0.02389196675900277 4696.0 23999.5
0.02412280701754386 4732.25 20789.75
0.02435364727608495 4770.0 18199.0
0.024469067405355493 4795.0 24194.0
0.02458448753462604 4687.0 21222.0
0.024699907663896584 4768.0 26541.0
0.025046168051708218 4700.0 11001.0
0.025161588180978762 4707.0 9053.0
0.02527700831024931 4771.0 14892.5
0.025392428439519853 4700.0 11006.0
0.025507848568790396 4772.5 15425.0
0.025623268698060944 4710.0 9078.0
0.025738688827331487 4778.0 17781.0
0.02585410895660203 4779.5 17860.0
0.025969529085872575 4774.666666666667 17037.0
0.02608494921514312 4765.25 16081.75
0.026200369344413665 4743.5 14005.5
0.02631578947368421 4840.0 22116.0
0.026431209602954756 4757.0 15125.0
0.0265466297322253 4758.0 15153.0
0.027123730378578025 4796.0 13994.0
0.02746999076638966 4752.0 14515.0
0.02850877192982456 4736.0 38707.0
0.028624192059095107 4736.0 38708.0
0.02873961218836565 4807.5 30699.5
0.028855032317636194 4879.0 22691.0
0.02897045244690674 4807.5 30701.0
0.02920129270544783 4879.0 22708.0
0.029316712834718376 4879.0 22726.0
0.02943213296398892 4809.5 30732.0
0.029547553093259463 4740.0 38763.0
0.029893813481071098 4747.0 28167.0
0.030009233610341645 4759.0 39301.0
0.03012465373961219 4818.0 15543.0
0.03035549399815328 4822.0 25934.0
0.030470914127423823 4823.0 15575.0
0.030586334256694367 4823.0 15575.0
0.03070175438596491 4824.5 31249.5
0.030932594644506 4825.0 15920.0
0.031048014773776545 4781.5 14184.0
0.031163434903047092 4753.0 10394.0
0.031278855032317636 4889.0 23098.0
0.03139427516158818 4777.0 8579.0
0.031625115420129274 4825.0 16037.0
0.03208679593721145 4816.666666666667 19622.666666666668
0.03220221606648199 4752.0 15038.5
0.032317636195752536 4864.0 21316.0
0.03243305632502309 4893.0 23719.0
0.03254847645429363 4893.0 23741.0
0.032663896583564174 4893.0 23742.0
0.03277931671283472 4842.5 16504.5
0.03289473684210526 4883.0 32183.0
0.033010156971375805 4889.5 28030.5
0.03335641735918744 4887.0 36206.0
0.03347183748845799 4887.0 36251.5
0.03358725761772853 4887.0 34793.0
0.033702677746999074 4887.0 34824.0
0.0342797783933518 4888.0 40190.0
0.034856879039704525 4811.0 14417.0
0.03497229916897507 4850.5 24835.5
0.035203139427516156 4855.0 30453.0
0.035895660203139425 4790.0 21694.0
0.036011080332409975 4837.333333333333 26607.333333333332
0.03624192059095106 4878.0 33174.0
0.036357340720221606 4862.0 39703.5
0.03647276084949215 4861.0 30630.0
0.036588180978762694 4832.0 26230.5
0.036703601108033244 4862.0 30630.0
0.03693444136657433 4866.0 30939.0
0.03716528162511542 4866.0 30950.0
0.03728070175438596 4897.0 41955.0
0.037396121883656507 4897.0 42061.0
0.03797322253000923 4868.0 31034.0
0.03831948291782087 4831.0 17852.0
0.038434903047091414 4831.0 17852.0
0.03855032317636196 4832.0 17943.0
0.0386657433056325 4834.0 18604.0
0.03901200369344414 4850.5 17933.5
0.03981994459833795 4840.0 24564.5
0.039935364727608495 4842.0 24623.5
0.04005078485687904 4814.0 17292.0
0.04016620498614958 4814.0 17296.0
0.040281625115420126 4845.0 24680.0
0.04039704524469068 4814.0 17334.0
0.04051246537396122 4814.0 17340.0
0.040627885503231764 4814.0 17343.0
0.04085872576177285 4814.0 17366.0
0.040974145891043395 4815.0 17378.0
0.04259002770083103 4822.0 17645.0
0.042820867959372115 4822.0 17645.0
0.04293628808864266 4822.0 17646.0
0.043167128347183746 4822.0 17678.0
0.0432825484764543 4822.0 17678.0
0.043859649122807015 4895.0 50220.0
0.043975069252077566 4895.0 50410.0
0.04420590951061865 4895.0 50410.0
0.0443213296398892 4896.0 50410.0
0.04443674976915974 4880.0 38992.0
0.044552169898430284 4880.0 38992.0
0.04466759002770083 4896.0 50594.0
0.04478301015697138 4896.0 50594.0
0.04489843028624192 4880.0 38830.0
0.045013850415512466 4880.0 38830.0
0.04512927054478301 4896.0 51108.0
0.04524469067405355 4896.0 51113.0
0.04547553093259465 4880.5 39486.5
0.045706371191135735 4897.0 51115.0
0.04582179132040628 4877.333333333333 35469.333333333336
0.04593721144967682 4869.0 27374.0
0.046052631578947366 4898.0 51920.0
0.04628347183748846 4889.5 40094.5
0.046398891966759004 4881.0 28273.0
0.04651431209602955 4898.0 51926.0
0.046745152354570635 4888.0 30690.0
0.04686057248384118 4894.0 32667.0
0.04697599261311173 4899.0 51928.0
0.04709141274238227 4894.0 32673.0
0.047899353647276086 4894.0 32741.0
0.04801477377654663 4894.0 32741.0
0.04813019390581717 4894.0 32741.0
0.05055401662049862 4890.0 29416.0
0.05101569713758079 4898.0 33351.0
0.05170821791320406 4898.0 33366.0
0.0520544783010157 4898.0 33366.0
0.05216989843028624 4900.0 33459.0
0.05240073868882733 4901.0 33779.0
0.05286241920590951 4902.0 34095.0
0.052977839335180056 4902.0 34137.0
0.053208679593721143 4902.0 34173.0
0.05332409972299169 4901.0 30495.0
0.05343951985226224 4902.0 34174.0
0.05355493998153278 4901.5 32379.5
0.053670360110803325 4912.333333333333 36789.0
0.05378578024007387 4902.0 34264.0
0.0541320406278855 4904.0 30888.0
0.05424746075715605 4904.0 30888.0
0.054362880886426594 4904.0 30888.0
0.054709141274238225 4953.0 35907.0
0.05493998153277932 4954.0 35907.0
0.05505540166204986 4954.0 35920.0
0.05517082179132041 4929.5 33495.5
0.05528624192059095 4930.0 33806.0
0.055401662049861494 4945.0 41095.0
0.05551708217913204 4945.0 41097.0
0.05563250230840259 4935.0 45681.0
0.05574792243767313 4905.0 31122.0
0.05597876269621422 4905.0 31166.0
0.05609418282548476 4958.0 36574.0
0.05620960295475531 4931.5 33872.5
0.05632502308402586 4932.0 33932.0
0.0564404432132964 4958.0 36576.0
0.05701754385964912 4907.0 31550.0
0.057248384118190214 4907.0 31550.0
0.05736380424746076 4907.0 31550.0
0.0574792243767313 4907.0 31551.0
0.057594644506001845 4907.0 31614.0
0.05782548476454294 4912.0 31888.0
0.05805632502308403 4912.0 31891.0
0.058287165281625114 4907.0 35880.0
0.05840258541089566 4907.0 35880.0
0.05863342566943675 4907.0 35880.0
0.05886426592797784 4915.0 32364.0
0.05921052631578947 4959.0 36920.0
0.05932594644506002 4959.0 36920.0
0.059441366574330565 4937.0 34643.0
0.05955678670360111 4915.0 32366.0
0.05967220683287165 4927.5 39489.0
0.05990304709141274 4917.0 32378.0
0.06024930747922438 4963.0 41574.0
0.06059556786703601 4917.0 32568.0
0.06071098799630656 4917.0 34146.0
0.06151892890120037 4940.0 46677.0
0.061634349030470915 4940.0 46677.0
0.06174976915974146 4964.0 41703.0
0.061980609418282546 4964.0 41711.0
0.06209602954755309 4964.0 41711.0
0.06221144967682364 4964.0 41711.0
0.06244228993536473 4943.0 46967.0
0.06382733148661127 4924.5 52623.5
0.06394275161588181 4924.5 52635.5
0.06440443213296398 4965.0 42805.0
0.06451985226223453 4944.0 39409.0
0.06463527239150507 4944.0 39409.0
0.06475069252077563 4924.0 36013.0
0.06486611265004617 4945.0 39678.5
0.06498153277931672 4966.0 43338.0
0.0652123730378578 4945.0 39741.0
0.06544321329639889 4947.0 43632.666666666664
0.06567405355493998 4948.0 51167.0
0.06590489381348107 4936.0 43784.5
0.06602031394275161 4969.0 43608.0
0.06625115420129271 4911.0 28266.0
0.06659741458910434 4969.0 43671.0
0.06705909510618652 4913.0 28284.0
0.0672899353647276 4913.0 28284.0
0.06740535549399815 4913.0 28303.0
0.06752077562326869 4925.0 40072.0
0.06763619575253925 4913.0 28303.0
0.06821329639889197 4913.0 28307.0
0.07132963988919667 4949.0 40795.0
0.07144506001846722 4949.0 40795.0
0.07156048014773776 4949.0 40795.0
0.07179132040627885 4949.0 40803.0
0.0721375807940905 4922.0 64820.0
0.07225300092336104 4937.5 53260.0
0.07236842105263158 4947.5 55008.0
0.07248384118190213 4926.0 65718.0
0.07259926131117267 4926.0 65723.0
0.07271468144044321 4926.0 65723.0
0.0742151431209603 4945.0 38598.0
0.07433056325023084 4945.0 38598.0
0.07456140350877193 4945.0 38620.0
0.07467682363804247 4946.0 38629.0
0.07767774699907663 4945.0 68197.0
0.07779316712834719 4945.0 68215.0
0.07790858725761773 4945.0 68215.0
0.07813942751615882 4949.0 39059.0
0.07825484764542937 4949.0 39235.0
0.07837026777469991 4949.0 39235.0
0.08460295475530932 4953.0 40250.0
0.08575715604801477 4953.0 41466.0
0.08679593721144968 4980.0 48164.0
0.08910433979686057 4956.0 41926.0
0.08933518005540166 4956.0 41926.0
0.08945060018467221 4956.0 41928.0
0.09025854108956602 4961.0 47179.0
0.09060480147737765 4964.0 47317.0
0.0907202216066482 4964.0 47317.0
0.09903047091412742 4989.0 53956.0
0.10076177285318559 4991.0 54257.0
0.10226223453370267 4994.0 56336.0
0.10272391505078486 5006.0 64565.0
0.1049168975069252 4996.0 82133.0
0.10526315789473684 4996.0 82873.0
0.1053785780240074 4996.0 82873.0
0.10549399815327794 4996.0 82878.0
0.10560941828254848 4996.0 82879.0
0.10584025854108957 4996.0 83011.0
0.10595567867036011 4996.0 83013.0
0.11265004616805172 5010.0 68357.0
0.1128808864265928 5006.0 103095.0
0.11299630655586335 5006.0 103179.0
0.11345798707294552 5006.0 103202.0
0.1141505078485688 5006.0 103224.0
0.11553554939981532 5007.0 103243.0
0.11599722991689751 5007.0 103243.0
0.11784395198522622 4997.0 61311.0
0.11795937211449677 4997.0 61321.0
0.11807479224376731 4997.0 61499.0
0.11819021237303785 4997.0 61499.0
0.1183056325023084 4997.0 61557.0
0.11842105263157894 5009.0 109203.0
0.1185364727608495 5009.0 109203.0
0.11876731301939059 4997.0 61564.0
0.11888273314866113 5009.0 109203.0
0.11899815327793167 4997.0 61564.0
0.11945983379501385 5009.0 109210.0
0.11957525392428439 4997.0 61565.0
0.11980609418282548 4997.0 61578.0
0.11992151431209604 4997.0 61602.0
0.12003693444136658 5003.0 85406.0
0.12026777469990767 4998.0 61602.0
0.12557710064635272 5009.0 110351.0
0.12569252077562326 5009.0 110742.0
0.12626962142197598 5009.0 110845.0
0.1265004616805171 5009.0 110845.0
0.13307940904893814 5017.0 76719.0
0.13423361034164358 5019.0 76761.0
0.13434903047091412 5019.0 76780.0
0.1402354570637119 5009.0 119498.0
0.14035087719298245 5009.0 119498.0
0.14127423822714683 5024.0 77890.0
0.14138965835641737 5024.0 77890.0
0.14162049861495846 5024.0 77890.0
0.14208217913204063 5024.0 77890.0
0.1425438596491228 5013.0 104844.0
0.1427746999076639 5013.0 104856.0
0.14415974145891045 5017.0 106630.0
0.14439058171745153 5010.0 119860.0
0.14450600184672208 5010.0 119864.0
0.1450831024930748 5014.5 113399.0
0.14531394275161588 5011.0 119893.0
0.14542936288088643 5018.0 106920.0
0.14554478301015697 5014.5 113471.0
0.1456602031394275 5014.5 113473.0
0.14577562326869806 5011.0 120022.0
0.1458910433979686 5018.0 106935.0
0.14623730378578023 5019.0 106937.0
0.14646814404432132 5019.0 106937.0
0.14658356417359186 5019.0 106937.0
0.14681440443213298 5019.0 106937.0
0.14692982456140352 5019.0 109058.0
0.14866112650046168 5016.0 122269.0
0.14877654662973222 5016.0 122269.0
0.14889196675900276 5016.0 122279.0
0.14969990766389657 5018.0 122828.0
0.15004616805170823 5018.0 123065.0
0.15016158818097877 5014.0 115098.33333333333
0.15027700831024932 5015.333333333333 116098.66666666667
0.15039242843951986 5004.0 109064.0
0.15062326869806095 5004.0 109064.0
0.1507386888273315 5004.0 109064.0
0.15085410895660203 5004.0 109064.0
0.15108494921514312 5005.0 109107.0
0.15120036934441367 5005.0 109107.0
0.15270083102493076 5005.0 109881.0
0.15397045244690674 5028.0 147224.0
0.1548938134810711 5006.0 110793.0
0.1577793167128347 5030.0 148021.0
0.16539704524469068 5016.0 119291.0
0.16608956602031394 5016.0 119308.0
0.16620498614958448 5016.0 119308.0
0.16666666666666666 5029.0 96132.0
0.16862880886426593 5029.0 96963.0
0.1693213296398892 5018.0 121221.0
0.1698984302862419 5018.0 121314.0
0.17024469067405357 5018.0 121340.0
0.1703601108033241 5031.0 129991.0
0.17082179132040629 5031.0 129995.0
0.1722068328716528 5031.0 135763.0
0.17232225300092335 5031.0 135814.0
0.17347645429362882 5018.0 121613.0
0.17359187442289936 5018.0 122102.0
0.17405355493998154 5018.0 122113.0
0.17428439519852262 5031.0 137581.0
0.1745152354570637 5031.0 137583.0
0.17463065558633425 5018.0 122292.0
0.1747460757156048 5030.0 98597.0
0.1755540166204986 5018.0 123133.0
0.17566943674976915 5018.0 123133.0
0.1757848568790397 5018.0 123135.0
0.17590027700831026 5018.0 123135.0
0.17613111726685135 5018.0 123154.0
0.17659279778393353 5032.0 139976.0
0.17832409972299168 5018.0 123486.0
0.1786703601108033 5018.0 123486.0
0.17890120036934443 5018.0 123526.0
0.1791320406278855 5018.0 123665.0
0.17924746075715606 5018.0 123682.0
0.17970914127423823 5018.0 123684.0
0.17993998153277932 5018.0 123684.0
0.1812096029547553 5032.0 152543.0
0.18132502308402584 5032.0 152543.0
0.18155586334256693 5032.0 152553.0
0.18167128347183747 5032.0 152556.0
0.18224838411819022 5032.0 153757.0
0.1827100646352724 5032.0 153900.0
0.18305632502308403 5032.0 153904.0
0.18432594644506 5032.0 153967.0
0.19217451523545706 5036.0 158420.0
0.19390581717451524 5036.0 158728.0
0.19436749769159742 5036.0 158738.0
0.19448291782086796 5036.0 158738.0
0.19471375807940905 5036.0 158871.0
0.19529085872576177 5036.0 158875.0
0.1969067405355494 5036.0 160850.0
0.20094644506001846 5036.0 163796.0
0.2025623268698061 5036.0 163825.0
0.20417820867959371 5036.0 164009.0
0.2046398891966759 5020.0 151610.0
0.20487072945521698 5020.0 151610.0
0.20498614958448755 5020.0 151610.0
0.20533240997229918 5020.0 151719.0
0.2069482917820868 5020.0 152004.0
0.20706371191135733 5021.0 152004.0
0.20729455216989842 5021.0 152004.0
0.2084487534626039 5039.0 165402.0
0.20879501385041552 5039.0 165448.0
0.20891043397968606 5039.0 165456.0
0.20914127423822715 5039.0 165456.0
0.2092566943674977 5039.0 165481.0
0.21144967682363805 5021.0 159277.0
0.21306555863342566 5021.0 159603.0
0.2134118190212373 5021.0 159832.0
0.21364265927977838 5021.0 159864.0
0.21375807940904895 5021.0 159864.0
0.21398891966759004 5021.0 159864.0
0.21410433979686058 5021.0 159864.0
0.2144506001846722 5021.0 159916.0
0.2149122807017544 5021.0 159920.0
0.21502770083102493 5021.0 159920.0
0.2162973222530009 5021.0 160056.0
0.21664358264081257 5021.0 160056.0
0.2172206832871653 5022.0 160705.0
0.21745152354570638 5022.0 160705.0
0.22253000923361035 5023.0 161464.0
0.2226454293628809 5023.0 161468.0
0.22391505078485688 5023.0 163676.0
0.22403047091412742 5023.0 163686.0
0.2257617728531856 5024.0 163993.0
0.22645429362880887 5026.0 165474.0
0.265466297322253 5036.0 179459.0
0.2774699907663897 5050.0 193788.0
0.27827793167128345 5052.0 201102.0
0.33437211449676824 5069.0 287997.0
0.3394506001846722 5069.0 289634.0
0.4521006463527239 5083.0 357991.0
0.7303785780240074 5103.0 559093.0
0.9958448753462604 5112.0 738552.0
1.0 5112.0 740712.0
