958465
0.0001 1071 147 0
0.0001 1637 224 0
0.0002 2490 445 0
0.0003 3006 528 0
0.0003 3603 720 0
0.0004 4049 872 0
0.0005 4500 872 0
0.0006 4978 1005 0
0.0006 5237 1016 0
0.0007 5805 1202 0
0.0008 6109 1464 0
0.0008 6233 1442 0
0.0009 6479 1647 0
0.0010 6848 1939 0
0.0010 7091 1829 0
0.0011 7463 1782 0
0.0012 8062 2349 0
0.0012 8102 2385 0
0.0013 8357 2213 0
0.0014 9770 2829 0
0.0015 9533 3073 0
0.0015 10488 3371 0
0.0016 10705 3307 0
0.0017 9860 2943 0
0.0017 10490 3262 0
0.0018 10947 3377 0
0.0019 11581 3584 0
0.0019 11066 3734 0
0.0020 11129 3898 0
0.0021 11771 3682 0
0.0021 12501 3599 0
0.0022 12546 3967 0
0.0023 12288 3896 0
0.0024 12579 4342 0
0.0024 12552 3715 0
0.0025 12752 4919 0
0.0026 13330 4537 0
0.0026 13134 4479 0
0.0027 13415 5087 0
0.0028 13904 4019 0
0.0028 12442 3972 0
0.0029 13924 4262 0
0.0030 14477 4999 0
0.0030 13820 4643 0
0.0031 13718 4602 0
0.0032 14367 4695 0
0.0033 15456 5225 0
0.0033 15893 5648 0
0.0034 15531 5359 0
0.0035 15285 7643 0
0.0035 16727 8275 0
0.0036 15627 6053 0
0.0037 16102 4819 0
0.0037 17674 6274 0
0.0038 16036 5698 0
0.0039 15965 6115 0
0.0039 15603 6031 0
0.0040 17088 6794 0
0.0041 16515 6754 0
0.0042 17251 8182 0
0.0042 17376 5743 0
0.0043 16580 7477 0
0.0044 16874 7809 0
0.0044 18860 8756 0
0.0045 15968 7107 0
0.0046 19124 8700 0
0.0046 20889 9851 0
0.0047 22280 11693 0
0.0048 20812 12258 0
0.0048 19805 8506 0
0.0049 18491 10349 0
0.0050 19556 8404 0
0.0051 20375 9490 0
0.0051 23249 12076 0
0.0052 20554 13794 0
0.0053 28210 9606 0
0.0053 20528 10548 0
0.0054 22496 12097 0
0.0055 21953 11234 0
0.0055 23052 10298 0
0.0056 25073 8865 0
0.0057 17172 8366 0
0.0057 17896 9426 0
0.0058 20084 12699 0
0.0059 21324 9162 0
0.0060 21836 16703 0
0.0060 25015 12062 0
0.0061 21792 7533 0
0.0062 22961 8831 0
0.0062 29071 9536 0
0.0063 31663 15500 0
0.0064 31758 8820 0
0.0064 25165 5845 0
0.0065 18739 7261 0
0.0067 28823 10808 0
0.0067 23893 10052 0
0.0068 26184 11154 0
0.0069 26149 9526 0
0.0069 22294 8018 0
0.0070 20920 6845 0
0.0071 25332 8402 0
0.0072 26245 5845 0
0.0073 21320 6264 0
0.0073 35003 14409 0
0.0074 22529 11996 0
0.0075 23584 10923 0
0.0076 21170 8977 0
0.0076 24574 12366 0
0.0077 28924 34036 0
0.0078 29296 32190 0
0.0078 27725 39035 0
0.0079 27809 39164 0
0.0080 30283 12499 0
0.0080 23865 12859 0
0.0081 32205 16078 0
0.0082 33085 15583 0
0.0082 30544 14132 0
0.0083 23043 13338 0
0.0085 37733 15436 0
0.0085 32349 9950 0
0.0087 46615 12722 0
0.0087 20037 10888 0
0.0088 36712 12764 0
0.0089 20103 10888 0
0.0089 20761 9447 0
0.0090 42769 17959 0
0.0091 23367 18074 0
0.0091 73196 24570 0
0.0092 28461 14603 0
0.0093 25811 15887 0
0.0094 26241 22144 0
0.0095 28720 9880 0
0.0096 107074 18456 0
0.0097 23900 13961 0
0.0098 23906 13961 0
0.0098 37325 12288 0
0.0099 31116 13843 0
0.0100 30495 19697 0
0.0100 23381 11693 0
0.0101 29784 8648 0
0.0103 28788 17244 0
0.0103 24607 11935 0
0.0104 39177 22060 0
0.0105 32643 20973 0
0.0106 39334 22186 0
0.0107 30503 14749 0
0.0109 36791 14799 0
0.0109 33968 15238 0
0.0111 34962 15906 0
0.0113 43283 24053 0
0.0114 31262 9866 0
0.0115 31961 15490 0
0.0116 43409 96326 0
0.0116 43411 96326 0
0.0117 43415 96326 0
0.0118 44251 20230 0
0.0118 42045 22961 0
0.0119 40262 57893 0
0.0120 37005 17683 0
0.0121 70003 24840 0
0.0121 35246 53175 0
0.0123 33722 18343 0
0.0127 52574 16234 0
0.0128 38407 20422 0
0.0129 39389 23458 0
0.0130 43335 40967 0
0.0131 41666 21828 0
0.0135 51263 17560 0
0.0136 29528 16666 0
0.0137 56138 41219 0
0.0139 50614 99604 0
0.0139 54830 20289 0
0.0144 43428 15615 0
0.0145 32719 17459 0
0.0147 38882 25711 0
0.0148 49270 21919 0
0.0152 36811 23977 0
0.0155 52757 100212 0
0.0158 41360 19494 0
0.0159 41161 42132 0
0.0159 50813 23611 0
0.0162 50411 22850 0
0.0163 53799 25250 0
0.0166 58028 20580 0
0.0167 46293 26677 0
0.0168 43246 27155 0
0.0168 34797 21222 0
0.0169 53662 100790 0
0.0171 59746 22891 0
0.0173 46535 27163 0
0.0175 79910 30197 0
0.0176 53186 29058 0
0.0177 51880 42226 0
0.0179 42680 31880 0
0.0181 45413 24798 0
0.0183 46432 32221 0
0.0184 52908 27816 0
0.0184 45765 37761 0
0.0186 53950 48613 0
0.0190 61190 26452 0
0.0194 60863 46082 0
0.0195 48149 39746 0
0.0195 57760 43814 0
0.0196 49754 30894 0
0.0200 55701 35914 0
0.0200 73767 70871 0
0.0201 50330 27906 0
0.0202 63317 23603 0
0.0203 50150 35773 0
0.0204 64848 54133 0
0.0206 48732 41472 0
0.0206 64609 59107 0
0.0207 60424 32011 0
0.0211 57948 34380 0
0.0213 41555 27695 0
0.0214 52731 100956 0
0.0217 58715 31547 0
0.0219 65115 53649 0
0.0221 51098 41858 0
0.0224 51948 30532 0
0.0227 60999 61898 0
0.0228 60216 44175 0
0.0229 60645 48792 0
0.0231 53351 30858 0
0.0232 68448 56327 0
0.0236 62481 55863 0
0.0238 80406 80186 0
0.0239 56512 31665 0
0.0240 47326 40008 0
0.0245 79356 91939 0
0.0245 71413 35033 0
0.0251 56483 103269 0
0.0252 64864 113212 0
0.0253 64002 52031 0
0.0254 58236 47746 0
0.0256 47931 34964 0
0.0261 52974 39919 0
0.0262 65228 80957 0
0.0263 68766 46231 0
0.0265 62773 47951 0
0.0275 74747 40882 0
0.0276 54349 42939 0
0.0278 71729 65338 0
0.0283 66876 62563 0
0.0284 62737 40407 0
0.0289 60621 51088 0
0.0290 64616 51473 0
0.0290 66009 39439 0
0.0294 60931 47055 0
0.0296 62530 81542 0
0.0296 80128 67668 0
0.0298 79899 86554 0
0.0299 73476 68394 0
0.0300 77603 64234 0
0.0307 88058 70079 0
0.0312 134399 47221 0
0.0313 155433 57330 0
0.0317 80870 46657 0
0.0320 68160 56485 0
0.0322 86057 91561 0
0.0323 78119 70486 0
0.0327 68896 56600 0
0.0330 72837 55139 0
0.0333 88808 46427 0
0.0333 67362 73556 0
0.0337 89295 75862 0
0.0345 80338 127479 0
0.0348 117785 58410 0
0.0348 95791 112183 0
0.0349 107479 64428 0
0.0355 83564 73287 0
0.0355 90318 77545 0
0.0357 107985 66560 0
0.0360 118333 59138 0
0.0369 81634 82687 0
0.0370 161553 70131 0
0.0371 79185 61152 0
0.0373 93518 95586 0
0.0377 74167 92708 0
0.0382 97022 108253 0
0.0385 91163 64431 0
0.0387 86504 50829 0
0.0388 82668 78530 0
0.0396 79323 68117 0
0.0399 89294 77146 0
0.0400 123314 81742 0
0.0408 117163 79319 0
0.0409 99119 87323 0
0.0415 129670 72668 0
0.0425 104239 92776 0
0.0426 98513 101344 0
0.0427 100908 99634 0
0.0429 107332 92572 0
0.0434 176763 77448 0
0.0435 89857 55432 0
0.0436 87222 142923 0
0.0438 85008 68357 0
0.0446 132464 75500 0
0.0448 98945 92630 0
0.0450 95689 95581 0
0.0452 91148 66385 0
0.0456 95623 81074 0
0.0466 102705 117730 0
0.0480 96923 82859 0
0.0499 126044 105614 0
0.0500 114152 107021 0
0.1000 208786 195593 0
0.1500 261842 346677 0
0.2000 317383 449660 0
0.2500 354768 533311 0
0.2999 395596 619522 0
0.3500 434471 724830 0
0.4000 472407 829352 0
0.4500 508172 914838 0
0.5000 561330 1014212 0
0.5500 648552 1107445 0
0.6000 677827 1176543 0
0.6500 709052 1312703 0
0.7001 735909 1394444 0
0.7501 770214 1510527 0
0.8001 807302 1641741 0
0.8501 829437 1783981 0
0.9000 871873 1906966 0
0.9501 904779 2030909 0
1.0000 958465 2134798 0
