894963
0.00011542012927054478 1232.3394506001846 167.9862650046168
0.00023084025854108956 1864.5108119135048 274.5924112607099
0.00034626038781163435 2826.6704900938475 466.451511991658
0.0004616805170821791 3343.637614678899 643.9724770642201
0.0005771006463527239 4083.751592356688 821.0021231422505
0.0006925207756232687 4799.492447129909 975.6676737160121
0.0008079409048938135 4961.912408759124 1199.2846715328467
0.0009233610341643582 5727.186602870814 1231.6172248803828
0.001038781163434903 5973.742105263158 1656.9684210526316
0.0011542012927054479 6669.972222222223 1709.326388888889
0.0012696214219759926 6434.606837606838 1300.6666666666667
0.0013850415512465374 7571.439252336449 1736.214953271028
0.0015004616805170822 7497.666666666667 1600.9166666666667
0.001615881809787627 8455.536082474227 1953.4639175257732
0.0017313019390581717 8563.817204301075 1966.741935483871
0.0018467220683287165 8616.847222222223 2679.4166666666665
0.0019621421975992612 10226.287671232876 2702.5616438356165
0.002077562326869806 9576.984126984127 2820.2380952380954
0.0021929824561403508 10553.758064516129 2811.532258064516
0.0023084025854108957 10174.031746031746 3446.8253968253966
0.0024238227146814403 8956.62 2321.2
0.0025392428439519853 9648.6 2885.42
0.00265466297322253 10079.21052631579 3141.9473684210525
0.002770083102493075 11588.872340425532 5252.68085106383
0.0028855032317636198 11559.866666666667 3418.4444444444443
0.0030009233610341643 11470.84 4572.16
0.0031163434903047093 13148.208333333334 3804.5416666666665
0.003231763619575254 12960.111111111111 3271.527777777778
0.003347183748845799 15840.709677419354 5139.741935483871
0.0034626038781163434 13865.382352941177 4634.029411764706
0.0035780240073868884 16967.133333333335 5135.433333333333
0.003693444136657433 14333.6 4522.466666666666
0.003808864265927978 13020.384615384615 4374.846153846154
0.0039242843951985225 15815.666666666666 4782.8
0.004039704524469067 14440.689655172413 4471.689655172414
0.004155124653739612 15899.28 5864.92
0.004270544783010157 13550.75 4221.375
0.0043859649122807015 14860.25 6303.291666666667
0.004501385041551247 16853.045454545456 5046.954545454545
0.0046168051708217915 16604.352941176472 6348.0
0.004732225300092336 17394.904761904763 5619.9047619047615
0.004847645429362881 19330.117647058825 5338.176470588235
0.004963065558633426 20985.444444444445 5742.222222222223
0.0050784856879039705 19161.85714285714 6751.785714285715
0.005193905817174515 17645.5 5341.611111111111
0.00530932594644506 21722.70588235294 7764.058823529412
0.005424746075715605 21622.0 7990.333333333333
0.00554016620498615 21098.70588235294 5869.058823529412
0.005655586334256694 28012.736842105263 5900.894736842105
0.0057710064635272396 19772.647058823528 7178.235294117647
0.005886426592797784 20086.583333333332 7790.25
0.006001846722068329 18404.555555555555 5079.111111111111
0.006117266851338873 20262.25 6550.875
0.006232686980609419 17101.4 6435.266666666666
0.006348107109879963 20660.5 6546.75
0.006463527239150508 22428.866666666665 7600.133333333333
0.006578947368421052 22241.625 6030.25
0.006694367497691598 23406.1 6661.3
0.006809787626962142 27846.14285714286 9375.285714285714
0.006925207756232687 24739.125 7774.0
0.007040627885503232 19111.470588235294 6083.35294117647
0.007156048014773777 20927.454545454544 6755.0
0.007271468144044321 25761.25 8876.0
0.007386888273314866 24940.454545454544 9164.272727272728
0.007502308402585411 28088.625 12460.0
0.007617728531855956 25255.666666666668 10228.555555555555
0.0077331486611265 24299.6 7713.1
0.007848568790397045 26618.583333333332 7983.416666666667
0.00796398891966759 23741.3 7560.5
0.008079409048938134 26783.0 7685.222222222223
0.00819482917820868 24034.8 6982.8
0.008310249307479225 18302.2 5601.4
0.008425669436749769 20789.75 7179.5
0.008541089566020314 21053.11111111111 9062.888888888889
0.00865650969529086 19429.0 8587.454545454546
0.008771929824561403 23320.3 8775.8
0.008887349953831948 23115.4 9112.1
0.009002770083102494 23764.454545454544 8588.181818181818
0.009118190212373038 22971.69230769231 9150.538461538461
0.009233610341643583 21607.85714285714 9336.42857142857
0.009349030470914127 28129.4 8076.5
0.009464450600184672 24991.166666666668 8598.0
0.009579870729455217 32990.5 11735.333333333334
0.009695290858725761 28246.18181818182 11511.363636363636
0.009810710987996307 28568.4 10663.2
0.009926131117266852 30259.428571428572 12747.285714285714
0.010041551246537396 22233.25 8001.25
0.010156971375807941 32881.2 10413.0
0.010272391505078486 29884.85714285714 10066.57142857143
0.01038781163434903 29731.6 7809.0
0.010503231763619576 19124.0 9491.333333333334
0.01061865189289012 21616.0 13721.25
0.010734072022160665 22776.0 11950.25
0.01084949215143121 22574.571428571428 14961.142857142857
0.010964912280701754 25305.25 14506.625
0.0110803324099723 21444.14285714286 9831.857142857143
0.011195752539242845 23527.714285714286 8755.42857142857
0.011311172668513388 25730.571428571428 14616.857142857143
0.011426592797783934 23797.166666666668 8884.5
0.011542012927054479 23409.25 10809.5
0.011657433056325023 29886.0 14405.75
0.011772853185595568 23469.6 18915.0
0.011888273314866112 28566.4 19726.6
0.012003693444136657 24450.5 16074.375
0.012119113573407203 28846.88888888889 15004.888888888889
0.012234533702677746 31224.0 20300.666666666668
0.012349953831948292 31604.666666666668 21034.0
0.012465373961218837 32112.75 25560.75
0.012580794090489381 30868.14285714286 19687.285714285714
0.012696214219759926 35311.8 22248.2
0.012811634349030472 29627.0 14130.285714285714
0.012927054478301015 42561.5 14621.25
0.01304247460757156 34224.75 18857.875
0.013157894736842105 39255.0 13180.25
0.01327331486611265 31559.666666666668 14754.0
0.013388734995383195 30309.833333333332 15067.0
0.013504155124653739 32041.25 18485.5
0.013619575253924284 32829.42857142857 16634.285714285714
0.01373499538319483 33167.11111111111 15327.333333333334
0.013850415512465374 38537.2 17567.0
0.013965835641735919 51651.0 16623.666666666668
0.014081255771006464 35551.833333333336 12862.5
0.014196675900277008 38145.77777777778 17318.222222222223
0.014312096029547553 37306.88888888889 15701.777777777777
0.014427516158818097 29240.666666666668 13493.666666666666
0.014542936288088643 38577.0 24758.0
0.014658356417359188 38066.4 25585.6
0.014773776546629732 36772.666666666664 24420.666666666668
0.014889196675900277 33853.0 17446.666666666668
0.015004616805170823 39426.5 16936.75
0.015120036934441366 24411.666666666668 8920.333333333334
0.015235457063711912 55403.0 13317.0
0.015350877192982455 46351.75 28722.0
0.015466297322253 52386.0 21528.0
0.015581717451523546 39552.0 12331.0
0.01569713758079409 21131.0 9685.0
0.015812557710064637 34115.5 16910.0
0.01592797783933518 35612.5 15626.5
0.016043397968605724 29237.0 12976.0
0.016158818097876268 40651.666666666664 21646.666666666668
0.016274238227146815 44059.25 25254.5
0.01638965835641736 32329.25 13686.25
0.016505078485687903 41864.5 18375.5
0.01662049861495845 35388.0 15434.5
0.016735918744228993 28942.5 11594.0
0.016851338873499537 35695.0 11561.0
0.016966759002770084 29042.5 11761.0
0.017082179132040628 35565.25 15033.5
0.01719759926131117 49235.333333333336 18515.333333333332
0.01731301939058172 34054.333333333336 17413.333333333332
0.017428439519852262 44871.0 26594.4
0.017543859649122806 39244.333333333336 24160.833333333332
0.017659279778393353 41567.0 27864.4
0.017774699907663897 41939.28571428572 22982.0
0.01789012003693444 40437.5 18572.5
0.018005540166204988 42516.4 26211.2
0.01812096029547553 47556.8 28908.8
0.018236380424746075 48362.0 40384.666666666664
0.018351800554016622 56831.5 22995.5
0.018467220683287166 51081.6 23793.4
0.01858264081255771 47745.75 36120.75
0.018698060941828253 37376.8 39735.0
0.0188134810710988 45550.8 29266.6
0.018928901200369344 48623.833333333336 28287.0
0.019044321329639888 41605.333333333336 27699.5
0.019159741458910435 47807.6 32341.6
0.01927516158818098 40665.71428571428 26812.14285714286
0.019390581717451522 37107.75 32823.5
0.01950600184672207 40314.666666666664 21200.0
0.019621421975992613 43917.25 34122.25
0.019736842105263157 41867.0 58322.0
0.019852262234533704 35505.75 42645.75
0.019967682363804248 67099.5 35285.0
0.02008310249307479 45716.5 43250.0
0.02019852262234534 41999.0 59314.0
0.020313942751615882 71110.0 33182.0
0.020544783010156973 30661.0 46329.5
0.020660203139427517 26276.0 71831.0
0.02077562326869806 56613.0 28958.5
0.020891043397968604 49550.0 27353.0
0.02100646352723915 51726.5 32055.0
0.021121883656509695 53900.0 36754.0
0.02123730378578024 53922.0 36837.0
0.021352723915050786 35990.0 16985.0
0.02146814404432133 42056.666666666664 23637.333333333332
0.021583564173591873 49005.666666666664 27209.0
0.02169898430286242 49026.333333333336 27215.0
0.021814404432132964 52567.5 33454.0
0.021929824561403508 49443.0 28045.0
0.022045244690674055 42930.0 17137.0
0.0221606648199446 49122.0 28358.0
0.022276084949215142 47412.0 26345.0
0.02239150507848569 49201.0 28443.5
0.022506925207756233 51326.5 31460.5
0.022622345337026777 36813.0 23907.5
0.022737765466297324 36234.0 20891.0
0.022853185595567867 43077.0 17235.0
0.02296860572483841 106805.0 29467.0
0.023084025854108958 40993.5 20188.0
0.023199445983379502 75532.5 26368.5
0.023314866112650046 46913.0 23997.5
0.02343028624192059 46088.333333333336 23787.333333333332
0.023545706371191136 44916.5 23299.0
0.02366112650046168 48461.4 26212.0
0.023776546629732224 60092.5 27583.5
0.02389196675900277 42579.75 21473.75
0.02412280701754386 49887.0 22788.0
0.024238227146814405 65999.5 31567.5
0.02435364727608495 61766.0 31814.333333333332
0.024469067405355493 62098.333333333336 29822.333333333332
0.02458448753462604 51549.0 30239.0
0.024699907663896584 51940.0 30324.5
0.024930747922437674 49532.666666666664 28517.333333333332
0.025046168051708218 45632.0 34573.0
0.025161588180978762 50918.0 26112.0
0.02527700831024931 50919.0 26112.0
0.025392428439519853 51337.333333333336 28407.0
0.025507848568790396 51347.0 28413.333333333332
0.025623268698060944 44794.0 41606.0
0.025738688827331487 42218.5 18548.5
0.02585410895660203 37041.0 13420.0
0.025969529085872575 37067.0 13559.0
0.02608494921514312 37851.0 15205.0
0.026200369344413665 52346.0 26903.0
0.02631578947368421 44333.0 44212.0
0.026431209602954756 44343.0 44240.0
0.026892890120036934 41125.0 32307.0
0.027123730378578025 53616.0 28766.0
0.02723915050784857 53984.0 28999.0
0.027354570637119113 52641.0 27152.5
0.02746999076638966 50192.6 24923.6
0.027585410895660203 56633.666666666664 27262.333333333332
0.027700831024930747 49660.0 24828.0
0.027816251154201294 48309.0 30373.0
0.027931671283471838 55341.0 28178.5
0.02804709141274238 59646.4 28832.8
0.02816251154201293 55639.0 32522.0
0.028277931671283472 52732.0 20255.0
0.028393351800554016 48611.0 30572.0
0.02850877192982456 52391.333333333336 26839.0
0.028624192059095107 52457.333333333336 26882.0
0.028855032317636194 55219.333333333336 31556.0
0.02897045244690674 51661.0 22372.5
0.029085872576177285 51102.0 29352.5
0.02920129270544783 50626.0 33610.0
0.029316712834718376 50637.0 33621.0
0.02943213296398892 56213.0 29422.0
0.029547553093259463 51744.0 33627.0
0.02966297322253001 55290.666666666664 28779.333333333332
0.029778393351800554 60174.5 28433.0
0.029893813481071098 62007.8 30018.2
0.030009233610341645 56716.333333333336 29381.0
0.03012465373961219 79913.5 38303.5
0.030240073868882732 57574.5 37563.5
0.03035549399815328 56932.0 30519.0
0.030586334256694367 88160.0 35972.0
0.03070175438596491 88170.0 35972.0
0.030932594644506 46195.0 36339.0
0.031163434903047092 46236.0 36358.0
0.031278855032317636 46273.0 36422.0
0.03139427516158818 67285.5 36447.5
0.03150969529085872 46286.0 36437.0
0.03208679593721145 57613.0 36243.0
0.032317636195752536 41595.0 21961.0
0.03243305632502309 117418.0 41361.0
0.03254847645429363 88064.33333333333 38372.0
0.032663896583564174 117459.0 41361.0
0.03289473684210526 58552.0 40234.0
0.033010156971375805 47861.0 21355.0
0.033125577100646356 47867.0 21355.0
0.0332409972299169 51094.0 28385.5
0.03335641735918744 49740.5 29286.5
0.03347183748845799 47778.5 31087.0
0.03358725761772853 50007.333333333336 32597.333333333332
0.033702677746999074 53096.0 29685.5
0.033818097876269625 88656.0 35753.0
0.03393351800554017 50595.0 30912.0
0.03404893813481071 56060.5 33055.0
0.034164358264081256 77909.0 43881.333333333336
0.0342797783933518 46541.0 24480.0
0.03439519852262234 121539.0 52758.0
0.034856879039704525 46610.0 24505.0
0.03508771929824561 51889.0 40450.0
0.035318559556786706 52227.0 40830.0
0.03566481994459834 51664.5 34520.0
0.03578024007386888 51145.0 28183.0
0.03612650046168052 57435.0 38581.5
0.03624192059095106 62318.0 36235.0
0.036357340720221606 62321.0 36239.0
0.036588180978762694 52614.0 40938.0
0.036703601108033244 52614.0 40938.0
0.03681902123730379 62423.0 36672.0
0.03693444136657433 62471.0 36757.0
0.037396121883656507 79753.5 46632.0
0.03751154201292706 74016.66666666667 43343.333333333336
0.0376269621421976 54037.0 42699.0
0.037742382271468145 79192.0 46768.0
0.03785780240073869 68876.33333333333 47059.333333333336
0.03797322253000923 70787.5 51747.0
0.038088642659279776 65108.0 37763.0
0.038204062788550326 69563.0 44438.666666666664
0.03831948291782087 72728.6 42950.8
0.038434903047091414 72385.33333333333 42822.333333333336
0.03855032317636196 69609.33333333333 44469.0
0.0386657433056325 81355.5 47002.5
0.038781163434903045 68612.0 31117.0
0.038896583564173595 79995.5 47109.75
0.03901200369344414 65999.5 36088.0
0.03912742382271468 68803.0 31129.0
0.039242843951985226 69747.0 31447.0
0.03935826408125577 88787.5 52364.0
0.039473684210526314 66152.0 38156.0
0.03958910433979686 68290.0 34893.0
0.03970452446906741 62466.0 37926.0
0.03981994459833795 55141.0 44417.0
0.039935364727608495 55174.0 44427.0
0.040281625115420126 81979.0 47467.0
0.04051246537396122 84970.25 69177.5
0.040627885503231764 63979.0 61016.0
0.04074330563250231 52919.0 50569.0
0.040974145891043395 80011.5 80734.0
0.041089566020313946 52972.0 50663.0
0.04120498614958449 69766.66666666667 52039.333333333336
0.04132040627885503 76709.0 64434.333333333336
0.04155124653739612 61564.5 41232.0
0.041666666666666664 79613.5 49166.5
0.04178208679593721 67586.0 39543.0
0.04189750692520776 71638.0 47357.0
0.04224376731301939 66437.33333333333 43600.333333333336
0.04235918744228993 64266.0 33204.5
0.04247460757156048 70749.0 33223.0
0.04259002770083103 111585.0 66127.0
0.04270544783010157 57938.0 33243.0
0.04293628808864266 67897.5 49870.5
0.0430517082179132 57990.0 33257.0
0.043167128347183746 67953.5 49887.5
0.0432825484764543 64325.0 49011.0
0.04339796860572484 57536.0 40293.0
0.043513388734995384 67327.5 61127.5
0.04362880886426593 58024.0 33319.0
0.04374422899353647 82335.66666666667 54503.666666666664
0.043975069252077566 58114.0 33344.0
0.04409048938134811 82540.33333333333 51777.666666666664
0.04420590951061865 58183.0 33352.0
0.04443674976915974 114780.0 55648.0
0.044552169898430284 58247.0 33384.0
0.04466759002770083 86544.5 44528.5
0.04478301015697138 58588.0 33453.0
0.04489843028624192 86722.5 44559.5
0.045013850415512466 86757.0 44570.0
0.04547553093259465 117172.0 121784.0
0.045706371191135735 117840.0 122058.0
0.04582179132040628 117841.0 122058.0
0.04593721144967682 96960.0 103682.0
0.046745152354570635 80030.0 40661.0
0.04686057248384118 82609.0 42384.0
0.04697599261311173 82614.0 42384.0
0.04778393351800554 64577.0 35595.0
0.04813019390581717 68226.5 62924.0
0.04824561403508772 121156.66666666667 70446.0
0.04905355493998153 65667.0 36949.0
0.05632502308402586 85507.0 92023.0
0.05667128347183749 85598.0 92046.0
0.05678670360110803 85600.0 92046.0
0.05701754385964912 85681.0 92064.0
0.05713296398891967 85690.0 92064.0
0.060133887349953834 131686.0 70249.0
0.06024930747922438 88074.0 94519.0
0.06036472760849492 88292.0 94644.0
0.06071098799630656 109478.0 96506.0
0.060941828254847646 109488.0 96507.0
0.06105724838411819 99046.5 95708.0
0.061172668513388734 88632.0 94843.0
0.06128808864265928 99515.0 96881.5
0.06140350877192982 88638.0 94960.0
0.06151892890120037 98381.0 80764.0
0.061634349030470915 98383.0 80764.0
0.06174976915974146 88653.0 94965.0
0.061865189289012 93651.0 87917.5
0.061980609418282546 110521.0 98824.0
0.06209602954755309 98468.0 80777.0
0.06221144967682364 98472.0 80777.0
0.062326869806094184 98478.0 80777.0
0.06244228993536473 88935.0 95850.0
0.06255771006463527 104612.5 89888.5
0.06267313019390582 99786.5 97396.5
0.06278855032317636 110681.0 98936.0
0.06371191135734072 110715.0 98941.0
0.0641735918744229 110796.0 98969.0
0.06486611265004617 111841.0 99352.0
0.0652123730378578 111888.0 99355.0
0.06532779316712835 111894.0 99358.0
0.06555863342566944 111923.0 99366.0
0.06567405355493998 111946.0 99372.0
0.06578947368421052 101092.0 84701.0
0.06590489381348107 101101.0 84701.0
0.06602031394275161 129646.5 114077.0
0.06625115420129271 106853.0 92069.0
0.06717451523545706 93394.0 54915.0
0.0672899353647276 93397.0 54920.0
0.06740535549399815 101876.0 84872.0
0.06752077562326869 97643.0 69896.0
0.06763619575253925 101887.0 84872.0
0.06775161588180979 102219.0 84887.0
0.06879039704524469 112567.0 99554.0
0.0695983379501385 103009.0 85656.0
0.06971375807940905 103124.0 86956.0
0.0698291782086796 103466.0 87066.0
0.07006001846722068 113121.0 99647.0
0.07063711911357341 115810.0 116443.0
0.07098337950138504 102556.0 72767.0
0.07259926131117267 139828.0 141029.0
0.07363804247460758 108633.0 104970.0
0.07894736842105263 103115.0 59384.0
0.07906278855032317 103117.0 59388.0
0.07917820867959371 129263.5 81149.5
0.07929362880886427 103657.0 59719.0
0.07952446906740536 103881.0 59863.0
0.07975530932594645 155652.0 103291.0
0.08033240997229917 104169.0 60072.0
0.08056325023084025 104238.0 60106.0
0.08079409048938135 104349.0 60150.0
0.08125577100646353 104448.0 60410.0
0.08137119113573407 104462.0 60410.0
0.0909510618651893 179656.0 159337.0
0.09279778393351801 157825.0 164442.0
0.09291320406278855 157959.0 164802.0
0.09325946445060018 158228.0 164887.0
0.09337488457987073 158242.0 164888.0
0.09349030470914127 158259.0 165663.0
0.09360572483841181 150256.0 121162.0
0.09372114496768236 158287.0 165691.0
0.09383656509695291 158298.0 165691.0
0.09395198522622346 158315.0 165691.0
0.09418282548476455 159591.0 172787.0
0.11138042474607572 136416.0 87575.0
0.11230378578024007 212204.0 140689.0
0.11241920590951061 212205.0 140689.0
0.11265004616805172 212206.0 140689.0
0.11530470914127423 164575.0 171487.0
0.11588180978762697 165177.0 172033.0
0.11599722991689751 165466.0 172256.0
0.11645891043397968 165489.0 172356.0
0.11657433056325023 165492.0 172371.0
0.11668975069252077 165497.0 172371.0
0.11680517082179132 165897.0 174450.0
0.11692059095106186 165910.0 174450.0
0.11703601108033242 165952.0 174453.0
0.15108494921514312 261358.0 229586.0
0.15962603878116344 250390.0 264615.0
0.18963527239150507 249795.0 315482.0
0.20683287165281625 312475.0 313476.0
0.22379963065558633 272172.0 369889.0
0.2518467220683287 300026.0 402759.0
0.32283010156971376 348257.0 475526.0
0.35791782086795937 478301.0 543062.0
0.37107571560480146 489328.0 560181.0
0.4692982456140351 532959.0 630637.0
0.6289242843951985 659544.0 895252.0
1.0 894963.0 1455433.0
