784558
0.00011542012927054478 1199.1233841181902 0.0
0.00023084025854108956 1751.1076923076923 0.0
0.00034626038781163435 2722.195608782435 0.0
0.0004616805170821791 3501.0637982195844 0.0
0.0005771006463527239 3994.5877192982457 0.0
0.0006925207756232687 4752.115384615385 0.0
0.0008079409048938135 5289.866666666667 0.0
0.0009233610341643582 6035.744680851064 0.0
0.001038781163434903 6208.485875706215 0.0
0.0011542012927054479 6517.818181818182 0.0
0.0012696214219759926 6813.88 0.0
0.0013850415512465374 7591.893442622951 0.0
0.0015004616805170822 7612.715596330275 0.0
0.001615881809787627 8341.967391304348 0.0
0.0017313019390581717 8039.909090909091 0.0
0.0018467220683287165 8389.742424242424 0.0
0.0019621421975992612 8654.1875 0.0
0.002077562326869806 8321.295081967213 0.0
0.0021929824561403508 9534.637931034482 0.0
0.0023084025854108957 9214.015873015873 0.0
0.0024238227146814403 9180.224137931034 0.0
0.0025392428439519853 10307.016393442624 0.0
0.00265466297322253 9050.45 0.0
0.002770083102493075 9900.093023255815 0.0
0.0028855032317636198 11362.333333333334 0.0
0.0030009233610341643 11033.916666666666 0.0
0.0031163434903047093 11410.533333333333 0.0
0.003231763619575254 14380.586206896553 0.0
0.003347183748845799 14836.57142857143 0.0
0.0034626038781163434 15472.911764705883 0.0
0.0035780240073868884 14549.07142857143 0.0
0.003693444136657433 15177.95652173913 0.0
0.003808864265927978 14823.066666666668 0.0
0.0039242843951985225 14306.52 0.0
0.004039704524469067 15624.766666666666 0.0
0.004155124653739612 14866.48 0.0
0.004270544783010157 15291.88 0.0
0.0043859649122807015 18043.68 0.0
0.004501385041551247 18665.473684210527 0.0
0.0046168051708217915 18097.18181818182 0.0
0.004732225300092336 19264.842105263157 0.0
0.004847645429362881 18692.944444444445 0.0
0.004963065558633426 17321.470588235294 0.0
0.0050784856879039705 16763.714285714286 0.0
0.005193905817174515 17424.4 0.0
0.00530932594644506 14276.761904761905 0.0
0.005424746075715605 18974.1 0.0
0.00554016620498615 18559.133333333335 0.0
0.005655586334256694 19760.5 0.0
0.0057710064635272396 18905.76923076923 0.0
0.005886426592797784 15745.57142857143 0.0
0.006001846722068329 21234.0 0.0
0.006117266851338873 20437.30769230769 0.0
0.006232686980609419 25088.5 0.0
0.006348107109879963 20893.285714285714 0.0
0.006463527239150508 19216.75 0.0
0.006578947368421052 22426.285714285714 0.0
0.006694367497691598 21784.0 0.0
0.006809787626962142 21142.85714285714 0.0
0.006925207756232687 21545.25 0.0
0.007040627885503232 21604.125 0.0
0.007156048014773777 19526.333333333332 0.0
0.007271468144044321 20022.444444444445 0.0
0.007386888273314866 19493.125 0.0
0.007502308402585411 18881.846153846152 0.0
0.007617728531855956 23723.75 0.0
0.0077331486611265 19964.375 0.0
0.007848568790397045 25068.23076923077 0.0
0.00796398891966759 21513.0 0.0
0.008079409048938134 23889.222222222223 0.0
0.00819482917820868 21444.636363636364 0.0
0.008310249307479225 22878.64285714286 0.0
0.008425669436749769 24891.545454545456 0.0
0.008541089566020314 22959.285714285714 0.0
0.00865650969529086 24864.3 0.0
0.008771929824561403 25488.285714285714 0.0
0.008887349953831948 26238.714285714286 0.0
0.009002770083102494 26181.833333333332 0.0
0.009118190212373038 25103.6 0.0
0.009233610341643583 34475.0 0.0
0.009349030470914127 23104.0 0.0
0.009464450600184672 24785.75 0.0
0.009579870729455217 26273.2 0.0
0.009695290858725761 27266.0 0.0
0.009810710987996307 24916.454545454544 0.0
0.009926131117266852 26949.5 0.0
0.010041551246537396 24910.85714285714 0.0
0.010156971375807941 25616.1 0.0
0.010272391505078486 23937.625 0.0
0.01038781163434903 28110.75 0.0
0.010503231763619576 27971.8 0.0
0.01061865189289012 27732.875 0.0
0.010734072022160665 26572.0 0.0
0.01084949215143121 27490.69230769231 0.0
0.010964912280701754 18279.0 0.0
0.0110803324099723 24071.833333333332 0.0
0.011195752539242845 30201.571428571428 0.0
0.011311172668513388 27516.2 0.0
0.011426592797783934 31169.14285714286 0.0
0.011542012927054479 39607.5 0.0
0.011657433056325023 30774.4 0.0
0.011772853185595568 28895.125 0.0
0.011888273314866112 37726.166666666664 0.0
0.012003693444136657 33426.2 0.0
0.012119113573407203 33764.5 0.0
0.012234533702677746 32431.0 0.0
0.012349953831948292 29022.25 0.0
0.012465373961218837 30883.333333333332 0.0
0.012580794090489381 26856.75 0.0
0.012696214219759926 30836.285714285714 0.0
0.012811634349030472 27391.25 0.0
0.012927054478301015 24800.2 0.0
0.01304247460757156 30855.666666666668 0.0
0.013157894736842105 36724.0 0.0
0.01327331486611265 35699.0 0.0
0.013388734995383195 34993.0 0.0
0.013504155124653739 27756.2 0.0
0.013619575253924284 29787.4 0.0
0.01373499538319483 28604.0 0.0
0.013850415512465374 29305.4 0.0
0.013965835641735919 36295.0 0.0
0.014081255771006464 32788.333333333336 0.0
0.014196675900277008 37904.666666666664 0.0
0.014312096029547553 39266.5 0.0
0.014427516158818097 38875.0 0.0
0.014542936288088643 39313.0 0.0
0.014658356417359188 21920.0 0.0
0.014773776546629732 28334.0 0.0
0.015004616805170823 38801.5 0.0
0.015120036934441366 38219.333333333336 0.0
0.015235457063711912 44581.0 0.0
0.015350877192982455 42962.75 0.0
0.015466297322253 53166.0 0.0
0.015581717451523546 44405.0 0.0
0.01569713758079409 44475.666666666664 0.0
0.015812557710064637 38150.0 0.0
0.01592797783933518 38365.8 0.0
0.016043397968605724 39773.6 0.0
0.016158818097876268 39780.333333333336 0.0
0.016274238227146815 38741.25 0.0
0.01638965835641736 30148.0 0.0
0.016505078485687903 34662.5 0.0
0.01662049861495845 31588.0 0.0
0.016735918744228993 38948.5 0.0
0.016851338873499537 37740.2 0.0
0.016966759002770084 28573.6 0.0
0.017082179132040628 38215.833333333336 0.0
0.01719759926131117 33703.0 0.0
0.01731301939058172 36796.0 0.0
0.017428439519852262 36340.0 0.0
0.017543859649122806 37984.666666666664 0.0
0.017659279778393353 36506.0 0.0
0.017774699907663897 41105.0 0.0
0.01789012003693444 42417.0 0.0
0.01812096029547553 42447.0 0.0
0.018236380424746075 42200.5 0.0
0.018351800554016622 41605.4 0.0
0.018467220683287166 40131.5 0.0
0.01858264081255771 42882.4 0.0
0.018698060941828253 41259.0 0.0
0.0188134810710988 38283.666666666664 0.0
0.018928901200369344 34777.0 0.0
0.019044321329639888 46961.333333333336 0.0
0.019159741458910435 42404.666666666664 0.0
0.01927516158818098 44246.75 0.0
0.019390581717451522 48080.5 0.0
0.01950600184672207 43635.5 0.0
0.019621421975992613 37353.142857142855 0.0
0.019736842105263157 38542.42857142857 0.0
0.019852262234533704 37087.0 0.0
0.019967682363804248 39907.28571428572 0.0
0.02008310249307479 42187.142857142855 0.0
0.02019852262234534 38847.5 0.0
0.020313942751615882 35243.25 0.0
0.020429362880886426 42565.0 0.0
0.020544783010156973 38388.666666666664 0.0
0.020660203139427517 38658.0 0.0
0.02077562326869806 37973.0 0.0
0.020891043397968604 41085.5 0.0
0.02100646352723915 48579.0 0.0
0.021121883656509695 42985.0 0.0
0.02123730378578024 45669.333333333336 0.0
0.021352723915050786 41661.5 0.0
0.02146814404432133 46147.0 0.0
0.021583564173591873 46280.0 0.0
0.02169898430286242 48403.0 0.0
0.021814404432132964 49188.0 0.0
0.021929824561403508 49190.0 0.0
0.022045244690674055 49226.5 0.0
0.0221606648199446 44625.0 0.0
0.022276084949215142 49917.5 0.0
0.02239150507848569 49111.333333333336 0.0
0.022506925207756233 42225.0 0.0
0.022622345337026777 44409.666666666664 0.0
0.022737765466297324 53821.6 0.0
0.022853185595567867 51155.666666666664 0.0
0.02296860572483841 50593.0 0.0
0.023084025854108958 52035.5 0.0
0.023199445983379502 41727.5 0.0
0.023314866112650046 45291.0 0.0
0.02343028624192059 46532.0 0.0
0.023545706371191136 36332.0 0.0
0.02366112650046168 41920.0 0.0
0.023776546629732224 46520.333333333336 0.0
0.02389196675900277 97307.0 0.0
0.024007386888273315 45463.5 0.0
0.02412280701754386 45511.0 0.0
0.024238227146814405 47281.0 0.0
0.02435364727608495 50413.666666666664 0.0
0.024469067405355493 52410.25 0.0
0.02458448753462604 49336.0 0.0
0.024699907663896584 49539.0 0.0
0.024815327793167127 52180.0 0.0
0.024930747922437674 48475.0 0.0
0.025046168051708218 51726.5 0.0
0.025161588180978762 51528.0 0.0
0.02527700831024931 46720.0 0.0
0.025392428439519853 56528.0 0.0
0.025507848568790396 52281.666666666664 0.0
0.025623268698060944 57181.0 0.0
0.025738688827331487 55147.0 0.0
0.02585410895660203 47932.5 0.0
0.025969529085872575 58399.0 0.0
0.02608494921514312 63388.0 0.0
0.02631578947368421 52142.0 0.0
0.026431209602954756 59393.25 0.0
0.0265466297322253 59373.0 0.0
0.026662049861495844 59614.666666666664 0.0
0.02677746999076639 51329.0 0.0
0.026892890120036934 54996.0 0.0
0.027008310249307478 57509.2 0.0
0.027123730378578025 61710.666666666664 0.0
0.02723915050784857 61480.5 0.0
0.027354570637119113 54938.0 0.0
0.02746999076638966 52587.75 0.0
0.027585410895660203 63302.0 0.0
0.027700831024930747 54197.333333333336 0.0
0.027816251154201294 39337.0 0.0
0.027931671283471838 64488.0 0.0
0.02804709141274238 51612.666666666664 0.0
0.02816251154201293 55029.666666666664 0.0
0.028277931671283472 58967.0 0.0
0.028393351800554016 40298.0 0.0
0.02850877192982456 59342.0 0.0
0.028624192059095107 58060.0 0.0
0.02873961218836565 59079.0 0.0
0.028855032317636194 54725.5 0.0
0.02897045244690674 50324.0 0.0
0.029085872576177285 59326.0 0.0
0.02920129270544783 72787.0 0.0
0.029316712834718376 55266.0 0.0
0.02943213296398892 59371.0 0.0
0.029547553093259463 58682.0 0.0
0.029778393351800554 53348.5 0.0
0.029893813481071098 54727.0 0.0
0.030009233610341645 66138.0 0.0
0.03012465373961219 62611.0 0.0
0.030240073868882732 62782.0 0.0
0.03035549399815328 66972.5 0.0
0.03070175438596491 55008.0 0.0
0.030817174515235458 61848.0 0.0
0.030932594644506 68621.0 0.0
0.031048014773776545 64542.0 0.0
0.031163434903047092 68730.0 0.0
0.031278855032317636 69106.0 0.0
0.03139427516158818 71614.5 0.0
0.03150969529085872 71829.5 0.0
0.03185595567867036 55463.0 0.0
0.031971375807940905 54661.333333333336 0.0
0.03208679593721145 56291.0 0.0
0.03220221606648199 65543.0 0.0
0.032317636195752536 57428.333333333336 0.0
0.03243305632502309 55613.0 0.0
0.03254847645429363 55632.0 0.0
0.032663896583564174 55152.0 0.0
0.03277931671283472 55163.5 0.0
0.03335641735918744 69976.0 0.0
0.03347183748845799 69994.0 0.0
0.03358725761772853 70000.0 0.0
0.033818097876269625 81343.0 0.0
0.03393351800554017 81352.0 0.0
0.03451061865189289 55562.0 0.0
0.03462603878116344 55729.0 0.0
0.034856879039704525 55784.0 0.0
0.03497229916897507 63695.5 0.0
0.03508771929824561 56452.0 0.0
0.035203139427516156 71412.0 0.0
0.03543397968605725 71394.0 0.0
0.035549399815327794 72477.0 0.0
0.03612650046168052 72679.0 0.0
0.03624192059095106 72696.0 0.0
0.036357340720221606 75566.66666666667 0.0
0.03647276084949215 82049.0 0.0
0.036703601108033244 82108.0 0.0
0.03681902123730379 81602.33333333333 0.0
0.03693444136657433 72295.33333333333 0.0
0.037049861495844875 76240.66666666667 0.0
0.03716528162511542 73185.0 0.0
0.03728070175438596 73201.0 0.0
0.037396121883656507 73287.0 0.0
0.03751154201292706 67933.0 0.0
0.0376269621421976 73210.0 0.0
0.037742382271468145 70820.25 0.0
0.03785780240073869 70846.5 0.0
0.03797322253000923 59993.5 0.0
0.038088642659279776 67460.5 0.0
0.038204062788550326 89721.0 0.0
0.03831948291782087 57588.0 0.0
0.038434903047091414 57604.0 0.0
0.0386657433056325 74872.0 0.0
0.038781163434903045 75004.0 0.0
0.038896583564173595 68638.5 0.0
0.03901200369344414 68866.5 0.0
0.03912742382271468 60989.0 0.0
0.039242843951985226 77003.0 0.0
0.03935826408125577 77014.0 0.0
0.039473684210526314 77038.0 0.0
0.03958910433979686 84517.0 0.0
0.03970452446906741 85407.0 0.0
0.03981994459833795 85443.0 0.0
0.039935364727608495 81318.0 0.0
0.04005078485687904 86085.0 0.0
0.040281625115420126 69515.0 0.0
0.040627885503231764 69534.0 0.0
0.04085872576177285 77329.5 0.0
0.04155124653739612 86737.0 0.0
0.041666666666666664 89318.5 0.0
0.04178208679593721 92023.0 0.0
0.04189750692520776 89413.0 0.0
0.0420129270544783 92342.0 0.0
0.042128347183748846 87572.5 0.0
0.04224376731301939 77561.0 0.0
0.04247460757156048 86901.0 0.0
0.04270544783010157 98097.0 0.0
0.042820867959372115 87899.5 0.0
0.04293628808864266 82373.0 0.0
0.0430517082179132 87050.0 0.0
0.043167128347183746 103636.0 0.0
0.04339796860572484 87236.0 0.0
0.043513388734995384 87243.0 0.0
0.04362880886426593 87247.0 0.0
0.04374422899353647 87753.0 0.0
0.04443674976915974 87811.0 0.0
0.04478301015697138 87836.0 0.0
0.04489843028624192 76963.33333333333 0.0
0.045013850415512466 79990.0 0.0
0.04512927054478301 73786.0 0.0
0.04524469067405355 76910.0 0.0
0.0453601108033241 75163.0 0.0
0.04547553093259465 80146.0 0.0
0.04559095106186519 79612.5 0.0
0.045706371191135735 79800.5 0.0
0.04582179132040628 84217.0 0.0
0.046168051708217916 78722.0 0.0
0.04628347183748846 81489.5 0.0
0.046398891966759004 78745.0 0.0
0.04662973222530009 78753.0 0.0
0.04709141274238227 91529.0 0.0
0.04720683287165282 91543.0 0.0
0.04732225300092336 96901.0 0.0
0.047668513388735 79071.0 0.0
0.04824561403508772 89443.0 0.0
0.049284395198522624 79574.0 0.0
0.04986149584487535 77426.0 0.0
0.04997691597414589 77430.0 0.0
0.050092336103416436 77454.0 0.0
0.050784856879039705 90852.0 0.0
0.05170821791320406 95021.0 0.0
0.051823638042474605 87747.0 0.0
0.052516158818097874 86541.0 0.0
0.05263157894736842 86548.0 0.0
0.05286241920590951 89700.0 0.0
0.0530932594644506 89727.0 0.0
0.05459372114496768 79219.0 0.0
0.05528624192059095 95859.0 0.0
0.055863342566943676 79673.0 0.0
0.05597876269621422 79705.0 0.0
0.05609418282548476 79714.0 0.0
0.05620960295475531 94472.5 0.0
0.05632502308402586 94477.5 0.0
0.05678670360110803 80259.0 0.0
0.056902123730378576 80262.0 0.0
0.05701754385964912 80265.0 0.0
0.057248384118190214 80307.0 0.0
0.05736380424746076 80322.0 0.0
0.05782548476454294 80374.0 0.0
0.05805632502308403 104157.0 0.0
0.05817174515235457 104223.0 0.0
0.058287165281625114 104239.0 0.0
0.05840258541089566 104241.0 0.0
0.05863342566943675 76453.0 0.0
0.058748845798707296 90415.0 0.0
0.05897968605724838 86995.5 0.0
0.05909510618651893 96812.66666666667 0.0
0.05921052631578947 96519.5 0.0
0.05932594644506002 94016.0 0.0
0.059441366574330565 82536.0 0.0
0.05955678670360111 82558.0 0.0
0.059787626962142196 95288.33333333333 0.0
0.060480147737765465 96695.0 0.0
0.06059556786703601 96699.0 0.0
0.06071098799630656 97475.0 0.0
0.0608264081255771 105131.0 0.0
0.060941828254847646 112821.0 0.0
0.061172668513388734 109790.0 0.0
0.06209602954755309 113886.0 0.0
0.06221144967682364 113895.0 0.0
0.062326869806094184 113898.0 0.0
0.06244228993536473 113908.0 0.0
0.06486611265004617 105927.0 0.0
0.06498153277931672 112792.0 0.0
0.06509695290858726 105853.0 0.0
0.0652123730378578 112828.0 0.0
0.06578947368421052 103685.0 0.0
0.06613573407202217 104739.0 0.0
0.0664819944598338 113555.0 0.0
0.06671283471837489 113594.0 0.0
0.06717451523545706 110192.0 0.0
0.0672899353647276 110200.0 0.0
0.06740535549399815 110271.0 0.0
0.06752077562326869 110317.0 0.0
0.06763619575253925 114259.0 0.0
0.06786703601108034 112877.0 0.0
0.06798245614035088 114322.0 0.0
0.06809787626962142 111657.0 0.0
0.0685595567867036 114383.0 0.0
0.06902123730378577 114532.0 0.0
0.06925207756232687 114561.0 0.0
0.06936749769159742 114579.0 0.0
0.07006001846722068 146824.0 0.0
0.07017543859649122 115285.0 0.0
0.08010156971375808 123739.0 0.0
0.08056325023084025 105200.0 0.0
0.09349030470914127 118916.0 0.0
0.094067405355494 120491.0 0.0
0.09891505078485688 116973.0 0.0
0.10203139427516159 171786.0 0.0
0.1093028624192059 169142.0 0.0
0.11749769159741459 157467.0 0.0
0.11761311172668514 157482.0 0.0
0.11784395198522622 157494.0 0.0
0.11876731301939059 157847.0 0.0
0.12234533702677747 165775.0 0.0
0.125 160574.0 0.0
0.13827331486611266 188226.0 0.0
0.14265927977839335 172072.0 0.0
0.14289012003693444 191622.0 0.0
0.15373961218836565 214526.0 0.0
0.17763157894736842 305743.0 0.0
0.19090489381348108 318847.0 0.0
0.19298245614035087 191486.0 0.0
0.20013850415512466 338547.0 0.0
0.20556325023084027 215575.0 0.0
0.24757617728531855 290061.0 0.0
0.2992843951985226 336664.0 0.0
0.39312096029547555 440929.0 0.0
0.40131578947368424 428985.0 0.0
0.6068790397045245 527328.0 0.0
1.0 784558.0 0.0
