10116
0.0001 1266 8 0
0.0001 2054 14 0
0.0002 2807 24 0
0.0003 3346 34 0
0.0003 3771 44 0
0.0004 4209 46 0
0.0005 4564 51 0
0.0006 4894 50 0
0.0006 5172 68 0
0.0007 5407 81 0
0.0008 5661 98 0
0.0008 5908 101 0
0.0009 6030 126 0
0.0010 6151 112 0
0.0010 6365 97 0
0.0011 6615 142 0
0.0012 6736 160 0
0.0012 6805 170 0
0.0013 7007 152 0
0.0014 7109 200 0
0.0015 7225 217 0
0.0015 7267 155 0
0.0016 7441 209 0
0.0017 7376 238 0
0.0017 7558 191 0
0.0018 7404 244 0
0.0019 7551 271 0
0.0019 7848 263 0
0.0020 7884 295 0
0.0021 7840 462 0
0.0021 7849 333 0
0.0022 7876 286 0
0.0023 8017 437 0
0.0024 8110 471 0
0.0024 8190 449 0
0.0025 8227 375 0
0.0026 8107 288 0
0.0026 8275 367 0
0.0027 8317 335 0
0.0028 8246 251 0
0.0028 8437 306 0
0.0029 8346 299 0
0.0030 8411 355 0
0.0030 8449 719 0
0.0031 8464 764 0
0.0032 8491 553 0
0.0033 8534 342 0
0.0033 8666 350 0
0.0034 8611 337 0
0.0035 8733 470 0
0.0035 8695 328 0
0.0036 8727 292 0
0.0037 8652 394 0
0.0037 8638 357 0
0.0038 8687 615 0
0.0039 8744 462 0
0.0039 8766 857 0
0.0040 8742 551 0
0.0041 8627 718 0
0.0042 8767 397 0
0.0042 8798 647 0
0.0043 8833 649 0
0.0044 8839 725 0
0.0044 8886 574 0
0.0045 8890 698 0
0.0046 8759 985 0
0.0046 8841 670 0
0.0047 8914 452 0
0.0048 8846 481 0
0.0048 8842 456 0
0.0049 9005 639 0
0.0050 8815 559 0
0.0051 8916 501 0
0.0051 8928 748 0
0.0052 8883 408 0
0.0053 9169 1124 0
0.0053 9011 333 0
0.0054 9019 714 0
0.0055 9205 1018 0
0.0055 9187 641 0
0.0056 9135 612 0
0.0057 9124 287 0
0.0057 9074 492 0
0.0058 9144 643 0
0.0059 8947 371 0
0.0060 9180 524 0
0.0060 9223 641 0
0.0061 9286 504 0
0.0062 9154 478 0
0.0062 9092 2148 0
0.0063 9162 2009 0
0.0064 9162 603 0
0.0064 9174 1220 0
0.0065 9170 1215 0
0.0066 9155 662 0
0.0067 9301 976 0
0.0068 9286 639 0
0.0069 9371 699 0
0.0069 9133 804 0
0.0070 9237 640 0
0.0071 9281 1053 0
0.0071 9184 411 0
0.0072 9253 393 0
0.0073 9192 333 0
0.0073 9324 1249 0
0.0074 9250 1131 0
0.0075 9187 317 0
0.0076 9178 928 0
0.0076 9192 350 0
0.0077 9260 2273 0
0.0078 9265 354 0
0.0078 9480 710 0
0.0079 9011 1828 0
0.0080 9427 1906 0
0.0080 9260 1275 0
0.0081 9415 893 0
0.0082 9465 1471 0
0.0082 9304 462 0
0.0083 9223 436 0
0.0084 9310 1136 0
0.0085 9188 240 0
0.0085 9236 1330 0
0.0088 9400 279 0
0.0089 9288 1153 0
0.0090 9343 1070 0
0.0091 9300 2080 0
0.0091 9435 1153 0
0.0092 9162 2225 0
0.0094 9490 829 0
0.0096 9406 1549 0
0.0096 9362 2476 0
0.0098 9294 1587 0
0.0099 9475 2068 0
0.0100 9449 2202 0
0.0101 9402 1165 0
0.0102 9312 556 0
0.0103 9372 688 0
0.0103 9469 2505 0
0.0105 9421 731 0
0.0107 9421 2637 0
0.0107 9507 1064 0
0.0109 9471 2649 0
0.0109 9412 832 0
0.0110 9503 1882 0
0.0112 9454 2321 0
0.0114 9387 1941 0
0.0115 9461 772 0
0.0116 9430 1756 0
0.0119 9449 2153 0
0.0121 9399 1688 0
0.0123 9617 1383 0
0.0124 9545 1270 0
0.0125 9575 2987 0
0.0125 9656 3356 0
0.0126 9558 825 0
0.0127 9429 1969 0
0.0127 9339 434 0
0.0128 9555 1293 0
0.0130 9540 1540 0
0.0132 9524 2156 0
0.0133 9364 498 0
0.0135 9681 3435 0
0.0136 9582 1446 0
0.0137 9580 483 0
0.0139 9537 2315 0
0.0141 9619 599 0
0.0141 9630 2165 0
0.0142 9597 487 0
0.0144 9644 713 0
0.0145 9637 1338 0
0.0157 9659 1615 0
0.0157 9678 1438 0
0.0158 9641 667 0
0.0159 9681 2078 0
0.0161 9577 6052 0
0.0163 9592 1890 0
0.0163 9612 1556 0
0.0166 9581 3817 0
0.0166 9615 1168 0
0.0167 9626 3416 0
0.0168 9659 591 0
0.0169 9668 1748 0
0.0171 9647 871 0
0.0173 9711 3078 0
0.0174 9630 3416 0
0.0175 9684 1351 0
0.0176 9657 1486 0
0.0178 9581 2297 0
0.0179 9672 1711 0
0.0180 9722 1356 0
0.0182 9649 3289 0
0.0183 9605 4388 0
0.0188 9671 6053 0
0.0190 9679 1711 0
0.0190 9710 3175 0
0.0193 9652 1683 0
0.0193 9719 3099 0
0.0194 9717 818 0
0.0195 9693 1713 0
0.0197 9669 2363 0
0.0197 9727 3132 0
0.0198 9658 532 0
0.0200 9636 2258 0
0.0202 9697 1908 0
0.0206 9736 2141 0
0.0209 9722 2101 0
0.0211 9703 1719 0
0.0213 9761 1591 0
0.0215 9713 2188 0
0.0216 9682 5352 0
0.0217 9730 2117 0
0.0218 9735 3194 0
0.0221 9745 5001 0
0.0226 9681 2960 0
0.0229 9633 4061 0
0.0233 9759 4065 0
0.0236 9733 1458 0
0.0240 9799 2254 0
0.0241 9720 1220 0
0.0242 9712 2295 0
0.0243 9691 2965 0
0.0244 9721 1220 0
0.0246 9725 679 0
0.0247 9740 4086 0
0.0256 9762 3627 0
0.0258 9749 3442 0
0.0262 9730 2525 0
0.0263 9742 6002 0
0.0263 9817 2313 0
0.0264 9738 1756 0
0.0265 9773 6345 0
0.0266 9712 3344 0
0.0267 9828 2313 0
0.0269 9754 2258 0
0.0270 9741 891 0
0.0277 9777 6407 0
0.0279 9749 1693 0
0.0282 9774 941 0
0.0283 9794 3689 0
0.0285 9771 3873 0
0.0287 9778 6428 0
0.0288 9777 6483 0
0.0290 9764 1762 0
0.0292 9843 4110 0
0.0294 9782 2333 0
0.0296 9792 6625 0
0.0296 9791 6619 0
0.0299 9724 4109 0
0.0300 9798 6484 0
0.0301 9793 5337 0
0.0308 9787 5871 0
0.0309 9760 2653 0
0.0315 9787 5581 0
0.0319 9800 6493 0
0.0321 9781 2696 0
0.0323 9804 3132 0
0.0327 9778 2918 0
0.0330 9804 6497 0
0.0331 9799 5838 0
0.0333 9800 3409 0
0.0340 9803 1264 0
0.0342 9839 4292 0
0.0346 9812 4302 0
0.0348 9795 3044 0
0.0354 9830 2833 0
0.0357 9839 6260 0
0.0357 9847 4398 0
0.0360 9884 4590 0
0.0362 9799 3037 0
0.0367 9783 4714 0
0.0369 9821 11160 0
0.0371 9820 6914 0
0.0375 9785 3781 0
0.0378 9851 4403 0
0.0383 9838 6676 0
0.0389 9816 3048 0
0.0391 9839 6705 0
0.0392 9842 5876 0
0.0393 9827 2198 0
0.0398 9895 4711 0
0.0399 9843 5901 0
0.0402 9838 5444 0
0.0402 9820 3157 0
0.0403 9805 4079 0
0.0405 9830 4394 0
0.0406 9862 5072 0
0.0408 9856 6486 0
0.0409 9835 5932 0
0.0416 9843 5932 0
0.0418 9840 3648 0
0.0420 9859 6305 0
0.0423 9859 6486 0
0.0425 9867 13781 0
0.0425 9815 2728 0
0.0434 9819 2741 0
0.0436 9826 5417 0
0.0441 9848 4840 0
0.0443 9841 5421 0
0.0445 9856 2458 0
0.0447 9872 7146 0
0.0447 9820 2814 0
0.0449 9854 6002 0
0.0452 9858 5957 0
0.0457 9872 5757 0
0.0463 9844 3412 0
0.0464 9851 5446 0
0.0465 9867 5254 0
0.0467 9855 4429 0
0.0468 9877 14653 0
0.0481 9886 6921 0
0.0487 9893 6685 0
0.0488 9879 6073 0
0.0496 9891 7268 0
0.0499 9869 6071 0
0.0500 9880 6495 0
0.1000 9950 10409 0
0.1500 9997 16284 0
0.2000 10033 23018 0
0.2500 10050 29110 0
0.3000 10059 34903 0
0.3500 10064 38745 0
0.4000 10072 45225 0
0.4501 10077 50458 0
0.5000 10082 55372 0
0.5500 10092 67562 0
0.6000 10094 70639 0
0.6500 10095 75787 0
0.7001 10098 90466 0
0.7500 10099 96244 0
0.8000 10107 103252 0
0.8500 10108 110572 0
0.9000 10111 117240 0
0.9500 10115 122844 0
1.0000 10116 128208 0
