7154550
0.00011542012927054478 2665.8462603878115 0.00034626038781163435
0.00023084025854108956 4172.92247043364 0.0008760402978537013
0.00034626038781163435 7148.094607379376 0.001892147587511826
0.0004616805170821791 8369.665722379603 0.00424929178470255
0.0005771006463527239 10384.619047619048 0.004329004329004329
0.0006925207756232687 12513.525606469002 0.005390835579514825
0.0008079409048938135 13325.024137931034 0.0034482758620689655
0.0009233610341643582 16391.785087719298 0.0
0.001038781163434903 18105.878048780487 0.0
0.0011542012927054479 18069.745664739883 0.0
0.0012696214219759926 23214.44099378882 0.0
0.0013850415512465374 19672.302325581397 0.0
0.0015004616805170822 23714.32380952381 0.0
0.001615881809787627 21676.936842105264 0.0
0.0017313019390581717 24920.564356435643 0.0
0.0018467220683287165 24778.25 0.0
0.0019621421975992612 28111.64935064935 0.012987012987012988
0.002077562326869806 29783.31081081081 0.0
0.0021929824561403508 32853.328125 0.0
0.0023084025854108957 30924.53846153846 0.0
0.0024238227146814403 32009.576923076922 0.0
0.0025392428439519853 34903.01960784314 0.0
0.00265466297322253 43369.224137931036 0.0
0.002770083102493075 51782.17307692308 0.0
0.0028855032317636198 42998.75 0.0
0.0030009233610341643 40371.86486486487 0.0
0.0031163434903047093 41644.2962962963 0.0
0.003231763619575254 50059.67567567567 0.0
0.003347183748845799 51515.05 0.0
0.0034626038781163434 49588.9375 0.0
0.0035780240073868884 48752.030303030304 0.0
0.003693444136657433 52753.74074074074 0.0
0.003808864265927978 50253.85294117647 0.029411764705882353
0.0039242843951985225 52874.42424242424 0.030303030303030304
0.004039704524469067 46831.230769230766 0.0
0.004155124653739612 40822.4375 0.0
0.004270544783010157 49321.76190476191 0.0
0.0043859649122807015 56995.565217391304 0.0
0.004501385041551247 62061.48148148148 0.0
0.0046168051708217915 70511.55 0.05
0.004732225300092336 80910.29411764706 0.0
0.004847645429362881 76916.68181818182 0.045454545454545456
0.004963065558633426 73499.92307692308 0.0
0.0050784856879039705 79873.05 0.05
0.005193905817174515 78715.4 0.1
0.00530932594644506 74228.25 0.0
0.005424746075715605 75681.26666666666 0.0
0.00554016620498615 88049.0 0.0
0.005655586334256694 65569.2 0.0
0.0057710064635272396 72870.90909090909 0.0
0.005886426592797784 98367.92857142857 0.0
0.006001846722068329 102803.4705882353 0.0
0.006117266851338873 93558.68421052632 0.0
0.006232686980609419 90939.44444444444 0.0
0.006348107109879963 90579.84210526316 0.0
0.006463527239150508 106928.25 0.0
0.006578947368421052 84038.6 0.0
0.006694367497691598 81885.25 0.0
0.006809787626962142 98599.4 0.0
0.006925207756232687 96836.90909090909 0.0
0.007040627885503232 115031.16666666667 0.0
0.007156048014773777 107795.66666666667 0.1111111111111111
0.007271468144044321 110586.0 0.0
0.007386888273314866 124697.66666666667 0.1111111111111111
0.007502308402585411 104636.2 0.0
0.007617728531855956 97873.9 0.1
0.0077331486611265 118951.55555555556 0.1111111111111111
0.007848568790397045 104014.16666666667 0.0
0.00796398891966759 94171.83333333333 0.0
0.008079409048938134 85598.0 0.08333333333333333
0.00819482917820868 86333.0 0.06666666666666667
0.008310249307479225 84139.16666666667 0.0
0.008425669436749769 106954.8 0.0
0.008541089566020314 88581.7 0.0
0.00865650969529086 89688.375 0.0
0.008771929824561403 79240.8 0.1
0.008887349953831948 80027.66666666667 0.0
0.009002770083102494 87699.09090909091 0.0
0.009118190212373038 96949.0 0.0
0.009233610341643583 109511.4 0.1
0.009349030470914127 88976.16666666667 0.16666666666666666
0.009464450600184672 92402.5 0.0
0.009579870729455217 103008.27272727272 0.09090909090909091
0.009695290858725761 132714.6 0.0
0.009810710987996307 138260.25 0.0
0.009926131117266852 95333.33333333333 0.0
0.010041551246537396 109444.88888888889 0.0
0.010156971375807941 139193.4 0.0
0.010272391505078486 133091.83333333334 0.0
0.01038781163434903 169806.0 0.0
0.010503231763619576 126317.5 0.0
0.01061865189289012 110845.33333333333 0.0
0.010734072022160665 115750.8 0.0
0.01084949215143121 155360.6 0.0
0.010964912280701754 136817.0 0.0
0.0110803324099723 129356.0 0.0
0.011195752539242845 134229.0 0.0
0.011311172668513388 143146.1 0.0
0.011426592797783934 122896.2 0.0
0.011542012927054479 134189.42857142858 0.0
0.011657433056325023 147490.66666666666 0.0
0.011772853185595568 127857.5 0.0
0.011888273314866112 138805.83333333334 0.0
0.012003693444136657 143797.0 0.0
0.012119113573407203 165200.2 0.0
0.012234533702677746 154837.2 0.0
0.012349953831948292 135339.0 0.0
0.012465373961218837 129094.66666666667 0.0
0.012580794090489381 133533.6 0.0
0.012696214219759926 141837.83333333334 0.0
0.012811634349030472 144663.0 0.0
0.012927054478301015 130184.25 0.0
0.01304247460757156 124036.0 0.0
0.013157894736842105 113364.75 0.0
0.01327331486611265 151296.4 0.0
0.013388734995383195 169637.5 0.0
0.013619575253924284 175479.0 0.0
0.01373499538319483 227541.33333333334 0.0
0.013850415512465374 78104.0 0.0
0.013965835641735919 178844.0 0.0
0.014081255771006464 261921.0 0.0
0.014196675900277008 143321.5 0.0
0.014312096029547553 145164.0 0.0
0.014427516158818097 154950.0 0.0
0.014542936288088643 201911.66666666666 0.0
0.014658356417359188 224148.5 0.0
0.014773776546629732 179490.0 0.0
0.015004616805170823 111689.0 0.0
0.015120036934441366 135972.33333333334 0.0
0.015235457063711912 179611.66666666666 0.0
0.015350877192982455 219584.2 0.2
0.015466297322253 194176.5 0.16666666666666666
0.015581717451523546 164931.66666666666 0.0
0.01569713758079409 164852.66666666666 0.0
0.015812557710064637 171217.0 0.0
0.01592797783933518 130121.5 0.0
0.016043397968605724 283125.0 0.3333333333333333
0.016158818097876268 167242.0 0.0
0.016274238227146815 235279.66666666666 0.0
0.01638965835641736 254562.5 0.0
0.016505078485687903 237076.7142857143 0.14285714285714285
0.01662049861495845 270247.0 0.0
0.016735918744228993 200620.5 0.0
0.016851338873499537 163768.8 0.0
0.016966759002770084 174657.25 0.0
0.017082179132040628 204179.25 0.0
0.01719759926131117 168503.5 0.0
0.01731301939058172 226566.5 0.5
0.017428439519852262 216926.0 0.0
0.017543859649122806 227845.5 0.0
0.017659279778393353 179901.83333333334 0.0
0.017774699907663897 185679.0 0.0
0.01789012003693444 176073.5 0.0
0.018005540166204988 173463.0 0.0
0.01812096029547553 160955.0 0.0
0.018236380424746075 164787.4 0.0
0.018351800554016622 180886.0 0.0
0.018467220683287166 173488.66666666666 0.0
0.01858264081255771 219310.0 0.0
0.018698060941828253 225127.4 0.0
0.0188134810710988 178668.33333333334 0.0
0.018928901200369344 227325.33333333334 0.0
0.019044321329639888 262061.0 0.5
0.019159741458910435 282286.25 0.25
0.01927516158818098 333814.6666666667 0.3333333333333333
0.019390581717451522 302104.3333333333 0.0
0.01950600184672207 261990.0 0.0
0.019736842105263157 207734.66666666666 0.0
0.019852262234533704 201827.0 0.0
0.019967682363804248 333461.0 0.0
0.02008310249307479 258040.42857142858 0.14285714285714285
0.02019852262234534 166867.0 0.0
0.020313942751615882 336449.3333333333 0.3333333333333333
0.020429362880886426 243256.0 0.0
0.020544783010156973 272267.3333333333 0.3333333333333333
0.020660203139427517 268517.2 0.2
0.02077562326869806 313921.0 0.0
0.020891043397968604 362690.0 0.0
0.02100646352723915 356717.0 0.5
0.021121883656509695 286495.75 0.0
0.02123730378578024 222087.5 0.0
0.021352723915050786 222281.0 0.0
0.02146814404432133 289823.0 0.25
0.021583564173591873 253752.33333333334 0.3333333333333333
0.02169898430286242 274712.0 0.0
0.021814404432132964 259192.2 0.2
0.021929824561403508 196057.0 0.0
0.022045244690674055 261835.66666666666 0.0
0.0221606648199446 272706.6666666667 0.0
0.022276084949215142 199611.0 0.0
0.02239150507848569 400531.0 0.0
0.022506925207756233 234424.0 0.0
0.022622345337026777 265743.0 0.3333333333333333
0.022737765466297324 290201.6666666667 0.0
0.02296860572483841 177561.0 0.0
0.023084025854108958 295396.6666666667 0.0
0.023199445983379502 298434.0 0.0
0.02343028624192059 178904.0 0.0
0.023545706371191136 282581.0 0.0
0.023776546629732224 411781.0 0.0
0.02389196675900277 343166.0 0.0
0.024007386888273315 343993.0 0.0
0.02412280701754386 275939.0 0.0
0.024238227146814405 178671.0 0.0
0.024469067405355493 255805.0 0.0
0.02458448753462604 286726.5 0.0
0.024699907663896584 293717.0 0.0
0.024815327793167127 286913.5 0.0
0.024930747922437674 298751.0 0.0
0.025046168051708218 319976.0 0.0
0.02527700831024931 239718.0 0.0
0.025392428439519853 319577.0 0.0
0.025623268698060944 252597.0 0.0
0.025738688827331487 288917.5 0.0
0.02585410895660203 358062.75 0.0
0.025969529085872575 388168.0 0.0
0.02608494921514312 422192.0 0.0
0.026200369344413665 347447.5 0.0
0.02631578947368421 252059.5 0.0
0.026431209602954756 295792.75 0.0
0.0265466297322253 211278.5 0.0
0.026662049861495844 261757.33333333334 0.0
0.02677746999076639 273937.5 0.0
0.026892890120036934 214522.0 0.0
0.027008310249307478 332163.5 0.0
0.027123730378578025 349710.0 0.0
0.02723915050784857 375682.6666666667 0.0
0.027354570637119113 346648.5 0.0
0.02746999076638966 319678.5 0.0
0.027585410895660203 331114.0 0.0
0.027700831024930747 363214.0 0.0
0.027816251154201294 322920.6666666667 0.0
0.027931671283471838 363561.0 0.0
0.02804709141274238 295791.0 0.0
0.02816251154201293 329824.75 0.0
0.028277931671283472 425546.0 0.0
0.028393351800554016 362906.6666666667 0.3333333333333333
0.028624192059095107 357340.75 0.0
0.02873961218836565 400399.5 0.0
0.028855032317636194 345655.0 0.0
0.029085872576177285 328810.0 0.0
0.02920129270544783 368602.0 0.0
0.029316712834718376 368708.0 0.0
0.02943213296398892 366389.0 1.0
0.029547553093259463 420653.0 0.5
0.030009233610341645 399565.5 0.5
0.03012465373961219 401766.5 0.5
0.030240073868882732 352466.0 0.5
0.03035549399815328 436820.0 0.0
0.030470914127423823 380326.3333333333 0.3333333333333333
0.030586334256694367 379379.0 0.0
0.03070175438596491 319796.0 0.0
0.030817174515235458 319876.0 0.0
0.031048014773776545 325321.5 0.0
0.03150969529085872 330753.0 0.0
0.03174053554939982 331410.0 0.0
0.03185595567867036 301962.6666666667 0.0
0.03208679593721145 366022.2 0.2
0.03220221606648199 343083.0 0.2
0.032317636195752536 338056.0 0.5
0.03243305632502309 421060.0 1.0
0.03254847645429363 422730.0 0.0
0.033125577100646356 224433.0 0.0
0.0332409972299169 479256.0 0.0
0.03335641735918744 335621.0 0.0
0.03347183748845799 297424.0 0.0
0.033702677746999074 352347.0 0.0
0.033818097876269625 378720.0 0.0
0.03393351800554017 336889.0 0.0
0.03404893813481071 423253.0 1.0
0.0342797783933518 411146.0 0.0
0.03439519852262234 415831.0 0.3333333333333333
0.03451061865189289 415943.3333333333 0.3333333333333333
0.03462603878116344 386358.0 0.5
0.03474145891043398 347414.0 0.0
0.03566481994459834 353549.5 0.0
0.03578024007386888 354541.0 0.0
0.035895660203139425 568075.0 0.0
0.03693444136657433 297877.0 0.0
0.03728070175438596 304849.0 0.0
0.037396121883656507 304990.0 0.0
0.03751154201292706 305038.0 0.0
0.037742382271468145 358654.0 0.0
0.03785780240073869 391503.0 0.0
0.03797322253000923 375986.0 0.0
0.038088642659279776 359169.0 0.0
0.038204062788550326 310601.0 0.0
0.03831948291782087 310696.0 0.0
0.03855032317636196 368038.0 0.0
0.03912742382271468 375077.0 0.0
0.03958910433979686 468862.0 0.0
0.040281625115420126 374559.0 0.0
0.04120498614958449 465504.0 0.0
0.04132040627885503 465550.0 0.0
0.04143582640812558 467338.0 0.0
0.041666666666666664 479842.0 0.0
0.04178208679593721 467413.0 0.0
0.04189750692520776 433463.5 0.0
0.042128347183748846 480147.0 0.0
0.04224376731301939 480300.0 0.0
0.04235918744228993 481460.0 0.0
0.04259002770083103 388474.0 0.0
0.0430517082179132 537874.0 0.0
0.043167128347183746 569620.5 0.0
0.0432825484764543 392971.0 0.0
0.04362880886426593 487008.0 0.0
0.04374422899353647 487011.0 0.0
0.043859649122807015 445464.0 0.0
0.043975069252077566 551259.0 0.0
0.0443213296398892 674133.0 0.0
0.045013850415512466 398020.0 0.0
0.04512927054478301 606388.0 1.0
0.0453601108033241 509462.0 0.5
0.04547553093259465 402858.0 0.0
0.04559095106186519 400782.0 0.0
0.045706371191135735 403217.5 0.0
0.04582179132040628 507103.0 0.5
0.04593721144967682 401660.0 0.0
0.046052631578947366 505028.5 0.5
0.046168051708217916 608528.0 1.0
0.04628347183748846 505638.0 0.5
0.04813019390581717 465703.0 0.0
0.04824561403508772 465834.0 0.0
0.04836103416435827 467335.0 0.0
0.04847645429362881 467514.0 0.0
0.048591874422899355 471649.0 0.0
0.0487072945521699 472004.0 0.0
0.048938134810710986 457404.0 0.0
0.04905355493998153 457444.5 0.0
0.04916897506925208 473237.0 0.0
0.049284395198522624 473413.0 0.0
0.050092336103416436 494358.0 0.0
0.05043859649122807 494937.0 0.0
0.05055401662049862 495827.0 0.0
0.05090027700831025 522418.0 0.0
0.051131117266851336 686682.0 0.0
0.051477377654662974 825997.0 0.0
0.051823638042474605 525185.0 0.0
0.05193905817174515 525324.0 0.0
0.0520544783010157 525509.0 0.0
0.05228531855955679 527411.0 0.0
0.05286241920590951 528803.0 0.0
0.052977839335180056 528923.0 0.0
0.053208679593721143 563392.0 0.0
0.05332409972299169 529717.0 0.0
0.05343951985226224 529718.0 0.0
0.05355493998153278 510906.5 0.0
0.054016620498614956 564741.0 0.0
0.054362880886426594 497866.0 0.0
0.05459372114496768 702290.0 0.0
0.05713296398891967 602998.0 0.0
0.057248384118190214 603032.0 0.0
0.058287165281625114 604847.0 0.0
0.05851800554016621 605105.0 0.0
0.058748845798707296 512709.0 0.0
0.05886426592797784 559272.0 0.0
0.05921052631578947 514730.0 0.0
0.05932594644506002 515271.0 0.0
0.059787626962142196 423622.0 0.0
0.060133887349953834 754005.0 0.0
0.060480147737765465 430479.0 0.0
0.06105724838411819 759132.0 0.0
0.06140350877192982 761344.0 0.0
0.061634349030470915 765598.0 0.0
0.06174976915974146 765883.0 0.0
0.061865189289012 765946.0 0.0
0.061980609418282546 767926.0 0.0
0.06221144967682364 435551.0 0.0
0.06267313019390582 770214.0 0.0
0.06301939058171745 439393.0 0.0
0.06348107109879964 442893.0 0.0
0.06359649122807018 627107.0 1.0
0.06371191135734072 752234.5 0.5
0.06394275161588181 627484.0 1.0
0.06590489381348107 630756.0 1.0
0.06717451523545706 642512.0 0.0
0.06809787626962142 560420.0 0.0
0.0698291782086796 661879.0 0.0
0.07052169898430287 672544.0 0.0
0.07248384118190213 599825.0 0.0
0.07259926131117267 574147.5 0.0
0.07283010156971376 603960.0 0.0
0.0729455216989843 765650.0 0.0
0.07329178208679593 1294473.0 0.0
0.07583102493074792 986635.0 1.0
0.07594644506001846 986878.0 1.0
0.07606186518928901 987020.0 1.0
0.07617728531855955 987121.0 1.0
0.07779316712834719 903194.0 0.0
0.08056325023084025 731246.0 0.0
0.08079409048938135 731307.0 0.0
0.0809095106186519 731459.0 0.0
0.08102493074792244 731530.0 0.0
0.08114035087719298 736218.0 0.0
0.08137119113573407 736257.0 0.0
0.08148661126500462 736299.0 0.0
0.09268236380424746 867869.0 1.0
0.09291320406278855 868044.0 1.0
0.0930286241920591 868194.0 1.0
0.0974145891043398 1106649.0 0.0
0.09810710987996306 784977.0 1.0
0.11207294552169898 1424888.0 1.0
0.11357340720221606 1070982.0 0.0
0.11945983379501385 1121486.0 1.0
0.12442289935364728 1462758.0 0.0
0.14069713758079408 994010.0 0.0
0.17520775623268697 1813336.0 0.0
0.21398891966759004 2076225.0 0.0
0.21756694367497692 1712214.0 2.0
0.22564635272391506 2239939.0 1.0
0.26073407202216065 2252721.0 2.0
0.400854108956602 3594063.0 1.0
0.4747229916897507 3711164.0 2.0
0.5252770083102493 4594260.0 1.0
1.0 7154550.0 3.0
