7154550
0.00011542012927054478 2665.8462603878115 0.00034626038781163435
0.00023084025854108956 4112.34836980795 0.0008932559178204555
0.00034626038781163435 6718.107476635514 0.001869158878504673
0.0004616805170821791 8164.045261669024 0.002828854314002829
0.0005771006463527239 10845.00821355236 0.004106776180698152
0.0006925207756232687 13963.764542936287 0.0
0.0008079409048938135 13933.393728222996 0.0
0.0009233610341643582 16189.987288135593 0.00423728813559322
0.001038781163434903 17565.927835051545 0.005154639175257732
0.0011542012927054479 17628.748603351956 0.00558659217877095
0.0012696214219759926 18932.74193548387 0.0
0.0013850415512465374 20939.1935483871 0.0
0.0015004616805170822 21958.25 0.0
0.001615881809787627 25933.583333333332 0.0
0.0017313019390581717 27025.908163265307 0.0
0.0018467220683287165 28172.01265822785 0.0
0.0019621421975992612 28980.0 0.0
0.002077562326869806 29038.876923076925 0.0
0.0021929824561403508 31286.74193548387 0.0
0.0023084025854108957 34393.098039215685 0.0
0.0024238227146814403 40418.5593220339 0.0
0.0025392428439519853 40281.88888888889 0.0
0.00265466297322253 59981.769230769234 0.0
0.002770083102493075 36492.64102564102 0.0
0.0028855032317636198 46789.25 0.0
0.0030009233610341643 40024.275 0.0
0.0031163434903047093 42110.71428571428 0.0
0.003231763619575254 43135.57894736842 0.0
0.003347183748845799 51979.1875 0.0
0.0034626038781163434 47755.34482758621 0.0
0.0035780240073868884 53574.6129032258 0.03225806451612903
0.003693444136657433 60279.653846153844 0.038461538461538464
0.003808864265927978 47134.92857142857 0.0
0.0039242843951985225 58954.666666666664 0.0
0.004039704524469067 61211.666666666664 0.0
0.004155124653739612 61227.153846153844 0.0
0.004270544783010157 56296.208333333336 0.0
0.0043859649122807015 61635.566666666666 0.0
0.004501385041551247 62098.6 0.0
0.0046168051708217915 67501.1 0.0
0.004732225300092336 69827.73333333334 0.0
0.004847645429362881 72356.73684210527 0.0
0.004963065558633426 71878.85 0.05
0.0050784856879039705 72022.0 0.0
0.005193905817174515 76375.38461538461 0.0
0.00530932594644506 69753.86666666667 0.06666666666666667
0.005424746075715605 80964.73684210527 0.05263157894736842
0.00554016620498615 77675.84615384616 0.0
0.005655586334256694 85832.66666666667 0.0
0.0057710064635272396 71889.42105263157 0.0
0.005886426592797784 78795.85714285714 0.0
0.006001846722068329 71804.84615384616 0.0
0.006117266851338873 75893.9 0.0
0.006232686980609419 96759.36363636363 0.0
0.006348107109879963 83628.71428571429 0.07142857142857142
0.006463527239150508 91698.84615384616 0.0
0.006578947368421052 82198.66666666667 0.13333333333333333
0.006694367497691598 76253.58823529411 0.11764705882352941
0.006809787626962142 84581.42857142857 0.07142857142857142
0.006925207756232687 88577.78571428571 0.07142857142857142
0.007040627885503232 61005.0 0.0
0.007156048014773777 77325.11111111111 0.0
0.007271468144044321 65596.11111111111 0.0
0.007386888273314866 71909.5 0.0
0.007502308402585411 105458.33333333333 0.0
0.007617728531855956 62700.0 0.0
0.0077331486611265 73816.75 0.0
0.007848568790397045 100547.7 0.0
0.00796398891966759 119707.0 0.125
0.008079409048938134 98165.375 0.0
0.00819482917820868 139287.42857142858 0.0
0.008310249307479225 101170.5 0.125
0.008425669436749769 89138.14285714286 0.14285714285714285
0.008541089566020314 125263.875 0.0
0.00865650969529086 94673.125 0.125
0.008771929824561403 120800.1 0.1
0.008887349953831948 112985.11111111111 0.1111111111111111
0.009002770083102494 108334.25 0.125
0.009118190212373038 137286.42857142858 0.14285714285714285
0.009233610341643583 141492.0 0.16666666666666666
0.009349030470914127 143430.0 0.3333333333333333
0.009464450600184672 131684.0 0.0
0.009579870729455217 134861.2 0.0
0.009695290858725761 63561.5 0.0
0.009810710987996307 91222.16666666667 0.0
0.009926131117266852 121635.375 0.0
0.010041551246537396 134480.1 0.0
0.010156971375807941 153544.0 0.14285714285714285
0.010272391505078486 174128.5 0.16666666666666666
0.01038781163434903 141994.8 0.0
0.010503231763619576 119046.625 0.125
0.01061865189289012 84098.5 0.0
0.010734072022160665 139958.8 0.0
0.01084949215143121 122785.875 0.0
0.010964912280701754 108224.0 0.0
0.0110803324099723 115811.57142857143 0.0
0.011195752539242845 156362.8 0.0
0.011311172668513388 134807.125 0.125
0.011426592797783934 137339.85714285713 0.14285714285714285
0.011542012927054479 129903.66666666667 0.0
0.011657433056325023 119967.25 0.25
0.011772853185595568 82522.5 0.0
0.011888273314866112 108078.8 0.2
0.012003693444136657 130345.75 0.0
0.012119113573407203 175167.16666666666 0.0
0.012234533702677746 173598.0 0.0
0.012349953831948292 130413.5 0.0
0.012465373961218837 122549.0 0.0
0.012580794090489381 110701.4 0.0
0.012696214219759926 117268.5 0.0
0.012811634349030472 132506.25 0.0
0.012927054478301015 153558.5 0.16666666666666666
0.01304247460757156 125132.33333333333 0.0
0.013157894736842105 158949.5 0.5
0.01327331486611265 170935.75 0.25
0.013388734995383195 164699.66666666666 0.3333333333333333
0.013504155124653739 177352.42857142858 0.14285714285714285
0.013619575253924284 197208.0 0.0
0.01373499538319483 187494.0 0.3333333333333333
0.013850415512465374 160196.0 0.0
0.013965835641735919 198919.25 0.0
0.014081255771006464 183915.0 0.0
0.014196675900277008 162623.0 0.0
0.014312096029547553 171077.0 0.0
0.014427516158818097 188155.25 0.25
0.014658356417359188 191442.66666666666 0.3333333333333333
0.014773776546629732 167056.5 0.5
0.014889196675900277 209061.66666666666 0.0
0.015004616805170823 167183.0 0.5
0.015120036934441366 185580.5 0.0
0.015235457063711912 186343.0 0.0
0.015350877192982455 161161.33333333334 0.0
0.015466297322253 195945.75 0.0
0.015581717451523546 143568.0 0.25
0.01569713758079409 160284.5 0.16666666666666666
0.015812557710064637 179354.14285714287 0.14285714285714285
0.01592797783933518 166465.7142857143 0.0
0.016043397968605724 156573.5 0.0
0.016158818097876268 190988.33333333334 0.0
0.016274238227146815 190059.5 0.0
0.01638965835641736 260881.0 0.0
0.01662049861495845 154237.0 0.0
0.016735918744228993 170108.0 0.0
0.016851338873499537 141304.0 0.0
0.016966759002770084 153684.0 0.0
0.017082179132040628 167749.75 0.0
0.01719759926131117 183560.0 0.2
0.01731301939058172 181044.8 0.0
0.017428439519852262 189612.6 0.0
0.017543859649122806 219385.2 0.2
0.017659279778393353 203068.66666666666 0.0
0.017774699907663897 188350.14285714287 0.0
0.01789012003693444 228520.33333333334 0.0
0.018005540166204988 178345.0 0.0
0.01812096029547553 187527.25 0.0
0.018236380424746075 212819.25 0.0
0.018351800554016622 125453.5 0.0
0.018467220683287166 223997.8 0.0
0.01858264081255771 215035.0 0.0
0.018698060941828253 221769.5 0.0
0.0188134810710988 168125.0 0.0
0.018928901200369344 183834.5 0.0
0.019044321329639888 228711.33333333334 0.0
0.019159741458910435 261328.0 0.0
0.01927516158818098 236021.25 0.0
0.019390581717451522 257918.66666666666 0.0
0.01950600184672207 225558.33333333334 0.3333333333333333
0.019621421975992613 169290.0 0.3333333333333333
0.019736842105263157 227195.33333333334 0.0
0.019852262234533704 291767.0 0.0
0.019967682363804248 239174.5 0.0
0.02008310249307479 180845.0 0.0
0.02019852262234534 279898.0 0.25
0.020313942751615882 274125.3333333333 0.0
0.020429362880886426 270590.0 0.0
0.020544783010156973 220256.33333333334 0.0
0.020660203139427517 182857.8 0.0
0.02077562326869806 175985.75 0.0
0.020891043397968604 214880.6 0.0
0.02100646352723915 304150.0 0.0
0.021121883656509695 239412.6 0.2
0.02123730378578024 208462.0 0.0
0.021352723915050786 232930.0 0.0
0.02146814404432133 271221.0 0.0
0.021583564173591873 252164.33333333334 0.0
0.02169898430286242 251547.6 0.2
0.021814404432132964 231147.33333333334 0.0
0.021929824561403508 268405.0 0.0
0.022045244690674055 283032.75 0.0
0.0221606648199446 303861.0 0.0
0.022276084949215142 328184.0 0.0
0.02239150507848569 301036.0 0.0
0.022506925207756233 301123.0 0.0
0.022622345337026777 331139.0 0.0
0.022737765466297324 286726.0 0.3333333333333333
0.022853185595567867 318747.0 0.3333333333333333
0.02296860572483841 306667.0 0.0
0.023084025854108958 293769.0 0.0
0.023199445983379502 295494.5 0.0
0.023314866112650046 248306.0 0.0
0.02343028624192059 247800.33333333334 0.3333333333333333
0.023545706371191136 311876.0 1.0
0.02366112650046168 312816.5 0.5
0.023776546629732224 303783.0 0.0
0.02389196675900277 308544.8 0.2
0.024007386888273315 239262.0 0.0
0.02412280701754386 313366.6666666667 0.0
0.024238227146814405 315097.0 0.0
0.02435364727608495 353703.5 0.0
0.024469067405355493 229860.33333333334 0.0
0.02458448753462604 235989.5 0.0
0.024699907663896584 157883.0 0.0
0.024815327793167127 237618.66666666666 0.0
0.024930747922437674 272639.5 0.0
0.025046168051708218 320380.2 0.0
0.025161588180978762 330180.0 0.0
0.02527700831024931 306574.6 0.0
0.025392428439519853 308209.0 0.0
0.025507848568790396 254325.75 0.0
0.025623268698060944 301973.0 0.0
0.025738688827331487 302583.3333333333 0.0
0.02585410895660203 291914.5 0.5
0.025969529085872575 283302.4 0.0
0.02608494921514312 239086.75 0.0
0.026200369344413665 160796.0 0.0
0.02631578947368421 391512.0 0.0
0.026431209602954756 248286.66666666666 0.0
0.0265466297322253 225297.5 0.0
0.026662049861495844 406475.0 1.0
0.02677746999076639 225538.0 0.0
0.026892890120036934 225829.5 0.0
0.027008310249307478 312828.0 0.0
0.027123730378578025 289475.5 0.25
0.02723915050784857 354341.5 0.5
0.027354570637119113 290672.5 0.25
0.02746999076638966 286518.5 0.5
0.027700831024930747 284558.5 0.0
0.027816251154201294 247765.5 0.0
0.027931671283471838 411876.0 1.0
0.02804709141274238 367385.0 0.0
0.02816251154201293 404720.0 0.0
0.028277931671283472 353865.5 0.0
0.028393351800554016 331684.6666666667 0.0
0.02850877192982456 344156.3333333333 0.0
0.028624192059095107 306814.0 0.0
0.028855032317636194 406001.0 0.0
0.029085872576177285 406136.0 0.0
0.02920129270544783 323842.5 0.0
0.029316712834718376 357968.5 0.0
0.030009233610341645 242548.0 1.0
0.03012465373961219 244828.0 1.0
0.03035549399815328 386449.0 0.0
0.030586334256694367 356483.0 0.0
0.03070175438596491 356576.0 0.0
0.030817174515235458 357046.0 0.0
0.030932594644506 357267.0 0.0
0.031048014773776545 253025.0 0.0
0.031163434903047092 253096.0 0.0
0.031278855032317636 358471.0 0.0
0.03139427516158818 359175.0 0.0
0.03150969529085872 359264.0 0.0
0.031971375807940905 307754.0 0.0
0.032317636195752536 409747.0 0.0
0.03243305632502309 410508.0 0.0
0.03289473684210526 433514.0 0.0
0.033010156971375805 433267.5 0.0
0.033125577100646356 399466.3333333333 0.0
0.0332409972299169 331637.0 0.0
0.03335641735918744 301546.0 0.5
0.03347183748845799 301781.5 0.5
0.03358725761772853 389710.3333333333 0.0
0.033702677746999074 379151.0 0.5
0.033818097876269625 388616.3333333333 0.0
0.03404893813481071 407752.0 0.0
0.0342797783933518 427971.5 0.0
0.03439519852262234 424028.0 0.0
0.03451061865189289 380385.5 0.0
0.03462603878116344 332916.0 0.0
0.03474145891043398 459143.5 0.0
0.03497229916897507 425314.0 0.0
0.03508771929824561 386416.0 0.0
0.035203139427516156 441324.0 0.0
0.035318559556786706 433536.0 0.0
0.035549399815327794 336669.0 0.0
0.03566481994459834 336700.0 0.0
0.035895660203139425 441759.0 0.0
0.036357340720221606 442939.0 0.0
0.036588180978762694 446223.0 0.0
0.036703601108033244 436706.5 0.0
0.03681902123730379 427352.0 0.0
0.03716528162511542 492251.0 0.0
0.03728070175438596 448099.0 0.0
0.037396121883656507 483097.5 0.0
0.03751154201292706 483328.5 0.0
0.0376269621421976 429588.0 0.0
0.03797322253000923 451833.0 0.0
0.038088642659279776 451869.0 0.0
0.038204062788550326 451968.0 0.0
0.038896583564173595 452645.0 0.0
0.03901200369344414 503151.0 0.0
0.03912742382271468 503309.5 0.0
0.040281625115420126 595818.0 1.0
0.04051246537396122 595965.0 1.0
0.040627885503231764 595978.0 1.0
0.04085872576177285 596391.0 1.0
0.040974145891043395 581554.0 0.0
0.041089566020313946 596514.0 1.0
0.04120498614958449 640679.0 1.0
0.041666666666666664 584918.0 0.0
0.04178208679593721 585292.0 0.0
0.04189750692520776 585310.0 0.0
0.04270544783010157 644839.0 1.0
0.04293628808864266 625159.0 0.0
0.0430517082179132 625620.0 0.0
0.04374422899353647 549221.0 0.5
0.043859649122807015 451662.0 0.0
0.043975069252077566 451683.0 0.0
0.04443674976915974 732336.0 1.0
0.045013850415512466 474414.0 0.0
0.04524469067405355 474789.0 0.0
0.04547553093259465 453963.0 0.0
0.04559095106186519 637486.0 0.0
0.04582179132040628 531424.5 0.0
0.04628347183748846 572708.5 0.0
0.046398891966759004 572718.0 0.0
0.04697599261311173 659002.0 0.0
0.04709141274238227 685067.0 0.0
0.047668513388735 379252.0 0.0
0.04778393351800554 414052.5 0.0
0.04824561403508772 383055.0 0.0
0.04836103416435827 449167.0 0.0
0.04847645429362881 449786.0 0.0
0.048591874422899355 449822.0 0.0
0.0487072945521699 561392.0 0.0
0.049284395198522624 493294.0 0.0
0.050092336103416436 503959.0 0.0
0.05020775623268698 504116.0 0.0
0.05043859649122807 470096.0 0.0
0.05066943674976916 475857.0 0.0
0.050784856879039705 476282.0 0.0
0.05090027700831025 477202.0 0.0
0.05101569713758079 477436.0 0.0
0.051131117266851336 509139.0 0.0
0.05124653739612189 509172.0 0.0
0.05170821791320406 509768.0 0.0
0.051823638042474605 513991.0 0.0
0.05193905817174515 514056.0 0.0
0.0520544783010157 514784.0 0.0
0.05216989843028624 514805.0 0.0
0.05240073868882733 356128.0 0.0
0.052516158818097874 356423.0 0.0
0.05274699907663897 356942.0 0.0
0.05286241920590951 364074.0 0.0
0.052977839335180056 364100.0 0.0
0.053208679593721143 364175.0 0.0
0.05332409972299169 399316.0 0.0
0.05343951985226224 399349.0 0.0
0.05355493998153278 400840.0 0.0
0.0541320406278855 481444.0 0.0
0.054709141274238225 529233.0 0.0
0.05482456140350877 529253.0 0.0
0.05493998153277932 529291.0 0.0
0.05505540166204986 470696.5 0.0
0.05517082179132041 435451.0 0.0
0.05528624192059095 530637.0 0.0
0.05563250230840259 435934.0 0.0
0.05678670360110803 908679.0 0.0
0.05701754385964912 675779.0 1.0
0.0574792243767313 451261.0 0.0
0.057594644506001845 676614.0 1.0
0.05782548476454294 561485.0 0.0
0.05817174515235457 679094.0 1.0
0.058287165281625114 679201.0 1.0
0.05840258541089566 680514.0 1.0
0.05863342566943675 680876.0 1.0
0.058748845798707296 680910.0 1.0
0.05932594644506002 681571.0 1.0
0.059441366574330565 491955.0 0.0
0.05967220683287165 492500.0 0.0
0.060133887349953834 494303.0 0.0
0.06024930747922438 494318.0 0.0
0.06036472760849492 494345.0 0.0
0.06059556786703601 494756.0 0.0
0.060941828254847646 498329.0 0.0
0.06105724838411819 498605.0 0.0
0.06278855032317636 499945.0 0.0
0.0629039704524469 499964.0 0.0
0.06313481071098799 500424.0 0.0
0.06382733148661127 560669.0 0.0
0.06451985226223453 841854.0 0.0
0.06740535549399815 712265.0 0.0
0.06752077562326869 712333.0 0.0
0.07271468144044321 712264.0 0.0
0.08010156971375808 592673.0 0.0
0.08079409048938135 1022916.0 1.0
0.08541089566020314 908799.0 0.0
0.0884118190212373 913029.0 0.0
0.08898891966759002 920743.0 0.0
0.08979686057248384 930057.0 0.0
0.09014312096029548 930508.0 0.0
0.09025854108956602 930815.0 0.0
0.0909510618651893 932794.0 0.0
0.09222068328716528 988638.0 0.0
0.09233610341643583 865692.5 0.0
0.09279778393351801 748685.0 0.0
0.10030009233610342 870640.0 0.0
0.10295475530932595 1311762.0 0.0
0.10364727608494921 941187.0 0.0
0.10514773776546629 968549.0 0.0
0.10757156048014774 940417.0 1.0
0.10768698060941828 948210.0 1.0
0.10895660203139428 1437576.0 1.0
0.13700369344413665 1258306.0 1.0
0.1396583564173592 1367961.0 0.0
0.15350877192982457 1573212.0 1.0
0.1937903970452447 1946084.0 1.0
0.19598337950138503 1743684.0 0.0
0.24480609418282548 2094984.0 0.0
0.26246537396121883 2723670.0 2.0
0.29893813481071096 2699146.0 0.0
0.43859649122807015 3554390.0 1.0
0.5614035087719298 4753115.0 2.0
1.0 7154550.0 3.0
