10132
0.00011542012927054478 1075.911703601108 183.908702677747
0.00023084025854108956 1697.1535252398833 350.8464747601168
0.00034626038781163435 2325.297994269341 464.5711556829035
0.0004616805170821791 2770.5782414307005 615.6840536512668
0.0005771006463527239 3194.2341920374706 829.2599531615925
0.0006925207756232687 3554.101226993865 974.9723926380368
0.0008079409048938135 3768.8703703703704 924.6259259259259
0.0009233610341643582 4017.6116504854367 1009.6796116504854
0.001038781163434903 4336.010752688172 1363.4247311827958
0.0011542012927054479 4595.4093959731545 1956.4161073825503
0.0012696214219759926 4658.326086956522 2058.442028985507
0.0013850415512465374 4925.53125 1973.359375
0.0015004616805170822 5204.375 1967.3854166666667
0.001615881809787627 5468.951807228916 2172.0
0.0017313019390581717 5738.2 2582.6125
0.0018467220683287165 5477.023529411765 2259.8823529411766
0.0019621421975992612 5919.314285714286 3004.157142857143
0.002077562326869806 5805.015625 2662.859375
0.0021929824561403508 5709.483333333334 2433.4333333333334
0.0023084025854108957 6175.887096774193 3806.564516129032
0.0024238227146814403 6317.431818181818 3326.818181818182
0.0025392428439519853 6421.25 3564.596153846154
0.00265466297322253 6525.863636363636 6077.272727272727
0.002770083102493075 6411.525 4788.075
0.0028855032317636198 6484.823529411765 5281.14705882353
0.0030009233610341643 6577.2 5167.4
0.0031163434903047093 6365.666666666667 4548.277777777777
0.003231763619575254 6571.677419354839 4228.967741935484
0.003347183748845799 6648.333333333333 3973.766666666667
0.0034626038781163434 6761.722222222223 4128.388888888889
0.0035780240073868884 6904.041666666667 6930.75
0.003693444136657433 7146.333333333333 9124.47619047619
0.003808864265927978 7196.333333333333 7144.25
0.0039242843951985225 7202.263157894737 5231.0526315789475
0.004039704524469067 7285.666666666667 5800.944444444444
0.004155124653739612 7217.285714285715 5539.857142857143
0.004270544783010157 7389.64 6382.24
0.0043859649122807015 7506.227272727273 6044.0
0.004501385041551247 7294.176470588235 4898.411764705882
0.0046168051708217915 7441.705882352941 6073.705882352941
0.004732225300092336 7501.222222222223 10092.222222222223
0.004847645429362881 7456.263157894737 4778.368421052632
0.004963065558633426 7538.235294117647 5745.058823529412
0.0050784856879039705 7443.315789473684 8335.947368421053
0.005193905817174515 7551.055555555556 6542.055555555556
0.00530932594644506 7725.0625 6913.0
0.005424746075715605 7712.789473684211 9410.842105263158
0.00554016620498615 7440.4 8875.1
0.005655586334256694 7676.5 5836.357142857143
0.0057710064635272396 7711.6 7329.0
0.005886426592797784 7504.388888888889 6008.666666666667
0.006001846722068329 7851.222222222223 8156.222222222223
0.006117266851338873 7914.333333333333 7675.8
0.006232686980609419 8091.555555555556 8389.444444444445
0.006348107109879963 7960.0 8042.5
0.006463527239150508 7736.363636363636 7359.636363636364
0.006578947368421052 7855.7692307692305 7386.384615384615
0.006694367497691598 7926.333333333333 7931.333333333333
0.006809787626962142 8097.071428571428 8766.214285714286
0.006925207756232687 8055.083333333333 8968.083333333334
0.007040627885503232 7996.285714285715 7484.857142857143
0.007156048014773777 8125.142857142857 15607.714285714286
0.007271468144044321 8229.714285714286 11504.714285714286
0.007386888273314866 8180.5 8540.0
0.007502308402585411 8092.8 14343.2
0.007617728531855956 8370.5 22458.4
0.0077331486611265 7869.916666666667 13265.333333333334
0.007848568790397045 7887.666666666667 15307.111111111111
0.00796398891966759 7843.777777777777 8611.777777777777
0.008079409048938134 7976.7 15331.5
0.00819482917820868 8056.75 10148.916666666666
0.008310249307479225 7822.428571428572 16393.571428571428
0.008425669436749769 8455.375 17924.625
0.008541089566020314 7927.125 14643.75
0.00865650969529086 8327.461538461539 15168.846153846154
0.008771929824561403 8411.0 11792.42857142857
0.008887349953831948 8353.363636363636 15294.363636363636
0.009002770083102494 8208.714285714286 13134.0
0.009118190212373038 8358.0 14246.90909090909
0.009233610341643583 8481.2 15961.5
0.009349030470914127 8570.333333333334 10077.333333333334
0.009464450600184672 8259.0 16163.42857142857
0.009579870729455217 8437.75 17180.0
0.009695290858725761 8541.666666666666 21824.166666666668
0.009810710987996307 8531.5 11393.3
0.009926131117266852 8540.833333333334 19540.666666666668
0.010041551246537396 8522.57142857143 11190.857142857143
0.010156971375807941 8491.0 10539.57142857143
0.010272391505078486 8415.5 10893.125
0.01038781163434903 8278.125 8849.25
0.010503231763619576 8646.5 10825.75
0.01061865189289012 8641.5 12709.75
0.010734072022160665 8740.666666666666 16208.666666666666
0.01084949215143121 8736.75 14592.5
0.010964912280701754 8761.5 17659.5
0.0110803324099723 8710.0 13201.0
0.011195752539242845 8718.0 15085.833333333334
0.011311172668513388 8739.0 11765.2
0.011426592797783934 8557.375 13295.0
0.011542012927054479 8600.285714285714 13780.0
0.011657433056325023 8606.166666666666 14130.0
0.011772853185595568 8719.285714285714 16754.285714285714
0.011888273314866112 8640.333333333334 11290.333333333334
0.012003693444136657 8693.6 15226.2
0.012119113573407203 8748.4 19041.2
0.012234533702677746 8884.8 16826.4
0.012349953831948292 8890.75 18968.75
0.012465373961218837 8796.25 13779.0
0.012580794090489381 8867.857142857143 18346.14285714286
0.012696214219759926 8759.333333333334 20000.0
0.012811634349030472 8810.0 16109.5
0.012927054478301015 8763.833333333334 16400.666666666668
0.01304247460757156 8783.0 15191.5
0.013157894736842105 8675.0 12184.5
0.01327331486611265 8841.5 41704.5
0.013388734995383195 8747.0 10861.0
0.013504155124653739 9069.5 50556.5
0.013619575253924284 8609.5 12011.0
0.01373499538319483 8945.0 22996.0
0.013850415512465374 8682.25 11896.25
0.014081255771006464 8826.0 14836.0
0.014196675900277008 8819.333333333334 16412.333333333332
0.014312096029547553 8957.4 20064.2
0.014427516158818097 9033.333333333334 21238.0
0.014542936288088643 9028.0 20858.0
0.014658356417359188 8889.333333333334 15880.0
0.014773776546629732 8921.5 18641.5
0.014889196675900277 8819.0 14236.6
0.015004616805170823 8826.5 14399.833333333334
0.015120036934441366 9004.5 21700.75
0.015235457063711912 8826.6 15705.8
0.015350877192982455 8811.2 13932.8
0.015466297322253 8796.0 12254.0
0.015581717451523546 8812.5 15921.5
0.01569713758079409 8956.666666666666 17453.333333333332
0.015812557710064637 8986.0 20000.0
0.01592797783933518 8955.0 19086.5
0.016043397968605724 8957.5 19087.5
0.016158818097876268 8885.333333333334 16036.0
0.016274238227146815 8934.0 16364.0
0.01638965835641736 8976.333333333334 18057.666666666668
0.016505078485687903 9031.333333333334 21855.666666666668
0.01662049861495845 9019.6 20542.8
0.016735918744228993 9106.25 22763.5
0.016851338873499537 9093.42857142857 26573.428571428572
0.016966759002770084 9044.2 23186.2
0.017082179132040628 9061.25 29262.75
0.01719759926131117 9132.5 24681.5
0.01731301939058172 9233.0 33557.75
0.017428439519852262 9091.333333333334 21831.666666666668
0.017543859649122806 9226.333333333334 28784.666666666668
0.017659279778393353 9082.0 21276.0
0.017774699907663897 9308.5 32755.5
0.01789012003693444 9138.0 23149.0
0.018005540166204988 9243.666666666666 33059.333333333336
0.01812096029547553 9215.0 31785.25
0.018236380424746075 9091.6 24308.0
0.018351800554016622 9060.666666666666 20232.0
0.018467220683287166 8993.333333333334 17730.333333333332
0.01858264081255771 8909.0 15886.0
0.018698060941828253 9044.0 17286.0
0.0188134810710988 8999.0 13233.0
0.018928901200369344 9125.25 31335.75
0.019044321329639888 9081.5 30171.0
0.019159741458910435 9148.25 34461.5
0.01927516158818098 9047.0 19797.0
0.019390581717451522 8858.333333333334 19164.666666666668
0.01950600184672207 9099.0 17389.0
0.019621421975992613 9140.666666666666 22601.0
0.019736842105263157 9028.0 25393.5
0.019852262234533704 9341.0 84802.0
0.019967682363804248 9257.0 31353.0
0.02008310249307479 9207.8 40784.6
0.02019852262234534 9097.666666666666 23363.5
0.020313942751615882 9155.0 26948.5
0.020429362880886426 9295.0 28131.0
0.020544783010156973 9297.0 28194.0
0.020660203139427517 9143.6 29551.0
0.02077562326869806 9126.6 22923.8
0.020891043397968604 9162.4 26219.2
0.02100646352723915 9131.0 23565.5
0.02123730378578024 9292.0 31025.0
0.021352723915050786 9266.0 35099.0
0.02146814404432133 9209.833333333334 31380.166666666668
0.021583564173591873 9249.5 37539.0
0.02169898430286242 9133.333333333334 26835.666666666668
0.021814404432132964 9177.8 36710.6
0.021929824561403508 9135.0 31787.25
0.022045244690674055 9216.5 30516.833333333332
0.0221606648199446 9302.0 40154.6
0.022276084949215142 9213.8 39083.0
0.02239150507848569 9325.0 29353.0
0.022506925207756233 9248.5 26976.0
0.022622345337026777 9260.0 29250.0
0.022737765466297324 9374.0 53936.0
0.022853185595567867 9273.0 23947.0
0.02296860572483841 9155.5 24826.5
0.023084025854108958 9300.0 36309.5
0.023199445983379502 9264.0 43461.5
0.023314866112650046 9244.0 32684.75
0.02343028624192059 9277.5 43565.0
0.023545706371191136 9353.0 42758.5
0.02366112650046168 9390.0 54908.0
0.023776546629732224 8994.0 20526.0
0.02389196675900277 9010.0 21108.0
0.024007386888273315 9095.0 26372.0
0.02412280701754386 9263.5 32445.0
0.024238227146814405 9197.0 26910.5
0.02435364727608495 9236.333333333334 33330.666666666664
0.02458448753462604 9240.0 38862.2
0.024699907663896584 9508.0 46325.0
0.024815327793167127 9336.0 66911.0
0.024930747922437674 9419.333333333334 56228.333333333336
0.025046168051708218 9397.0 36961.5
0.025161588180978762 9299.0 47908.5
0.02527700831024931 9244.0 31990.666666666668
0.025392428439519853 9403.333333333334 43147.0
0.025507848568790396 9233.0 48188.333333333336
0.025623268698060944 9145.5 44551.5
0.02585410895660203 9424.0 56472.0
0.02608494921514312 9433.0 57374.0
0.026431209602954756 9334.0 35920.5
0.0265466297322253 9270.0 37125.0
0.026662049861495844 9403.0 34883.0
0.026892890120036934 9421.0 46173.5
0.027008310249307478 9440.0 57404.0
0.02723915050784857 9281.333333333334 38884.666666666664
0.027354570637119113 9423.0 46202.5
0.02746999076638966 9221.5 40984.5
0.027585410895660203 9438.0 47579.0
0.027700831024930747 9450.5 37610.5
0.027816251154201294 9448.0 58140.0
0.027931671283471838 9438.666666666666 37385.333333333336
0.02804709141274238 9441.5 36617.0
0.02816251154201293 9384.666666666666 33770.0
0.028277931671283472 9415.0 35428.0
0.028393351800554016 9415.0 35429.0
0.02850877192982456 9445.5 36669.0
0.028624192059095107 9445.5 36669.5
0.02873961218836565 9487.666666666666 42784.0
0.028855032317636194 9230.5 31137.5
0.02897045244690674 9376.0 40084.0
0.029085872576177285 9062.0 26829.0
0.02920129270544783 9302.333333333334 40778.0
0.02943213296398892 9309.5 60954.0
0.029547553093259463 9354.0 53122.0
0.02966297322253001 9388.0 50670.75
0.029778393351800554 9495.0 62783.0
0.029893813481071098 9554.0 88248.0
0.030009233610341645 9491.5 68409.5
0.03012465373961219 9493.5 68443.5
0.03035549399815328 9441.0 44156.0
0.030470914127423823 9437.0 37918.0
0.030586334256694367 9355.666666666666 40266.0
0.03070175438596491 9446.0 50859.0
0.030817174515235458 9184.0 30910.0
0.030932594644506 9381.0 37563.666666666664
0.031163434903047092 9207.0 33665.0
0.03139427516158818 9451.0 53048.0
0.03150969529085872 9375.0 63990.5
0.031625115420129274 9340.0 49582.0
0.03174053554939982 9361.5 36929.0
0.03185595567867036 9419.0 55643.5
0.031971375807940905 9272.0 20756.0
0.03208679593721145 9491.5 49688.5
0.03220221606648199 9410.5 33539.0
0.032317636195752536 9288.0 20809.0
0.03243305632502309 9376.5 37437.5
0.03254847645429363 9431.333333333334 40766.333333333336
0.03277931671283472 9348.0 47491.0
0.03289473684210526 9417.25 43745.25
0.033010156971375805 9288.0 20996.0
0.033125577100646356 9419.5 33791.5
0.03335641735918744 9420.0 33803.0
0.033702677746999074 9411.0 74213.0
0.03393351800554017 9420.5 45512.75
0.03404893813481071 9439.0 33890.0
0.034164358264081256 9537.0 52855.0
0.0342797783933518 9418.5 37065.0
0.03439519852262234 9355.0 47708.5
0.03451061865189289 9419.5 37119.0
0.03462603878116344 9415.0 74262.0
0.03474145891043398 9392.333333333334 43579.333333333336
0.034856879039704525 9379.0 28193.5
0.03497229916897507 9393.0 43582.666666666664
0.03508771929824561 9403.0 44130.0
0.035203139427516156 9401.0 29012.0
0.035318559556786706 9484.0 36697.0
0.036011080332409975 9558.0 47073.0
0.03612650046168052 9431.0 74927.0
0.03624192059095106 9507.0 71420.0
0.036357340720221606 9568.0 55666.0
0.03647276084949215 9568.0 55671.0
0.036588180978762694 9470.0 88586.0
0.036703601108033244 9568.0 55671.0
0.03716528162511542 9473.0 88640.0
0.037396121883656507 9530.0 70377.0
0.03751154201292706 9530.0 70389.0
0.0376269621421976 9531.0 70395.0
0.037742382271468145 9531.0 70395.0
0.03785780240073869 9531.0 70398.0
0.03797322253000923 9531.0 70398.0
0.038204062788550326 9514.0 61542.5
0.03831948291782087 9478.0 88812.0
0.03855032317636196 9504.5 79742.0
0.0386657433056325 9484.0 88875.0
0.038781163434903045 9533.0 70752.33333333333
0.038896583564173595 9557.5 61691.5
0.03901200369344414 9508.5 79990.5
0.03912742382271468 9486.0 89680.0
0.03935826408125577 9587.0 53085.0
0.039473684210526314 9509.0 80237.0
0.03958910433979686 9532.0 70771.0
0.03970452446906741 9532.0 70771.0
0.03981994459833795 9560.0 62039.5
0.039935364727608495 9533.0 70841.0
0.04005078485687904 9590.0 53329.0
0.04016620498614958 9590.0 53333.0
0.040281625115420126 9590.0 53333.0
0.04085872576177285 9658.0 70944.0
0.040974145891043395 9659.0 70974.0
0.041089566020313946 9659.0 70974.0
0.04132040627885503 9546.0 59256.0
0.04143582640812558 9662.0 72570.0
0.04155124653739612 9547.5 59280.0
0.0420129270544783 9663.0 72643.0
0.042128347183748846 9663.0 72643.0
0.04235918744228993 9579.0 62368.0
0.042820867959372115 9502.0 56630.0
0.04293628808864266 9438.5 49052.5
0.0430517082179132 9438.5 49053.0
0.043167128347183746 9559.666666666666 62870.0
0.0432825484764543 9590.0 66152.0
0.04339796860572484 9666.0 72791.0
0.04362880886426593 9622.0 73202.0
0.04374422899353647 9644.5 72999.5
0.04443674976915974 9669.0 79385.0
0.045013850415512466 9605.0 70115.0
0.04628347183748846 9612.0 70273.0
0.046398891966759004 9684.0 116939.0
0.04651431209602955 9648.0 93628.0
0.04662973222530009 9612.0 70287.0
0.046745152354570635 9612.0 70287.0
0.04686057248384118 9612.0 70287.0
0.04720683287165282 9613.0 70715.0
0.04732225300092336 9650.0 94075.0
0.047437673130193904 9631.5 86369.5
0.047668513388735 9629.0 95810.0
0.04778393351800554 9598.5 72896.0
0.047899353647276086 9656.5 94348.5
0.04813019390581717 9598.5 72916.0
0.04836103416435827 9656.5 94430.0
0.04847645429362881 9687.0 117661.0
0.048591874422899355 9656.5 94478.0
0.04882271468144044 9661.0 94546.5
0.048938134810710986 9687.0 117869.0
0.04905355493998153 9689.0 117892.0
0.04916897506925208 9678.5 94219.5
0.049630655586334255 9723.0 104500.0
0.04986149584487535 9723.0 104592.0
0.050092336103416436 9595.0 77812.0
0.05101569713758079 9723.0 104824.0
0.051131117266851336 9660.5 91638.0
0.05124653739612189 9488.0 54849.0
0.05136195752539243 9489.0 54850.0
0.051477377654662974 9489.0 54891.0
0.051823638042474605 9724.0 104906.0
0.0520544783010157 9622.333333333334 79770.0
0.05216989843028624 9725.0 104926.0
0.052516158818097874 9669.0 84242.0
0.05263157894736842 9512.0 58146.0
0.05274699907663897 9669.0 84242.0
0.053208679593721143 9516.0 58159.0
0.05378578024007387 9527.0 58408.0
0.05390120036934441 9590.5 67655.5
0.054016620498614956 9592.5 67744.0
0.0541320406278855 9592.5 67756.5
0.05424746075715605 9654.0 76927.0
0.05459372114496768 9654.0 77001.0
0.054709141274238225 9577.0 68211.0
0.05482456140350877 9682.0 85492.0
0.05493998153277932 9682.0 85492.0
0.05505540166204986 9655.333333333334 92424.66666666667
0.05528624192059095 9642.0 95893.0
0.05551708217913204 9655.666666666666 92439.33333333333
0.05563250230840259 9646.75 89278.75
0.05574792243767313 9671.0 96316.33333333333
0.055863342566943676 9579.0 68996.0
0.05632502308402586 9645.5 96418.5
0.0564404432132964 9637.0 77451.0
0.056555863342566945 9585.0 69258.0
0.056902123730378576 9606.0 74887.5
0.05701754385964912 9630.0 80471.0
0.05713296398891967 9587.0 69423.0
0.05736380424746076 9707.0 125389.0
0.05840258541089566 9616.0 75605.5
0.05851800554016621 9598.0 70618.0
0.058748845798707296 9606.0 72919.0
0.05886426592797784 9607.0 72923.0
0.05909510618651893 9616.5 91218.5
0.05921052631578947 9630.5 95191.0
0.05932594644506002 9631.0 95205.5
0.059441366574330565 9626.0 109521.0
0.05955678670360111 9631.0 95267.0
0.05967220683287165 9626.0 109640.0
0.059787626962142196 9675.0 104060.5
0.05990304709141274 9714.0 127226.0
0.06128808864265928 9720.0 127799.0
0.062326869806094184 9696.0 86986.0
0.06301939058171745 9696.0 87039.0
0.06313481071098799 9696.0 87200.0
0.06325023084025855 9696.0 87201.0
0.06336565096952909 9702.0 87932.0
0.06405817174515235 9650.0 82417.0
0.06428901200369344 9706.0 88399.0
0.06440443213296398 9707.0 88399.0
0.06451985226223453 9707.0 88399.0
0.06475069252077563 9707.0 88457.0
0.06486611265004617 9759.0 127952.0
0.06509695290858726 9759.0 128265.0
0.0652123730378578 9669.0 88993.0
0.06544321329639889 9759.0 128404.0
0.06567405355493998 9709.0 89036.0
0.06578947368421052 9709.0 89036.0
0.06659741458910434 9646.0 83691.0
0.06671283471837489 9646.0 83691.0
0.06786703601108034 9699.0 91859.0
0.06809787626962142 9699.0 93227.0
0.06844413665743306 9700.666666666666 113280.66666666667
0.0685595567867036 9708.333333333334 116261.0
0.06867497691597414 9708.333333333334 116316.0
0.06879039704524469 9705.0 119393.0
0.06890581717451523 9686.0 94800.0
0.06902123730378577 9713.0 114913.0
0.06913665743305633 9713.0 114957.5
0.06925207756232687 9714.0 89511.0
0.06936749769159742 9714.0 89512.0
0.06948291782086796 9688.0 95166.0
0.0695983379501385 9687.0 172294.0
0.06971375807940905 9687.5 133730.0
0.0698291782086796 9688.0 95166.0
0.07029085872576177 9714.0 89767.0
0.07052169898430287 9708.0 121178.0
0.07179132040627885 9714.0 122116.0
0.0719067405355494 9714.0 122123.0
0.07202216066481995 9716.0 122868.0
0.07283010156971376 9717.0 123287.0
0.0729455216989843 9728.0 102822.0
0.07306094182825484 9718.0 123359.0
0.07352262234533703 9762.0 141798.0
0.07363804247460758 9763.0 142560.0
0.07375346260387812 9765.0 142564.0
0.07398430286241921 9766.0 142978.0
0.0742151431209603 9767.0 143831.0
0.07433056325023084 9767.0 143884.0
0.07444598337950138 9750.0 123532.0
0.07456140350877193 9733.0 103163.0
0.07467682363804247 9767.0 143921.0
0.07479224376731301 9767.0 143930.0
0.07536934441366575 9718.0 184071.0
0.07617728531855955 9768.0 144269.0
0.0762927054478301 9768.0 144270.0
0.07640812557710065 9768.0 144283.0
0.0765235457063712 9768.0 144309.0
0.07663896583564174 9768.0 144309.0
0.07686980609418283 9768.0 144348.0
0.07698522622345337 9768.0 144348.0
0.077331486611265 9768.0 144397.0
0.07744690674053555 9667.0 77347.0
0.07756232686980609 9769.0 144397.0
0.07767774699907663 9737.0 103415.0
0.07779316712834719 9737.0 103415.0
0.07790858725761773 9769.0 144486.0
0.07802400738688828 9769.0 144846.0
0.07813942751615882 9667.0 77832.0
0.07848568790397045 9667.0 77984.0
0.07917820867959371 9770.0 145336.0
0.07929362880886427 9770.0 145336.0
0.0796398891966759 9770.0 145340.0
0.07975530932594645 9673.0 79474.0
0.07987072945521699 9673.0 79493.0
0.07998614958448753 9721.5 112497.5
0.08010156971375808 9770.0 145502.0
0.08033240997229917 9770.0 145704.0
0.08056325023084025 9770.0 145744.0
0.08079409048938135 9770.0 145750.0
0.08125577100646353 9723.5 113505.5
0.08137119113573407 9733.0 111221.33333333333
0.08148661126500462 9714.5 93739.5
0.08160203139427516 9770.0 146189.0
0.0817174515235457 9751.0 106615.0
0.08183287165281625 9751.0 106694.0
0.08194829178208679 9715.0 93842.0
0.08206371191135733 9715.0 94078.0
0.08217913204062789 9679.0 81588.0
0.08264081255771007 9679.0 81628.0
0.08275623268698061 9679.0 81636.0
0.08344875346260387 9684.0 83006.0
0.08367959372114497 9684.0 83020.0
0.08379501385041552 9684.0 83050.0
0.0852954755309326 9765.0 137794.0
0.08541089566020314 9765.0 137794.0
0.08644967682363804 9766.0 141533.0
0.0865650969529086 9766.0 141564.0
0.08668051708217914 9766.0 141577.0
0.08702677746999077 9768.0 141744.0
0.08725761772853186 9768.0 141744.0
0.0873730378578024 9762.0 136679.0
0.08760387811634349 9769.0 141830.0
0.08945060018467221 9770.0 143026.0
0.08956602031394276 9770.0 143031.0
0.08979686057248384 9770.0 143055.0
0.08991228070175439 9770.0 143056.0
0.09002770083102493 9770.0 143056.0
0.09014312096029548 9770.0 143056.0
0.09025854108956602 9770.0 143169.0
0.0904893813481071 9770.0 143221.0
0.09060480147737765 9770.0 143221.0
0.09187442289935364 9774.0 146813.0
0.09222068328716528 9774.0 146813.0
0.09268236380424746 9775.0 146902.0
0.09279778393351801 9775.0 147001.0
0.09545244690674054 9811.0 281532.0
0.10364727608494921 9830.0 303551.0
0.10861034164358264 9825.0 178083.0
0.11011080332409973 9810.0 148499.0
0.11034164358264081 9813.0 149149.0
0.11045706371191136 9813.0 149170.0
0.14727608494921515 9853.0 195690.0
0.16320406278855032 9900.0 255084.0
0.16331948291782086 9905.0 255294.0
0.1636657433056325 9905.0 255313.0
0.16389658356417358 9905.0 255313.0
0.16608956602031394 9905.0 258881.0
0.16620498614958448 9905.0 258881.0
0.16666666666666666 9905.0 259256.0
0.1667820867959372 9905.0 259284.0
0.17543859649122806 9876.0 223743.0
0.19425207756232687 9888.0 232220.0
0.19436749769159742 9888.0 232225.0
0.19448291782086796 9888.0 232275.0
0.19471375807940905 9888.0 232275.0
0.19494459833795014 9888.0 232278.0
0.19506001846722068 9888.0 232279.0
0.19529085872576177 9888.0 232559.0
0.1954062788550323 9888.0 233394.0
0.19621421975992612 9889.0 235218.0
0.19852262234533702 9891.0 236663.0
0.19863804247460756 9891.0 236691.0
0.1987534626038781 9891.0 236691.0
0.2018698060941828 9893.0 239557.0
0.20198522622345336 9893.0 239557.0
0.20210064635272393 9893.0 239569.0
0.20221606648199447 9893.0 239569.0
0.20233148661126502 9893.0 239587.0
0.20637119113573407 9912.0 265334.0
0.22610803324099724 9922.0 285482.0
0.22622345337026778 9922.0 285483.0
0.22714681440443213 9922.0 286614.0
0.24838411819021236 9972.0 405473.0
0.2484995383194829 9973.0 405549.0
0.24861495844875348 9973.0 405549.0
0.2491920590951062 9973.0 405753.0
0.24930747922437674 9973.0 405756.0
0.24953831948291783 9973.0 405790.0
0.295129270544783 9960.0 386588.0
0.29524469067405357 9960.0 386588.0
0.2953601108033241 9960.0 386588.0
0.29547553093259465 9960.0 386697.0
0.29559095106186517 9960.0 386701.0
0.29674515235457066 9960.0 388033.0
0.2968605724838412 9960.0 388037.0
0.29709141274238227 9960.0 388665.0
0.29732225300092335 9961.0 388889.0
0.2974376731301939 9961.0 388889.0
0.29755309325946444 9962.0 389154.0
0.297668513388735 9964.0 389422.0
0.29778393351800553 9964.0 389897.0
0.2978993536472761 9964.0 389899.0
0.2980147737765466 9965.0 390674.0
0.2982456140350877 9965.0 390696.0
0.2984764542936288 9965.0 390712.0
0.29859187442289936 9965.0 390856.0
0.2987072945521699 9965.0 390870.0
0.29882271468144045 9965.0 390872.0
0.29893813481071096 9965.0 390922.0
0.29905355493998154 9965.0 390922.0
0.33079409048938135 9992.0 590165.0
0.5485918744228994 10065.0 796712.0
0.5487072945521699 10065.0 796712.0
0.5493998153277931 10065.0 797305.0
0.5498614958448753 10065.0 797383.0
0.5506694367497692 10065.0 798239.0
0.5557479224376731 10065.0 799772.0
0.5685595567867036 10066.0 807195.0
0.5743305632502308 10067.0 817452.0
0.5780240073868883 10072.0 835775.0
0.5818328716528163 10075.0 866541.0
0.9126269621421976 10124.0 1456706.0
1.0 10132.0 1593385.0
