5102
0.0001 659 3 0
0.0001 1047 6 0
0.0002 1448 13 0
0.0003 1747 12 0
0.0004 1963 15 0
0.0004 2164 15 0
0.0005 2316 25 0
0.0006 2468 31 0
0.0007 2594 36 0
0.0007 2682 27 0
0.0008 2827 31 0
0.0009 2895 35 0
0.0009 3036 52 0
0.0010 3093 57 0
0.0011 3151 54 0
0.0012 3188 49 0
0.0012 3305 52 0
0.0013 3389 71 0
0.0014 3436 70 0
0.0015 3483 61 0
0.0015 3527 51 0
0.0016 3569 59 0
0.0017 3646 108 0
0.0017 3689 49 0
0.0018 3759 122 0
0.0019 3760 123 0
0.0020 3797 82 0
0.0020 3754 92 0
0.0021 3799 109 0
0.0022 3909 137 0
0.0023 3854 128 0
0.0023 3916 79 0
0.0024 3903 80 0
0.0025 3942 103 0
0.0025 3963 127 0
0.0026 3996 102 0
0.0027 3978 144 0
0.0028 4070 128 0
0.0028 4088 131 0
0.0029 4112 187 0
0.0030 4158 162 0
0.0031 4154 115 0
0.0031 4161 145 0
0.0032 4205 150 0
0.0033 4208 117 0
0.0034 4214 131 0
0.0034 4230 154 0
0.0035 4194 227 0
0.0036 4222 129 0
0.0036 4302 108 0
0.0037 4334 119 0
0.0038 4332 150 0
0.0039 4342 89 0
0.0039 4406 119 0
0.0040 4363 158 0
0.0041 4405 188 0
0.0042 4411 117 0
0.0042 4409 147 0
0.0043 4378 92 0
0.0044 4392 214 0
0.0044 4417 174 0
0.0045 4336 207 0
0.0046 4426 394 0
0.0047 4429 304 0
0.0047 4423 263 0
0.0048 4406 265 0
0.0049 4377 255 0
0.0050 4384 233 0
0.0050 4463 287 0
0.0051 4381 215 0
0.0052 4493 304 0
0.0052 4482 186 0
0.0053 4482 512 0
0.0054 4464 313 0
0.0055 4520 334 0
0.0055 4490 582 0
0.0056 4464 330 0
0.0057 4537 545 0
0.0058 4556 312 0
0.0058 4561 283 0
0.0059 4604 884 0
0.0060 4536 416 0
0.0060 4598 179 0
0.0061 4544 112 0
0.0062 4525 114 0
0.0063 4544 222 0
0.0063 4600 99 0
0.0064 4597 188 0
0.0065 4587 377 0
0.0066 4491 205 0
0.0066 4562 326 0
0.0067 4646 156 0
0.0068 4552 128 0
0.0068 4621 344 0
0.0069 4659 126 0
0.0070 4627 280 0
0.0071 4702 210 0
0.0071 4604 238 0
0.0072 4670 230 0
0.0073 4678 242 0
0.0074 4672 279 0
0.0074 4614 255 0
0.0075 4676 259 0
0.0076 4621 508 0
0.0076 4651 599 0
0.0077 4684 528 0
0.0078 4689 722 0
0.0079 4664 378 0
0.0079 4681 671 0
0.0080 4661 551 0
0.0081 4707 907 0
0.0082 4721 601 0
0.0082 4689 425 0
0.0083 4718 521 0
0.0084 4711 389 0
0.0084 4764 362 0
0.0085 4744 233 0
0.0086 4773 736 0
0.0087 4783 950 0
0.0087 4712 408 0
0.0089 4676 235 0
0.0090 4788 1099 0
0.0091 4730 797 0
0.0092 4779 1723 0
0.0093 4714 1586 0
0.0093 4638 765 0
0.0094 4783 704 0
0.0095 4779 1094 0
0.0095 4740 329 0
0.0096 4771 412 0
0.0097 4755 47 0
0.0098 4742 331 0
0.0098 4772 922 0
0.0099 4755 299 0
0.0101 4745 332 0
0.0103 4771 1016 0
0.0103 4778 925 0
0.0104 4798 1057 0
0.0105 4751 1101 0
0.0106 4801 291 0
0.0106 4682 870 0
0.0107 4717 408 0
0.0108 4765 145 0
0.0109 4741 392 0
0.0109 4814 1338 0
0.0110 4830 1310 0
0.0111 4823 1156 0
0.0111 4842 1278 0
0.0112 4725 243 0
0.0114 4747 1102 0
0.0115 4761 1102 0
0.0116 4782 431 0
0.0117 4834 412 0
0.0118 4773 350 0
0.0119 4802 357 0
0.0120 4910 2285 0
0.0121 4807 261 0
0.0122 4836 541 0
0.0122 4846 1138 0
0.0123 4828 1277 0
0.0124 4933 2600 0
0.0125 4721 529 0
0.0125 4809 360 0
0.0126 4857 130 0
0.0127 4792 1128 0
0.0128 4812 365 0
0.0129 4747 167 0
0.0130 4862 296 0
0.0131 4841 397 0
0.0133 4830 407 0
0.0134 4920 2539 0
0.0135 4828 393 0
0.0136 4833 542 0
0.0137 4861 964 0
0.0138 4853 605 0
0.0138 4830 486 0
0.0139 4854 635 0
0.0140 4978 4497 0
0.0142 4847 393 0
0.0143 4869 782 0
0.0146 4853 429 0
0.0149 4854 455 0
0.0150 4768 1516 0
0.0152 4798 190 0
0.0152 4775 94 0
0.0153 4790 624 0
0.0159 4986 4506 0
0.0160 4870 559 0
0.0161 4842 552 0
0.0162 4819 588 0
0.0162 4878 439 0
0.0163 4793 1640 0
0.0167 4834 1005 0
0.0169 4887 2050 0
0.0170 4866 1309 0
0.0173 4889 458 0
0.0174 4915 2308 0
0.0176 4842 614 0
0.0176 4944 1200 0
0.0178 4904 443 0
0.0180 4838 643 0
0.0181 4927 2855 0
0.0183 4963 714 0
0.0184 4867 455 0
0.0186 4858 1010 0
0.0189 4900 2064 0
0.0190 4911 2064 0
0.0194 4897 456 0
0.0195 4914 456 0
0.0197 4931 774 0
0.0198 4865 349 0
0.0205 4906 1848 0
0.0207 4886 1398 0
0.0208 4933 2362 0
0.0210 4847 851 0
0.0212 4868 364 0
0.0213 4918 562 0
0.0213 4906 1857 0
0.0216 4859 851 0
0.0219 4927 568 0
0.0223 4992 4577 0
0.0224 4884 1779 0
0.0227 4867 858 0
0.0235 4930 2362 0
0.0237 4911 905 0
0.0244 4945 972 0
0.0247 4906 1738 0
0.0248 4937 709 0
0.0249 4926 2213 0
0.0252 4919 1804 0
0.0253 4899 936 0
0.0254 4939 709 0
0.0255 4939 2312 0
0.0256 4996 4646 0
0.0259 4950 2315 0
0.0260 4923 1060 0
0.0264 4963 2389 0
0.0267 4922 938 0
0.0268 4908 1783 0
0.0269 4959 1066 0
0.0275 4897 2312 0
0.0275 4966 1754 0
0.0277 4972 1532 0
0.0281 4967 2531 0
0.0282 4933 1496 0
0.0285 4939 1061 0
0.0287 4924 438 0
0.0289 4956 1672 0
0.0291 5009 4750 0
0.0292 4950 2996 0
0.0294 4926 943 0
0.0298 4978 2542 0
0.0299 4931 453 0
0.0306 4967 779 0
0.0309 4977 1107 0
0.0310 4958 1679 0
0.0317 4938 462 0
0.0318 4927 1914 0
0.0320 4979 1110 0
0.0323 4964 3005 0
0.0323 4982 1606 0
0.0329 4961 1416 0
0.0329 4940 1415 0
0.0332 5000 1169 0
0.0340 4957 2461 0
0.0342 4985 2811 0
0.0345 4973 2726 0
0.0347 4974 3007 0
0.0347 4974 880 0
0.0353 4954 1023 0
0.0361 4990 1329 0
0.0363 4998 2576 0
0.0369 4972 1458 0
0.0374 5000 2207 0
0.0375 4985 2568 0
0.0384 4983 3732 0
0.0392 4986 2568 0
0.0400 4981 1305 0
0.0404 4989 1042 0
0.0406 4985 4114 0
0.0409 4987 1292 0
0.0410 4992 2822 0
0.0416 4990 1807 0
0.0419 5001 1069 0
0.0422 5030 4900 0
0.0428 4993 2824 0
0.0429 4988 1786 0
0.0433 4991 1810 0
0.0438 5005 1577 0
0.0438 4985 1977 0
0.0446 4990 1793 0
0.0452 4975 1603 0
0.0454 4966 3196 0
0.0457 5004 4169 0
0.0457 4994 3187 0
0.0462 5000 2993 0
0.0466 4993 2047 0
0.0467 4986 1982 0
0.0468 5010 1793 0
0.0476 4980 1734 0
0.0478 5030 1419 0
0.0479 4996 1895 0
0.0485 4988 2088 0
0.0487 5008 4212 0
0.0489 5000 3080 0
0.0492 5012 1808 0
0.0511 4997 3242 0
0.0514 5006 3080 0
0.0517 4987 3344 0
0.0524 5003 1951 0
0.0525 5019 1943 0
0.0526 5008 2838 0
0.0536 5028 2941 0
0.1052 5041 6545 0
0.1588 5058 9486 0
0.2114 5065 10724 0
0.2640 5074 14962 0
0.3165 5079 16534 0
0.3691 5086 20608 0
0.4217 5087 22751 0
0.4743 5089 25249 0
0.5268 5090 27140 0
0.5794 5092 30443 0
0.6320 5092 32193 0
0.6846 5098 36409 0
0.7372 5098 38289 0
0.7897 5098 40881 0
0.8423 5099 45896 0
0.8949 5100 47729 0
0.9474 5100 49394 0
1.0000 5102 51345 0
