15710
0.00011542012927054478 1083.7397276084948 0.0
0.00023084025854108956 1654.4238683127571 0.0
0.00034626038781163435 2449.1486620416254 0.0
0.0004616805170821791 2849.271755725191 0.0
0.0005771006463527239 3252.3640449438203 0.0
0.0006925207756232687 3537.679775280899 0.0
0.0008079409048938135 3857.7126865671644 0.0
0.0009233610341643582 4222.527659574468 0.0
0.001038781163434903 4493.420512820513 0.0
0.0011542012927054479 4841.576923076923 0.0
0.0012696214219759926 4700.985507246377 0.0
0.0013850415512465374 5113.731092436975 0.0
0.0015004616805170822 5041.313725490196 0.0
0.001615881809787627 5473.494845360825 0.0
0.0017313019390581717 5407.3456790123455 0.0
0.0018467220683287165 5624.643835616438 0.0
0.0019621421975992612 6012.0298507462685 0.0
0.002077562326869806 6166.046153846154 0.0
0.0021929824561403508 6148.866666666667 0.0
0.0023084025854108957 6371.050847457627 0.0
0.0024238227146814403 6543.508771929824 0.0
0.0025392428439519853 6651.595744680851 0.0
0.00265466297322253 6688.878048780488 0.0
0.002770083102493075 6707.777777777777 0.0
0.0028855032317636198 6726.55 0.0
0.0030009233610341643 6745.675 0.0
0.0031163434903047093 6822.078947368421 0.0
0.003231763619575254 6912.027027027027 0.0
0.003347183748845799 6764.088235294118 0.0
0.0034626038781163434 6874.827586206897 0.0
0.0035780240073868884 7286.833333333333 0.0
0.003693444136657433 7154.692307692308 0.0
0.003808864265927978 6978.478260869565 0.0
0.0039242843951985225 7349.807692307692 0.0
0.004039704524469067 7507.694444444444 0.0
0.004155124653739612 7475.384615384615 0.0
0.004270544783010157 7663.75 0.0
0.0043859649122807015 7387.833333333333 0.0
0.004501385041551247 7497.181818181818 0.0
0.0046168051708217915 7815.04 0.0
0.004732225300092336 7934.3 0.0
0.004847645429362881 7683.384615384615 0.0
0.004963065558633426 7789.086956521739 0.0
0.0050784856879039705 7680.722222222223 0.0
0.005193905817174515 7688.5 0.0
0.00530932594644506 8091.1578947368425 0.0
0.005424746075715605 7866.2 0.0
0.00554016620498615 7901.222222222223 0.0
0.005655586334256694 7745.941176470588 0.0
0.0057710064635272396 8221.5 0.0
0.005886426592797784 8071.047619047619 0.0
0.006001846722068329 8118.266666666666 0.0
0.006117266851338873 8095.0 0.0
0.006232686980609419 8216.631578947368 0.0
0.006348107109879963 7992.133333333333 0.0
0.006463527239150508 8316.3 0.0
0.006578947368421052 8068.833333333333 0.0
0.006694367497691598 8397.714285714286 0.0
0.006809787626962142 8519.714285714286 0.0
0.006925207756232687 8437.625 0.0
0.007040627885503232 8309.5 0.0
0.007156048014773777 8500.636363636364 0.0
0.007271468144044321 8486.285714285714 0.0
0.007386888273314866 8607.875 0.0
0.007502308402585411 8714.0 0.0
0.007617728531855956 8661.222222222223 0.0
0.0077331486611265 8653.454545454546 0.0
0.007848568790397045 8735.916666666666 0.0
0.00796398891966759 8564.555555555555 0.0
0.008079409048938134 8651.7 0.0
0.00819482917820868 8791.5 0.0
0.008310249307479225 9069.5 0.0
0.008425669436749769 8850.57142857143 0.0
0.008541089566020314 8957.857142857143 0.0
0.00865650969529086 9217.5 0.0
0.008771929824561403 9038.57142857143 0.0
0.008887349953831948 8820.0 0.0
0.009002770083102494 8664.777777777777 0.0
0.009118190212373038 8792.75 0.0
0.009233610341643583 8857.57142857143 0.0
0.009349030470914127 8808.666666666666 0.0
0.009464450600184672 8882.777777777777 0.0
0.009579870729455217 8786.222222222223 0.0
0.009695290858725761 8880.666666666666 0.0
0.009810710987996307 8921.0 0.0
0.009926131117266852 8764.0 0.0
0.010041551246537396 8721.0 0.0
0.010156971375807941 8934.666666666666 0.0
0.010272391505078486 8833.833333333334 0.0
0.01038781163434903 8935.857142857143 0.0
0.010503231763619576 9080.25 0.0
0.01061865189289012 9401.7 0.0
0.010734072022160665 9464.42857142857 0.0
0.01084949215143121 9559.57142857143 0.0
0.010964912280701754 9298.666666666666 0.0
0.0110803324099723 9407.42857142857 0.0
0.011195752539242845 9215.09090909091 0.0
0.011311172668513388 9528.0 0.0
0.011426592797783934 9298.4 0.0
0.011542012927054479 9601.857142857143 0.0
0.011657433056325023 9331.25 0.0
0.011772853185595568 9449.111111111111 0.0
0.011888273314866112 9458.222222222223 0.0
0.012003693444136657 9482.714285714286 0.0
0.012119113573407203 9388.2 0.0
0.012234533702677746 9566.0 0.0
0.012349953831948292 9468.0 0.0
0.012465373961218837 9662.285714285714 0.0
0.012580794090489381 9771.125 0.0
0.012696214219759926 9380.333333333334 0.0
0.012811634349030472 9628.0 0.0
0.012927054478301015 9249.333333333334 0.0
0.01304247460757156 9623.0 0.0
0.013157894736842105 9992.75 0.0
0.01327331486611265 9474.5 0.0
0.013388734995383195 9640.25 0.0
0.013504155124653739 9820.25 0.0
0.013619575253924284 9578.166666666666 0.0
0.01373499538319483 9543.714285714286 0.0
0.013850415512465374 9658.333333333334 0.0
0.013965835641735919 9160.5 0.0
0.014081255771006464 9406.666666666666 0.0
0.014196675900277008 9655.0 0.0
0.014312096029547553 9485.5 0.0
0.014427516158818097 9151.0 0.0
0.014542936288088643 9152.0 0.0
0.014658356417359188 9739.5 0.0
0.014773776546629732 9607.25 0.0
0.014889196675900277 9628.0 0.0
0.015004616805170823 9705.5 0.0
0.015120036934441366 9681.333333333334 0.0
0.015235457063711912 9464.333333333334 0.0
0.015350877192982455 9446.0 0.0
0.015466297322253 9465.666666666666 0.0
0.015581717451523546 9568.5 0.0
0.01569713758079409 9635.8 0.0
0.015812557710064637 9489.714285714286 0.0
0.01592797783933518 9670.5 0.0
0.016043397968605724 9573.5 0.0
0.016158818097876268 9562.666666666666 0.0
0.016274238227146815 9572.0 0.0
0.01638965835641736 9682.6 0.0
0.016505078485687903 9909.75 0.0
0.01662049861495845 9807.333333333334 0.0
0.016735918744228993 9820.0 0.0
0.016851338873499537 10120.0 0.0
0.016966759002770084 9722.0 0.0
0.017082179132040628 9737.0 0.0
0.01719759926131117 9634.5 0.0
0.01731301939058172 9727.0 0.0
0.017428439519852262 9635.5 0.0
0.017543859649122806 9806.666666666666 0.0
0.017659279778393353 9812.333333333334 0.0
0.01789012003693444 9991.0 0.0
0.018005540166204988 9847.0 0.0
0.018467220683287166 10253.0 0.0
0.018698060941828253 9455.5 0.0
0.0188134810710988 9301.0 0.0
0.018928901200369344 9670.666666666666 0.0
0.019044321329639888 9306.0 0.0
0.019159741458910435 10176.0 0.0
0.01927516158818098 10039.0 0.0
0.019390581717451522 10100.0 0.0
0.01950600184672207 9971.0 0.0
0.019621421975992613 9884.5 0.0
0.019736842105263157 10110.0 0.0
0.019852262234533704 9937.0 0.0
0.019967682363804248 9937.5 0.0
0.02008310249307479 9755.0 0.0
0.02019852262234534 10463.5 0.0
0.020313942751615882 9757.0 0.0
0.020429362880886426 9873.0 0.0
0.020544783010156973 10415.5 0.0
0.020660203139427517 10070.5 0.0
0.02077562326869806 9987.0 0.0
0.020891043397968604 9987.0 0.0
0.021121883656509695 11180.0 0.0
0.02123730378578024 10876.0 0.0
0.021352723915050786 10876.0 0.0
0.021583564173591873 10880.0 0.0
0.0221606648199446 10018.0 0.0
0.022276084949215142 10456.0 0.0
0.02239150507848569 10238.5 0.0
0.022506925207756233 10611.5 0.0
0.022622345337026777 9560.0 0.0
0.022737765466297324 11204.0 0.0
0.022853185595567867 10257.25 0.0
0.02296860572483841 10486.333333333334 0.0
0.023084025854108958 10395.0 0.0
0.023199445983379502 10131.0 0.0
0.023314866112650046 9949.0 0.0
0.02343028624192059 9810.5 0.0
0.023545706371191136 10133.5 0.0
0.02366112650046168 10618.0 0.0
0.023776546629732224 10228.0 0.0
0.02389196675900277 11019.0 0.0
0.024007386888273315 11022.0 0.0
0.02412280701754386 10553.0 0.0
0.024238227146814405 10085.0 0.0
0.02435364727608495 10230.0 0.0
0.024469067405355493 10391.333333333334 0.0
0.02458448753462604 11152.5 0.0
0.024699907663896584 10293.25 0.0
0.024815327793167127 10180.0 0.0
0.024930747922437674 10500.0 0.0
0.025046168051708218 10332.333333333334 0.0
0.025161588180978762 10350.0 0.0
0.02527700831024931 10083.0 0.0
0.025392428439519853 10663.0 0.0
0.025507848568790396 10663.5 0.0
0.025623268698060944 10436.333333333334 0.0
0.025738688827331487 10001.0 0.0
0.02585410895660203 10026.0 0.0
0.02608494921514312 11337.0 0.0
0.02631578947368421 9981.0 0.0
0.026431209602954756 9972.5 0.0
0.0265466297322253 10506.0 0.0
0.026662049861495844 10248.0 0.0
0.02677746999076639 10457.0 0.0
0.027008310249307478 10794.0 0.0
0.02723915050784857 10415.0 0.0
0.02746999076638966 10409.5 0.0
0.027931671283471838 10515.0 0.0
0.02804709141274238 10523.0 0.0
0.028277931671283472 10355.0 0.0
0.028393351800554016 10528.0 0.0
0.02850877192982456 10356.0 0.0
0.028624192059095107 10442.0 0.0
0.02873961218836565 10532.0 0.0
0.028855032317636194 10212.5 0.0
0.02897045244690674 10571.333333333334 0.0
0.029085872576177285 10466.5 0.0
0.02920129270544783 10474.5 0.0
0.02943213296398892 10000.0 0.0
0.029547553093259463 10718.0 0.0
0.02966297322253001 10718.0 0.0
0.030009233610341645 10268.0 0.0
0.03012465373961219 10183.0 0.0
0.030240073868882732 10681.0 0.0
0.03035549399815328 10682.0 0.0
0.030470914127423823 10227.0 0.0
0.030586334256694367 10235.0 0.0
0.03070175438596491 10542.0 0.0
0.030817174515235458 10450.0 0.0
0.030932594644506 10898.0 0.0
0.031048014773776545 10003.0 0.0
0.031163434903047092 10535.666666666666 0.0
0.03139427516158818 10905.0 0.0
0.03150969529085872 10371.0 0.0
0.03174053554939982 10905.0 0.0
0.03185595567867036 10817.0 0.0
0.031971375807940905 10730.0 0.0
0.032317636195752536 9848.0 0.0
0.032663896583564174 10470.0 0.0
0.03289473684210526 10448.0 0.0
0.033010156971375805 10310.0 0.0
0.033125577100646356 10913.0 0.0
0.0332409972299169 10622.0 0.0
0.03335641735918744 10628.5 0.0
0.03347183748845799 10571.5 0.0
0.03358725761772853 10337.0 0.0
0.033818097876269625 10396.5 0.0
0.03393351800554017 10463.0 0.0
0.0342797783933518 10552.0 0.0
0.03439519852262234 10738.0 0.0
0.03451061865189289 10738.0 0.0
0.03462603878116344 10807.5 0.0
0.03508771929824561 11467.0 0.0
0.035203139427516156 10940.0 0.0
0.035318559556786706 11474.0 0.0
0.035549399815327794 10940.0 0.0
0.03566481994459834 11247.5 0.0
0.03578024007386888 10945.0 0.0
0.035895660203139425 11250.0 0.0
0.036011080332409975 11250.5 0.0
0.03612650046168052 10965.0 0.0
0.03624192059095106 10977.0 0.0
0.036357340720221606 11623.0 0.0
0.03693444136657433 10978.0 0.0
0.037049861495844875 10990.0 0.0
0.03716528162511542 10472.0 0.0
0.03728070175438596 10472.0 0.0
0.037396121883656507 11081.0 0.0
0.03751154201292706 11081.0 0.0
0.0376269621421976 11254.0 0.0
0.03785780240073869 11044.5 0.0
0.03797322253000923 11046.0 0.0
0.038088642659279776 11430.0 0.0
0.038204062788550326 10781.0 0.0
0.03831948291782087 11261.0 0.0
0.038434903047091414 11088.0 0.0
0.0386657433056325 11089.0 0.0
0.038781163434903045 11089.0 0.0
0.03912742382271468 10481.0 0.0
0.03981994459833795 10487.0 0.0
0.040281625115420126 11184.5 0.0
0.04039704524469068 11441.0 0.0
0.04051246537396122 11441.0 0.0
0.040974145891043395 11442.0 0.0
0.041089566020313946 11113.0 0.0
0.04132040627885503 11123.0 0.0
0.04224376731301939 11144.0 0.0
0.04235918744228993 11149.0 0.0
0.04247460757156048 11149.0 0.0
0.04259002770083103 11149.0 0.0
0.04270544783010157 11270.5 0.0
0.042820867959372115 11453.0 0.0
0.0430517082179132 11453.0 0.0
0.043513388734995384 11457.0 0.0
0.04362880886426593 11460.0 0.0
0.043975069252077566 11460.0 0.0
0.04409048938134811 11460.0 0.0
0.04420590951061865 11460.0 0.0
0.0443213296398892 11118.5 0.0
0.04443674976915974 11107.0 0.0
0.044552169898430284 11107.0 0.0
0.04466759002770083 11107.0 0.0
0.04478301015697138 11121.5 0.0
0.04559095106186519 11464.0 0.0
0.046398891966759004 10926.0 0.0
0.04686057248384118 10929.0 0.0
0.04709141274238227 11141.0 0.0
0.04720683287165282 11183.5 0.0
0.04732225300092336 11141.0 0.0
0.047437673130193904 11142.0 0.0
0.047668513388735 11229.0 0.0
0.047899353647276086 11126.0 0.0
0.04801477377654663 11128.0 0.0
0.0487072945521699 11141.0 0.0
0.04882271468144044 11143.0 0.0
0.04905355493998153 11144.0 0.0
0.049284395198522624 11154.0 0.0
0.04939981532779317 11120.5 0.0
0.049630655586334255 11088.0 0.0
0.0497460757156048 11121.5 0.0
0.04986149584487535 11121.5 0.0
0.050092336103416436 11121.5 0.0
0.05020775623268698 11155.0 0.0
0.050323176361957524 11155.0 0.0
0.05043859649122807 11155.0 0.0
0.05055401662049862 11358.0 0.0
0.05066943674976916 11223.0 0.0
0.05101569713758079 11091.0 0.0
0.051131117266851336 11602.0 0.0
0.05124653739612189 11347.0 0.0
0.05136195752539243 11092.0 0.0
0.051477377654662974 11092.0 0.0
0.05170821791320406 11092.0 0.0
0.05193905817174515 11524.0 0.0
0.0520544783010157 11524.0 0.0
0.05216989843028624 11094.0 0.0
0.05228531855955679 11094.0 0.0
0.05240073868882733 11235.5 0.0
0.052516158818097874 11094.0 0.0
0.05263157894736842 11616.0 0.0
0.05274699907663897 11236.5 0.0
0.05286241920590951 11176.5 0.0
0.052977839335180056 11377.0 0.0
0.0530932594644506 11379.0 0.0
0.053208679593721143 11379.0 0.0
0.05332409972299169 11380.0 0.0
0.05343951985226224 11385.0 0.0
0.05355493998153278 11505.0 0.0
0.053670360110803325 11510.5 0.0
0.05378578024007387 11511.5 0.0
0.05390120036934441 11443.0 0.0
0.054016620498614956 11448.0 0.0
0.0541320406278855 11617.5 0.0
0.05424746075715605 11346.0 0.0
0.054362880886426594 11304.0 0.0
0.05447830101569714 11346.0 0.0
0.05482456140350877 11517.666666666666 0.0
0.05493998153277932 11349.5 0.0
0.05505540166204986 11350.0 0.0
0.05528624192059095 11310.0 0.0
0.05563250230840259 11685.0 0.0
0.055863342566943676 11687.0 0.0
0.05597876269621422 11687.0 0.0
0.05609418282548476 11687.0 0.0
0.0564404432132964 11690.0 0.0
0.05771006463527239 11404.0 0.0
0.05805632502308403 11406.0 0.0
0.05817174515235457 11333.5 0.0
0.058287165281625114 11333.5 0.0
0.05840258541089566 11264.0 0.0
0.05851800554016621 11342.0 0.0
0.05886426592797784 11407.0 0.0
0.05897968605724838 11408.0 0.0
0.05909510618651893 11408.0 0.0
0.05921052631578947 11408.0 0.0
0.05990304709141274 11618.0 0.0
0.06001846722068329 11618.0 0.0
0.06105724838411819 11411.0 0.0
0.06174976915974146 11412.0 0.0
0.061980609418282546 11412.0 0.0
0.06221144967682364 11317.0 0.0
0.062326869806094184 11319.0 0.0
0.06244228993536473 11319.0 0.0
0.06255771006463527 11319.0 0.0
0.06267313019390582 11319.0 0.0
0.0629039704524469 11367.0 0.0
0.06348107109879964 11315.0 0.0
0.06359649122807018 11316.0 0.0
0.06440443213296398 11830.0 0.0
0.06475069252077563 11416.0 0.0
0.06498153277931672 11417.0 0.0
0.06509695290858726 11417.0 0.0
0.06532779316712835 11322.0 0.0
0.06544321329639889 11322.0 0.0
0.06555863342566944 11322.0 0.0
0.06567405355493998 11324.0 0.0
0.06590489381348107 11325.0 0.0
0.06763619575253925 11474.0 0.0
0.06844413665743306 11478.0 0.0
0.0685595567867036 11478.0 0.0
0.06867497691597414 11478.0 0.0
0.06879039704524469 11478.0 0.0
0.06890581717451523 11479.0 0.0
0.06902123730378577 11829.0 0.0
0.0719067405355494 11627.0 0.0
0.0729455216989843 11629.0 0.0
0.07306094182825484 11629.0 0.0
0.07386888273314866 11634.0 0.0
0.07513850415512466 11502.0 0.0
0.07548476454293629 11587.5 0.0
0.07560018467220683 11503.0 0.0
0.07583102493074792 11592.5 0.0
0.07617728531855955 11682.0 0.0
0.0762927054478301 11682.0 0.0
0.0765235457063712 11682.0 0.0
0.07698522622345337 11683.0 0.0
0.07721606648199446 11684.0 0.0
0.077331486611265 11530.0 0.0
0.07744690674053555 11686.0 0.0
0.07756232686980609 11686.0 0.0
0.07767774699907663 11686.0 0.0
0.07790858725761773 11686.0 0.0
0.07825484764542937 11693.0 0.0
0.07848568790397045 11390.0 0.0
0.078601108033241 11390.0 0.0
0.07894736842105263 11393.0 0.0
0.07940904893813482 11393.0 0.0
0.07975530932594645 11398.0 0.0
0.08079409048938135 11720.0 0.0
0.0809095106186519 11562.5 0.0
0.08160203139427516 11406.0 0.0
0.0817174515235457 11410.0 0.0
0.08217913204062789 11721.0 0.0
0.08229455216989844 11722.0 0.0
0.08252539242843952 11566.5 0.0
0.08264081255771007 11567.0 0.0
0.08275623268698061 11722.0 0.0
0.0829870729455217 11722.0 0.0
0.08310249307479224 11722.0 0.0
0.08344875346260387 11805.0 0.0
0.08356417359187442 11805.0 0.0
0.0840258541089566 11825.0 0.0
0.08448753462603878 11825.0 0.0
0.08460295475530932 11825.0 0.0
0.08471837488457987 11825.0 0.0
0.08483379501385041 11825.0 0.0
0.08494921514312095 11825.0 0.0
0.08506463527239151 11825.0 0.0
0.08518005540166206 11825.0 0.0
0.0852954755309326 11825.0 0.0
0.09014312096029548 11844.0 0.0
0.09025854108956602 11848.0 0.0
0.09037396121883656 11744.0 0.0
0.09060480147737765 11745.0 0.0
0.0907202216066482 11848.0 0.0
0.09083564173591874 11848.0 0.0
0.0909510618651893 11850.0 0.0
0.09106648199445984 12111.0 0.0
0.09129732225300093 12111.0 0.0
0.09141274238227147 11748.0 0.0
0.09152816251154201 11748.0 0.0
0.0917590027700831 11931.0 0.0
0.09187442289935364 11904.333333333334 0.0
0.09233610341643583 11984.5 0.0
0.09245152354570638 12115.0 0.0
0.09256694367497692 12115.0 0.0
0.09268236380424746 12115.0 0.0
0.09279778393351801 12115.0 0.0
0.09291320406278855 12115.0 0.0
0.09337488457987073 12115.0 0.0
0.09360572483841181 12115.0 0.0
0.09372114496768236 12115.0 0.0
0.09383656509695291 12115.0 0.0
0.094067405355494 12115.0 0.0
0.09418282548476455 12118.0 0.0
0.09429824561403509 12118.0 0.0
0.09441366574330563 11868.0 0.0
0.09452908587257618 12163.0 0.0
0.09475992613111726 12163.0 0.0
0.09487534626038781 12163.0 0.0
0.09499076638965835 12163.0 0.0
0.09591412742382271 12163.0 0.0
0.09602954755309326 12164.0 0.0
0.0961449676823638 12164.0 0.0
0.09626038781163435 12164.0 0.0
0.09637580794090489 12164.0 0.0
0.09672206832871653 12164.0 0.0
0.09683748845798708 12164.0 0.0
0.09695290858725762 12164.0 0.0
0.09787626962142197 11759.0 0.0
0.09799168975069251 11817.5 0.0
0.09810710987996306 11759.0 0.0
0.09822253000923362 11876.0 0.0
0.0984533702677747 11876.0 0.0
0.09856879039704525 11817.5 0.0
0.09868421052631579 11759.0 0.0
0.09926131117266851 12170.0 0.0
0.09937673130193905 12170.0 0.0
0.0994921514312096 12173.0 0.0
0.10133887349953832 11774.0 0.0
0.10156971375807941 11774.0 0.0
0.10203139427516159 12054.0 0.0
0.10214681440443213 11931.0 0.0
0.10226223453370267 12177.0 0.0
0.10341643582640812 12183.0 0.0
0.10353185595567867 11987.0 0.0
0.10364727608494921 11791.0 0.0
0.10376269621421975 12183.0 0.0
0.1038781163434903 12183.0 0.0
0.1041089566020314 12185.0 0.0
0.10422437673130194 12185.0 0.0
0.10433979686057249 12187.0 0.0
0.1053785780240074 11937.0 0.0
0.10572483841181902 12188.0 0.0
0.10584025854108957 12188.0 0.0
0.10595567867036011 12188.0 0.0
0.10607109879963066 12063.5 0.0
0.1061865189289012 12188.0 0.0
0.10699445983379502 11691.0 0.0
0.1072253000923361 11691.0 0.0
0.10734072022160665 11692.0 0.0
0.1074561403508772 11703.0 0.0
0.1093028624192059 11595.0 0.0
0.109533702677747 11595.0 0.0
0.11034164358264081 12213.0 0.0
0.11045706371191136 12215.0 0.0
0.11334256694367498 11597.0 0.0
0.12707756232686981 11784.0 0.0
0.13054016620498615 11791.0 0.0
0.13723453370267774 12415.0 0.0
0.1448522622345337 11959.0 0.0
0.1672437673130194 12412.0 0.0
0.17047553093259465 12727.0 0.0
0.1705909510618652 12727.0 0.0
0.17093721144967683 12727.0 0.0
0.17105263157894737 12728.0 0.0
0.17128347183748846 12728.0 0.0
0.171398891966759 12728.0 0.0
0.17232225300092335 12729.0 0.0
0.17255309325946444 12729.0 0.0
0.17428439519852262 12729.0 0.0
0.17439981532779317 12729.0 0.0
0.17486149584487534 12729.0 0.0
0.17497691597414589 12731.0 0.0
0.17520775623268697 12731.0 0.0
0.17590027700831026 12732.0 0.0
0.1760156971375808 12732.0 0.0
0.17613111726685135 12732.0 0.0
0.1835180055401662 12848.0 0.0
0.18363342566943675 12848.0 0.0
0.18744228993536471 12851.0 0.0
0.18755771006463529 12851.0 0.0
0.18801939058171746 12851.0 0.0
0.18928901200369344 12851.0 0.0
0.18951985226223453 12851.0 0.0
0.18975069252077562 12851.0 0.0
0.18986611265004616 12851.0 0.0
0.19009695290858725 12851.0 0.0
0.19032779316712833 12851.0 0.0
0.1904432132963989 12851.0 0.0
0.19055863342566945 12851.0 0.0
0.19275161588180978 12524.0 0.0
0.19736842105263158 12535.0 0.0
0.1979455216989843 12535.0 0.0
0.1981763619575254 12576.0 0.0
0.19852262234533702 12576.0 0.0
0.1989843028624192 12576.0 0.0
0.19909972299168974 12576.0 0.0
0.20660203139427516 12905.0 0.0
0.25196214219759927 12890.0 0.0
0.2520775623268698 12890.0 0.0
0.25219298245614036 12890.0 0.0
0.25577100646352724 12896.0 0.0
0.37384579870729456 13666.0 0.0
0.39312096029547555 13679.0 0.0
0.4006232686980609 13474.0 0.0
0.5378578024007387 14154.0 0.0
0.6068790397045245 14867.0 0.0
1.0 15710.0 0.0
