999885
0.0001 1081 0 0
0.0001 1669 0 0
0.0002 2463 0 0
0.0003 3088 0 0
0.0003 3468 0 0
0.0004 4151 0 0
0.0005 4322 0 0
0.0006 4884 0 0
0.0006 5135 0 0
0.0007 5728 0 0
0.0008 6246 0 0
0.0008 6665 0 0
0.0009 6952 0 0
0.0010 7138 0 0
0.0010 7927 0 0
0.0011 7988 0 0
0.0012 8755 0 0
0.0012 8670 0 0
0.0013 8793 0 0
0.0014 8910 0 0
0.0015 9544 0 0
0.0015 9366 0 0
0.0016 10101 0 0
0.0017 9406 0 0
0.0017 10744 0 0
0.0018 10936 0 0
0.0019 11628 0 0
0.0019 11465 0 0
0.0020 12145 0 0
0.0021 11540 0 0
0.0021 12448 0 0
0.0022 11403 0 0
0.0023 12275 0 0
0.0024 13132 0 0
0.0024 12817 0 0
0.0025 12813 0 0
0.0026 13074 0 0
0.0026 12715 0 0
0.0027 12824 0 0
0.0028 13392 0 0
0.0028 13873 0 0
0.0029 15111 0 0
0.0030 15215 0 0
0.0030 13704 0 0
0.0031 15235 0 0
0.0032 15820 0 0
0.0033 15253 0 0
0.0033 17301 0 0
0.0034 15366 0 0
0.0035 17075 0 0
0.0035 16551 0 0
0.0036 19394 0 0
0.0037 16787 0 0
0.0037 16370 0 0
0.0038 15233 0 0
0.0039 16291 0 0
0.0039 16886 0 0
0.0040 16830 0 0
0.0041 17268 0 0
0.0042 18662 0 0
0.0042 17479 0 0
0.0043 20001 0 0
0.0044 19002 0 0
0.0044 18232 0 0
0.0045 17239 0 0
0.0046 20736 0 0
0.0046 18538 0 0
0.0047 19143 0 0
0.0048 18804 0 0
0.0048 20945 0 0
0.0049 21264 0 0
0.0050 20827 0 0
0.0051 19205 0 0
0.0051 21658 0 0
0.0052 19731 0 0
0.0053 17672 0 0
0.0053 19594 0 0
0.0054 21617 0 0
0.0055 17926 0 0
0.0055 18787 0 0
0.0056 18009 0 0
0.0057 22069 0 0
0.0057 20138 0 0
0.0058 22782 0 0
0.0059 21798 0 0
0.0060 18767 0 0
0.0060 21302 0 0
0.0061 20922 0 0
0.0062 20491 0 0
0.0062 17920 0 0
0.0063 18972 0 0
0.0064 27715 0 0
0.0064 28777 0 0
0.0065 22143 0 0
0.0066 19975 0 0
0.0067 20674 0 0
0.0067 22880 0 0
0.0068 26219 0 0
0.0069 26097 0 0
0.0069 25405 0 0
0.0070 24500 0 0
0.0071 26505 0 0
0.0071 36696 0 0
0.0072 17043 0 0
0.0073 29706 0 0
0.0073 16077 0 0
0.0074 26894 0 0
0.0075 25653 0 0
0.0076 25344 0 0
0.0076 26345 0 0
0.0077 26523 0 0
0.0078 24893 0 0
0.0078 33889 0 0
0.0079 34891 0 0
0.0080 31419 0 0
0.0080 24134 0 0
0.0081 34895 0 0
0.0082 42989 0 0
0.0082 71103 0 0
0.0083 23291 0 0
0.0084 21197 0 0
0.0085 24060 0 0
0.0087 36818 0 0
0.0088 18723 0 0
0.0089 34854 0 0
0.0089 31601 0 0
0.0090 28290 0 0
0.0091 28919 0 0
0.0091 22761 0 0
0.0092 27393 0 0
0.0093 40411 0 0
0.0094 28670 0 0
0.0095 37334 0 0
0.0096 25190 0 0
0.0097 40491 0 0
0.0098 24091 0 0
0.0098 48834 0 0
0.0099 28569 0 0
0.0100 31242 0 0
0.0103 34203 0 0
0.0104 46871 0 0
0.0105 49461 0 0
0.0107 34904 0 0
0.0108 30445 0 0
0.0109 64046 0 0
0.0109 21938 0 0
0.0110 53104 0 0
0.0111 41437 0 0
0.0112 36104 0 0
0.0112 30771 0 0
0.0113 29701 0 0
0.0114 37681 0 0
0.0115 78516 0 0
0.0116 49086 0 0
0.0118 37714 0 0
0.0121 38212 0 0
0.0121 54874 0 0
0.0123 33846 0 0
0.0123 54820 0 0
0.0126 45312 0 0
0.0127 34458 0 0
0.0128 34870 0 0
0.0130 38179 0 0
0.0132 64276 0 0
0.0132 79158 0 0
0.0134 35052 0 0
0.0135 94748 0 0
0.0136 40985 0 0
0.0139 42482 0 0
0.0139 33074 0 0
0.0141 53649 0 0
0.0143 38355 0 0
0.0143 59118 0 0
0.0145 40051 0 0
0.0146 56856 0 0
0.0147 43095 0 0
0.0150 43114 0 0
0.0152 43038 0 0
0.0155 53965 0 0
0.0156 55287 0 0
0.0157 99904 0 0
0.0157 62096 0 0
0.0160 54378 0 0
0.0161 52001 0 0
0.0162 81978 0 0
0.0163 59116 0 0
0.0169 81893 0 0
0.0172 46958 0 0
0.0177 66313 0 0
0.0177 46079 0 0
0.0182 55808 0 0
0.0183 45068 0 0
0.0185 61962 0 0
0.0186 74360 0 0
0.0186 64730 0 0
0.0189 65389 0 0
0.0190 62752 0 0
0.0192 87109 0 0
0.0195 40574 0 0
0.0196 60139 0 0
0.0197 51701 0 0
0.0205 64210 0 0
0.0207 62402 0 0
0.0208 50126 0 0
0.0211 64237 0 0
0.0215 68367 0 0
0.0216 75773 0 0
0.0218 54570 0 0
0.0223 56163 0 0
0.0224 67341 0 0
0.0225 108005 0 0
0.0227 67592 0 0
0.0230 63057 0 0
0.0233 54607 0 0
0.0240 74007 0 0
0.0243 68528 0 0
0.0248 68487 0 0
0.0249 73158 0 0
0.0253 78481 0 0
0.0255 81851 0 0
0.0257 88039 0 0
0.0260 56972 0 0
0.0261 99563 0 0
0.0265 56861 0 0
0.0267 73307 0 0
0.0271 68776 0 0
0.0272 66172 0 0
0.0273 64780 0 0
0.0274 62191 0 0
0.0276 95611 0 0
0.0284 78030 0 0
0.0285 74901 0 0
0.0290 62708 0 0
0.0299 72051 0 0
0.0301 92922 0 0
0.0304 107951 0 0
0.0305 120344 0 0
0.0306 76142 0 0
0.0308 77252 0 0
0.0310 81083 0 0
0.0317 63681 0 0
0.0319 83723 0 0
0.0321 80605 0 0
0.0321 82536 0 0
0.0322 114586 0 0
0.0323 94391 0 0
0.0328 87785 0 0
0.0330 91938 0 0
0.0338 81941 0 0
0.0351 84960 0 0
0.0352 114544 0 0
0.0354 96026 0 0
0.0355 72561 0 0
0.0357 92887 0 0
0.0359 99509 0 0
0.0363 127711 0 0
0.0364 84559 0 0
0.0365 91294 0 0
0.0366 73709 0 0
0.0367 69940 0 0
0.0370 88585 0 0
0.0371 86859 0 0
0.0371 87936 0 0
0.0373 99435 0 0
0.0374 160696 0 0
0.0375 92363 0 0
0.0376 92525 0 0
0.0385 75014 0 0
0.0394 94027 0 0
0.0398 79190 0 0
0.0403 104884 0 0
0.0407 91458 0 0
0.0408 87731 0 0
0.0414 93169 0 0
0.0420 98674 0 0
0.0425 131409 0 0
0.0430 98141 0 0
0.0434 109532 0 0
0.0436 102246 0 0
0.0439 142799 0 0
0.0441 108133 0 0
0.0450 100786 0 0
0.0452 109682 0 0
0.0460 139582 0 0
0.0462 100109 0 0
0.0466 88391 0 0
0.0467 104008 0 0
0.0470 129574 0 0
0.0478 103589 0 0
0.0479 104415 0 0
0.0499 123594 0 0
0.0500 121121 0 0
0.1000 183405 0 0
0.1500 276961 0 0
0.1999 336799 0 0
0.2499 383787 0 0
0.2999 436878 0 0
0.3500 497165 0 0
0.4000 541696 0 0
0.4500 606260 0 0
0.5000 641437 0 0
0.5500 679155 0 0
0.6000 710946 0 0
0.6500 750516 0 0
0.7000 781537 0 0
0.7500 805123 0 0
0.8000 842513 0 0
0.8500 868390 0 0
0.9000 929726 0 0
0.9501 956776 0 0
1.0000 999885 0 0
