635780
0.0001 825 0 0
0.0001 1287 0 0
0.0002 2023 0 0
0.0003 2546 0 0
0.0003 3000 0 0
0.0004 3460 0 0
0.0005 3730 0 0
0.0006 3907 0 0
0.0006 4348 0 0
0.0007 4776 0 0
0.0008 5293 0 0
0.0008 5399 0 0
0.0009 5893 0 0
0.0010 6106 0 0
0.0010 6146 0 0
0.0011 6252 0 0
0.0012 6798 0 0
0.0012 6953 0 0
0.0013 7308 0 0
0.0014 7683 0 0
0.0015 7877 0 0
0.0015 7881 0 0
0.0016 8518 0 0
0.0017 8091 0 0
0.0017 8753 0 0
0.0018 8692 0 0
0.0019 9423 0 0
0.0019 9379 0 0
0.0020 9048 0 0
0.0021 9756 0 0
0.0021 9871 0 0
0.0022 9630 0 0
0.0023 10956 0 0
0.0024 10074 0 0
0.0024 10265 0 0
0.0025 10336 0 0
0.0026 10445 0 0
0.0026 10840 0 0
0.0027 11691 0 0
0.0028 11323 0 0
0.0028 11612 0 0
0.0029 12026 0 0
0.0030 12009 0 0
0.0030 11990 0 0
0.0031 12332 0 0
0.0032 11972 0 0
0.0033 11861 0 0
0.0033 12513 0 0
0.0034 12973 0 0
0.0035 12525 0 0
0.0035 12759 0 0
0.0036 13972 0 0
0.0037 12929 0 0
0.0037 14278 0 0
0.0038 13577 0 0
0.0039 14665 0 0
0.0039 14242 0 0
0.0040 14579 0 0
0.0041 14674 0 0
0.0042 14243 0 0
0.0042 14161 0 0
0.0043 16058 0 0
0.0044 17019 0 0
0.0044 15899 0 0
0.0045 23691 0 0
0.0046 15129 0 0
0.0046 15909 0 0
0.0047 15898 0 0
0.0048 14773 0 0
0.0048 15845 0 0
0.0049 15659 0 0
0.0050 16649 0 0
0.0051 15571 0 0
0.0051 15665 0 0
0.0052 17960 0 0
0.0053 15510 0 0
0.0053 19345 0 0
0.0054 17794 0 0
0.0055 19010 0 0
0.0055 15768 0 0
0.0056 19892 0 0
0.0057 17759 0 0
0.0057 18592 0 0
0.0058 21418 0 0
0.0059 19523 0 0
0.0060 16670 0 0
0.0060 15100 0 0
0.0061 18301 0 0
0.0062 16308 0 0
0.0062 16776 0 0
0.0063 16678 0 0
0.0064 22257 0 0
0.0064 20222 0 0
0.0065 17953 0 0
0.0066 17598 0 0
0.0067 17105 0 0
0.0067 19302 0 0
0.0068 20244 0 0
0.0069 21765 0 0
0.0069 22039 0 0
0.0070 18203 0 0
0.0071 27615 0 0
0.0071 19852 0 0
0.0072 30378 0 0
0.0073 19946 0 0
0.0073 15867 0 0
0.0074 19891 0 0
0.0075 21485 0 0
0.0076 22865 0 0
0.0076 22578 0 0
0.0077 40098 0 0
0.0078 18693 0 0
0.0078 20391 0 0
0.0079 20681 0 0
0.0080 19621 0 0
0.0081 18668 0 0
0.0082 20725 0 0
0.0082 26444 0 0
0.0085 19127 0 0
0.0086 25463 0 0
0.0087 19987 0 0
0.0087 23884 0 0
0.0088 20449 0 0
0.0089 42027 0 0
0.0089 31056 0 0
0.0091 24506 0 0
0.0094 24815 0 0
0.0096 22627 0 0
0.0096 26826 0 0
0.0097 31371 0 0
0.0098 25073 0 0
0.0099 18523 0 0
0.0100 28555 0 0
0.0100 22322 0 0
0.0101 28677 0 0
0.0103 22760 0 0
0.0103 23007 0 0
0.0105 22760 0 0
0.0105 34154 0 0
0.0106 24598 0 0
0.0107 96537 0 0
0.0109 26597 0 0
0.0110 26935 0 0
0.0111 29984 0 0
0.0112 24813 0 0
0.0112 27259 0 0
0.0113 34164 0 0
0.0114 26233 0 0
0.0116 30537 0 0
0.0117 30110 0 0
0.0118 20122 0 0
0.0121 29026 0 0
0.0123 27881 0 0
0.0124 31004 0 0
0.0125 31759 0 0
0.0125 30715 0 0
0.0126 49839 0 0
0.0127 28138 0 0
0.0128 35202 0 0
0.0129 101123 0 0
0.0134 32283 0 0
0.0136 38202 0 0
0.0138 28593 0 0
0.0140 38415 0 0
0.0141 32266 0 0
0.0141 41244 0 0
0.0143 30457 0 0
0.0143 35223 0 0
0.0144 40144 0 0
0.0148 40543 0 0
0.0151 41848 0 0
0.0153 36188 0 0
0.0154 28403 0 0
0.0157 34286 0 0
0.0157 34901 0 0
0.0159 33980 0 0
0.0160 39217 0 0
0.0162 52268 0 0
0.0163 35373 0 0
0.0164 38943 0 0
0.0165 32141 0 0
0.0167 39177 0 0
0.0168 37108 0 0
0.0170 54734 0 0
0.0170 36315 0 0
0.0173 43851 0 0
0.0174 34422 0 0
0.0176 39943 0 0
0.0178 41100 0 0
0.0179 39158 0 0
0.0179 52214 0 0
0.0181 41107 0 0
0.0183 38066 0 0
0.0189 40966 0 0
0.0190 42532 0 0
0.0195 38215 0 0
0.0201 49719 0 0
0.0204 41162 0 0
0.0204 37598 0 0
0.0208 40916 0 0
0.0211 46743 0 0
0.0212 49211 0 0
0.0213 43546 0 0
0.0215 74822 0 0
0.0219 42533 0 0
0.0221 46994 0 0
0.0224 39085 0 0
0.0226 40936 0 0
0.0230 48966 0 0
0.0231 62021 0 0
0.0231 47271 0 0
0.0233 58953 0 0
0.0235 48435 0 0
0.0236 58250 0 0
0.0237 81738 0 0
0.0244 46927 0 0
0.0245 50934 0 0
0.0248 52783 0 0
0.0251 50838 0 0
0.0252 44734 0 0
0.0257 52933 0 0
0.0260 54863 0 0
0.0263 51009 0 0
0.0264 60477 0 0
0.0265 47689 0 0
0.0266 64792 0 0
0.0267 44222 0 0
0.0270 52582 0 0
0.0271 61157 0 0
0.0273 51108 0 0
0.0274 48988 0 0
0.0278 56396 0 0
0.0285 46756 0 0
0.0290 66970 0 0
0.0291 54533 0 0
0.0294 48642 0 0
0.0301 55007 0 0
0.0302 64185 0 0
0.0304 118249 0 0
0.0306 61365 0 0
0.0308 50499 0 0
0.0308 53019 0 0
0.0311 67181 0 0
0.0312 61795 0 0
0.0315 68789 0 0
0.0319 57776 0 0
0.0320 47212 0 0
0.0321 67331 0 0
0.0323 62887 0 0
0.0326 55018 0 0
0.0329 52961 0 0
0.0330 71655 0 0
0.0331 94812 0 0
0.0340 49419 0 0
0.0345 73637 0 0
0.0346 69545 0 0
0.0347 69176 0 0
0.0352 122387 0 0
0.0353 72882 0 0
0.0356 59093 0 0
0.0357 71107 0 0
0.0359 61929 0 0
0.0362 52263 0 0
0.0366 51087 0 0
0.0366 63260 0 0
0.0370 58244 0 0
0.0376 70091 0 0
0.0378 60508 0 0
0.0379 70383 0 0
0.0387 60930 0 0
0.0389 65360 0 0
0.0397 75041 0 0
0.0402 78184 0 0
0.0405 73382 0 0
0.0406 57232 0 0
0.0414 63932 0 0
0.0414 63662 0 0
0.0421 54873 0 0
0.0422 75221 0 0
0.0423 78405 0 0
0.0429 91469 0 0
0.0430 65528 0 0
0.0432 78498 0 0
0.0436 70332 0 0
0.0441 72164 0 0
0.0450 80304 0 0
0.0459 71184 0 0
0.0480 82744 0 0
0.0481 75161 0 0
0.0499 92533 0 0
0.0500 82406 0 0
0.1000 125036 0 0
0.1500 219532 0 0
0.2000 248756 0 0
0.2500 278049 0 0
0.2999 307418 0 0
0.3500 337040 0 0
0.4000 360922 0 0
0.4500 379001 0 0
0.4999 423351 0 0
0.5499 444211 0 0
0.6000 465314 0 0
0.6499 488466 0 0
0.6999 512212 0 0
0.7499 537405 0 0
0.7999 550164 0 0
0.8500 567395 0 0
0.9000 596893 0 0
0.9500 614940 0 0
1.0000 635780 0 0
