1134
0.00011542012927054478 555.9421745152355 167.9862650046168
0.00023084025854108956 732.6852109411219 348.12192860454337
0.00034626038781163435 863.7244796828543 455.86025768087217
0.0004616805170821791 929.3372606774668 696.860088365243
0.0005771006463527239 975.7760869565218 887.2260869565217
0.0006925207756232687 1003.7731092436975 940.9019607843137
0.0008079409048938135 1019.7941176470588 1008.0130718954248
0.0009233610341643582 1038.6798245614036 1059.157894736842
0.001038781163434903 1044.574879227053 1429.280193236715
0.0011542012927054479 1051.1129943502824 1254.045197740113
0.0012696214219759926 1055.0490797546013 1302.9079754601228
0.0013850415512465374 1062.418918918919 1549.3513513513512
0.0015004616805170822 1070.4469696969697 1766.5454545454545
0.001615881809787627 1073.2434782608696 1886.7826086956522
0.0017313019390581717 1075.4239130434783 2236.5434782608695
0.0018467220683287165 1076.4848484848485 1987.989898989899
0.0019621421975992612 1081.5 2600.2179487179487
0.002077562326869806 1083.4473684210527 2638.25
0.0021929824561403508 1084.6875 2798.525
0.0023084025854108957 1088.3015873015872 2998.8253968253966
0.0024238227146814403 1091.2372881355932 3218.423728813559
0.0025392428439519853 1092.5 3794.5333333333333
0.00265466297322253 1092.2758620689656 3199.9310344827586
0.002770083102493075 1092.5116279069769 3775.232558139535
0.0028855032317636198 1092.9777777777779 3278.0666666666666
0.0030009233610341643 1092.8 3417.575
0.0031163434903047093 1095.0 4167.0952380952385
0.003231763619575254 1097.7380952380952 5078.357142857143
0.003347183748845799 1095.3823529411766 3651.735294117647
0.0034626038781163434 1097.6666666666667 3843.846153846154
0.0035780240073868884 1100.6969696969697 3963.787878787879
0.003693444136657433 1100.483870967742 4118.451612903225
0.003808864265927978 1101.5833333333333 4057.6666666666665
0.0039242843951985225 1101.9259259259259 3649.8888888888887
0.004039704524469067 1101.6666666666667 4107.333333333333
0.004155124653739612 1101.3333333333333 4705.142857142857
0.004270544783010157 1103.8636363636363 7824.409090909091
0.0043859649122807015 1100.95 5762.1
0.004501385041551247 1103.7142857142858 7189.523809523809
0.0046168051708217915 1104.2857142857142 6741.761904761905
0.004732225300092336 1100.5384615384614 3845.3846153846152
0.004847645429362881 1103.25 5599.0625
0.004963065558633426 1102.5 5792.944444444444
0.0050784856879039705 1106.4545454545455 5502.0
0.005193905817174515 1105.2727272727273 6059.727272727273
0.00530932594644506 1104.3846153846155 6872.923076923077
0.005424746075715605 1105.6666666666667 6748.533333333334
0.00554016620498615 1107.1764705882354 6697.64705882353
0.005655586334256694 1107.2 10234.8
0.0057710064635272396 1106.5555555555557 5402.555555555556
0.005886426592797784 1105.5833333333333 6102.833333333333
0.006001846722068329 1105.6666666666667 5901.333333333333
0.006117266851338873 1105.1818181818182 5995.909090909091
0.006232686980609419 1105.4 6257.9
0.006348107109879963 1106.3636363636363 10018.272727272728
0.006463527239150508 1108.375 7277.625
0.006578947368421052 1105.4545454545455 6563.545454545455
0.006694367497691598 1107.090909090909 10540.727272727272
0.006809787626962142 1107.4 6678.1
0.006925207756232687 1109.0833333333333 8432.75
0.007040627885503232 1110.875 10065.25
0.007156048014773777 1109.1666666666667 8014.166666666667
0.007271468144044321 1108.625 10876.5
0.007386888273314866 1110.1333333333334 10544.333333333334
0.007502308402585411 1109.5 10268.07142857143
0.007617728531855956 1108.9 8220.1
0.0077331486611265 1109.8333333333333 10004.0
0.007848568790397045 1110.1 8595.1
0.00796398891966759 1110.142857142857 8516.857142857143
0.008079409048938134 1111.4545454545455 9683.181818181818
0.00819482917820868 1107.7142857142858 8243.42857142857
0.008310249307479225 1109.125 7443.125
0.008425669436749769 1109.7777777777778 8030.555555555556
0.008541089566020314 1111.3333333333333 7534.0
0.00865650969529086 1110.6666666666667 8087.333333333333
0.008771929824561403 1110.0 9754.0
0.008887349953831948 1110.75 8567.875
0.009002770083102494 1108.9375 8747.875
0.009118190212373038 1110.75 10001.25
0.009233610341643583 1109.2 7098.6
0.009349030470914127 1111.142857142857 8543.142857142857
0.009464450600184672 1111.2857142857142 9742.0
0.009579870729455217 1111.4444444444443 10702.333333333334
0.009695290858725761 1112.375 12517.375
0.009810710987996307 1112.2857142857142 12311.857142857143
0.009926131117266852 1111.4444444444443 11557.333333333334
0.010041551246537396 1110.5 13660.25
0.010156971375807941 1110.6666666666667 12187.0
0.010272391505078486 1110.0 10026.2
0.01038781163434903 1110.75 11431.75
0.01061865189289012 1112.1666666666667 13513.0
0.010734072022160665 1110.7142857142858 10667.57142857143
0.01084949215143121 1111.6666666666667 11096.833333333334
0.010964912280701754 1111.0 9537.333333333334
0.0110803324099723 1109.8333333333333 11137.0
0.011195752539242845 1111.5714285714287 10941.857142857143
0.011311172668513388 1109.8333333333333 11210.833333333334
0.011426592797783934 1110.857142857143 8452.42857142857
0.011542012927054479 1110.6666666666667 9407.5
0.011657433056325023 1110.0 7546.666666666667
0.011772853185595568 1111.0 8847.4
0.011888273314866112 1109.6666666666667 11046.666666666666
0.012003693444136657 1111.25 12159.5
0.012119113573407203 1111.2 12874.8
0.012234533702677746 1112.375 12711.625
0.012349953831948292 1112.375 11363.0
0.012465373961218837 1113.6666666666667 14325.166666666666
0.012580794090489381 1114.0 9736.0
0.012696214219759926 1113.8333333333333 14687.0
0.012811634349030472 1113.3333333333333 11683.666666666666
0.012927054478301015 1110.6666666666667 8016.333333333333
0.01304247460757156 1112.0 10278.2
0.013157894736842105 1112.5 8754.25
0.01327331486611265 1114.25 16059.5
0.013388734995383195 1114.0 14532.333333333334
0.013504155124653739 1114.0 13937.0
0.013619575253924284 1113.0 15133.333333333334
0.01373499538319483 1114.0 15433.5
0.013850415512465374 1115.25 15307.25
0.013965835641735919 1114.5714285714287 15160.142857142857
0.014081255771006464 1114.142857142857 16191.142857142857
0.014196675900277008 1116.0 21358.0
0.014312096029547553 1113.6 17168.8
0.014427516158818097 1113.25 20073.0
0.014542936288088643 1113.0 16999.4
0.014658356417359188 1112.8333333333333 14005.166666666666
0.014773776546629732 1112.0 12573.0
0.014889196675900277 1111.0 11760.5
0.015004616805170823 1111.3333333333333 7470.666666666667
0.015120036934441366 1111.6 15603.0
0.015235457063711912 1110.3333333333333 10119.666666666666
0.015350877192982455 1112.0 15807.75
0.015466297322253 1114.1666666666667 20915.0
0.015581717451523546 1114.5 25725.333333333332
0.01569713758079409 1114.0 23649.8
0.015812557710064637 1111.75 27525.25
0.01592797783933518 1114.6 24340.4
0.016043397968605724 1115.0 25116.5
0.016158818097876268 1117.0 22981.5
0.016274238227146815 1114.75 23153.5
0.01638965835641736 1115.142857142857 21742.428571428572
0.016505078485687903 1112.8 23587.6
0.01662049861495845 1113.3333333333333 24496.0
0.016735918744228993 1112.5 21877.25
0.016851338873499537 1112.3333333333333 18768.333333333332
0.016966759002770084 1113.5 18728.666666666668
0.017082179132040628 1113.5 18180.0
0.01719759926131117 1108.0 16656.0
0.01731301939058172 1114.0 25462.333333333332
0.017428439519852262 1115.0 31252.0
0.017543859649122806 1113.5 26399.0
0.017659279778393353 1112.0 23506.0
0.017774699907663897 1114.0 22887.666666666668
0.01789012003693444 1113.75 19277.5
0.018005540166204988 1113.0 13336.0
0.01812096029547553 1114.3333333333333 22110.666666666668
0.018236380424746075 1115.0 31507.0
0.018351800554016622 1112.0 18406.0
0.018467220683287166 1112.0 18410.0
0.01858264081255771 1115.0 31515.0
0.018698060941828253 1114.0 21410.0
0.0188134810710988 1115.0 36444.5
0.018928901200369344 1113.5 15443.5
0.019044321329639888 1112.0 20164.0
0.019159741458910435 1114.0 15445.5
0.01927516158818098 1115.0 21414.0
0.019390581717451522 1113.0 27633.333333333332
0.01950600184672207 1113.6666666666667 37216.333333333336
0.019621421975992613 1115.0 21428.0
0.019736842105263157 1117.0 33070.0
0.019852262234533704 1120.0 68954.0
0.02008310249307479 1118.0 18948.0
0.02019852262234534 1115.0 33052.0
0.020313942751615882 1114.5 24461.0
0.020429362880886426 1114.5 26204.5
0.020544783010156973 1111.0 33294.0
0.020660203139427517 1112.0 33496.0
0.02077562326869806 1112.0 33496.0
0.020891043397968604 1117.0 19706.0
0.02100646352723915 1114.5 33213.5
0.021121883656509695 1116.75 23796.75
0.02123730378578024 1114.6666666666667 29621.666666666668
0.021352723915050786 1117.0 13506.0
0.02146814404432133 1116.6666666666667 20963.666666666668
0.021583564173591873 1115.0 34118.0
0.02169898430286242 1115.0 36653.0
0.021814404432132964 1118.0 22921.333333333332
0.021929824561403508 1117.0 24517.0
0.022045244690674055 1115.75 26150.75
0.0221606648199446 1116.25 24496.0
0.022276084949215142 1116.6666666666667 28374.0
0.02239150507848569 1115.0 22192.0
0.022506925207756233 1118.0 31053.0
0.022622345337026777 1116.5 32550.0
0.022737765466297324 1116.5 32550.5
0.022853185595567867 1116.6 29269.0
0.02296860572483841 1115.3333333333333 32035.0
0.023084025854108958 1116.5 32612.0
0.023199445983379502 1115.0 28765.666666666668
0.023314866112650046 1115.3333333333333 29079.666666666668
0.02343028624192059 1115.3333333333333 24188.666666666668
0.023545706371191136 1115.0 26295.0
0.02366112650046168 1115.0 29121.0
0.023776546629732224 1115.5 23231.5
0.02389196675900277 1116.0 35104.0
0.02412280701754386 1117.25 35583.5
0.024238227146814405 1115.5 36588.0
0.02435364727608495 1118.5 30893.0
0.024469067405355493 1116.0 40300.5
0.02458448753462604 1121.0 30147.0
0.024699907663896584 1116.0 31885.0
0.024930747922437674 1116.0 41269.5
0.025046168051708218 1114.0 42471.0
0.025161588180978762 1115.6666666666667 41587.666666666664
0.02527700831024931 1116.3333333333333 27597.666666666668
0.025392428439519853 1116.5 23683.5
0.025507848568790396 1116.0 35431.0
0.025623268698060944 1116.0 35461.0
0.025738688827331487 1117.6666666666667 31628.0
0.02585410895660203 1116.0 32209.0
0.025969529085872575 1118.0 28325.0
0.02608494921514312 1121.0 31316.0
0.02631578947368421 1114.0 43105.0
0.026431209602954756 1116.0 29239.0
0.02677746999076639 1116.0 29528.0
0.026892890120036934 1115.0 33338.0
0.027008310249307478 1115.0 33354.0
0.027123730378578025 1115.0 29426.0
0.02723915050784857 1115.0 33358.0
0.027354570637119113 1115.0 29449.5
0.02746999076638966 1115.0 25517.0
0.027700831024930747 1116.0 9806.0
0.02873961218836565 1117.0 11491.0
0.028855032317636194 1117.0 11491.0
0.02920129270544783 1120.0 49703.0
0.029316712834718376 1118.5 43322.5
0.02943213296398892 1119.0 63235.5
0.029778393351800554 1117.0 36959.0
0.029893813481071098 1121.0 52274.0
0.03012465373961219 1121.0 52466.0
0.030470914127423823 1120.0 97366.0
0.030817174515235458 1117.0 11836.0
0.03150969529085872 1120.0 101451.0
0.03254847645429363 1117.0 95131.0
0.032663896583564174 1117.0 95131.0
0.033010156971375805 1121.0 55109.0
0.033125577100646356 1119.5 75121.0
0.03335641735918744 1116.6666666666667 52696.666666666664
0.03347183748845799 1116.6666666666667 50218.0
0.03358725761772853 1116.0 27774.0
0.033702677746999074 1116.0 27774.0
0.033818097876269625 1116.0 27789.0
0.03393351800554017 1116.0 27815.0
0.03404893813481071 1116.0 27827.5
0.034164358264081256 1116.0 27839.5
0.03439519852262234 1114.0 22316.0
0.03451061865189289 1119.3333333333333 63294.666666666664
0.03462603878116344 1118.0 64307.0
0.03474145891043398 1118.0 33429.0
0.034856879039704525 1120.0 47497.0
0.03497229916897507 1118.0 33448.0
0.035203139427516156 1118.0 33460.0
0.035549399815327794 1118.0 95250.0
0.03566481994459834 1122.0 64620.0
0.03578024007386888 1119.3333333333333 64452.666666666664
0.035895660203139425 1119.75 59876.25
0.03612650046168052 1120.3333333333333 48208.0
0.03624192059095106 1122.0 64671.0
0.036357340720221606 1118.0 39338.0
0.03647276084949215 1120.5 80124.0
0.036588180978762694 1121.0 47585.0
0.036703601108033244 1122.0 56294.5
0.03681902123730379 1119.5 71606.0
0.03693444136657433 1121.0 47715.0
0.037049861495844875 1118.0 95542.0
0.03716528162511542 1121.0 47881.0
0.03728070175438596 1118.0 96134.0
0.037396121883656507 1119.5 72021.5
0.03751154201292706 1118.0 97041.0
0.0376269621421976 1118.0 97371.0
0.03785780240073869 1118.0 97461.0
0.03797322253000923 1118.0 97462.0
0.038088642659279776 1114.0 26337.0
0.03831948291782087 1116.5 73241.5
0.038434903047091414 1118.0 97551.0
0.0386657433056325 1119.0 56932.0
0.038781163434903045 1119.0 56932.0
0.03901200369344414 1115.0 48975.0
0.03912742382271468 1115.0 48975.0
0.039242843951985226 1115.0 48983.0
0.039473684210526314 1115.0 49758.0
0.04085872576177285 1115.0 50234.0
0.041666666666666664 1115.0 50921.0
0.04189750692520776 1115.0 50921.0
0.0420129270544783 1115.0 50921.0
0.042820867959372115 1115.0 50931.0
0.04293628808864266 1115.0 50940.0
0.0430517082179132 1119.5 62102.5
0.0432825484764543 1115.0 51063.0
0.043859649122807015 1124.0 74198.0
0.043975069252077566 1124.0 74198.0
0.04409048938134811 1124.0 74303.0
0.04478301015697138 1119.0 107123.0
0.04489843028624192 1119.0 107138.0
0.04512927054478301 1121.5 91053.5
0.04524469067405355 1119.0 107306.0
0.04547553093259465 1121.5 91192.5
0.04559095106186519 1121.5 91233.0
0.046052631578947366 1119.0 107386.0
0.04755309325946445 1116.0 52399.0
0.047899353647276086 1120.0 122458.0
0.04824561403508772 1118.5 89802.5
0.048591874422899355 1116.0 119174.0
0.04916897506925208 1116.5 95383.0
0.04939981532779317 1117.0 71590.0
0.04951523545706371 1117.0 71590.0
0.04997691597414589 1117.0 71590.0
0.05020775623268698 1116.0 122625.0
0.050323176361957524 1116.0 122626.0
0.05055401662049862 1116.0 122628.0
0.05066943674976916 1116.0 122628.0
0.05170821791320406 1117.0 72133.0
0.051823638042474605 1117.0 72141.0
0.05193905817174515 1117.0 71217.0
0.0520544783010157 1117.0 72178.0
0.05216989843028624 1117.0 71719.0
0.05228531855955679 1117.0 72192.0
0.05240073868882733 1117.0 71749.0
0.052516158818097874 1117.0 72361.0
0.05274699907663897 1117.0 72384.0
0.05286241920590951 1117.0 72081.0
0.052977839335180056 1120.5 77478.5
0.0530932594644506 1118.0 74130.0
0.05343951985226224 1118.0 74349.0
0.05355493998153278 1118.0 76002.0
0.05378578024007387 1124.0 83065.0
0.054016620498614956 1124.0 83071.0
0.05459372114496768 1124.0 83076.0
0.054709141274238225 1124.0 83116.0
0.05493998153277932 1122.5 79507.0
0.05505540166204986 1118.0 81081.0
0.05517082179132041 1118.0 81855.0
0.05528624192059095 1120.0 79624.0
0.055401662049861494 1121.0 76069.0
0.05563250230840259 1121.0 76069.0
0.05574792243767313 1119.0 114057.0
0.05863342566943675 1116.0 128418.0
0.058748845798707296 1116.0 128434.0
0.05897968605724838 1116.0 128443.0
0.05955678670360111 1124.0 87260.0
0.060941828254847646 1124.0 89680.0
0.061172668513388734 1124.0 89680.0
0.062326869806094184 1116.0 128845.0
0.06544321329639889 1116.0 59720.0
0.06578947368421052 1121.0 94396.0
0.06590489381348107 1121.0 94396.0
0.06636657433056325 1121.0 94416.0
0.0664819944598338 1121.0 94418.0
0.06659741458910434 1121.0 97286.0
0.06786703601108034 1116.0 67009.0
0.06798245614035088 1116.0 67154.0
0.06809787626962142 1116.0 67167.0
0.06821329639889197 1116.0 67173.0
0.06832871652816251 1116.0 67694.0
0.06844413665743306 1116.0 67734.0
0.06902123730378577 1116.0 67893.0
0.06913665743305633 1121.0 98887.0
0.06925207756232687 1121.0 98923.0
0.06936749769159742 1121.0 99086.0
0.06948291782086796 1121.0 99134.0
0.0695983379501385 1121.0 99134.0
0.07006001846722068 1124.0 101904.0
0.07017543859649122 1121.0 99209.0
0.07029085872576177 1124.0 102535.0
0.07052169898430287 1120.0 85317.0
0.07063711911357341 1116.0 68043.0
0.0708679593721145 1121.0 100718.0
0.07156048014773776 1116.0 68589.0
0.0721375807940905 1116.0 69293.0
0.07236842105263158 1124.0 103407.0
0.0729455216989843 1124.0 103409.0
0.07306094182825484 1124.0 103409.0
0.07317636195752539 1124.0 103415.0
0.07375346260387812 1124.0 103581.0
0.07594644506001846 1118.0 75135.0
0.07606186518928901 1118.0 75168.0
0.07617728531855955 1118.0 75436.0
0.07698522622345337 1118.0 85467.0
0.077331486611265 1124.0 106573.0
0.07871652816251154 1121.0 106883.0
0.07883194829178208 1121.0 106914.0
0.07894736842105263 1121.0 107497.0
0.07906278855032317 1121.0 107497.0
0.07917820867959371 1121.0 107497.0
0.07929362880886427 1121.0 107508.0
0.07952446906740536 1121.5 118535.0
0.07975530932594645 1121.5 118693.0
0.08010156971375808 1122.0 129494.0
0.08044783010156971 1118.0 150384.0
0.08056325023084025 1121.0 107993.0
0.08160203139427516 1118.0 150537.0
0.0817174515235457 1121.0 117100.0
0.08183287165281625 1121.0 117100.0
0.08194829178208679 1119.5 133858.0
0.08206371191135733 1118.0 150619.0
0.08217913204062789 1119.5 133860.5
0.08229455216989844 1119.5 133864.5
0.08252539242843952 1118.0 150627.0
0.08275623268698061 1119.5 133868.5
0.08310249307479224 1121.0 117127.0
0.08321791320406279 1121.0 117127.0
0.08333333333333333 1121.0 117127.0
0.08379501385041552 1124.0 111220.0
0.08921975992613111 1119.0 110708.0
0.08945060018467221 1119.0 110755.0
0.08979686057248384 1124.0 123455.0
0.09014312096029548 1119.0 113481.0
0.09025854108956602 1119.0 113486.0
0.09060480147737765 1119.0 113488.0
0.0907202216066482 1124.0 123791.0
0.09106648199445984 1124.0 123799.0
0.09118190212373038 1124.0 123822.0
0.09152816251154201 1119.0 114396.0
0.09187442289935364 1124.0 123880.0
0.09291320406278855 1118.0 121506.0
0.09556786703601108 1119.0 126114.0
0.09568328716528163 1119.0 126115.0
0.09579870729455217 1119.0 126354.0
0.09602954755309326 1120.0 130387.0
0.09626038781163435 1120.0 131731.0
0.09672206832871653 1120.0 131778.0
0.09706832871652817 1120.0 131779.0
0.10318559556786704 1126.0 186081.0
0.10330101569713758 1126.0 186114.0
0.10676361957525392 1124.0 137138.0
0.10687903970452448 1124.0 137138.0
0.10710987996306556 1124.0 137245.0
0.1072253000923361 1124.0 137267.0
0.10757156048014774 1124.0 137895.0
0.10814866112650046 1124.0 138209.0
0.10837950138504156 1124.0 138216.0
0.1084949215143121 1124.0 138244.0
0.11276546629732226 1124.0 138880.0
0.11334256694367498 1124.0 139029.0
0.11357340720221606 1119.0 162467.0
0.11403508771929824 1120.0 144667.0
0.11530470914127423 1120.0 147256.0
0.11542012927054478 1120.0 148589.0
0.11565096952908588 1120.0 148611.0
0.11703601108033242 1124.0 139963.0
0.11715143120960296 1120.0 158984.0
0.1172668513388735 1122.0 150162.5
0.11738227146814405 1120.0 160471.0
0.11761311172668514 1120.0 163734.0
0.11807479224376731 1120.0 190291.0
0.11819021237303785 1120.0 190298.0
0.1183056325023084 1124.0 140994.0
0.11842105263157894 1124.0 141018.0
0.1185364727608495 1122.0 165682.5
0.11876731301939059 1120.0 190435.0
0.11922899353647276 1124.0 142297.0
0.1226915974145891 1124.0 148378.0
0.1229224376731302 1124.0 148378.0
0.12303785780240074 1124.0 148378.0
0.12315327793167129 1124.0 148477.0
0.12326869806094183 1124.0 148480.0
0.12338411819021237 1124.0 148480.0
0.12349953831948292 1124.0 148480.0
0.12361495844875346 1124.0 148480.0
0.1289242843951985 1126.0 221575.0
0.12903970452446906 1126.0 221575.0
0.12927054478301014 1126.0 221606.0
0.1296168051708218 1126.0 222443.0
0.12996306555863343 1126.0 229641.0
0.13007848568790398 1126.0 229642.0
0.13019390581717452 1126.0 229643.0
0.13030932594644506 1126.0 229651.0
0.1304247460757156 1126.0 229651.0
0.13054016620498615 1126.0 229651.0
0.1306555863342567 1126.0 229651.0
0.13227146814404434 1126.0 230288.0
0.13238688827331488 1126.0 230288.0
0.13250230840258542 1126.0 230288.0
0.1327331486611265 1126.0 230288.0
0.14681440443213298 1121.0 197688.0
0.1471606648199446 1121.0 197689.0
0.14773776546629733 1121.0 197878.0
0.14785318559556787 1121.0 197904.0
0.1484302862419206 1126.0 246778.0
0.1492382271468144 1127.0 247273.0
0.14935364727608494 1127.0 247275.0
0.14946906740535548 1127.0 247277.0
0.14981532779316714 1121.0 201270.0
0.14993074792243768 1121.0 201270.0
0.15016158818097877 1121.0 201719.0
0.1507386888273315 1127.0 247359.0
0.1515466297322253 1121.0 203080.0
0.15166204986149584 1121.0 203088.0
0.15177746999076638 1121.0 203188.0
0.15270083102493076 1121.0 204496.0
0.15604801477377656 1127.0 254535.0
0.15650969529085873 1127.0 254539.0
0.15662511542012927 1127.0 254539.0
0.15674053554939982 1127.0 254578.0
0.1592797783933518 1127.0 255080.0
0.1642428439519852 1127.0 256566.0
0.16435826408125578 1127.0 256567.0
0.16505078485687905 1127.0 256771.0
0.18628808864265928 1127.0 290540.0
0.18651892890120036 1127.0 290543.0
0.18882733148661127 1127.0 290797.0
0.18940443213296398 1127.0 290933.0
0.19055863342566945 1127.0 292534.0
0.19102031394275162 1127.0 292546.0
0.19113573407202217 1127.0 292550.0
0.19171283471837489 1127.0 292554.0
0.19182825484764543 1127.0 292605.0
0.19205909510618652 1127.0 292605.0
0.19217451523545706 1127.0 292605.0
0.19286703601108032 1127.0 292632.0
0.19298245614035087 1127.0 292632.0
0.19321329639889195 1127.0 293200.0
0.19390581717451524 1127.0 293698.0
0.1945983379501385 1127.0 293874.0
0.19471375807940905 1127.0 293874.0
0.19529085872576177 1127.0 296825.0
0.1987534626038781 1127.0 318368.0
0.27146814404432135 1123.0 394931.0
0.27158356417359186 1123.0 394976.0
0.2719298245614035 1123.0 395009.0
0.2721606648199446 1123.0 395703.0
0.27285318559556787 1123.0 395895.0
0.2757386888273315 1124.0 399265.0
0.2760849492151431 1124.0 399279.0
0.27620036934441367 1124.0 399299.0
0.27631578947368424 1124.0 399301.0
0.2765466297322253 1124.0 399351.0
0.27666204986149584 1124.0 399351.0
0.2768928901200369 1124.0 399352.0
0.2770083102493075 1124.0 399352.0
0.277123730378578 1124.0 399354.0
0.2773545706371191 1124.0 399382.0
0.2774699907663897 1124.0 399382.0
0.27804709141274236 1124.0 399394.0
0.27827793167128345 1124.0 399932.0
0.3265235457063712 1125.0 460366.0
0.3266389658356417 1125.0 460706.0
0.3267543859649123 1125.0 460706.0
0.3268698060941828 1125.0 460706.0
0.3271006463527239 1125.0 460723.0
0.33090951061865187 1125.0 467194.0
0.33229455216989845 1125.0 467474.0
0.3335641735918744 1125.0 467828.0
0.333679593721145 1125.0 467867.0
0.33391043397968606 1125.0 470023.0
0.33414127423822715 1125.0 470030.0
0.41424284395198524 1125.0 599524.0
0.41435826408125576 1125.0 599525.0
0.4144736842105263 1125.0 599548.0
0.4299399815327793 1125.0 605067.0
0.43005540166204986 1125.0 605109.0
0.4301708217913204 1125.0 605194.0
0.43051708217913204 1125.0 605261.0
0.5541320406278855 1127.0 753741.0
0.5549399815327793 1127.0 753864.0
0.5550554016620498 1127.0 753864.0
0.555286241920591 1127.0 753870.0
0.5555170821791321 1127.0 753873.0
0.5758310249307479 1127.0 764036.0
0.5759464450600185 1127.0 764040.0
0.5762927054478301 1127.0 764234.0
0.5765235457063712 1127.0 764272.0
0.5767543859649122 1127.0 764501.0
0.5768698060941828 1127.0 764502.0
0.6904432132963989 1128.0 926969.0
0.7237996306555863 1129.0 967707.0
0.726915974145891 1129.0 983069.0
0.7486149584487535 1129.0 1010302.0
0.7533471837488458 1129.0 1014607.0
0.952100646352724 1134.0 1332975.0
1.0 1134.0 1455433.0
