11357196
0.0001 2589 0 0
0.0001 3924 0 0
0.0002 6638 0 0
0.0003 8723 0 0
0.0003 10985 0 0
0.0004 12454 0 0
0.0005 14297 0 0
0.0006 14755 0 0
0.0006 16136 0 0
0.0007 18052 0 0
0.0008 17137 0 0
0.0008 19107 0 0
0.0009 22507 0 0
0.0010 23922 0 0
0.0010 26517 0 0
0.0011 26477 0 0
0.0012 26120 0 0
0.0012 27596 0 0
0.0013 30506 0 0
0.0014 35880 0 0
0.0015 33823 0 0
0.0015 39074 0 0
0.0016 37102 0 0
0.0017 43366 0 0
0.0017 39485 0 0
0.0018 38995 0 0
0.0019 38396 0 0
0.0019 39905 0 0
0.0020 41714 0 0
0.0021 45579 0 0
0.0021 43775 0 0
0.0022 46525 0 0
0.0023 48771 0 0
0.0024 48668 0 0
0.0024 52059 0 0
0.0025 57020 0 0
0.0026 52444 0 0
0.0026 53540 0 0
0.0027 51335 0 0
0.0028 59783 0 0
0.0028 56810 0 0
0.0029 57403 0 0
0.0030 58184 0 0
0.0030 58680 0 0
0.0031 53256 0 0
0.0032 60531 0 0
0.0033 62765 0 0
0.0033 65866 0 0
0.0034 60063 0 0
0.0035 65631 0 0
0.0035 62890 0 0
0.0036 73372 0 0
0.0037 66077 0 0
0.0037 64664 0 0
0.0038 66145 0 0
0.0039 72992 0 0
0.0039 87550 0 0
0.0040 77280 0 0
0.0041 78786 0 0
0.0042 79892 0 0
0.0042 79635 0 0
0.0043 63031 0 0
0.0044 70451 0 0
0.0044 83243 0 0
0.0045 76266 0 0
0.0046 93295 0 0
0.0046 96700 0 0
0.0047 102236 0 0
0.0048 86278 0 0
0.0048 81314 0 0
0.0049 91843 0 0
0.0050 97500 0 0
0.0051 80743 0 0
0.0051 91488 0 0
0.0052 69634 0 0
0.0053 77517 0 0
0.0053 93228 0 0
0.0054 91887 0 0
0.0055 89247 0 0
0.0055 100060 0 0
0.0056 89537 0 0
0.0057 95726 0 0
0.0057 95617 0 0
0.0058 121908 0 0
0.0059 95670 0 0
0.0060 93966 0 0
0.0060 94265 0 0
0.0061 104941 0 0
0.0062 84138 0 0
0.0062 89239 0 0
0.0063 132863 0 0
0.0064 86415 0 0
0.0064 125763 0 0
0.0065 100615 0 0
0.0066 150288 0 0
0.0067 125328 0 0
0.0067 115461 0 0
0.0068 93982 0 0
0.0069 119756 0 0
0.0070 116160 0 0
0.0071 115299 0 0
0.0071 95327 0 0
0.0073 111445 0 0
0.0074 139658 0 0
0.0075 129684 0 0
0.0076 179222 0 0
0.0077 106850 0 0
0.0078 97701 0 0
0.0078 110932 0 0
0.0079 160017 0 0
0.0080 187222 0 0
0.0081 111069 0 0
0.0082 129758 0 0
0.0082 238077 0 0
0.0083 123237 0 0
0.0085 163588 0 0
0.0086 143277 0 0
0.0087 115324 0 0
0.0087 160894 0 0
0.0089 146353 0 0
0.0090 157347 0 0
0.0091 168639 0 0
0.0091 168808 0 0
0.0092 164391 0 0
0.0094 154864 0 0
0.0094 312493 0 0
0.0095 246635 0 0
0.0096 237474 0 0
0.0096 293349 0 0
0.0097 146236 0 0
0.0099 174460 0 0
0.0100 151766 0 0
0.0100 206663 0 0
0.0102 114614 0 0
0.0103 104933 0 0
0.0104 186128 0 0
0.0107 212379 0 0
0.0109 194052 0 0
0.0110 188836 0 0
0.0112 275945 0 0
0.0112 235413 0 0
0.0114 144197 0 0
0.0115 227606 0 0
0.0116 209311 0 0
0.0116 214445 0 0
0.0118 306961 0 0
0.0120 308317 0 0
0.0121 245944 0 0
0.0122 151178 0 0
0.0123 294672 0 0
0.0124 158204 0 0
0.0125 221761 0 0
0.0126 238804 0 0
0.0127 267558 0 0
0.0127 239017 0 0
0.0135 270470 0 0
0.0136 133991 0 0
0.0139 303926 0 0
0.0141 280524 0 0
0.0146 294028 0 0
0.0148 314465 0 0
0.0150 180446 0 0
0.0152 220391 0 0
0.0159 368303 0 0
0.0160 237971 0 0
0.0168 279658 0 0
0.0170 294385 0 0
0.0172 434674 0 0
0.0172 176449 0 0
0.0173 365350 0 0
0.0174 450830 0 0
0.0177 420133 0 0
0.0178 352188 0 0
0.0179 312882 0 0
0.0180 328951 0 0
0.0182 410024 0 0
0.0184 312791 0 0
0.0185 424579 0 0
0.0190 343499 0 0
0.0190 460755 0 0
0.0193 486069 0 0
0.0193 362618 0 0
0.0195 363108 0 0
0.0198 266607 0 0
0.0199 303404 0 0
0.0200 218847 0 0
0.0204 475148 0 0
0.0207 564679 0 0
0.0210 288513 0 0
0.0213 515180 0 0
0.0213 437068 0 0
0.0214 443818 0 0
0.0215 362140 0 0
0.0216 443485 0 0
0.0217 359633 0 0
0.0218 441802 0 0
0.0221 360404 0 0
0.0222 508405 0 0
0.0231 550518 0 0
0.0235 450508 0 0
0.0237 585828 0 0
0.0238 480349 0 0
0.0241 338414 0 0
0.0249 344551 0 0
0.0253 532918 0 0
0.0256 449501 0 0
0.0257 567565 0 0
0.0258 331972 0 0
0.0261 374666 0 0
0.0265 433769 0 0
0.0267 612069 0 0
0.0271 462025 0 0
0.0272 377223 0 0
0.0274 600024 0 0
0.0276 560405 0 0
0.0277 442182 0 0
0.0281 654343 0 0
0.0285 548878 0 0
0.0289 690004 0 0
0.0291 421659 0 0
0.0292 475027 0 0
0.0294 524782 0 0
0.0296 666954 0 0
0.0303 662968 0 0
0.0307 497410 0 0
0.0308 608716 0 0
0.0308 683986 0 0
0.0310 510328 0 0
0.0317 474225 0 0
0.0318 727473 0 0
0.0319 607813 0 0
0.0323 602732 0 0
0.0326 514679 0 0
0.0328 453566 0 0
0.0330 527584 0 0
0.0333 653443 0 0
0.0344 612248 0 0
0.0345 521523 0 0
0.0350 869560 0 0
0.0352 536148 0 0
0.0360 807913 0 0
0.0360 551500 0 0
0.0361 593402 0 0
0.0364 466825 0 0
0.0364 623180 0 0
0.0365 741952 0 0
0.0373 697006 0 0
0.0374 711298 0 0
0.0377 610994 0 0
0.0380 576013 0 0
0.0389 767336 0 0
0.0393 715423 0 0
0.0396 539660 0 0
0.0398 588337 0 0
0.0400 637375 0 0
0.0404 835017 0 0
0.0405 688760 0 0
0.0407 685729 0 0
0.0413 889656 0 0
0.0416 626953 0 0
0.0417 764705 0 0
0.0421 775249 0 0
0.0435 622698 0 0
0.0454 752106 0 0
0.0456 807583 0 0
0.0461 869600 0 0
0.0464 707029 0 0
0.0472 711211 0 0
0.0499 930647 0 0
0.0500 888808 0 0
0.1000 1648614 0 0
0.1500 2211032 0 0
0.2001 2702694 0 0
0.2501 3382866 0 0
0.3001 4070455 0 0
0.3501 4664329 0 0
0.4001 5264154 0 0
0.4501 5895927 0 0
0.5001 6403596 0 0
0.5502 6902748 0 0
0.6002 7454721 0 0
0.6502 7889851 0 0
0.7001 8441815 0 0
0.7501 9063647 0 0
0.8001 9599309 0 0
0.8501 10071242 0 0
0.9001 10526586 0 0
0.9501 10994435 0 0
1.0000 11357196 0 0
