900806
0.0001 1305 4 0
0.0001 2054 9 0
0.0002 3127 11 0
0.0003 3783 19 0
0.0003 4389 17 0
0.0004 5163 28 0
0.0005 5878 38 0
0.0006 6534 32 0
0.0006 7387 34 0
0.0007 7380 46 0
0.0008 7651 47 0
0.0008 7968 57 0
0.0009 8207 62 0
0.0010 8578 81 0
0.0010 8853 72 0
0.0011 9794 74 0
0.0012 10002 67 0
0.0012 10896 85 0
0.0013 10157 59 0
0.0014 11328 77 0
0.0015 11707 109 0
0.0015 12439 106 0
0.0016 11410 72 0
0.0017 13249 69 0
0.0017 12820 89 0
0.0018 13387 83 0
0.0019 13484 135 0
0.0019 13608 111 0
0.0020 14401 140 0
0.0021 14877 166 0
0.0021 15611 154 0
0.0022 16342 129 0
0.0023 15714 217 0
0.0024 16206 178 0
0.0024 15746 190 0
0.0025 17368 219 0
0.0026 17692 183 0
0.0026 17746 226 0
0.0027 17730 218 0
0.0028 17475 252 0
0.0028 17589 233 0
0.0029 18588 320 0
0.0030 17307 221 0
0.0030 16686 134 0
0.0031 17864 203 0
0.0032 18412 212 0
0.0033 18140 278 0
0.0033 19002 260 0
0.0034 17464 224 0
0.0035 17783 148 0
0.0035 19210 122 0
0.0036 19023 133 0
0.0037 18577 251 0
0.0037 20874 271 0
0.0038 19744 227 0
0.0039 19921 265 0
0.0039 21554 273 0
0.0040 21773 121 0
0.0041 21726 154 0
0.0042 20697 219 0
0.0042 19269 152 0
0.0043 19088 314 0
0.0044 22709 404 0
0.0044 23616 380 0
0.0045 18640 326 0
0.0046 22447 353 0
0.0046 25894 366 0
0.0047 23682 159 0
0.0048 22168 142 0
0.0048 24362 237 0
0.0049 23600 216 0
0.0050 26401 247 0
0.0051 25323 279 0
0.0051 23848 344 0
0.0052 29006 402 0
0.0053 23904 177 0
0.0053 26745 162 0
0.0054 23834 639 0
0.0055 23287 112 0
0.0055 23794 127 0
0.0056 24812 337 0
0.0057 25052 297 0
0.0057 27472 308 0
0.0058 26913 205 0
0.0059 27825 291 0
0.0060 34136 335 0
0.0060 27551 247 0
0.0061 28278 273 0
0.0062 26499 372 0
0.0062 25821 683 0
0.0064 18072 384 0
0.0064 29731 495 0
0.0065 31459 461 0
0.0066 33097 382 0
0.0067 30543 933 0
0.0067 28260 330 0
0.0068 27193 282 0
0.0069 29847 711 0
0.0069 25206 225 0
0.0070 28808 313 0
0.0071 29174 312 0
0.0071 25564 230 0
0.0072 26358 368 0
0.0073 30285 354 0
0.0073 20314 288 0
0.0074 24490 105 0
0.0076 26169 419 0
0.0076 27309 343 0
0.0077 26133 294 0
0.0078 33357 976 0
0.0078 39086 1310 0
0.0079 31458 301 0
0.0080 38529 422 0
0.0082 31211 734 0
0.0083 33373 476 0
0.0084 29406 416 0
0.0085 33979 775 0
0.0085 36832 681 0
0.0086 40751 1434 0
0.0087 34885 359 0
0.0087 34716 1959 0
0.0088 51294 240 0
0.0089 25052 403 0
0.0089 33637 988 0
0.0090 35981 702 0
0.0094 42036 304 0
0.0094 27736 448 0
0.0095 27616 478 0
0.0098 33129 567 0
0.0099 44904 312 0
0.0100 42957 2515 0
0.0101 30492 587 0
0.0102 71505 616 0
0.0103 42314 1109 0
0.0105 35331 343 0
0.0105 30951 548 0
0.0107 41752 385 0
0.0107 35493 598 0
0.0109 43394 1685 0
0.0109 29735 548 0
0.0111 32511 2457 0
0.0113 39817 372 0
0.0114 41192 714 0
0.0116 42737 1370 0
0.0118 44493 875 0
0.0121 68695 359 0
0.0125 41120 2238 0
0.0127 61368 306 0
0.0127 43515 750 0
0.0129 40952 549 0
0.0131 55798 506 0
0.0132 78396 836 0
0.0134 46270 756 0
0.0135 43097 1365 0
0.0136 51148 579 0
0.0139 43310 871 0
0.0141 58228 609 0
0.0141 54807 864 0
0.0143 70213 738 0
0.0145 47206 2153 0
0.0146 36175 2711 0
0.0148 85092 1202 0
0.0150 102412 1310 0
0.0151 55679 2033 0
0.0152 49842 844 0
0.0153 33642 454 0
0.0155 58438 1174 0
0.0157 52548 2190 0
0.0158 47353 1891 0
0.0159 64092 1438 0
0.0160 45104 455 0
0.0163 46351 1818 0
0.0164 54967 850 0
0.0165 53969 720 0
0.0166 62511 1177 0
0.0167 41554 590 0
0.0170 48222 813 0
0.0176 56680 2200 0
0.0177 50358 823 0
0.0179 51984 465 0
0.0181 61323 1114 0
0.0186 62407 2694 0
0.0187 54544 465 0
0.0190 61280 2527 0
0.0193 60367 1459 0
0.0194 51611 734 0
0.0195 56354 2000 0
0.0195 50209 353 0
0.0196 51206 1354 0
0.0198 47705 2880 0
0.0199 52272 2463 0
0.0200 58972 933 0
0.0205 86280 921 0
0.0206 58487 844 0
0.0209 120634 1569 0
0.0212 58569 771 0
0.0213 57894 2472 0
0.0215 77786 949 0
0.0216 49094 2898 0
0.0218 67104 2708 0
0.0218 58696 2008 0
0.0219 56901 608 0
0.0220 72357 1344 0
0.0220 60116 2439 0
0.0223 56798 1599 0
0.0226 61900 1831 0
0.0227 65530 2701 0
0.0228 90312 997 0
0.0231 66036 510 0
0.0232 61317 650 0
0.0236 54060 2909 0
0.0238 77279 512 0
0.0240 84000 689 0
0.0245 62351 861 0
0.0247 92602 1592 0
0.0248 75542 1548 0
0.0256 95006 780 0
0.0257 99209 1135 0
0.0258 60658 1846 0
0.0258 66104 3047 0
0.0262 62110 2958 0
0.0263 111709 1139 0
0.0263 72986 2546 0
0.0265 128835 1603 0
0.0273 74398 1167 0
0.0274 81712 1572 0
0.0277 97218 2064 0
0.0278 117733 1154 0
0.0283 79246 2411 0
0.0285 67529 2854 0
0.0286 96992 1394 0
0.0288 83257 1661 0
0.0290 78327 1198 0
0.0292 72724 3741 0
0.0292 79072 3929 0
0.0293 69051 3852 0
0.0297 101024 842 0
0.0299 78728 1917 0
0.0302 92144 1314 0
0.0306 82313 2373 0
0.0308 77225 629 0
0.0312 87593 2587 0
0.0313 85620 2023 0
0.0319 102119 2334 0
0.0321 70942 3894 0
0.0323 82468 1603 0
0.0328 84220 4058 0
0.0335 79711 674 0
0.0341 84564 1944 0
0.0343 71976 2893 0
0.0344 82540 2385 0
0.0350 84785 3102 0
0.0351 108759 2370 0
0.0354 112652 1545 0
0.0358 85951 1627 0
0.0359 76181 3921 0
0.0360 106652 3102 0
0.0362 100050 2216 0
0.0364 75694 3784 0
0.0366 144319 1881 0
0.0368 103901 4181 0
0.0373 104893 3208 0
0.0374 90866 1800 0
0.0377 76455 2922 0
0.0380 89123 970 0
0.0383 84881 2214 0
0.0387 99442 1164 0
0.0389 83709 4271 0
0.0391 110630 3394 0
0.0396 114816 2471 0
0.0397 96941 976 0
0.0402 90377 1716 0
0.0403 97427 4824 0
0.0405 121689 2054 0
0.0418 84270 4423 0
0.0420 111577 4393 0
0.0422 157815 1754 0
0.0423 94456 2678 0
0.0423 93307 2504 0
0.0430 125655 3103 0
0.0442 89899 5223 0
0.0448 100059 2684 0
0.0454 83984 3232 0
0.0456 104971 5001 0
0.0459 94632 4674 0
0.0460 99776 3055 0
0.0462 103681 4675 0
0.0465 90819 4463 0
0.0494 107756 2693 0
0.0499 118191 3715 0
0.0500 122663 3417 0
0.1000 233560 7412 0
0.1500 276148 11894 0
0.2000 322887 15267 0
0.2500 358438 18069 0
0.3000 398794 22904 0
0.3500 453192 26857 0
0.4000 488215 29923 0
0.4501 552608 32763 0
0.5001 579428 35046 0
0.5500 616786 39952 0
0.6000 649399 45140 0
0.6500 671772 48563 0
0.7001 718163 50914 0
0.7500 760580 55993 0
0.8000 794656 58556 0
0.8500 823303 60058 0
0.9000 852697 62817 0
0.9500 880495 64238 0
1.0000 900806 69535 0
