5102
0.0001 829 4 0
0.0001 1340 8 0
0.0002 1746 13 0
0.0003 2094 20 0
0.0003 2323 24 0
0.0004 2559 33 0
0.0005 2727 29 0
0.0006 2869 42 0
0.0006 2986 40 0
0.0007 3158 44 0
0.0008 3292 56 0
0.0008 3397 59 0
0.0009 3493 82 0
0.0010 3549 64 0
0.0010 3625 88 0
0.0011 3680 97 0
0.0012 3681 113 0
0.0012 3764 110 0
0.0013 3814 84 0
0.0014 3829 95 0
0.0015 3876 114 0
0.0015 3908 160 0
0.0016 4050 133 0
0.0017 4078 104 0
0.0017 4068 104 0
0.0018 4130 151 0
0.0019 4154 131 0
0.0019 4209 141 0
0.0020 4183 140 0
0.0021 4239 174 0
0.0021 4195 112 0
0.0022 4214 101 0
0.0023 4273 132 0
0.0024 4243 185 0
0.0024 4326 139 0
0.0025 4316 182 0
0.0026 4341 197 0
0.0026 4355 206 0
0.0027 4373 237 0
0.0028 4358 159 0
0.0028 4400 202 0
0.0029 4369 198 0
0.0030 4424 89 0
0.0030 4422 177 0
0.0031 4445 152 0
0.0032 4442 199 0
0.0033 4461 294 0
0.0033 4450 219 0
0.0034 4441 242 0
0.0035 4506 205 0
0.0035 4461 180 0
0.0036 4516 264 0
0.0037 4553 236 0
0.0037 4584 353 0
0.0038 4563 231 0
0.0039 4527 320 0
0.0039 4570 334 0
0.0040 4532 291 0
0.0041 4536 312 0
0.0042 4559 196 0
0.0042 4571 310 0
0.0043 4575 309 0
0.0044 4644 213 0
0.0044 4595 402 0
0.0045 4627 231 0
0.0046 4670 358 0
0.0046 4668 420 0
0.0047 4672 442 0
0.0048 4679 542 0
0.0048 4629 244 0
0.0049 4668 192 0
0.0050 4666 394 0
0.0051 4589 356 0
0.0051 4633 343 0
0.0052 4673 250 0
0.0053 4636 273 0
0.0053 4675 314 0
0.0054 4664 237 0
0.0055 4676 427 0
0.0055 4647 304 0
0.0056 4727 552 0
0.0057 4645 242 0
0.0057 4736 293 0
0.0058 4664 638 0
0.0059 4681 214 0
0.0060 4690 166 0
0.0060 4665 168 0
0.0061 4735 184 0
0.0062 4699 267 0
0.0062 4717 344 0
0.0063 4698 118 0
0.0064 4651 245 0
0.0064 4876 2860 0
0.0065 4645 465 0
0.0066 4723 307 0
0.0067 4706 433 0
0.0067 4690 142 0
0.0068 4737 164 0
0.0069 4724 163 0
0.0069 4777 464 0
0.0070 4746 270 0
0.0071 4741 341 0
0.0071 4743 190 0
0.0072 4702 188 0
0.0073 4717 129 0
0.0073 4746 444 0
0.0074 4730 320 0
0.0075 4695 172 0
0.0076 4798 613 0
0.0076 4748 737 0
0.0077 4814 264 0
0.0078 4792 333 0
0.0078 4748 312 0
0.0079 4803 733 0
0.0080 4796 575 0
0.0080 4902 2032 0
0.0081 4762 232 0
0.0082 4789 557 0
0.0083 4736 244 0
0.0085 4884 680 0
0.0085 4859 977 0
0.0086 4836 480 0
0.0087 4855 1392 0
0.0087 4784 412 0
0.0088 4824 1309 0
0.0089 4777 468 0
0.0090 4796 509 0
0.0091 4798 295 0
0.0091 4799 295 0
0.0093 4769 840 0
0.0094 4783 466 0
0.0094 4797 375 0
0.0095 4844 636 0
0.0096 4826 295 0
0.0098 4785 471 0
0.0098 4786 471 0
0.0099 4804 533 0
0.0100 4806 292 0
0.0100 4790 275 0
0.0102 4833 373 0
0.0103 4878 560 0
0.0103 4881 933 0
0.0104 4821 550 0
0.0105 4879 485 0
0.0105 4888 1048 0
0.0106 4844 1118 0
0.0107 4854 677 0
0.0108 4882 671 0
0.0109 4815 337 0
0.0109 4891 501 0
0.0112 4805 294 0
0.0113 4879 556 0
0.0115 4892 542 0
0.0116 4866 495 0
0.0120 4890 452 0
0.0121 4881 646 0
0.0122 4852 883 0
0.0124 4881 637 0
0.0125 4962 1110 0
0.0126 4857 904 0
0.0127 4911 931 0
0.0127 4897 465 0
0.0128 4910 1599 0
0.0131 4886 426 0
0.0132 4898 303 0
0.0133 4928 215 0
0.0134 4840 301 0
0.0136 4934 2444 0
0.0136 4935 2951 0
0.0137 4947 921 0
0.0141 4918 275 0
0.0141 4890 926 0
0.0143 4951 932 0
0.0145 4896 430 0
0.0147 4909 912 0
0.0149 4966 1231 0
0.0150 4920 1599 0
0.0150 4900 442 0
0.0153 4918 1088 0
0.0157 4919 893 0
0.0158 4922 1619 0
0.0159 4969 914 0
0.0161 4910 444 0
0.0162 4920 1088 0
0.0163 4920 1669 0
0.0163 4911 872 0
0.0164 4927 1619 0
0.0165 4930 1697 0
0.0168 4942 2185 0
0.0168 4941 610 0
0.0170 4934 1619 0
0.0173 4944 3283 0
0.0175 4947 2191 0
0.0175 4934 1648 0
0.0177 4956 3050 0
0.0177 4945 1212 0
0.0178 4941 952 0
0.0179 4957 781 0
0.0182 4965 805 0
0.0184 4926 1619 0
0.0187 4950 1476 0
0.0190 4952 487 0
0.0192 4952 2213 0
0.0193 4970 2408 0
0.0194 4936 883 0
0.0195 4950 1508 0
0.0197 4940 1021 0
0.0201 4947 1343 0
0.0204 4919 1235 0
0.0205 4937 549 0
0.0206 4985 1336 0
0.0206 4945 1021 0
0.0207 4959 553 0
0.0209 4952 3340 0
0.0211 4956 1276 0
0.0213 4956 3099 0
0.0217 4963 2255 0
0.0219 4955 1698 0
0.0220 4975 578 0
0.0221 4965 1805 0
0.0227 4963 2213 0
0.0229 4956 1522 0
0.0231 4962 3204 0
0.0231 4967 1581 0
0.0233 4963 1088 0
0.0233 4977 706 0
0.0235 4964 1037 0
0.0237 4949 1193 0
0.0239 4971 1135 0
0.0242 4968 2442 0
0.0244 4970 1148 0
0.0245 4950 1427 0
0.0247 4980 1472 0
0.0251 4982 1248 0
0.0253 4982 1474 0
0.0256 4978 1622 0
0.0258 4967 1536 0
0.0261 4976 2443 0
0.0263 5006 5127 0
0.0269 5006 5127 0
0.0271 4992 1492 0
0.0272 4976 2435 0
0.0272 5000 2352 0
0.0274 4980 2197 0
0.0275 4994 1839 0
0.0276 4982 1851 0
0.0276 4980 963 0
0.0277 5006 5127 0
0.0280 4976 2117 0
0.0285 4995 3046 0
0.0287 4989 4000 0
0.0294 4988 4484 0
0.0297 4990 2516 0
0.0298 4988 1441 0
0.0302 5011 2514 0
0.0305 4990 2223 0
0.0312 5001 1902 0
0.0314 4992 2122 0
0.0314 4999 2029 0
0.0316 5016 2353 0
0.0319 4992 2525 0
0.0319 4993 1896 0
0.0320 4984 2521 0
0.0321 5005 1910 0
0.0322 4997 807 0
0.0326 4999 3206 0
0.0326 4998 4198 0
0.0328 5000 4225 0
0.0330 4995 1659 0
0.0332 4992 3326 0
0.0337 4996 1294 0
0.0339 5004 894 0
0.0340 5018 5484 0
0.0341 4999 1678 0
0.0346 4996 1617 0
0.0351 5019 5486 0
0.0351 5000 1362 0
0.0352 4985 1568 0
0.0353 5000 2806 0
0.0360 5001 1695 0
0.0362 5006 4241 0
0.0365 5000 2816 0
0.0366 5000 2797 0
0.0375 5013 907 0
0.0389 5022 2938 0
0.0391 5020 2387 0
0.0391 5005 2901 0
0.0396 5005 1874 0
0.0397 5025 5615 0
0.0398 5007 3285 0
0.0399 5022 5724 0
0.0400 5010 1618 0
0.0406 5020 2390 0
0.0410 5026 3674 0
0.0418 5030 2854 0
0.0423 5006 1783 0
0.0429 5019 4323 0
0.0432 5013 1923 0
0.0434 5003 4333 0
0.0435 5010 2024 0
0.0437 5021 1737 0
0.0438 5014 1988 0
0.0441 5002 2786 0
0.0442 5023 2447 0
0.0445 5026 3615 0
0.0448 5028 6541 0
0.0449 5021 2679 0
0.0450 5003 4575 0
0.0450 5024 5726 0
0.0454 5036 3141 0
0.0459 5029 6731 0
0.0465 5034 3904 0
0.0471 5019 2091 0
0.0475 5004 4855 0
0.0484 5027 4733 0
0.0486 5033 3233 0
0.0491 5026 1231 0
0.0493 5021 1958 0
0.0499 5023 3829 0
0.0500 5026 3388 0
0.1000 5048 6512 0
0.1500 5065 11406 0
0.2000 5074 16452 0
0.2500 5080 20549 0
0.3000 5083 21783 0
0.3500 5084 25655 0
0.4000 5087 28953 0
0.4501 5087 30562 0
0.5001 5090 33510 0
0.5501 5090 38244 0
0.6001 5091 40733 0
0.6501 5092 47483 0
0.7001 5092 49600 0
0.7501 5094 55711 0
0.8001 5095 58843 0
0.8501 5097 62028 0
0.9000 5098 65414 0
0.9501 5098 67372 0
1.0000 5102 69535 0
