517980
0.0001 605 0 0
0.0001 963 0 0
0.0002 1403 0 0
0.0003 1771 0 0
0.0003 2044 0 0
0.0004 2279 3 0
0.0005 2510 0 0
0.0006 2736 4 0
0.0006 3075 5 0
0.0007 3208 6 0
0.0008 3433 3 0
0.0008 3613 9 0
0.0009 3840 4 0
0.0010 4181 5 0
0.0010 4257 4 0
0.0011 4415 6 0
0.0012 4521 5 0
0.0012 4610 2 0
0.0013 4744 2 0
0.0014 4736 1 0
0.0015 4699 2 0
0.0015 5192 2 0
0.0016 5218 3 0
0.0017 5384 3 0
0.0017 5740 7 0
0.0018 5912 5 0
0.0019 5845 4 0
0.0019 5939 3 0
0.0020 6062 4 0
0.0021 6545 5 0
0.0021 6361 4 0
0.0022 6514 12 0
0.0023 6957 17 0
0.0024 6540 14 0
0.0024 7274 13 0
0.0025 7200 9 0
0.0026 7147 6 0
0.0026 7220 4 0
0.0027 7619 19 0
0.0028 7221 6 0
0.0028 7621 19 0
0.0029 7211 7 0
0.0030 7339 6 0
0.0030 7692 9 0
0.0031 7696 11 0
0.0032 7453 15 0
0.0033 8334 11 0
0.0033 9015 6 0
0.0034 7887 10 0
0.0035 8163 6 0
0.0035 8806 4 0
0.0036 10724 21 0
0.0037 8289 11 0
0.0037 8671 12 0
0.0038 9349 8 0
0.0039 8966 4 0
0.0039 9103 14 0
0.0040 9044 11 0
0.0041 8900 8 0
0.0042 9278 10 0
0.0042 8962 12 0
0.0043 9452 11 0
0.0044 8882 8 0
0.0044 9165 11 0
0.0045 9736 13 0
0.0046 9895 2 0
0.0046 10722 27 0
0.0047 10137 5 0
0.0048 12109 5 0
0.0048 9854 7 0
0.0049 11316 6 0
0.0050 10367 15 0
0.0051 10734 6 0
0.0051 11973 16 0
0.0052 9968 33 0
0.0053 9621 1 0
0.0053 10925 4 0
0.0054 10898 10 0
0.0055 12028 18 0
0.0055 10084 16 0
0.0056 10421 416 0
0.0057 10673 3 0
0.0057 11524 2 0
0.0058 11864 2 0
0.0059 11412 5 0
0.0060 11682 0 0
0.0060 10982 4 0
0.0061 11533 3 0
0.0062 13838 8 0
0.0062 13079 26 0
0.0063 13568 3 0
0.0064 12940 0 0
0.0064 13880 4 0
0.0065 12307 8 0
0.0066 10881 3 0
0.0067 11888 7 0
0.0067 12418 2 0
0.0068 17707 9 0
0.0069 20453 13 0
0.0069 12504 5 0
0.0070 15265 0 0
0.0071 14920 7 0
0.0071 14368 48 0
0.0072 13853 34 0
0.0073 12051 43 0
0.0073 13445 4 0
0.0074 13128 1 0
0.0075 13958 10 0
0.0076 11840 128 0
0.0076 13699 6 0
0.0077 14348 2 0
0.0078 20715 1 0
0.0078 11819 0 0
0.0079 18227 0 0
0.0080 15302 2 0
0.0080 14759 2 0
0.0081 14200 20 0
0.0082 11491 0 0
0.0084 13393 6 0
0.0085 18846 12 0
0.0085 19732 5 0
0.0087 11137 64 0
0.0087 17718 27 0
0.0089 12720 128 0
0.0089 16508 3 0
0.0091 14327 24 0
0.0091 25463 18 0
0.0092 12790 0 0
0.0093 16906 11 0
0.0096 13613 131 0
0.0097 25874 18 0
0.0098 15921 7 0
0.0098 13207 0 0
0.0102 19854 33 0
0.0103 16438 0 0
0.0103 15375 40 0
0.0105 16999 37 0
0.0106 23602 4 0
0.0109 23840 33 0
0.0110 53112 3 0
0.0111 24163 62 0
0.0112 18976 37 0
0.0114 28413 592 0
0.0115 16684 0 0
0.0116 20614 23 0
0.0118 17609 17 0
0.0118 21019 0 0
0.0120 20422 54 0
0.0121 17027 18 0
0.0121 23302 24 0
0.0123 18289 17 0
0.0125 18810 10 0
0.0128 20161 72 0
0.0130 15719 8 0
0.0134 24309 24 0
0.0135 21853 14 0
0.0136 21274 1636 0
0.0136 19666 10 0
0.0138 22040 0 0
0.0141 19079 89 0
0.0142 24044 1636 0
0.0143 24523 17 0
0.0145 24888 24 0
0.0148 21591 74 0
0.0150 23821 14 0
0.0151 26076 79 0
0.0152 21994 74 0
0.0153 21441 65 0
0.0154 17562 93 0
0.0154 28088 79 0
0.0155 30073 18 0
0.0156 22968 6 0
0.0157 32340 18 0
0.0158 25374 24 0
0.0159 40318 18 0
0.0164 97801 6 0
0.0165 26834 74 0
0.0167 21875 107 0
0.0169 19728 93 0
0.0170 19818 93 0
0.0172 23392 74 0
0.0174 24519 85 0
0.0177 23606 1 0
0.0178 32878 22 0
0.0179 28730 341 0
0.0180 25134 6 0
0.0184 24010 1 0
0.0186 24249 141 0
0.0189 25852 49 0
0.0190 37665 597 0
0.0190 30867 198 0
0.0191 19754 0 0
0.0194 30717 95 0
0.0195 21787 93 0
0.0197 23708 93 0
0.0198 20848 93 0
0.0200 24279 67 0
0.0205 29331 45 0
0.0207 100539 9 0
0.0208 31551 17 0
0.0209 34201 10 0
0.0213 30236 45 0
0.0213 29596 85 0
0.0215 35203 199 0
0.0216 28291 8 0
0.0218 30570 6 0
0.0219 28159 105 0
0.0222 30074 24 0
0.0224 28106 14 0
0.0226 33945 55 0
0.0228 31104 85 0
0.0233 28590 850 0
0.0236 39945 635 0
0.0238 43179 395 0
0.0240 28447 93 0
0.0245 34495 244 0
0.0247 31388 8 0
0.0249 37004 33 0
0.0250 35663 45 0
0.0254 31113 132 0
0.0258 69362 47 0
0.0258 34561 70 0
0.0260 34808 244 0
0.0262 48042 18 0
0.0263 35839 96 0
0.0267 32026 155 0
0.0269 35072 244 0
0.0274 36803 9 0
0.0276 32323 409 0
0.0277 39314 45 0
0.0278 34916 56 0
0.0281 30006 29 0
0.0283 31571 93 0
0.0285 38707 59 0
0.0286 49704 18 0
0.0287 38366 33 0
0.0289 43658 7 0
0.0290 41406 45 0
0.0292 27610 93 0
0.0293 33734 214 0
0.0300 38829 244 0
0.0303 39380 244 0
0.0305 34833 409 0
0.0305 34289 214 0
0.0313 37301 85 0
0.0315 38834 409 0
0.0318 58885 24 0
0.0321 40365 138 0
0.0325 42169 27 0
0.0326 44860 8 0
0.0327 45653 67 0
0.0330 65452 670 0
0.0333 36639 153 0
0.0335 45095 45 0
0.0335 45699 199 0
0.0336 37216 109 0
0.0339 39137 85 0
0.0342 41648 244 0
0.0348 37799 109 0
0.0353 53735 202 0
0.0353 48464 85 0
0.0355 42331 431 0
0.0357 32990 95 0
0.0361 71560 40 0
0.0366 40196 347 0
0.0368 47736 8 0
0.0370 53427 18 0
0.0374 44360 96 0
0.0378 70416 670 0
0.0380 37959 215 0
0.0381 49618 49 0
0.0382 61309 24 0
0.0384 35317 95 0
0.0385 40327 215 0
0.0391 43108 244 0
0.0395 54854 138 0
0.0396 48678 99 0
0.0402 46939 28 0
0.0403 52127 49 0
0.0405 40874 95 0
0.0407 64111 119 0
0.0409 43482 227 0
0.0416 59912 202 0
0.0420 45352 244 0
0.0423 51139 56 0
0.0424 66192 119 0
0.0427 52547 85 0
0.0428 76731 746 0
0.0429 112174 86 0
0.0431 54245 99 0
0.0432 45662 449 0
0.0436 59812 175 0
0.0437 50944 96 0
0.0438 63532 100 0
0.0438 43599 347 0
0.0448 40537 32 0
0.0455 48197 245 0
0.0463 44093 119 0
0.0476 46699 348 0
0.0499 51833 139 0
0.0500 64592 292 0
0.1000 80482 696 0
0.1500 105327 936 0
0.2000 143986 1091 0
0.2500 166288 1439 0
0.3000 185670 1564 0
0.3500 214821 1740 0
0.4000 252013 1866 0
0.4501 320612 1952 0
0.5000 334768 2078 0
0.5500 349515 2106 0
0.6000 368279 2196 0
0.6500 389987 2313 0
0.7000 407671 2364 0
0.7500 420715 4132 0
0.7999 436396 4228 0
0.8500 452461 4263 0
0.9000 475517 5009 0
0.9500 495655 5222 0
1.0000 517980 5242 0
