6472533
0.00011542012927054478 2418.803901200369 0.00034626038781163435
0.00023084025854108956 3527.500664010624 0.0
0.00034626038781163435 6023.9102803738315 0.001869158878504673
0.0004616805170821791 7782.072727272727 0.002797202797202797
0.0005771006463527239 10294.284536082474 0.004123711340206186
0.0006925207756232687 11441.905013192612 0.005277044854881266
0.0008079409048938135 13531.893835616438 0.003424657534246575
0.0009233610341643582 14724.829875518672 0.008298755186721992
0.001038781163434903 16028.097087378641 0.009708737864077669
0.0011542012927054479 17349.005780346823 0.005780346820809248
0.0012696214219759926 18212.263157894737 0.006578947368421052
0.0013850415512465374 18798.73015873016 0.0
0.0015004616805170822 21184.408695652175 0.0
0.001615881809787627 22046.31182795699 0.010752688172043012
0.0017313019390581717 24588.518987341773 0.0
0.0018467220683287165 33865.25 0.0
0.0019621421975992612 28035.916666666668 0.013888888888888888
0.002077562326869806 32183.016666666666 0.0
0.0021929824561403508 33687.16923076923 0.0
0.0023084025854108957 39648.94117647059 0.0
0.0024238227146814403 35934.58 0.02
0.0025392428439519853 30063.0 0.022222222222222223
0.00265466297322253 35311.239130434784 0.0
0.002770083102493075 32049.92105263158 0.02631578947368421
0.0028855032317636198 34819.3125 0.0625
0.0030009233610341643 43360.07142857143 0.0
0.0031163434903047093 33674.794871794875 0.02564102564102564
0.003231763619575254 39172.5641025641 0.0
0.003347183748845799 37172.84 0.0
0.0034626038781163434 49758.74074074074 0.0
0.0035780240073868884 68171.55555555556 0.0
0.003693444136657433 54952.90476190476 0.0
0.003808864265927978 43983.47619047619 0.0
0.0039242843951985225 57344.57142857143 0.0
0.004039704524469067 50175.34782608696 0.0
0.004155124653739612 59550.92307692308 0.038461538461538464
0.004270544783010157 55877.04347826087 0.0
0.0043859649122807015 57988.76190476191 0.0
0.004501385041551247 62041.72222222222 0.0
0.0046168051708217915 57632.619047619046 0.0
0.004732225300092336 63798.529411764706 0.0
0.004847645429362881 58737.42307692308 0.0
0.004963065558633426 61282.4 0.0
0.0050784856879039705 60104.90909090909 0.0
0.005193905817174515 60560.705882352944 0.0
0.00530932594644506 69959.78571428571 0.0
0.005424746075715605 57991.142857142855 0.0
0.00554016620498615 64451.90909090909 0.0
0.005655586334256694 68214.72222222222 0.0
0.0057710064635272396 73726.45 0.0
0.005886426592797784 70732.23529411765 0.0
0.006001846722068329 68913.90476190476 0.0
0.006117266851338873 86178.2 0.0
0.006232686980609419 86682.11764705883 0.0
0.006348107109879963 79619.05263157895 0.05263157894736842
0.006463527239150508 75989.0 0.0
0.006578947368421052 67974.0 0.0
0.006694367497691598 76342.0 0.0
0.006809787626962142 89265.8 0.0
0.006925207756232687 89170.2 0.0
0.007040627885503232 89534.06666666667 0.0
0.007156048014773777 83626.78571428571 0.0
0.007271468144044321 90137.0 0.0
0.007386888273314866 86346.6 0.0
0.007502308402585411 96082.9 0.0
0.007617728531855956 88384.36363636363 0.0
0.0077331486611265 102710.66666666667 0.0
0.007848568790397045 100749.5 0.0
0.00796398891966759 86607.22222222222 0.0
0.008079409048938134 69291.16666666667 0.0
0.00819482917820868 79009.25 0.0
0.008310249307479225 94982.85714285714 0.0
0.008425669436749769 78372.0 0.0
0.008541089566020314 94250.75 0.0
0.00865650969529086 100347.55555555556 0.0
0.008771929824561403 109164.75 0.0
0.008887349953831948 92931.33333333333 0.0
0.009002770083102494 103602.33333333333 0.0
0.009118190212373038 104415.71428571429 0.0
0.009233610341643583 116205.71428571429 0.0
0.009349030470914127 113998.42857142857 0.0
0.009464450600184672 125331.66666666667 0.0
0.009579870729455217 97244.75 0.0
0.009695290858725761 92561.125 0.0
0.009810710987996307 127818.0 0.0
0.009926131117266852 129972.0 0.0
0.010041551246537396 125834.0 0.0
0.010156971375807941 144755.8 0.0
0.010272391505078486 92689.2 0.0
0.01038781163434903 108926.75 0.0
0.010503231763619576 118713.14285714286 0.0
0.01061865189289012 122762.85714285714 0.0
0.010734072022160665 107476.44444444444 0.0
0.01084949215143121 90236.75 0.0
0.010964912280701754 119896.83333333333 0.0
0.0110803324099723 114941.0 0.0
0.011195752539242845 132660.57142857142 0.0
0.011311172668513388 140924.8 0.0
0.011426592797783934 168304.83333333334 0.0
0.011542012927054479 143120.66666666666 0.0
0.011657433056325023 155684.88888888888 0.0
0.011772853185595568 145975.0 0.0
0.011888273314866112 150919.2857142857 0.0
0.012003693444136657 146851.44444444444 0.0
0.012119113573407203 155873.375 0.0
0.012234533702677746 127450.25 0.0
0.012349953831948292 126168.2 0.0
0.012465373961218837 120903.5 0.0
0.012580794090489381 151032.6 0.0
0.012696214219759926 134821.0 0.0
0.012811634349030472 162576.8 0.0
0.012927054478301015 131811.0 0.0
0.01304247460757156 120756.0 0.0
0.013157894736842105 149891.4 0.0
0.01327331486611265 157537.42857142858 0.0
0.013388734995383195 162302.55555555556 0.0
0.013504155124653739 140648.2857142857 0.0
0.013619575253924284 150270.66666666666 0.0
0.01373499538319483 136183.25 0.0
0.013850415512465374 151351.125 0.0
0.013965835641735919 157665.85714285713 0.0
0.014081255771006464 161995.8 0.0
0.014196675900277008 152888.57142857142 0.0
0.014312096029547553 153972.6 0.0
0.014427516158818097 167165.75 0.0
0.014542936288088643 165083.42857142858 0.0
0.014658356417359188 149309.0 0.0
0.014773776546629732 184153.5 0.0
0.014889196675900277 201506.75 0.0
0.015004616805170823 174779.25 0.0
0.015120036934441366 197672.6 0.0
0.015235457063711912 183869.75 0.0
0.015350877192982455 182430.5 0.0
0.015466297322253 180734.5 0.0
0.015581717451523546 135083.0 0.0
0.01569713758079409 161847.0 0.0
0.015812557710064637 184216.0 0.0
0.01592797783933518 195253.5 0.0
0.016043397968605724 239564.0 0.0
0.016158818097876268 185893.0 0.0
0.016274238227146815 181257.42857142858 0.0
0.01638965835641736 189948.83333333334 0.0
0.016505078485687903 201350.0 0.0
0.01662049861495845 185112.2 0.0
0.016735918744228993 195592.66666666666 0.0
0.016851338873499537 203089.66666666666 0.0
0.016966759002770084 187492.0 0.0
0.017082179132040628 175151.33333333334 0.0
0.01719759926131117 178279.0 1.0
0.01731301939058172 165309.0 0.0
0.017428439519852262 216599.5 0.0
0.017543859649122806 218467.0 0.0
0.017659279778393353 187214.0 0.5
0.017774699907663897 216563.0 0.3333333333333333
0.01789012003693444 251612.0 0.0
0.018005540166204988 258140.0 0.0
0.01812096029547553 243949.83333333334 0.16666666666666666
0.018236380424746075 197524.75 0.25
0.018351800554016622 229702.4 0.2
0.018467220683287166 252426.4 0.0
0.01858264081255771 207015.0 0.0
0.018698060941828253 192820.33333333334 0.3333333333333333
0.018928901200369344 204916.0 0.0
0.019044321329639888 175283.5 0.0
0.019159741458910435 160347.0 0.0
0.01927516158818098 139579.0 0.0
0.019390581717451522 139702.0 0.0
0.01950600184672207 170050.5 0.5
0.019621421975992613 202538.5 0.0
0.019736842105263157 187068.0 0.0
0.019852262234533704 178606.0 0.0
0.019967682363804248 215311.0 0.0
0.02008310249307479 232284.83333333334 0.16666666666666666
0.02019852262234534 233913.2 0.2
0.020313942751615882 222572.5 0.0
0.020429362880886426 239083.2 0.2
0.020544783010156973 216616.33333333334 0.3333333333333333
0.020660203139427517 227859.5 0.0
0.02077562326869806 233737.25 0.25
0.020891043397968604 241962.0 0.2
0.02100646352723915 219287.2857142857 0.2857142857142857
0.021121883656509695 217780.42857142858 0.14285714285714285
0.02123730378578024 232428.6 0.0
0.021352723915050786 272418.5 0.0
0.02146814404432133 240034.0 0.2
0.021583564173591873 216774.2857142857 0.14285714285714285
0.02169898430286242 244402.0 0.3333333333333333
0.021814404432132964 252023.75 0.25
0.021929824561403508 272661.6666666667 0.0
0.022045244690674055 258028.66666666666 0.0
0.0221606648199446 306391.5 0.0
0.022276084949215142 269645.3333333333 0.0
0.02239150507848569 254406.0 0.0
0.022506925207756233 274425.5 0.0
0.022622345337026777 294344.0 0.0
0.022737765466297324 294476.4 0.0
0.022853185595567867 361418.5 0.0
0.02296860572483841 246832.33333333334 0.0
0.023199445983379502 270466.0 0.0
0.02343028624192059 309290.25 0.0
0.023545706371191136 256509.5 0.0
0.02366112650046168 189595.0 0.0
0.02389196675900277 282109.0 0.0
0.024007386888273315 260184.0 0.0
0.02412280701754386 190921.0 0.0
0.024238227146814405 260867.0 0.0
0.02435364727608495 216426.66666666666 0.0
0.024469067405355493 275956.5 0.0
0.02458448753462604 281514.0 0.0
0.024699907663896584 280820.0 0.0
0.024815327793167127 276717.0 0.0
0.024930747922437674 242071.0 0.0
0.025046168051708218 251117.0 0.0
0.02527700831024931 219748.0 0.0
0.025392428439519853 205970.0 0.0
0.025738688827331487 281381.0 0.0
0.025969529085872575 210366.0 0.0
0.02608494921514312 209737.0 0.0
0.026200369344413665 275218.75 0.0
0.02631578947368421 225056.33333333334 0.0
0.026431209602954756 235772.66666666666 0.0
0.0265466297322253 304562.25 0.0
0.026662049861495844 283435.0 0.0
0.02677746999076639 215591.0 0.0
0.027008310249307478 247131.0 0.0
0.027123730378578025 292485.0 0.0
0.02723915050784857 320128.8 0.0
0.027354570637119113 303138.0 0.0
0.02746999076638966 261565.0 0.0
0.027816251154201294 386033.0 0.0
0.027931671283471838 225206.0 0.0
0.028393351800554016 387123.0 0.0
0.02850877192982456 384372.0 0.0
0.02873961218836565 283105.0 0.0
0.028855032317636194 287967.5 0.0
0.02897045244690674 292845.0 0.0
0.029085872576177285 283344.0 0.0
0.02920129270544783 274039.0 0.0
0.02943213296398892 256914.0 0.0
0.029547553093259463 248468.0 0.0
0.030009233610341645 221619.0 0.0
0.03012465373961219 259298.0 0.0
0.03035549399815328 348604.0 0.0
0.030470914127423823 390278.0 0.0
0.030586334256694367 342508.0 0.0
0.03070175438596491 376677.6666666667 0.0
0.030817174515235458 370003.0 0.0
0.030932594644506 391612.0 0.0
0.031048014773776545 349955.0 0.0
0.031163434903047092 353427.0 0.0
0.031278855032317636 391785.0 0.0
0.03139427516158818 374498.0 0.0
0.031625115420129274 366336.5 0.0
0.03185595567867036 352374.0 0.0
0.03208679593721145 287530.0 0.0
0.03220221606648199 287680.0 0.0
0.032317636195752536 346441.0 0.0
0.03254847645429363 325584.5 0.0
0.032663896583564174 304974.0 0.0
0.03289473684210526 328449.6666666667 0.0
0.033010156971375805 348040.0 0.0
0.033125577100646356 386487.0 0.0
0.03347183748845799 363873.0 0.0
0.03358725761772853 382500.0 0.0
0.0342797783933518 379536.0 0.0
0.03439519852262234 379849.0 0.0
0.03462603878116344 340305.0 0.0
0.03474145891043398 274676.0 0.0
0.034856879039704525 274766.0 0.0
0.035318559556786706 343223.0 0.0
0.035549399815327794 356843.0 0.0
0.03578024007386888 343690.0 0.0
0.035895660203139425 357163.0 0.0
0.03716528162511542 305442.0 0.0
0.037742382271468145 315806.0 0.0
0.03785780240073869 356574.0 0.0
0.038204062788550326 357106.0 0.0
0.038896583564173595 352398.5 0.0
0.03901200369344414 394809.0 0.5
0.03912742382271468 351626.5 0.5
0.039242843951985226 351634.5 0.5
0.03935826408125577 402830.0 0.5
0.039473684210526314 351830.5 0.5
0.03958910433979686 369470.0 0.3333333333333333
0.03970452446906741 415205.5 0.5
0.03981994459833795 415308.5 0.5
0.039935364727608495 365436.5 0.0
0.04005078485687904 294020.0 0.0
0.04016620498614958 294183.0 0.0
0.040281625115420126 294303.0 0.0
0.04039704524469068 339320.0 0.0
0.04051246537396122 376123.0 0.0
0.040627885503231764 404643.75 0.0
0.04074330563250231 351752.3333333333 0.0
0.040974145891043395 341169.0 0.0
0.04132040627885503 380390.5 0.0
0.041666666666666664 465931.0 0.0
0.04178208679593721 465989.0 0.0
0.04247460757156048 687979.0 0.0
0.04270544783010157 306275.0 0.0
0.04293628808864266 308356.0 0.0
0.0430517082179132 348273.3333333333 0.0
0.043167128347183746 391709.0 0.0
0.04339796860572484 479646.0 1.0
0.043513388734995384 479669.0 1.0
0.043859649122807015 483944.0 1.0
0.04420590951061865 507407.5 0.5
0.0443213296398892 530783.0 0.0
0.04443674976915974 530850.0 0.0
0.04478301015697138 538862.0 0.0
0.045013850415512466 485204.0 1.0
0.04512927054478301 485383.0 1.0
0.04524469067405355 490998.0 1.0
0.04547553093259465 418326.0 0.0
0.046052631578947366 420925.0 0.0
0.046168051708217916 421171.0 0.0
0.04628347183748846 421280.5 0.0
0.04651431209602955 421449.0 0.0
0.04662973222530009 436801.0 0.0
0.046745152354570635 437083.0 0.0
0.04686057248384118 499522.0 0.0
0.04720683287165282 409481.0 0.0
0.047437673130193904 478312.0 0.0
0.047668513388735 418140.0 0.0
0.04778393351800554 450299.0 0.0
0.047899353647276086 434277.0 0.0
0.04801477377654663 418188.0 0.0
0.04824561403508772 430567.0 0.5
0.04836103416435827 432085.5 0.5
0.04847645429362881 432308.0 0.5
0.048591874422899355 434640.0 0.5
0.0487072945521699 424671.0 0.0
0.048938134810710986 449845.0 0.5
0.04905355493998153 472042.6666666667 0.3333333333333333
0.04916897506925208 447971.0 1.0
0.049284395198522624 449762.0 1.0
0.04939981532779317 449788.0 1.0
0.04951523545706371 518570.5 0.5
0.049630655586334255 518723.0 0.5
0.0497460757156048 587055.0 0.0
0.04986149584487535 567489.0 0.0
0.04997691597414589 565554.0 0.0
0.050092336103416436 513428.3333333333 0.0
0.05020775623268698 419461.0 0.0
0.050323176361957524 455664.0 0.0
0.05090027700831025 455804.0 1.0
0.05101569713758079 456518.0 1.0
0.051131117266851336 456536.0 1.0
0.05159279778393352 617285.0 0.0
0.05170821791320406 618055.0 0.0
0.05228531855955679 618507.0 0.0
0.05240073868882733 618877.0 0.0
0.05286241920590951 519557.0 0.0
0.054016620498614956 623298.0 0.0
0.0541320406278855 516872.0 1.0
0.05424746075715605 516875.0 1.0
0.054362880886426594 518677.0 1.0
0.057594644506001845 1014803.0 0.0
0.06509695290858726 563752.0 1.0
0.06809787626962142 603657.0 1.0
0.07109879963065559 729803.0 0.0
0.07121421975992613 729804.0 0.0
0.07202216066481995 730110.0 0.0
0.07560018467220683 743621.0 0.0
0.07594644506001846 782164.0 0.0
0.0796398891966759 794622.0 1.0
0.0809095106186519 795570.0 1.0
0.08240997229916898 779665.0 1.0
0.08991228070175439 1378704.0 0.0
0.09337488457987073 724493.0 0.0
0.09464450600184672 876979.0 1.0
0.09522160664819945 764963.0 0.0
0.09533702677747 765483.0 0.0
0.09879963065558633 997316.0 0.0
0.09891505078485688 997635.0 0.0
0.09914589104339797 999555.0 0.0
0.10006925207756233 896261.0 1.0
0.12546168051708217 999841.0 1.0
0.1260387811634349 1057579.0 0.0
0.12869344413665743 1150970.0 0.0
0.1289242843951985 1152941.0 0.0
0.13331024930747923 1055314.0 0.0
0.1371191135734072 1391303.0 1.0
0.1592797783933518 1399041.0 0.0
0.1760156971375808 1524028.0 1.0
0.17890120036934443 1440121.0 0.0
0.22703139427516159 2423249.0 1.0
0.28474145891043395 2157513.0 1.0
0.30932594644506 2309588.0 1.0
0.4636426592797784 3200900.0 1.0
0.5363573407202216 4201315.0 2.0
1.0 6472533.0 3.0
