894961
0.00011542012927054478 1230.3484533702679 167.9862650046168
0.00023084025854108956 1770.8434856175973 257.17301184433165
0.00034626038781163435 2748.6644165863067 444.17357762777243
0.0004616805170821791 3407.12084592145 542.0876132930514
0.0005771006463527239 4111.0 694.0677200902935
0.0006925207756232687 4974.54647887324 929.061971830986
0.0008079409048938135 4920.613138686132 921.4087591240876
0.0009233610341643582 5724.052401746725 1286.995633187773
0.001038781163434903 6343.983050847458 1319.5141242937852
0.0011542012927054479 5985.716129032258 1492.258064516129
0.0012696214219759926 6971.286764705882 1660.4485294117646
0.0013850415512465374 7680.701492537313 2347.873134328358
0.0015004616805170822 7415.604166666667 1429.78125
0.001615881809787627 8466.772277227723 1800.960396039604
0.0017313019390581717 9260.28205128205 1923.0128205128206
0.0018467220683287165 9437.666666666666 2451.7916666666665
0.0019621421975992612 9450.202380952382 2568.2738095238096
0.002077562326869806 10165.191176470587 3330.294117647059
0.0021929824561403508 10391.453125 2623.703125
0.0023084025854108957 11492.492307692308 2997.8
0.0024238227146814403 10371.173913043478 4966.869565217391
0.0025392428439519853 11957.347826086956 2238.413043478261
0.00265466297322253 11771.434782608696 3032.586956521739
0.002770083102493075 14036.512195121952 3313.7804878048782
0.0028855032317636198 13487.5 3594.7
0.0030009233610341643 12254.425 4555.425
0.0031163434903047093 12310.387096774193 3443.0967741935483
0.003231763619575254 11841.0 3218.8333333333335
0.003347183748845799 12336.42857142857 3526.8571428571427
0.0034626038781163434 12217.892857142857 3546.1428571428573
0.0035780240073868884 12253.333333333334 3306.9666666666667
0.003693444136657433 15564.57142857143 4240.321428571428
0.003808864265927978 13027.241379310344 3587.137931034483
0.0039242843951985225 14094.666666666666 4160.75
0.004039704524469067 13976.68 4291.64
0.004155124653739612 14715.4 5495.45
0.004270544783010157 20323.84 5920.08
0.0043859649122807015 17025.0 5132.8
0.004501385041551247 14523.444444444445 4477.611111111111
0.0046168051708217915 13630.21052631579 5603.473684210527
0.004732225300092336 17288.764705882353 6244.64705882353
0.004847645429362881 19191.85714285714 5849.357142857143
0.004963065558633426 16765.277777777777 5910.111111111111
0.0050784856879039705 17755.6875 5954.3125
0.005193905817174515 18826.85714285714 6624.928571428572
0.00530932594644506 17476.76923076923 3768.0
0.005424746075715605 22292.470588235294 6980.529411764706
0.00554016620498615 23851.55 6378.0
0.005655586334256694 23619.0 6844.45
0.0057710064635272396 17162.722222222223 6743.333333333333
0.005886426592797784 19668.04761904762 5902.380952380952
0.006001846722068329 17263.76923076923 5007.846153846154
0.006117266851338873 20079.272727272728 4717.636363636364
0.006232686980609419 23214.235294117647 6515.058823529412
0.006348107109879963 20174.583333333332 6932.166666666667
0.006463527239150508 19807.266666666666 5423.0
0.006578947368421052 21544.0 10872.333333333334
0.006694367497691598 20905.466666666667 7549.2
0.006809787626962142 20689.583333333332 11958.916666666666
0.006925207756232687 25545.625 12316.25
0.007040627885503232 22318.2 5795.9
0.007156048014773777 22158.333333333332 6420.166666666667
0.007271468144044321 25196.25 8631.25
0.007386888273314866 20598.583333333332 7179.916666666667
0.007502308402585411 24575.416666666668 7372.5
0.007617728531855956 18469.4 5754.4
0.0077331486611265 20615.125 7055.875
0.007848568790397045 19360.0 6327.75
0.00796398891966759 24883.666666666668 7377.333333333333
0.008079409048938134 24223.3 8947.7
0.00819482917820868 22211.5 7145.25
0.008310249307479225 30194.5 10121.0
0.008425669436749769 26260.666666666668 10665.0
0.008541089566020314 28446.25 10208.0
0.00865650969529086 27478.5 7747.833333333333
0.008771929824561403 30535.0 9317.333333333334
0.008887349953831948 28774.0 9982.833333333334
0.009002770083102494 30329.4 8562.2
0.009118190212373038 32388.666666666668 7427.666666666667
0.009233610341643583 36343.5 16566.75
0.009349030470914127 17499.5 4649.5
0.009579870729455217 23733.666666666668 6737.666666666667
0.009695290858725761 26255.5 8271.5
0.009810710987996307 23511.0 6253.0
0.009926131117266852 27850.5 16301.5
0.010041551246537396 20446.0 8523.5
0.010156971375807941 28197.666666666668 15914.833333333334
0.010272391505078486 30098.5 21483.0
0.01038781163434903 27421.571428571428 19503.714285714286
0.010503231763619576 28390.333333333332 9911.333333333334
0.01061865189289012 29991.0 21148.0
0.010734072022160665 26601.428571428572 20548.571428571428
0.01084949215143121 29598.8 13115.4
0.010964912280701754 30628.0 16374.111111111111
0.0110803324099723 29259.8 11147.4
0.011195752539242845 28502.125 15660.625
0.011311172668513388 26221.636363636364 16286.09090909091
0.011426592797783934 27401.714285714286 12534.42857142857
0.011542012927054479 28208.5 16559.125
0.011657433056325023 25447.777777777777 10941.555555555555
0.011772853185595568 26343.285714285714 17283.14285714286
0.011888273314866112 30077.0 18987.75
0.012003693444136657 28930.5 18647.625
0.012119113573407203 29701.375 18247.875
0.012234533702677746 30354.3 17747.2
0.012349953831948292 32834.125 23859.75
0.012465373961218837 33585.0 20342.6
0.012580794090489381 32991.125 16211.75
0.012696214219759926 34974.3 19052.5
0.012811634349030472 30930.125 17541.5
0.012927054478301015 31915.5 15900.75
0.01304247460757156 34057.77777777778 18020.333333333332
0.013157894736842105 32917.71428571428 16828.85714285714
0.01327331486611265 35558.25 17519.0
0.013388734995383195 45163.0 29028.333333333332
0.013504155124653739 32697.571428571428 15269.857142857143
0.013619575253924284 30956.14285714286 11164.57142857143
0.01373499538319483 38157.857142857145 22180.714285714286
0.013850415512465374 33751.8 23318.2
0.013965835641735919 32497.0 18129.875
0.014081255771006464 28688.4 13581.2
0.014196675900277008 32391.875 16562.375
0.014312096029547553 36240.333333333336 18783.166666666668
0.014427516158818097 37322.125 19134.25
0.014542936288088643 55220.5 18710.5
0.014658356417359188 45837.28571428572 22416.14285714286
0.014773776546629732 36986.666666666664 18686.0
0.014889196675900277 39856.5 19602.5
0.015004616805170823 40877.857142857145 16689.285714285714
0.015120036934441366 43967.833333333336 17795.666666666668
0.015235457063711912 38017.0 16276.25
0.015350877192982455 41811.0 18837.0
0.015466297322253 38046.5 19611.25
0.015581717451523546 56814.666666666664 23655.333333333332
0.01569713758079409 48030.2 20329.4
0.015812557710064637 46845.375 20376.75
0.01592797783933518 42943.4 23810.2
0.016043397968605724 36150.0 17270.0
0.016274238227146815 40195.0 16212.666666666666
0.01638965835641736 43356.0 33558.0
0.016505078485687903 40795.5 24897.5
0.01662049861495845 37631.0 22399.666666666668
0.016735918744228993 32987.0 9057.5
0.016851338873499537 38214.0 16213.0
0.016966759002770084 53119.333333333336 32881.5
0.017082179132040628 45096.0 24990.2
0.01719759926131117 35046.666666666664 25732.666666666668
0.01731301939058172 43448.2 33371.0
0.017428439519852262 42285.25 27586.0
0.017543859649122806 55495.0 36503.5
0.017659279778393353 44158.833333333336 23090.666666666668
0.017774699907663897 44292.833333333336 23111.0
0.01789012003693444 46808.6 27527.0
0.018005540166204988 45545.6 19846.0
0.01812096029547553 50048.5 25501.5
0.018236380424746075 32015.0 17861.0
0.018351800554016622 60622.0 43763.0
0.018467220683287166 61229.0 44849.0
0.01858264081255771 64422.0 47442.0
0.018698060941828253 49372.5 22855.0
0.0188134810710988 52095.0 32986.0
0.018928901200369344 52124.0 33067.0
0.019044321329639888 40660.75 21733.0
0.019159741458910435 43245.0 21873.4
0.01927516158818098 51949.0 27273.333333333332
0.019390581717451522 49754.75 33928.0
0.01950600184672207 48978.2 33885.4
0.019621421975992613 41060.75 33247.0
0.019736842105263157 62573.0 45177.0
0.019967682363804248 47798.5 40892.5
0.02008310249307479 43335.5 37036.0
0.02019852262234534 44638.75 27208.0
0.020313942751615882 44293.5 26538.25
0.020429362880886426 49337.4 16891.4
0.020544783010156973 57312.0 37351.5
0.020660203139427517 61346.5 38921.5
0.02077562326869806 43143.0 18902.0
0.02100646352723915 64293.0 48235.0
0.021121883656509695 57774.0 27668.5
0.02123730378578024 37369.0 22798.0
0.021352723915050786 52566.666666666664 32038.666666666668
0.02146814404432133 60113.0 30563.0
0.021583564173591873 52149.6 27132.8
0.02169898430286242 43651.0 33450.5
0.021814404432132964 49743.0 43785.0
0.022045244690674055 41036.0 8214.0
0.0221606648199446 40469.0 18896.25
0.022276084949215142 41363.666666666664 17328.0
0.022622345337026777 41475.0 29225.0
0.022737765466297324 66452.0 49090.0
0.02296860572483841 55800.0 51119.0
0.023084025854108958 45168.0 53179.0
0.023199445983379502 49271.0 49993.0
0.023314866112650046 59025.666666666664 33061.666666666664
0.02343028624192059 40750.5 36800.5
0.023545706371191136 45655.0 53729.0
0.02366112650046168 44543.5 42780.0
0.023776546629732224 44245.0 32508.333333333332
0.02389196675900277 54192.75 26408.5
0.024007386888273315 52121.25 37960.75
0.02412280701754386 46218.666666666664 41272.333333333336
0.024238227146814405 63644.0 40212.0
0.02435364727608495 52578.5 35027.5
0.024469067405355493 46329.0 56247.0
0.02458448753462604 56162.0 52529.0
0.024699907663896584 52414.0 41231.5
0.024815327793167127 56987.5 42355.25
0.024930747922437674 49250.25 33690.25
0.025046168051708218 52056.4 33646.4
0.025161588180978762 50460.5 42286.5
0.02527700831024931 47619.666666666664 35189.333333333336
0.025392428439519853 50393.25 33928.5
0.025507848568790396 58609.0 30141.0
0.025623268698060944 56178.0 28026.0
0.025738688827331487 70858.0 55704.0
0.02585410895660203 42566.75 33550.0
0.025969529085872575 43188.0 44514.0
0.02608494921514312 51826.5 31319.0
0.026200369344413665 56276.0 29167.0
0.02631578947368421 52494.25 31064.75
0.026431209602954756 52010.0 30320.0
0.0265466297322253 52178.75 36854.25
0.026662049861495844 54845.0 27837.0
0.02677746999076639 58320.8 33607.4
0.026892890120036934 59008.0 33014.0
0.027008310249307478 58580.0 38317.5
0.027123730378578025 53518.333333333336 38346.833333333336
0.02723915050784857 55132.0 36224.0
0.027354570637119113 58185.4 36947.0
0.02746999076638966 56519.666666666664 33808.666666666664
0.027585410895660203 57398.6 39801.0
0.027700831024930747 61494.333333333336 27817.333333333332
0.027816251154201294 52325.0 34828.0
0.027931671283471838 53606.0 37246.0
0.02804709141274238 59226.0 30085.4
0.02816251154201293 55017.333333333336 35465.666666666664
0.028393351800554016 63989.75 31428.25
0.02850877192982456 66056.0 29854.8
0.028624192059095107 74854.0 22115.0
0.02873961218836565 61518.25 26387.5
0.028855032317636194 67866.5 38895.0
0.02897045244690674 52654.0 35671.0
0.029085872576177285 40890.0 24019.0
0.02920129270544783 62989.0 38633.333333333336
0.029316712834718376 63011.666666666664 38661.666666666664
0.02943213296398892 60939.5 36644.0
0.029547553093259463 64540.666666666664 27950.333333333332
0.02966297322253001 64256.5 28047.0
0.029778393351800554 77058.5 33219.0
0.029893813481071098 64408.5 28271.0
0.030009233610341645 61576.5 31817.0
0.03012465373961219 62541.5 24103.5
0.030240073868882732 49292.0 27899.0
0.03035549399815328 64648.5 28442.0
0.030470914127423823 75872.0 20330.0
0.030586334256694367 63273.0 36569.5
0.03070175438596491 64890.666666666664 54565.0
0.030817174515235458 67650.75 46023.5
0.030932594644506 64991.0 54697.333333333336
0.031048014773776545 60637.0 53594.5
0.031163434903047092 48257.0 40421.0
0.031278855032317636 54745.666666666664 49148.0
0.031625115420129274 52531.666666666664 43470.0
0.03174053554939982 59152.5 36376.0
0.03185595567867036 54092.5 50465.0
0.031971375807940905 59103.0 49296.0
0.03208679593721145 56363.5 56774.0
0.03220221606648199 65022.0 31657.0
0.03243305632502309 54419.0 51654.0
0.03254847645429363 68008.0 46040.0
0.032663896583564174 56637.5 56940.0
0.03277931671283472 56669.0 56941.5
0.033010156971375805 53797.0 64485.0
0.033125577100646356 54678.0 64660.0
0.0332409972299169 51820.0 25683.0
0.03335641735918744 51835.0 25683.0
0.03358725761772853 54910.0 34658.0
0.033702677746999074 54939.0 34660.0
0.033818097876269625 65961.5 36875.5
0.03393351800554017 69411.66666666667 35088.0
0.03404893813481071 62528.666666666664 33163.0
0.034164358264081256 55779.0 25789.0
0.0342797783933518 66439.5 32516.5
0.03439519852262234 66462.5 32531.0
0.03451061865189289 62811.0 33404.333333333336
0.03462603878116344 63147.0 36870.666666666664
0.03474145891043398 67133.0 43239.666666666664
0.034856879039704525 77728.0 39412.0
0.03497229916897507 67381.33333333333 37259.666666666664
0.03508771929824561 56710.0 28493.0
0.03543397968605725 63490.0 40258.0
0.035549399815327794 61815.0 52220.0
0.03566481994459834 59173.5 44173.5
0.03578024007386888 77827.0 39452.0
0.035895660203139425 69921.5 45848.5
0.036011080332409975 65471.0 42622.666666666664
0.03624192059095106 78501.0 39936.0
0.036588180978762694 71209.0 44920.0
0.036703601108033244 71217.0 44932.0
0.03681902123730379 64019.5 40726.0
0.03693444136657433 90727.5 43140.0
0.037049861495844875 79474.0 40960.666666666664
0.03716528162511542 68496.0 46131.0
0.037396121883656507 101059.0 58475.0
0.03751154201292706 78441.5 62343.5
0.0376269621421976 81976.0 28732.0
0.03797322253000923 76748.5 37136.0
0.038088642659279776 82041.0 28816.0
0.03831948291782087 82160.0 28915.0
0.0386657433056325 82876.0 33767.0
0.03901200369344414 82985.0 33767.0
0.03958910433979686 63019.0 35287.0
0.03970452446906741 83188.0 33824.0
0.03981994459833795 83199.0 33824.0
0.039935364727608495 83207.0 33824.0
0.04005078485687904 51034.0 14801.0
0.04039704524469068 59313.0 34308.5
0.04051246537396122 51225.0 15202.0
0.040627885503231764 83305.0 33889.0
0.04074330563250231 68584.5 24786.5
0.04085872576177285 88639.0 46901.0
0.04120498614958449 68419.0 53926.0
0.04132040627885503 68433.0 53927.0
0.04155124653739612 68525.0 54257.0
0.041666666666666664 69199.0 54988.0
0.04189750692520776 69236.0 55043.0
0.04247460757156048 72878.0 42490.5
0.04259002770083103 73249.0 42655.0
0.04293628808864266 73033.0 47592.0
0.0430517082179132 60895.0 16368.0
0.043167128347183746 75352.0 53776.333333333336
0.0432825484764543 75665.0 53871.333333333336
0.04374422899353647 82275.0 77039.0
0.043859649122807015 92343.0 85413.0
0.043975069252077566 81100.5 82999.5
0.04420590951061865 70520.0 55914.0
0.0443213296398892 87101.0 83351.0
0.04443674976915974 76448.0 56211.5
0.044552169898430284 85523.0 56600.0
0.04466759002770083 73605.0 62953.5
0.04478301015697138 86594.0 58435.0
0.04489843028624192 86595.0 58436.0
0.045013850415512466 86598.0 58438.0
0.04512927054478301 79204.0 57347.5
0.04524469067405355 76175.5 49503.0
0.04547553093259465 71184.0 56152.5
0.04559095106186519 61734.0 69430.0
0.04582179132040628 61741.0 69430.0
0.04651431209602955 74077.5 54857.0
0.046745152354570635 72225.0 56806.0
0.04686057248384118 72244.0 56806.0
0.04697599261311173 80897.0 43496.0
0.04709141274238227 74364.5 55199.5
0.04720683287165282 76675.5 50273.5
0.047437673130193904 80953.0 43534.0
0.04755309325946445 82551.33333333333 52616.333333333336
0.047668513388735 90161.0 60648.0
0.04813019390581717 90437.0 60961.0
0.04824561403508772 85940.0 52817.0
0.04836103416435827 81513.0 44697.0
0.04847645429362881 81516.0 44697.0
0.048591874422899355 81518.0 44697.0
0.0487072945521699 82438.5 56934.5
0.04882271468144044 93094.0 45296.333333333336
0.048938134810710986 82512.0 56966.5
0.04905355493998153 94885.0 61554.0
0.049284395198522624 81659.0 44842.0
0.04939981532779317 81662.0 44842.0
0.04951523545706371 81701.0 44843.0
0.049630655586334255 95132.0 62011.0
0.0497460757156048 88440.0 53437.0
0.05090027700831025 82506.0 45085.0
0.051131117266851336 83825.0 57395.0
0.05170821791320406 85013.0 69705.0
0.051823638042474605 82786.0 45185.0
0.05193905817174515 83956.5 57447.0
0.0520544783010157 83976.0 57455.0
0.05216989843028624 85138.0 69750.0
0.05263157894736842 83160.0 45338.0
0.05274699907663897 83178.0 45342.0
0.0530932594644506 98292.0 64419.0
0.05343951985226224 102023.0 64821.0
0.05355493998153278 102025.0 64821.0
0.05424746075715605 106746.0 83840.0
0.05447830101569714 106756.0 83853.0
0.05459372114496768 106762.0 83854.0
0.05493998153277932 106877.0 83865.0
0.055863342566943676 81100.0 75937.0
0.05597876269621422 81459.0 76199.0
0.05609418282548476 88429.0 71480.0
0.05632502308402586 103135.0 65396.0
0.056555863342566945 88457.0 71509.0
0.056902123730378576 107994.0 85050.0
0.05701754385964912 108003.0 85050.0
0.057248384118190214 108012.0 85053.0
0.0574792243767313 109975.0 86866.0
0.057594644506001845 109987.0 86866.0
0.05782548476454294 110204.0 87694.0
0.05794090489381348 110208.0 87706.0
0.059441366574330565 93505.0 70250.0
0.059787626962142196 94395.0 76613.0
0.05990304709141274 94534.0 76837.0
0.060133887349953834 94550.0 76837.0
0.06059556786703601 94891.0 76946.0
0.060941828254847646 94950.0 77027.0
0.06105724838411819 94977.0 77032.0
0.06151892890120037 95047.0 77074.0
0.061634349030470915 95051.0 77079.0
0.06174976915974146 95116.0 77226.0
0.061865189289012 96442.0 78027.0
0.061980609418282546 96445.0 78035.0
0.06255771006463527 109421.0 85225.0
0.06267313019390582 108966.0 95479.0
0.06278855032317636 108972.0 95484.0
0.06301939058171745 131047.0 88616.0
0.06659741458910434 132511.0 89435.0
0.06671283471837489 101443.0 46073.0
0.06763619575253925 133082.0 91878.0
0.06775161588180979 133119.0 91889.0
0.0685595567867036 133370.0 92053.0
0.06971375807940905 135144.0 94068.0
0.0698291782086796 135153.0 94068.0
0.0708679593721145 135981.0 99496.0
0.07236842105263158 136720.0 100683.0
0.07248384118190213 136723.0 100683.0
0.07259926131117267 136737.0 100683.0
0.07271468144044321 136745.0 100683.0
0.07283010156971376 136776.0 100683.0
0.07306094182825484 141285.0 93404.0
0.07317636195752539 141286.0 93404.0
0.07329178208679593 141304.0 93407.0
0.07340720221606649 141305.0 93407.0
0.07352262234533703 141312.0 93407.0
0.07513850415512466 143775.0 130540.0
0.07675438596491228 115420.0 103368.0
0.07825484764542937 143164.0 94642.0
0.07871652816251154 143274.0 94824.0
0.07929362880886427 143460.0 95105.0
0.07940904893813482 143464.0 95113.0
0.07952446906740536 143472.0 95114.0
0.0796398891966759 143717.0 95155.0
0.08010156971375808 143775.0 95179.0
0.08044783010156971 144470.0 95254.0
0.0809095106186519 118150.0 108169.0
0.08102493074792244 118189.0 108171.0
0.08160203139427516 118360.0 108898.0
0.0817174515235457 118396.0 108980.0
0.08748845798707294 133235.0 129038.0
0.08898891966759002 136182.0 85278.0
0.09233610341643583 158921.0 134617.0
0.09475992613111726 174911.0 254722.0
0.1074561403508772 207878.0 271975.0
0.10780240073868882 126443.0 147465.0
0.10803324099722991 126457.0 147466.0
0.11149584487534626 128031.0 148592.0
0.11299630655586335 182000.0 141294.0
0.11368882733148661 171088.0 153146.0
0.11795937211449677 272892.0 185456.0
0.1185364727608495 304150.0 195794.0
0.1291551246537396 189543.0 166079.0
0.12996306555863343 248669.0 211416.0
0.14185133887349954 207630.0 176613.0
0.15881809787626963 286663.0 253569.0
0.17647737765466298 218680.0 214316.0
0.21087257617728533 252941.0 275059.0
0.24803785780240073 282758.0 321190.0
0.2968605724838412 340814.0 343166.0
0.3352954755309326 417140.0 467885.0
0.4043167128347184 446617.0 615141.0
0.47714681440443213 531922.0 644498.0
0.5228531855955678 611200.0 810935.0
1.0 894961.0 1455433.0
