14962
0.00011542012927054478 1009.6738227146815 0.0
0.00023084025854108956 1563.9376026272578 0.0
0.00034626038781163435 2213.333002973241 0.0
0.0004616805170821791 2679.659125188537 0.0
0.0005771006463527239 3028.8583690987125 0.0
0.0006925207756232687 3475.9529411764706 0.0
0.0008079409048938135 3795.8267148014443 0.0
0.0009233610341643582 3884.8193277310925 0.0
0.001038781163434903 4144.8622448979595 0.0
0.0011542012927054479 4405.016483516483 0.0
0.0012696214219759926 4674.1349206349205 0.0
0.0013850415512465374 4777.84 0.0
0.0015004616805170822 4981.931372549019 0.0
0.001615881809787627 5055.12 0.0
0.0017313019390581717 5174.813186813187 0.0
0.0018467220683287165 5416.0161290322585 0.0
0.0019621421975992612 5712.304347826087 0.0
0.002077562326869806 5888.542372881356 0.0
0.0021929824561403508 5888.454545454545 0.0
0.0023084025854108957 6063.9807692307695 0.0
0.0024238227146814403 6076.386363636364 0.0
0.0025392428439519853 6001.137254901961 0.0
0.00265466297322253 6283.040816326531 0.0
0.002770083102493075 6393.775510204082 0.0
0.0028855032317636198 6418.15625 0.0
0.0030009233610341643 6593.0 0.0
0.0031163434903047093 6908.444444444444 0.0
0.003231763619575254 6930.4375 0.0
0.003347183748845799 6864.8 0.0
0.0034626038781163434 6803.941176470588 0.0
0.0035780240073868884 6880.138888888889 0.0
0.003693444136657433 7011.222222222223 0.0
0.003808864265927978 6987.896551724138 0.0
0.0039242843951985225 7058.133333333333 0.0
0.004039704524469067 6948.347826086957 0.0
0.004155124653739612 7271.434782608696 0.0
0.004270544783010157 7398.263157894737 0.0
0.0043859649122807015 7237.117647058823 0.0
0.004501385041551247 7104.0625 0.0
0.0046168051708217915 7175.4375 0.0
0.004732225300092336 7141.4375 0.0
0.004847645429362881 7490.2 0.0
0.004963065558633426 7248.6875 0.0
0.0050784856879039705 7569.761904761905 0.0
0.005193905817174515 7402.391304347826 0.0
0.00530932594644506 7667.75 0.0
0.005424746075715605 7515.8125 0.0
0.00554016620498615 7600.2 0.0
0.005655586334256694 7700.421052631579 0.0
0.0057710064635272396 7684.55 0.0
0.005886426592797784 7747.181818181818 0.0
0.006001846722068329 7800.846153846154 0.0
0.006117266851338873 7709.4 0.0
0.006232686980609419 8148.875 0.0
0.006348107109879963 8048.25 0.0
0.006463527239150508 8147.111111111111 0.0
0.006578947368421052 7944.2307692307695 0.0
0.006694367497691598 7882.454545454545 0.0
0.006809787626962142 8074.727272727273 0.0
0.006925207756232687 8051.166666666667 0.0
0.007040627885503232 8165.153846153846 0.0
0.007156048014773777 8186.0 0.0
0.007271468144044321 8348.076923076924 0.0
0.007386888273314866 8243.923076923076 0.0
0.007502308402585411 8397.384615384615 0.0
0.007617728531855956 8454.111111111111 0.0
0.0077331486611265 8418.357142857143 0.0
0.007848568790397045 8592.2 0.0
0.00796398891966759 8712.42857142857 0.0
0.008079409048938134 8421.8 0.0
0.00819482917820868 8420.6 0.0
0.008310249307479225 8410.23076923077 0.0
0.008425669436749769 8229.888888888889 0.0
0.008541089566020314 8323.75 0.0
0.00865650969529086 8309.57142857143 0.0
0.008771929824561403 8497.142857142857 0.0
0.008887349953831948 8371.6 0.0
0.009002770083102494 8230.5 0.0
0.009118190212373038 8546.25 0.0
0.009233610341643583 8462.333333333334 0.0
0.009349030470914127 8768.75 0.0
0.009464450600184672 8655.0 0.0
0.009579870729455217 8464.25 0.0
0.009695290858725761 8561.6 0.0
0.009810710987996307 8684.42857142857 0.0
0.009926131117266852 8729.57142857143 0.0
0.010041551246537396 8547.0 0.0
0.010156971375807941 8431.714285714286 0.0
0.010272391505078486 8744.666666666666 0.0
0.01038781163434903 8676.714285714286 0.0
0.010503231763619576 8908.5 0.0
0.01061865189289012 9070.0 0.0
0.010734072022160665 8840.375 0.0
0.01084949215143121 8941.285714285714 0.0
0.010964912280701754 8678.75 0.0
0.0110803324099723 8525.5 0.0
0.011195752539242845 8672.666666666666 0.0
0.011311172668513388 8726.0 0.0
0.011426592797783934 8637.0 0.0
0.011542012927054479 8568.57142857143 0.0
0.011657433056325023 8693.833333333334 0.0
0.011772853185595568 8742.4 0.0
0.011888273314866112 8967.0 0.0
0.012003693444136657 8854.0 0.0
0.012119113573407203 8970.6 0.0
0.012234533702677746 8780.833333333334 0.0
0.012349953831948292 8944.6 0.0
0.012465373961218837 8927.25 0.0
0.012580794090489381 8894.333333333334 0.0
0.012696214219759926 9067.666666666666 0.0
0.012811634349030472 8789.333333333334 0.0
0.012927054478301015 9165.25 0.0
0.01304247460757156 8682.0 0.0
0.013157894736842105 8953.0 0.0
0.01327331486611265 8938.8 0.0
0.013388734995383195 9048.5 0.0
0.013504155124653739 9199.0 0.0
0.013619575253924284 9371.6 0.0
0.01373499538319483 9322.25 0.0
0.013850415512465374 9188.0 0.0
0.013965835641735919 9521.166666666666 0.0
0.014081255771006464 9475.666666666666 0.0
0.014196675900277008 9063.8 0.0
0.014312096029547553 9157.5 0.0
0.014427516158818097 9424.5 0.0
0.014542936288088643 9262.5 0.0
0.014658356417359188 9244.0 0.0
0.014773776546629732 9248.75 0.0
0.014889196675900277 9412.5 0.0
0.015004616805170823 9610.0 0.0
0.015120036934441366 9457.25 0.0
0.015235457063711912 9550.75 0.0
0.015350877192982455 9420.5 0.0
0.015466297322253 9601.0 0.0
0.015581717451523546 9246.5 0.0
0.01569713758079409 9426.5 0.0
0.015812557710064637 9434.25 0.0
0.01592797783933518 9363.2 0.0
0.016043397968605724 9555.25 0.0
0.016158818097876268 9524.666666666666 0.0
0.016274238227146815 9499.833333333334 0.0
0.01638965835641736 9446.333333333334 0.0
0.016505078485687903 9345.0 0.0
0.01662049861495845 9492.25 0.0
0.016851338873499537 9622.0 0.0
0.016966759002770084 9584.0 0.0
0.017082179132040628 9317.0 0.0
0.01719759926131117 9577.333333333334 0.0
0.01731301939058172 9450.0 0.0
0.017428439519852262 9341.666666666666 0.0
0.017543859649122806 9231.8 0.0
0.017659279778393353 9192.166666666666 0.0
0.017774699907663897 9495.2 0.0
0.01789012003693444 9484.0 0.0
0.018005540166204988 9732.5 0.0
0.01812096029547553 9650.333333333334 0.0
0.018236380424746075 9620.0 0.0
0.018351800554016622 8529.0 0.0
0.018467220683287166 8529.0 0.0
0.018698060941828253 9166.0 0.0
0.0188134810710988 9772.0 0.0
0.019044321329639888 9546.5 0.0
0.019159741458910435 9547.5 0.0
0.01927516158818098 9103.0 0.0
0.019390581717451522 9278.666666666666 0.0
0.01950600184672207 9379.25 0.0
0.019621421975992613 9611.333333333334 0.0
0.019852262234533704 9741.0 0.0
0.019967682363804248 9575.666666666666 0.0
0.02008310249307479 10063.0 0.0
0.02019852262234534 9848.0 0.0
0.020313942751615882 10176.5 0.0
0.020429362880886426 9916.666666666666 0.0
0.020544783010156973 9900.0 0.0
0.020660203139427517 10181.5 0.0
0.02077562326869806 9949.333333333334 0.0
0.020891043397968604 9617.5 0.0
0.02100646352723915 9656.0 0.0
0.021121883656509695 9625.0 0.0
0.02123730378578024 9670.333333333334 0.0
0.021352723915050786 9161.0 0.0
0.02146814404432133 9683.6 0.0
0.02169898430286242 9701.0 0.0
0.021929824561403508 9701.0 0.0
0.022045244690674055 9900.25 0.0
0.0221606648199446 10032.0 0.0
0.022276084949215142 9782.0 0.0
0.02239150507848569 9655.5 0.0
0.022506925207756233 9656.0 0.0
0.022622345337026777 9324.0 0.0
0.022737765466297324 9324.0 0.0
0.022853185595567867 10006.0 0.0
0.02296860572483841 9648.5 0.0
0.023199445983379502 10356.0 0.0
0.023314866112650046 10324.0 0.0
0.02366112650046168 10162.0 0.0
0.023776546629732224 10162.0 0.0
0.02389196675900277 9706.0 0.0
0.024007386888273315 9860.0 0.0
0.02412280701754386 9860.333333333334 0.0
0.024238227146814405 9625.0 0.0
0.02435364727608495 10133.0 0.0
0.02458448753462604 10105.0 0.0
0.024699907663896584 9802.0 0.0
0.024815327793167127 10191.666666666666 0.0
0.025046168051708218 9629.0 0.0
0.025161588180978762 9626.5 0.0
0.02527700831024931 9802.0 0.0
0.025392428439519853 10162.0 0.0
0.025507848568790396 10220.666666666666 0.0
0.025623268698060944 10405.5 0.0
0.025738688827331487 10463.5 0.0
0.02585410895660203 10093.5 0.0
0.025969529085872575 9809.0 0.0
0.02608494921514312 9809.0 0.0
0.026200369344413665 9918.5 0.0
0.02631578947368421 10200.333333333334 0.0
0.026431209602954756 10113.5 0.0
0.0265466297322253 10239.5 0.0
0.026662049861495844 10041.0 0.0
0.02677746999076639 9962.5 0.0
0.026892890120036934 10066.666666666666 0.0
0.027008310249307478 9867.5 0.0
0.027123730378578025 10004.666666666666 0.0
0.02723915050784857 10145.0 0.0
0.027354570637119113 10091.0 0.0
0.02746999076638966 9488.0 0.0
0.027585410895660203 10489.0 0.0
0.027816251154201294 10393.0 0.0
0.027931671283471838 10399.0 0.0
0.02804709141274238 10401.0 0.0
0.028393351800554016 10347.5 0.0
0.028624192059095107 10451.0 0.0
0.02873961218836565 10451.0 0.0
0.028855032317636194 10453.0 0.0
0.02897045244690674 10378.0 0.0
0.029085872576177285 10446.0 0.0
0.02920129270544783 10058.0 0.0
0.029778393351800554 10452.0 0.0
0.029893813481071098 9946.0 0.0
0.03035549399815328 10169.0 0.0
0.030470914127423823 10169.0 0.0
0.030586334256694367 10420.0 0.0
0.03070175438596491 10424.0 0.0
0.030817174515235458 10428.0 0.0
0.031048014773776545 10681.0 0.0
0.03150969529085872 10237.0 0.0
0.03174053554939982 10019.0 0.0
0.031971375807940905 10130.0 0.0
0.03208679593721145 10347.5 0.0
0.032317636195752536 10370.0 0.0
0.032663896583564174 10347.0 0.0
0.03289473684210526 10275.0 0.0
0.033010156971375805 9793.0 0.0
0.03335641735918744 10302.0 0.0
0.03347183748845799 10947.0 0.0
0.033702677746999074 10357.0 0.0
0.03393351800554017 10053.0 0.0
0.034164358264081256 10259.0 0.0
0.03439519852262234 11061.0 0.0
0.03451061865189289 11061.0 0.0
0.03462603878116344 11061.0 0.0
0.03474145891043398 10553.0 0.0
0.034856879039704525 10459.0 0.0
0.03497229916897507 10808.5 0.0
0.03508771929824561 11063.0 0.0
0.035203139427516156 11019.5 0.0
0.035549399815327794 11069.0 0.0
0.03566481994459834 10664.0 0.0
0.03578024007386888 10301.0 0.0
0.035895660203139425 10120.0 0.0
0.03624192059095106 10672.0 0.0
0.036357340720221606 10672.0 0.0
0.036703601108033244 10592.0 0.0
0.03693444136657433 10487.0 0.0
0.03716528162511542 10592.0 0.0
0.03728070175438596 10798.5 0.0
0.037396121883656507 10543.5 0.0
0.03751154201292706 10543.5 0.0
0.0376269621421976 10496.0 0.0
0.037742382271468145 10506.0 0.0
0.038088642659279776 10449.0 0.0
0.038204062788550326 10449.0 0.0
0.038434903047091414 10672.0 0.0
0.0386657433056325 10673.0 0.0
0.038896583564173595 10513.0 0.0
0.03901200369344414 10597.5 0.0
0.03912742382271468 10598.5 0.0
0.039242843951985226 10514.0 0.0
0.03935826408125577 10632.0 0.0
0.039473684210526314 10515.0 0.0
0.03958910433979686 10643.0 0.0
0.03970452446906741 11051.0 0.0
0.03981994459833795 10870.0 0.0
0.039935364727608495 10687.0 0.0
0.04235918744228993 11131.0 0.0
0.04247460757156048 11134.0 0.0
0.04259002770083103 10935.0 0.0
0.04270544783010157 11035.0 0.0
0.04293628808864266 11039.0 0.0
0.0430517082179132 10777.0 0.0
0.043167128347183746 10777.0 0.0
0.04339796860572484 10777.0 0.0
0.04374422899353647 10790.0 0.0
0.043975069252077566 11153.0 0.0
0.04409048938134811 10862.333333333334 0.0
0.04420590951061865 10901.0 0.0
0.0443213296398892 10897.5 0.0
0.04443674976915974 10967.25 0.0
0.044552169898430284 11093.0 0.0
0.04512927054478301 10944.0 0.0
0.04524469067405355 10847.5 0.0
0.04547553093259465 10948.0 0.0
0.04559095106186519 10825.5 0.0
0.045706371191135735 10829.0 0.0
0.04582179132040628 10734.0 0.0
0.04651431209602955 10987.0 0.0
0.04662973222530009 10966.666666666666 0.0
0.046745152354570635 11053.0 0.0
0.04686057248384118 10926.0 0.0
0.04697599261311173 10927.0 0.0
0.04709141274238227 10954.5 0.0
0.04720683287165282 10797.0 0.0
0.04732225300092336 10956.0 0.0
0.047437673130193904 10180.0 0.0
0.047668513388735 11058.5 0.0
0.04778393351800554 11191.0 0.0
0.047899353647276086 10953.0 0.0
0.04801477377654663 10798.0 0.0
0.04824561403508772 11060.0 0.0
0.04836103416435827 11036.666666666666 0.0
0.049284395198522624 11202.0 0.0
0.0497460757156048 10939.0 0.0
0.04986149584487535 10940.0 0.0
0.050323176361957524 10811.0 0.0
0.05043859649122807 11202.0 0.0
0.05055401662049862 10877.0 0.0
0.05066943674976916 10877.0 0.0
0.050784856879039705 11203.0 0.0
0.05090027700831025 10812.0 0.0
0.05101569713758079 10985.666666666666 0.0
0.051131117266851336 11223.0 0.0
0.05124653739612189 11213.5 0.0
0.051477377654662974 11008.0 0.0
0.05159279778393352 11008.0 0.0
0.05170821791320406 11205.0 0.0
0.051823638042474605 11006.333333333334 0.0
0.0520544783010157 10869.0 0.0
0.052516158818097874 11207.0 0.0
0.05447830101569714 11281.0 0.0
0.05459372114496768 11281.0 0.0
0.056902123730378576 10870.0 0.0
0.05736380424746076 10880.0 0.0
0.0574792243767313 10881.0 0.0
0.057594644506001845 10883.0 0.0
0.05771006463527239 10883.0 0.0
0.05782548476454294 11091.5 0.0
0.05817174515235457 10883.0 0.0
0.058287165281625114 11300.0 0.0
0.05840258541089566 11301.0 0.0
0.05851800554016621 10883.0 0.0
0.05909510618651893 11022.0 0.0
0.06001846722068329 11024.0 0.0
0.06359649122807018 11356.0 0.0
0.06371191135734072 11356.0 0.0
0.06382733148661127 11356.0 0.0
0.06451985226223453 11358.0 0.0
0.06567405355493998 11391.0 0.0
0.06613573407202217 10964.0 0.0
0.06625115420129271 11397.0 0.0
0.06752077562326869 11242.0 0.0
0.06763619575253925 11244.0 0.0
0.06775161588180979 11244.0 0.0
0.06786703601108034 11244.0 0.0
0.0685595567867036 11339.5 0.0
0.06867497691597414 11339.5 0.0
0.06879039704524469 11245.0 0.0
0.06890581717451523 11435.0 0.0
0.06902123730378577 11342.0 0.0
0.06913665743305633 11249.0 0.0
0.06948291782086796 10977.0 0.0
0.0698291782086796 10977.0 0.0
0.07006001846722068 10977.0 0.0
0.07017543859649122 10977.0 0.0
0.07029085872576177 10977.0 0.0
0.07040627885503231 10978.0 0.0
0.07052169898430287 10978.0 0.0
0.07063711911357341 11437.0 0.0
0.07098337950138504 11437.0 0.0
0.07109879963065559 11208.5 0.0
0.07132963988919667 11208.5 0.0
0.07144506001846722 11208.5 0.0
0.07225300092336104 10994.0 0.0
0.07236842105263158 11076.0 0.0
0.07248384118190213 11527.0 0.0
0.07259926131117267 11438.0 0.0
0.07317636195752539 11617.0 0.0
0.07329178208679593 11617.0 0.0
0.07340720221606649 11444.0 0.0
0.07352262234533703 11446.0 0.0
0.07363804247460758 11446.0 0.0
0.07375346260387812 11446.0 0.0
0.0742151431209603 11531.5 0.0
0.07433056325023084 11617.0 0.0
0.07444598337950138 11617.0 0.0
0.07456140350877193 11617.0 0.0
0.07467682363804247 11618.0 0.0
0.07490766389658357 11450.666666666666 0.0
0.07502308402585411 11618.0 0.0
0.07513850415512466 11458.0 0.0
0.0752539242843952 11459.0 0.0
0.07560018467220683 11538.5 0.0
0.07571560480147738 11459.0 0.0
0.0765235457063712 11293.0 0.0
0.07663896583564174 11293.0 0.0
0.07675438596491228 11293.0 0.0
0.07686980609418283 11376.5 0.0
0.07698522622345337 11460.0 0.0
0.07721606648199446 11293.0 0.0
0.077331486611265 11293.0 0.0
0.07744690674053555 11461.0 0.0
0.07756232686980609 11377.5 0.0
0.07767774699907663 11306.0 0.0
0.07848568790397045 11310.0 0.0
0.078601108033241 11310.0 0.0
0.07929362880886427 11462.0 0.0
0.07940904893813482 11711.0 0.0
0.07952446906740536 11462.0 0.0
0.0796398891966759 11462.0 0.0
0.07975530932594645 11464.0 0.0
0.07987072945521699 11464.0 0.0
0.07998614958448753 11587.5 0.0
0.08021698984302862 11390.0 0.0
0.08056325023084025 11555.5 0.0
0.08067867036011081 11720.0 0.0
0.0809095106186519 11556.0 0.0
0.08102493074792244 11721.0 0.0
0.08114035087719298 11873.0 0.0
0.08125577100646353 12025.0 0.0
0.08137119113573407 12025.0 0.0
0.08148661126500462 12026.0 0.0
0.0817174515235457 12028.0 0.0
0.08229455216989844 12084.0 0.0
0.08252539242843952 12084.0 0.0
0.08275623268698061 12084.0 0.0
0.08321791320406279 11401.0 0.0
0.08333333333333333 11481.0 0.0
0.08356417359187442 11401.0 0.0
0.08575715604801477 12099.0 0.0
0.08587257617728532 12102.0 0.0
0.08598799630655586 12103.0 0.0
0.0861034164358264 12103.0 0.0
0.08621883656509695 11722.0 0.0
0.08633425669436749 11340.0 0.0
0.08668051708217914 12105.0 0.0
0.08679593721144968 12105.0 0.0
0.08691135734072022 12108.0 0.0
0.08795013850415513 11343.0 0.0
0.08806555863342568 11343.0 0.0
0.08852723915050785 11344.0 0.0
0.08875807940904894 11727.5 0.0
0.08887349953831948 12109.0 0.0
0.08898891966759002 11346.0 0.0
0.08910433979686057 12109.0 0.0
0.08921975992613111 12109.0 0.0
0.08933518005540166 11346.0 0.0
0.08945060018467221 11346.0 0.0
0.0907202216066482 12114.0 0.0
0.09083564173591874 12114.0 0.0
0.09106648199445984 11734.5 0.0
0.09164358264081256 12122.0 0.0
0.09198984302862419 11363.0 0.0
0.09245152354570638 11364.0 0.0
0.09383656509695291 11371.0 0.0
0.09429824561403509 11371.0 0.0
0.09452908587257618 11371.0 0.0
0.09464450600184672 11371.0 0.0
0.09487534626038781 11371.0 0.0
0.0951061865189289 11371.0 0.0
0.09522160664819945 11371.0 0.0
0.09533702677747 11371.0 0.0
0.09568328716528163 11371.0 0.0
0.09602954755309326 11371.0 0.0
0.09810710987996306 11360.0 0.0
0.09856879039704525 11360.0 0.0
0.09879963065558633 11360.0 0.0
0.09891505078485688 11360.0 0.0
0.09903047091412742 11377.0 0.0
0.09926131117266851 11362.0 0.0
0.09960757156048015 11362.0 0.0
0.0997229916897507 11442.5 0.0
0.10006925207756233 11399.0 0.0
0.10018467220683287 11363.0 0.0
0.10030009233610342 11363.0 0.0
0.1005309325946445 11463.0 0.0
0.10145429362880887 11505.0 0.0
0.10168513388734995 11816.0 0.0
0.1018005540166205 11816.0 0.0
0.10191597414589104 11816.0 0.0
0.10307017543859649 11446.0 0.0
0.10318559556786704 11446.0 0.0
0.10341643582640812 11446.0 0.0
0.10353185595567867 11486.0 0.0
0.10376269621421975 11446.0 0.0
0.1038781163434903 11446.0 0.0
0.10399353647276086 11526.0 0.0
0.10445521698984303 11527.0 0.0
0.10607109879963066 11537.0 0.0
0.10630193905817174 11537.0 0.0
0.10653277931671283 11539.0 0.0
0.10699445983379502 11682.5 0.0
0.10710987996306556 11826.0 0.0
0.10757156048014774 11828.0 0.0
0.10768698060941828 11828.0 0.0
0.1084949215143121 11835.0 0.0
0.10941828254847645 11846.0 0.0
0.10964912280701754 12216.0 0.0
0.1105724838411819 11552.0 0.0
0.11080332409972299 11557.0 0.0
0.11091874422899353 11558.0 0.0
0.11218836565096953 11624.0 0.0
0.11265004616805172 11561.0 0.0
0.11276546629732226 11561.0 0.0
0.11299630655586335 11851.0 0.0
0.11311172668513389 11562.0 0.0
0.11322714681440443 11562.0 0.0
0.11334256694367498 11593.0 0.0
0.11449676823638043 11562.0 0.0
0.11461218836565097 11562.0 0.0
0.11715143120960296 11564.0 0.0
0.11749769159741459 11564.0 0.0
0.11911357340720222 11568.0 0.0
0.11980609418282548 11651.0 0.0
0.11992151431209604 11651.0 0.0
0.12038319482917821 11609.5 0.0
0.12049861495844875 11651.0 0.0
0.12072945521698984 11651.0 0.0
0.12084487534626039 11651.0 0.0
0.12096029547553093 11651.0 0.0
0.12107571560480147 11651.0 0.0
0.12119113573407202 11651.0 0.0
0.12142197599261312 11651.0 0.0
0.12257617728531855 11651.0 0.0
0.13250230840258542 11612.0 0.0
0.13365650969529086 11672.0 0.0
0.1337719298245614 11672.0 0.0
0.13411819021237303 11824.0 0.0
0.15166204986149584 12544.0 0.0
0.15246999076638965 12545.0 0.0
0.1525854108956602 12545.0 0.0
0.1605493998153278 12601.0 0.0
0.1611265004616805 12606.0 0.0
0.16124192059095105 12606.0 0.0
0.16135734072022162 12606.0 0.0
0.1674746075715605 12613.0 0.0
0.16759002770083103 12613.0 0.0
0.16770544783010158 12615.0 0.0
0.16793628808864267 12615.0 0.0
0.17001385041551245 12105.0 0.0
0.17070637119113574 12619.0 0.0
0.17105263157894737 12620.0 0.0
0.18409510618651892 12629.0 0.0
0.18421052631578946 12629.0 0.0
0.18444136657433055 12631.0 0.0
0.1845567867036011 12631.0 0.0
0.18790397045244692 12165.0 0.0
0.19009695290858725 12640.0 0.0
0.19032779316712833 12643.0 0.0
0.19067405355494 12644.0 0.0
0.19090489381348108 12644.0 0.0
0.19113573407202217 12644.0 0.0
0.1912511542012927 12644.0 0.0
0.19171283471837489 12644.0 0.0
0.19598337950138503 12651.0 0.0
0.22518467220683286 12728.0 0.0
0.30851800554016623 13047.0 0.0
0.3204062788550323 12593.0 0.0
0.3564173591874423 13190.0 0.0
0.43340258541089566 13144.0 0.0
0.5339335180055401 13434.0 0.0
0.6435826408125577 14217.0 0.0
1.0 14962.0 0.0
