1133
0.00011542012927054478 555.9383656509696 167.9862650046168
0.00023084025854108956 759.291235059761 345.2370517928287
0.00034626038781163435 872.2286245353159 493.92936802973975
0.0004616805170821791 940.031746031746 659.1630591630592
0.0005771006463527239 982.6850220264317 782.9185022026431
0.0006925207756232687 1001.7088607594936 801.4367088607595
0.0008079409048938135 1021.9433198380567 877.6234817813765
0.0009233610341643582 1037.6622222222222 1076.5066666666667
0.001038781163434903 1047.9 1182.9555555555555
0.0011542012927054479 1055.9183673469388 1274.3469387755101
0.0012696214219759926 1060.888888888889 1415.948717948718
0.0013850415512465374 1067.9663865546217 1914.7226890756303
0.0015004616805170822 1070.2696629213483 1626.6629213483145
0.001615881809787627 1078.6463414634147 3050.487804878049
0.0017313019390581717 1078.4444444444443 1780.1805555555557
0.0018467220683287165 1078.3676470588234 1810.8088235294117
0.0019621421975992612 1083.380281690141 2927.7042253521126
0.002077562326869806 1082.936507936508 3329.4761904761904
0.0021929824561403508 1087.121212121212 3501.090909090909
0.0023084025854108957 1088.3207547169811 3338.0377358490564
0.0024238227146814403 1089.6041666666667 2517.8125
0.0025392428439519853 1088.723404255319 3573.595744680851
0.00265466297322253 1092.3658536585365 3826.609756097561
0.002770083102493075 1088.219512195122 3739.170731707317
0.0028855032317636198 1092.28125 3921.125
0.0030009233610341643 1092.0645161290322 2673.548387096774
0.0031163434903047093 1093.5405405405406 3119.837837837838
0.003231763619575254 1097.235294117647 3845.5
0.003347183748845799 1098.4411764705883 3996.9117647058824
0.0034626038781163434 1098.4444444444443 4091.472222222222
0.0035780240073868884 1099.576923076923 3473.9615384615386
0.003693444136657433 1099.2631578947369 4465.631578947368
0.003808864265927978 1101.090909090909 4485.136363636364
0.0039242843951985225 1099.3793103448277 4648.6551724137935
0.004039704524469067 1101.5416666666667 6517.833333333333
0.004155124653739612 1099.3478260869565 7244.869565217391
0.004270544783010157 1104.6 10571.5
0.0043859649122807015 1101.1363636363637 5063.545454545455
0.004501385041551247 1101.4666666666667 6860.0
0.0046168051708217915 1101.1333333333334 4944.4
0.004732225300092336 1100.3157894736842 4219.210526315789
0.004847645429362881 1105.6923076923076 11528.538461538461
0.004963065558633426 1104.7777777777778 7831.666666666667
0.0050784856879039705 1103.35 7116.3
0.005193905817174515 1105.1 7102.1
0.00530932594644506 1103.4285714285713 9858.0
0.005424746075715605 1104.2307692307693 8207.538461538461
0.00554016620498615 1105.2380952380952 7581.619047619048
0.005655586334256694 1104.5882352941176 7888.0
0.0057710064635272396 1103.2857142857142 4736.285714285715
0.005886426592797784 1105.235294117647 7730.588235294118
0.006001846722068329 1104.857142857143 8081.071428571428
0.006117266851338873 1107.5714285714287 8599.57142857143
0.006232686980609419 1105.7777777777778 12106.5
0.006348107109879963 1108.5714285714287 6561.785714285715
0.006463527239150508 1107.4285714285713 10329.714285714286
0.006578947368421052 1106.857142857143 8814.5
0.006694367497691598 1106.6 7672.333333333333
0.006809787626962142 1108.5 11070.5
0.006925207756232687 1105.9285714285713 9500.142857142857
0.007040627885503232 1108.5833333333333 16322.416666666666
0.007156048014773777 1107.6153846153845 8235.538461538461
0.007271468144044321 1108.45 10284.25
0.007386888273314866 1107.3636363636363 8164.454545454545
0.007502308402585411 1109.2142857142858 8380.714285714286
0.007617728531855956 1109.642857142857 11634.0
0.0077331486611265 1111.1666666666667 18417.083333333332
0.007848568790397045 1111.125 10400.375
0.00796398891966759 1108.0 19707.0
0.008079409048938134 1110.2857142857142 7990.285714285715
0.00819482917820868 1112.4444444444443 14614.777777777777
0.008310249307479225 1111.3 10807.1
0.008425669436749769 1110.642857142857 10979.785714285714
0.008541089566020314 1110.3333333333333 12749.4
0.00865650969529086 1109.6666666666667 10851.444444444445
0.008771929824561403 1110.0 10659.125
0.008887349953831948 1111.2857142857142 12398.285714285714
0.009002770083102494 1108.8181818181818 9215.272727272728
0.009118190212373038 1109.3333333333333 12121.777777777777
0.009233610341643583 1109.857142857143 6755.142857142857
0.009349030470914127 1112.0 17240.4
0.009464450600184672 1109.3333333333333 14350.166666666666
0.009579870729455217 1111.7777777777778 11169.111111111111
0.009695290858725761 1111.076923076923 13472.923076923076
0.009810710987996307 1111.1 12356.1
0.009926131117266852 1110.9 10819.3
0.010041551246537396 1111.857142857143 9741.857142857143
0.010156971375807941 1112.2727272727273 9755.727272727272
0.010272391505078486 1112.375 15286.25
0.01038781163434903 1112.4285714285713 16880.714285714286
0.010503231763619576 1113.375 9793.375
0.01061865189289012 1112.3333333333333 10501.333333333334
0.010734072022160665 1113.6 10550.0
0.01084949215143121 1113.0 11810.666666666666
0.010964912280701754 1113.6 19596.2
0.0110803324099723 1116.5 13799.0
0.011195752539242845 1113.5 11715.0
0.011311172668513388 1113.6666666666667 14140.333333333334
0.011426592797783934 1112.3333333333333 9594.666666666666
0.011542012927054479 1111.0 7325.0
0.011657433056325023 1111.6 8710.4
0.011772853185595568 1112.625 8189.5
0.011888273314866112 1111.0 7206.75
0.012003693444136657 1113.0 9326.0
0.012119113573407203 1112.0 11028.833333333334
0.012234533702677746 1111.0 12486.333333333334
0.012349953831948292 1110.0 11620.5
0.012465373961218837 1112.0 9531.0
0.012696214219759926 1112.5 9574.0
0.012811634349030472 1111.5 13262.0
0.012927054478301015 1112.6666666666667 11226.333333333334
0.01327331486611265 1113.0 18445.5
0.013388734995383195 1114.5 11685.0
0.013504155124653739 1113.5 12310.166666666666
0.013619575253924284 1113.0 11659.2
0.01373499538319483 1112.8333333333333 12402.833333333334
0.013850415512465374 1114.6666666666667 13004.666666666666
0.013965835641735919 1112.0 16626.333333333332
0.014081255771006464 1114.0 14270.5
0.014196675900277008 1114.0 14584.6
0.014312096029547553 1113.0 16957.0
0.014427516158818097 1115.5 11146.5
0.014542936288088643 1115.75 31160.75
0.014658356417359188 1115.3333333333333 39757.0
0.014773776546629732 1114.0 29372.5
0.014889196675900277 1112.5 19285.0
0.015004616805170823 1113.5 17977.0
0.015120036934441366 1112.25 16149.25
0.015235457063711912 1113.25 18645.25
0.015350877192982455 1112.0 16907.0
0.015466297322253 1112.5 11566.5
0.015581717451523546 1113.3333333333333 15583.0
0.01569713758079409 1112.0 14757.5
0.015812557710064637 1114.0 17212.0
0.01592797783933518 1113.0 18804.666666666668
0.016043397968605724 1113.0 13757.5
0.016158818097876268 1112.0 17274.0
0.01638965835641736 1112.0 17280.0
0.01662049861495845 1114.0 16210.666666666666
0.016735918744228993 1114.5 15914.0
0.017082179132040628 1113.0 17619.0
0.01719759926131117 1113.25 22580.125
0.01731301939058172 1112.25 18434.25
0.017428439519852262 1112.6 24116.4
0.017543859649122806 1112.2 32907.2
0.017659279778393353 1113.2 35449.6
0.017774699907663897 1113.2 30538.0
0.01789012003693444 1112.1666666666667 26904.166666666668
0.018005540166204988 1116.0 52596.0
0.01812096029547553 1113.0 38484.0
0.018236380424746075 1111.5 12827.0
0.018351800554016622 1111.0 19235.0
0.018467220683287166 1112.0 20512.0
0.01858264081255771 1112.4 18030.2
0.018698060941828253 1112.75 19731.25
0.0188134810710988 1113.5 18455.5
0.018928901200369344 1112.0 8891.0
0.019044321329639888 1112.75 23199.0
0.019159741458910435 1112.75 21145.5
0.019390581717451522 1113.3333333333333 32455.333333333332
0.01950600184672207 1114.142857142857 22398.0
0.019621421975992613 1113.8 19230.4
0.019736842105263157 1112.6 25456.8
0.019852262234533704 1114.6666666666667 23418.0
0.019967682363804248 1114.0 22074.666666666668
0.02008310249307479 1114.25 20627.75
0.02019852262234534 1115.0 20063.5
0.020313942751615882 1112.0 21289.666666666668
0.020429362880886426 1117.0 18135.0
0.020544783010156973 1113.0 20491.0
0.020660203139427517 1113.0 20497.0
0.02100646352723915 1113.0 20984.0
0.021121883656509695 1112.0 24561.0
0.02146814404432133 1113.0 21425.0
0.021929824561403508 1112.0 25363.0
0.022045244690674055 1114.0 43153.0
0.0221606648199446 1114.5 44254.5
0.022276084949215142 1112.0 18948.0
0.02239150507848569 1112.0 27284.0
0.022622345337026777 1117.0 61927.0
0.022853185595567867 1113.5 27246.5
0.02296860572483841 1115.0 38791.0
0.023084025854108958 1115.0 38795.333333333336
0.023199445983379502 1115.5 45218.0
0.023314866112650046 1115.3333333333333 39054.0
0.02343028624192059 1115.0 26427.0
0.023545706371191136 1115.6666666666667 33528.0
0.02366112650046168 1115.0 35512.5
0.023776546629732224 1114.75 30911.25
0.02389196675900277 1115.0 24240.0
0.024007386888273315 1115.5 42924.0
0.02412280701754386 1114.0 19265.666666666668
0.024238227146814405 1114.8333333333333 29558.0
0.02435364727608495 1113.0 30074.0
0.024469067405355493 1115.0 20611.666666666668
0.02458448753462604 1114.8 22434.0
0.024699907663896584 1114.75 21588.25
0.024815327793167127 1114.0 23556.5
0.024930747922437674 1115.3333333333333 22965.0
0.025046168051708218 1115.6666666666667 29726.666666666668
0.025161588180978762 1114.25 21638.25
0.02527700831024931 1114.5 25635.5
0.025392428439519853 1115.0 27168.666666666668
0.025507848568790396 1114.5 25730.5
0.025738688827331487 1114.5 25732.5
0.02585410895660203 1115.0 27488.0
0.025969529085872575 1115.0 25064.25
0.02608494921514312 1114.75 27131.25
0.026200369344413665 1116.0 27779.0
0.02631578947368421 1116.3333333333333 25788.666666666668
0.0265466297322253 1116.0 29759.0
0.026662049861495844 1117.0 28046.0
0.02677746999076639 1117.5 27258.5
0.026892890120036934 1117.0 30644.0
0.027008310249307478 1116.6 29389.4
0.027123730378578025 1116.5 27741.5
0.02723915050784857 1116.8 28276.8
0.027354570637119113 1117.0 29488.666666666668
0.02746999076638966 1115.0 25473.0
0.027585410895660203 1116.0 36561.5
0.027700831024930747 1115.0 25922.0
0.027931671283471838 1115.0 25923.0
0.02804709141274238 1115.5 51672.0
0.02816251154201293 1118.0 30482.0
0.028277931671283472 1116.3333333333333 44660.666666666664
0.028393351800554016 1115.6 45949.6
0.02850877192982456 1115.0 30498.5
0.028624192059095107 1115.0 29076.666666666668
0.02873961218836565 1115.0 25927.0
0.02897045244690674 1115.0 26092.0
0.029085872576177285 1114.5 30079.5
0.02920129270544783 1116.0 27963.0
0.029316712834718376 1114.5 30115.5
0.02943213296398892 1116.0 33123.333333333336
0.029547553093259463 1114.5 30211.5
0.02966297322253001 1114.3333333333333 31451.333333333332
0.029893813481071098 1114.0 35596.0
0.030009233610341645 1114.0 35624.0
0.03012465373961219 1115.0 26404.0
0.030817174515235458 1114.0 35963.0
0.030932594644506 1114.0 36040.0
0.031048014773776545 1117.0 24788.0
0.031163434903047092 1114.0 34860.0
0.031278855032317636 1115.0 32661.5
0.03139427516158818 1114.0 34882.0
0.03150969529085872 1114.0 34908.0
0.031971375807940905 1117.0 26833.0
0.032317636195752536 1117.0 27593.0
0.03254847645429363 1117.0 27597.0
0.033010156971375805 1117.0 27626.0
0.03335641735918744 1116.0 30794.0
0.03347183748845799 1116.0 30797.0
0.033702677746999074 1116.0 30798.0
0.033818097876269625 1116.0 30837.0
0.03393351800554017 1116.0 30837.0
0.03404893813481071 1116.0 30837.0
0.0342797783933518 1116.0 30867.0
0.03439519852262234 1116.0 30867.0
0.03451061865189289 1116.0 30869.0
0.03474145891043398 1116.0 30879.0
0.03497229916897507 1115.5 34839.0
0.03508771929824561 1116.0 31654.0
0.035203139427516156 1116.0 31662.0
0.035318559556786706 1115.0 38784.0
0.035549399815327794 1113.0 24943.0
0.03566481994459834 1113.0 24943.0
0.03578024007386888 1113.0 25174.0
0.035895660203139425 1113.0 25174.0
0.036011080332409975 1115.0 31440.5
0.03612650046168052 1117.0 37690.0
0.036357340720221606 1117.0 44354.5
0.03647276084949215 1113.0 25534.0
0.036588180978762694 1113.0 25726.0
0.03716528162511542 1117.5 37374.5
0.03728070175438596 1117.5 37375.0
0.0376269621421976 1117.0 33714.0
0.037742382271468145 1118.0 124800.0
0.03785780240073869 1117.0 33795.0
0.03797322253000923 1117.0 34532.0
0.038204062788550326 1117.5 38150.0
0.03831948291782087 1117.3333333333333 36774.0
0.038434903047091414 1117.5 37897.5
0.03855032317636196 1117.0 34539.0
0.0386657433056325 1117.0 34098.0
0.038781163434903045 1117.0 34100.0
0.039242843951985226 1117.0 34105.0
0.03935826408125577 1117.0 34117.0
0.04005078485687904 1115.0 45462.0
0.04039704524469068 1117.0 39279.0
0.04051246537396122 1118.0 42157.0
0.040627885503231764 1119.0 49636.0
0.04074330563250231 1118.0 37606.0
0.04085872576177285 1118.5 38706.0
0.040974145891043395 1118.3333333333333 40185.666666666664
0.04120498614958449 1119.0 49980.0
0.04132040627885503 1119.0 49981.0
0.0420129270544783 1117.0 36838.0
0.04270544783010157 1119.0 50707.0
0.042820867959372115 1119.0 50707.0
0.04293628808864266 1117.0 36862.0
0.0430517082179132 1119.0 50731.0
0.043167128347183746 1118.0 43796.5
0.0432825484764543 1117.0 36862.0
0.04339796860572484 1119.0 28741.0
0.043513388734995384 1117.0 36899.0
0.04362880886426593 1117.5 42213.5
0.04374422899353647 1116.0 55683.0
0.043859649122807015 1117.5 44130.0
0.043975069252077566 1119.0 39756.5
0.04409048938134811 1119.0 28859.0
0.04420590951061865 1119.0 28859.0
0.0443213296398892 1119.0 50829.0
0.04443674976915974 1119.0 50838.0
0.044552169898430284 1117.0 41791.0
0.04466759002770083 1119.0 51266.0
0.04478301015697138 1117.0 41803.0
0.04489843028624192 1119.0 51278.0
0.04512927054478301 1118.0 46555.5
0.04547553093259465 1119.0 51428.0
0.04582179132040628 1117.0 41977.0
0.046052631578947366 1119.0 53137.0
0.046168051708217916 1119.0 41764.5
0.046398891966759004 1117.0 34188.666666666664
0.04651431209602955 1118.0 48133.5
0.04662973222530009 1117.0 42355.0
0.046745152354570635 1119.0 30173.0
0.04686057248384118 1117.0 43394.0
0.04697599261311173 1117.0 43394.0
0.04709141274238227 1117.0 43401.0
0.04732225300092336 1119.0 30460.0
0.047437673130193904 1116.0 30234.0
0.04755309325946445 1116.0 30234.0
0.047668513388735 1116.0 30250.0
0.047899353647276086 1117.0 43520.0
0.04813019390581717 1119.0 56383.0
0.04824561403508772 1119.0 56385.0
0.04997691597414589 1116.0 31161.0
0.05020775623268698 1116.0 31227.0
0.050323176361957524 1116.0 31227.0
0.05055401662049862 1116.0 31585.0
0.05124653739612189 1118.0 38033.0
0.05136195752539243 1118.0 38053.0
0.051823638042474605 1118.0 38182.0
0.0520544783010157 1118.0 38190.0
0.05216989843028624 1119.0 51287.0
0.05228531855955679 1118.0 39827.0
0.05240073868882733 1118.0 39827.0
0.05286241920590951 1119.0 51619.0
0.053208679593721143 1118.0 40696.0
0.05332409972299169 1120.0 62830.0
0.05343951985226224 1118.0 40701.0
0.05355493998153278 1116.0 89353.0
0.053670360110803325 1118.0 40702.0
0.05390120036934441 1116.0 89569.0
0.0541320406278855 1116.0 89836.0
0.05424746075715605 1119.0 54639.0
0.054362880886426594 1116.0 89836.0
0.05528624192059095 1116.0 57304.0
0.055401662049861494 1116.0 57304.0
0.05551708217913204 1116.0 57306.0
0.05574792243767313 1116.0 58643.0
0.055863342566943676 1120.0 70480.0
0.05597876269621422 1120.0 70480.0
0.05609418282548476 1116.0 59958.0
0.05620960295475531 1116.0 59958.0
0.05632502308402586 1116.0 60076.0
0.0564404432132964 1116.0 60132.0
0.056902123730378576 1116.0 60168.0
0.05713296398891967 1116.0 60346.0
0.057248384118190214 1116.0 60351.0
0.05967220683287165 1120.0 64042.0
0.06001846722068329 1120.0 64053.0
0.060133887349953834 1120.0 64053.0
0.06024930747922438 1120.0 64488.0
0.06036472760849492 1120.0 64518.0
0.06105724838411819 1117.0 97591.0
0.061172668513388734 1117.0 97623.0
0.06128808864265928 1117.0 97631.0
0.06278855032317636 1120.0 34618.0
0.06440443213296398 1118.0 101164.0
0.06532779316712835 1118.0 101356.0
0.06567405355493998 1116.0 70610.0
0.06578947368421052 1116.0 70610.0
0.06602031394275161 1116.0 71004.0
0.06613573407202217 1116.0 71007.0
0.06625115420129271 1116.0 71014.0
0.06659741458910434 1116.0 71056.0
0.06694367497691597 1116.0 71060.0
0.0685595567867036 1120.0 73821.0
0.06971375807940905 1116.0 71375.0
0.0698291782086796 1116.0 71376.0
0.07052169898430287 1117.5 95189.5
0.07063711911357341 1116.0 72081.0
0.07075253924284396 1116.0 73382.0
0.07098337950138504 1119.0 118701.0
0.07109879963065559 1119.0 118821.0
0.07121421975992613 1119.0 118825.0
0.07132963988919667 1119.0 121703.0
0.07236842105263158 1119.0 122470.0
0.07248384118190213 1119.0 122499.0
0.07259926131117267 1119.0 122500.0
0.07306094182825484 1119.0 122815.0
0.07317636195752539 1119.0 122815.0
0.07467682363804247 1119.0 124931.0
0.077331486611265 1120.0 128188.0
0.07744690674053555 1120.0 128190.0
0.07756232686980609 1120.0 128224.0
0.07767774699907663 1120.0 129095.0
0.07813942751615882 1120.0 129111.0
0.07825484764542937 1120.0 129111.0
0.07848568790397045 1120.0 129111.0
0.07894736842105263 1120.0 129270.0
0.07906278855032317 1120.0 129270.0
0.07917820867959371 1120.0 129270.0
0.07975530932594645 1120.0 129420.0
0.07987072945521699 1120.0 129429.0
0.08425669436749769 1122.0 100988.0
0.08437211449676824 1122.0 100990.0
0.08679593721144968 1123.0 115076.0
0.08691135734072022 1123.0 115565.0
0.08702677746999077 1123.0 125204.0
0.08725761772853186 1123.0 125266.0
0.09164358264081256 1120.0 139271.0
0.0917590027700831 1120.0 139294.0
0.09187442289935364 1120.0 139326.0
0.09198984302862419 1120.0 139354.0
0.09210526315789473 1120.0 139354.0
0.09268236380424746 1120.0 140726.0
0.09291320406278855 1120.0 140727.0
0.09695290858725762 1120.0 143609.0
0.09706832871652817 1120.0 144669.0
0.09729916897506925 1120.0 144670.0
0.0974145891043398 1120.0 144679.0
0.09753000923361034 1120.0 144686.0
0.09764542936288088 1120.0 144708.0
0.09776084949215143 1120.0 144708.0
0.09810710987996306 1120.0 144839.0
0.10214681440443213 1120.0 98159.0
0.10399353647276086 1123.0 149355.0
0.10468605724838412 1121.0 162901.0
0.10480147737765466 1121.0 162915.0
0.10526315789473684 1121.0 163062.0
0.1053785780240074 1121.0 163063.0
0.10560941828254848 1121.0 163110.0
0.10630193905817174 1121.0 164727.0
0.10757156048014774 1121.0 167684.0
0.10768698060941828 1121.0 167684.0
0.11172668513388735 1123.0 192633.0
0.11218836565096953 1123.0 192681.0
0.11461218836565097 1123.0 194832.0
0.11472760849492152 1123.0 195270.0
0.11518928901200369 1123.0 200765.0
0.11530470914127423 1123.0 201241.0
0.11542012927054478 1123.0 201263.0
0.11553554939981532 1123.0 202073.0
0.11565096952908588 1123.0 202081.0
0.1162280701754386 1123.0 204115.0
0.11634349030470914 1123.0 204116.0
0.11657433056325023 1123.0 204850.0
0.11668975069252077 1123.0 204850.0
0.11703601108033242 1123.0 204863.0
0.1172668513388735 1123.0 204892.0
0.11795937211449677 1123.0 205325.0
0.11922899353647276 1128.0 207737.0
0.12592336103416435 1121.0 168353.0
0.12615420129270544 1121.0 169820.0
0.12626962142197598 1121.0 169820.0
0.12638504155124652 1121.0 169820.0
0.12661588180978764 1121.0 169994.0
0.13550323176361959 1122.0 188151.0
0.13561865189289013 1122.0 188151.0
0.1371191135734072 1123.0 206803.0
0.13723453370267774 1123.0 206831.0
0.13746537396121883 1123.0 206910.0
0.13781163434903046 1123.0 206913.0
0.13804247460757155 1123.0 207036.0
0.13815789473684212 1123.0 207036.0
0.13827331486611266 1123.0 207042.0
0.1383887349953832 1123.0 207116.0
0.13954293628808864 1123.0 207171.0
0.14969990766389657 1123.0 214019.0
0.14993074792243768 1123.0 214024.0
0.15039242843951986 1123.0 214093.0
0.15062326869806095 1123.0 214097.0
0.15373961218836565 1123.0 273950.0
0.1538550323176362 1123.0 273951.0
0.15397045244690674 1123.0 273953.0
0.15408587257617729 1123.0 275225.0
0.15420129270544783 1123.0 275225.0
0.15500923361034163 1123.0 275231.0
0.15512465373961218 1123.0 275231.0
0.15962603878116344 1123.0 283301.0
0.1600877192982456 1123.0 284820.0
0.1603185595567867 1123.0 284993.0
0.16078024007386887 1123.0 285053.0
0.16124192059095105 1123.0 285123.0
0.16147276084949216 1123.0 285490.0
0.16170360110803325 1123.0 285520.0
0.16228070175438597 1123.0 286224.0
0.1623961218836565 1123.0 286224.0
0.16389658356417358 1123.0 239269.0
0.1642428439519852 1123.0 239494.0
0.16435826408125578 1123.0 239617.0
0.1649353647276085 1123.0 240452.0
0.16505078485687905 1123.0 240452.0
0.1724376731301939 1123.0 297975.0
0.18109418282548476 1123.0 303250.0
0.1812096029547553 1123.0 303281.0
0.18132502308402584 1123.0 303370.0
0.1899815327793167 1128.0 281119.0
0.1902123730378578 1128.0 281176.0
0.1912511542012927 1128.0 284924.0
0.1922899353647276 1128.0 285000.0
0.19263619575253924 1125.0 330947.0
0.19275161588180978 1125.0 330947.0
0.19298245614035087 1125.0 331088.0
0.1930978762696214 1125.0 331889.0
0.19332871652816253 1128.0 288229.0
0.19344413665743307 1128.0 288238.0
0.19552169898430286 1125.0 332416.0
0.1981763619575254 1125.0 333338.0
0.19840720221606647 1125.0 334971.0
0.19863804247460756 1125.0 335003.0
0.20140812557710064 1123.0 291463.0
0.20325484764542937 1123.0 291702.0
0.20348568790397045 1123.0 291769.0
0.20394736842105263 1123.0 291831.0
0.20614035087719298 1125.0 353927.0
0.20683287165281625 1125.0 353948.0
0.20787165281625117 1125.0 354553.0
0.20810249307479226 1125.0 354553.0
0.2082179132040628 1125.0 354556.0
0.20856417359187443 1125.0 354563.0
0.20867959372114497 1125.0 355319.0
0.21514312096029548 1125.0 360795.0
0.21849030470914127 1125.0 362699.0
0.2201061865189289 1125.0 364024.0
0.22068328716528163 1125.0 365339.0
0.23441828254847646 1128.0 331319.0
0.23487996306555864 1128.0 331321.0
0.23499538319482918 1128.0 331327.0
0.2497691597414589 1128.0 375722.0
0.2502308402585411 1128.0 379843.0
0.2504616805170822 1128.0 379919.0
0.2510387811634349 1128.0 382993.0
0.25115420129270544 1128.0 382996.0
0.251269621421976 1128.0 382996.0
0.2513850415512465 1128.0 383128.0
0.25219298245614036 1128.0 383652.0
0.2523084025854109 1128.0 383670.0
0.25242382271468145 1128.0 383680.0
0.27123730378578026 1126.0 396924.0
0.27204524469067404 1126.0 398119.0
0.3348337950138504 1127.0 432737.0
0.336449676823638 1127.0 443330.0
0.45637119113573404 1130.0 675511.0
0.48649584487534625 1130.0 701915.0
0.49157433056325023 1130.0 704006.0
0.4918051708217913 1130.0 704066.0
0.4920360110803324 1130.0 704091.0
0.4922668513388735 1130.0 704102.0
0.49238227146814406 1130.0 704356.0
0.49261311172668515 1130.0 704388.0
0.49272853185595566 1130.0 704392.0
0.49284395198522624 1130.0 704434.0
0.502770083102493 1130.0 708921.0
0.5031163434903048 1130.0 708973.0
0.5039242843951985 1130.0 709238.0
0.5042705447830101 1130.0 718757.0
0.6064173591874423 1130.0 816916.0
0.9428670360110804 1132.0 1260246.0
0.9806094182825484 1132.0 1385046.0
1.0 1133.0 1455433.0
