1641
0.00011542012927054478 443.53658818097875 85.49030470914127
0.00023084025854108956 629.1969279243797 181.8361559669161
0.00034626038781163435 746.8243114909782 257.1377018043685
0.0004616805170821791 816.9391304347826 327.1246376811594
0.0005771006463527239 864.6206140350877 399.015350877193
0.0006925207756232687 895.6128048780488 512.6951219512196
0.0008079409048938135 925.7388059701492 606.9104477611941
0.0009233610341643582 946.8308457711443 455.3681592039801
0.001038781163434903 965.6428571428571 813.1190476190476
0.0011542012927054479 983.493670886076 799.6582278481013
0.0012696214219759926 990.2265625 1003.40625
0.0013850415512465374 1002.921052631579 890.6052631578947
0.0015004616805170822 1000.5809523809523 1259.5714285714287
0.001615881809787627 1008.0588235294117 1437.6705882352942
0.0017313019390581717 1020.3333333333334 1281.5862068965516
0.0018467220683287165 1027.8513513513512 1374.2432432432433
0.0019621421975992612 1026.081081081081 1249.1486486486488
0.002077562326869806 1031.6986301369864 1563.150684931507
0.0021929824561403508 1034.0333333333333 1278.8
0.0023084025854108957 1039.3076923076924 1155.4038461538462
0.0024238227146814403 1036.581818181818 1079.909090909091
0.0025392428439519853 1045.6136363636363 1287.75
0.00265466297322253 1041.891304347826 1276.9782608695652
0.002770083102493075 1044.9791666666667 1506.5833333333333
0.0028855032317636198 1053.5714285714287 1503.8095238095239
0.0030009233610341643 1054.95 1554.6
0.0031163434903047093 1054.2285714285715 1317.4857142857143
0.003231763619575254 1061.25 1640.607142857143
0.003347183748845799 1057.0857142857142 1480.4571428571428
0.0034626038781163434 1056.264705882353 1726.5294117647059
0.0035780240073868884 1060.8 1977.2
0.003693444136657433 1070.5151515151515 2602.878787878788
0.003808864265927978 1066.157894736842 2005.8947368421052
0.0039242843951985225 1069.423076923077 2680.6153846153848
0.004039704524469067 1070.037037037037 3933.962962962963
0.004155124653739612 1072.391304347826 2728.478260869565
0.004270544783010157 1073.7368421052631 3799.4736842105262
0.0043859649122807015 1075.1052631578948 3486.3684210526317
0.004501385041551247 1076.3333333333333 3272.8
0.0046168051708217915 1075.65 3083.55
0.004732225300092336 1076.8947368421052 2636.684210526316
0.004847645429362881 1077.3333333333333 2752.095238095238
0.004963065558633426 1077.4285714285713 2651.8571428571427
0.0050784856879039705 1076.923076923077 2985.4615384615386
0.005193905817174515 1081.9375 3647.5625
0.00530932594644506 1082.0454545454545 3561.1363636363635
0.005424746075715605 1080.235294117647 2917.0588235294117
0.00554016620498615 1078.142857142857 2535.4285714285716
0.005655586334256694 1077.888888888889 3091.9444444444443
0.0057710064635272396 1075.2222222222222 5465.555555555556
0.005886426592797784 1084.375 5790.0
0.006001846722068329 1076.888888888889 2814.1111111111113
0.006117266851338873 1082.0 4282.428571428572
0.006232686980609419 1086.5333333333333 4510.2
0.006348107109879963 1083.4117647058824 4902.35294117647
0.006463527239150508 1083.75 4099.5
0.006578947368421052 1078.9166666666667 2888.75
0.006694367497691598 1079.909090909091 2941.181818181818
0.006809787626962142 1083.75 3660.125
0.006925207756232687 1085.75 4019.875
0.007040627885503232 1083.25 2769.625
0.007156048014773777 1087.75 4636.833333333333
0.007271468144044321 1085.4545454545455 5571.363636363636
0.007386888273314866 1084.25 3350.75
0.007502308402585411 1087.857142857143 4606.571428571428
0.007617728531855956 1083.6 4343.2
0.0077331486611265 1090.4 7794.0
0.007848568790397045 1090.1666666666667 5285.5
0.00796398891966759 1090.5 5923.0
0.008079409048938134 1092.0 7148.625
0.00819482917820868 1091.4285714285713 7132.0
0.008310249307479225 1092.2857142857142 6384.714285714285
0.008425669436749769 1088.375 6751.0
0.008541089566020314 1095.3 7250.9
0.00865650969529086 1091.375 5234.25
0.008771929824561403 1088.25 4053.0
0.008887349953831948 1095.0 6276.5
0.009002770083102494 1099.0 6742.6
0.009118190212373038 1093.875 5280.0
0.009233610341643583 1095.142857142857 5543.428571428572
0.009349030470914127 1091.7142857142858 5558.428571428572
0.009464450600184672 1094.625 6824.875
0.009579870729455217 1095.2857142857142 6518.142857142857
0.009695290858725761 1092.857142857143 5619.285714285715
0.009810710987996307 1089.4285714285713 4631.857142857143
0.009926131117266852 1090.6 4629.1
0.010041551246537396 1094.2 6479.4
0.010156971375807941 1092.2 4787.2
0.010272391505078486 1095.0 2108.0
0.01038781163434903 1088.8 3857.2
0.010503231763619576 1086.5 3264.5
0.01061865189289012 1089.5714285714287 3191.0
0.010734072022160665 1093.1666666666667 4598.166666666667
0.01084949215143121 1093.6 4335.2
0.010964912280701754 1095.6666666666667 6891.666666666667
0.0110803324099723 1092.2 5203.4
0.011195752539242845 1097.0 8280.333333333334
0.011311172668513388 1195.4 3148.8
0.011426592797783934 1168.0 6132.714285714285
0.011542012927054479 1184.3333333333333 5373.5
0.011657433056325023 1182.5 7522.5
0.011772853185595568 1181.0 7652.666666666667
0.011888273314866112 1179.8333333333333 6359.0
0.012003693444136657 1197.6 6688.2
0.012119113573407203 1095.5 6128.0
0.012234533702677746 1230.25 5922.75
0.012349953831948292 1101.5 7877.5
0.012465373961218837 1272.3333333333333 5516.333333333333
0.012580794090489381 1228.0 8543.5
0.012696214219759926 1099.0 3522.0
0.012811634349030472 1099.0 3522.0
0.012927054478301015 1099.0 5888.4
0.01304247460757156 1100.2857142857142 9389.857142857143
0.013157894736842105 1200.2 7761.4
0.01327331486611265 1097.5 10693.5
0.013388734995383195 1098.0 5244.0
0.013504155124653739 1096.6 8753.0
0.013619575253924284 1098.6 7896.2
0.01373499538319483 1098.6666666666667 10195.0
0.013850415512465374 1097.0 8615.75
0.013965835641735919 1093.6666666666667 8032.0
0.014081255771006464 1098.0 8227.5
0.014196675900277008 1094.0 11268.0
0.014312096029547553 1097.0 9168.666666666666
0.014427516158818097 1097.0 6417.5
0.014542936288088643 1100.5 10842.0
0.014658356417359188 1099.6 8704.6
0.014773776546629732 1100.5 7399.25
0.014889196675900277 1103.6 13127.4
0.015004616805170823 1101.6666666666667 13632.333333333334
0.015120036934441366 1099.8333333333333 9028.666666666666
0.015235457063711912 1101.5 12224.5
0.015350877192982455 1103.5 12967.5
0.015581717451523546 1101.5 9822.75
0.01569713758079409 1100.0 11403.5
0.015812557710064637 1104.6666666666667 15361.0
0.01592797783933518 1100.75 11232.0
0.016043397968605724 1100.7142857142858 7751.428571428572
0.016158818097876268 1100.7142857142858 9613.57142857143
0.016274238227146815 1098.5 9824.0
0.01638965835641736 1101.5 8161.5
0.016505078485687903 1101.0 12907.75
0.01662049861495845 1101.1666666666667 11580.166666666666
0.016735918744228993 1102.6666666666667 13815.166666666666
0.016851338873499537 1103.5 10567.0
0.016966759002770084 1100.8 7844.2
0.017082179132040628 1106.0 21787.0
0.01719759926131117 1103.0 10022.5
0.01731301939058172 1104.3333333333333 17525.0
0.017428439519852262 1101.75 12611.0
0.017543859649122806 1102.2 14912.4
0.017659279778393353 1104.75 7743.25
0.017774699907663897 1107.0 17169.333333333332
0.01789012003693444 1103.5 17961.666666666668
0.018005540166204988 1103.3333333333333 20213.666666666668
0.01812096029547553 1105.25 9633.5
0.018236380424746075 1102.75 8699.0
0.018351800554016622 1102.0 10614.0
0.018467220683287166 1102.5 11511.0
0.01858264081255771 1103.25 8831.5
0.018698060941828253 1207.8 10458.8
0.0188134810710988 1099.0 8974.333333333334
0.018928901200369344 1104.0 8738.0
0.019044321329639888 1099.3333333333333 9003.333333333334
0.019159741458910435 1106.75 17781.25
0.01927516158818098 1107.6666666666667 20532.0
0.019390581717451522 1107.5 12736.0
0.01950600184672207 1106.0 8928.0
0.019621421975992613 1106.5 9683.5
0.019736842105263157 1100.0 2845.0
0.019852262234533704 1104.2 10279.6
0.019967682363804248 1105.25 15341.25
0.02008310249307479 1106.0 14775.666666666666
0.02019852262234534 1106.3333333333333 14793.0
0.020313942751615882 1106.0 17491.5
0.020429362880886426 1102.5 11180.0
0.020544783010156973 1106.3333333333333 15031.0
0.020660203139427517 1103.6666666666667 12994.333333333334
0.02077562326869806 1102.5 8043.0
0.020891043397968604 1106.0 22903.0
0.021121883656509695 1108.0 20246.0
0.02123730378578024 1110.0 7704.0
0.021352723915050786 1110.0 17574.0
0.02146814404432133 1108.0 10979.0
0.021583564173591873 1110.0 17623.0
0.02169898430286242 1107.0 12459.5
0.021929824561403508 1105.0 23525.5
0.022045244690674055 1105.5 18466.0
0.022276084949215142 1104.0 22959.0
0.02239150507848569 1100.0 5336.0
0.022506925207756233 1102.0 14156.5
0.022737765466297324 1101.3333333333333 11609.333333333334
0.022853185595567867 1102.0 14164.5
0.02296860572483841 1100.0 5338.0
0.023084025854108958 1103.0 14327.333333333334
0.023199445983379502 1104.0 22991.0
0.023314866112650046 1103.3333333333333 14771.666666666666
0.02343028624192059 1104.3333333333333 10910.0
0.023545706371191136 1106.0 13397.5
0.023776546629732224 1108.0 14179.0
0.02389196675900277 1279.0 14039.0
0.024007386888273315 1106.5 14812.5
0.02412280701754386 1103.5 10513.5
0.02435364727608495 1105.0 18769.0
0.024469067405355493 1105.6666666666667 20684.333333333332
0.02458448753462604 1105.5 23849.5
0.024699907663896584 1105.5 23850.5
0.024815327793167127 1106.0 17560.5
0.024930747922437674 1103.0 14502.0
0.025046168051708218 1107.0 12172.5
0.025161588180978762 1105.0 17724.5
0.02527700831024931 1105.5 9069.0
0.025392428439519853 1108.5 12338.5
0.025507848568790396 1106.3333333333333 10518.0
0.025623268698060944 1105.0 14529.666666666666
0.025738688827331487 1104.5 9518.5
0.02585410895660203 1109.0 12685.0
0.02631578947368421 1109.5 13774.0
0.026431209602954756 1109.5 13777.0
0.0265466297322253 1107.5 13804.0
0.026662049861495844 1107.0 12404.0
0.027008310249307478 1107.0 12412.0
0.027123730378578025 1108.0 23945.0
0.027354570637119113 1112.0 27907.0
0.02746999076638966 1112.0 27918.0
0.027585410895660203 1112.0 30463.0
0.027700831024930747 1112.0 30463.0
0.027816251154201294 1112.0 30463.0
0.02804709141274238 1112.0 30690.0
0.028393351800554016 1108.0 13959.0
0.028624192059095107 1108.0 13959.0
0.02873961218836565 1107.5 19676.5
0.028855032317636194 1107.5 19731.5
0.02897045244690674 1108.0 13966.0
0.02920129270544783 1103.0 6771.0
0.029778393351800554 1105.0 7756.0
0.03012465373961219 1104.0 12202.0
0.030240073868882732 1104.0 12202.0
0.03035549399815328 1104.5 10020.0
0.03070175438596491 1104.0 12203.0
0.03139427516158818 1111.0 15966.0
0.03150969529085872 1108.0 14734.0
0.031971375807940905 1113.0 20694.0
0.03208679593721145 1109.5 15823.5
0.03220221606648199 1108.0 14780.0
0.03243305632502309 1110.0 19901.0
0.03254847645429363 1108.0 14781.0
0.032663896583564174 1110.0 17839.5
0.03277931671283472 1108.0 14782.0
0.033125577100646356 1113.0 20880.0
0.0332409972299169 1108.0 14819.0
0.03335641735918744 1108.0 14819.0
0.03358725761772853 1115.0 20555.0
0.033702677746999074 1115.0 20555.0
0.033818097876269625 1115.0 20557.0
0.03393351800554017 1111.5 17879.0
0.03404893813481071 1108.0 15157.0
0.034856879039704525 1106.0 17257.0
0.035549399815327794 1110.0 19044.0
0.03566481994459834 1109.0 19128.0
0.03578024007386888 1109.0 19128.0
0.035895660203139425 1106.5 13361.0
0.03612650046168052 1104.0 7622.0
0.03624192059095106 1105.0 7905.0
0.036588180978762694 1109.0 19236.0
0.036703601108033244 1109.0 19236.0
0.03681902123730379 1108.5 17804.0
0.03693444136657433 1108.5 17804.0
0.037049861495844875 1107.0 13798.5
0.037396121883656507 1109.0 20225.0
0.03751154201292706 1109.0 20225.0
0.0376269621421976 1109.0 20227.0
0.037742382271468145 1106.0 17632.0
0.03785780240073869 1108.5 18110.5
0.03797322253000923 1107.0 16845.0
0.038204062788550326 1107.5 19024.0
0.03831948291782087 1107.5 19024.0
0.038434903047091414 1106.0 17810.0
0.03855032317636196 1106.0 18556.0
0.0386657433056325 1108.0 16059.0
0.03912742382271468 1108.0 16070.0
0.039242843951985226 1110.0 19427.333333333332
0.03935826408125577 1112.0 19855.0
0.039473684210526314 1113.0 25354.0
0.03958910433979686 1111.0 21535.0
0.03970452446906741 1116.0 23650.0
0.03981994459833795 1111.0 21543.5
0.039935364727608495 1110.3333333333333 21764.0
0.04016620498614958 1116.0 23669.0
0.040281625115420126 1106.0 19763.0
0.04132040627885503 1108.0 17301.0
0.04143582640812558 1108.0 17301.0
0.041666666666666664 1108.0 17310.0
0.042128347183748846 1108.0 17372.0
0.04235918744228993 1112.0 19224.0
0.04259002770083103 1112.0 19234.0
0.043513388734995384 1116.0 24911.0
0.04362880886426593 1116.0 24917.0
0.043975069252077566 1116.0 24920.0
0.04524469067405355 1116.0 25798.0
0.0453601108033241 1117.0 25978.0
0.04559095106186519 1117.0 25982.0
0.045706371191135735 1117.0 25982.0
0.04582179132040628 1117.0 25982.0
0.046168051708217916 1117.0 28818.0
0.04801477377654663 1107.0 28324.0
0.05101569713758079 1107.0 28621.0
0.051131117266851336 1107.0 28621.0
0.051477377654662974 1110.0 34736.0
0.05170821791320406 1107.0 28911.0
0.051823638042474605 1110.0 35024.0
0.05193905817174515 1110.0 35191.0
0.0520544783010157 1107.0 28982.0
0.052977839335180056 1110.0 34969.5
0.0530932594644506 1107.0 29047.0
0.05378578024007387 1108.0 37814.0
0.05459372114496768 1114.0 45894.0
0.05493998153277932 1111.0 42573.5
0.05528624192059095 1114.0 46035.0
0.055401662049861494 1114.0 46078.0
0.05551708217913204 1114.0 46078.0
0.05632502308402586 1110.0 40192.0
0.056555863342566945 1109.0 39896.0
0.05667128347183749 1110.0 40214.0
0.05678670360110803 1108.0 39578.0
0.05701754385964912 1630.0 37518.0
0.05713296398891967 1630.0 38334.0
0.057248384118190214 1630.0 38346.0
0.05736380424746076 1630.0 38346.0
0.0574792243767313 1630.0 38346.0
0.057594644506001845 1630.0 38348.0
0.05782548476454294 1630.0 38397.0
0.05817174515235457 1114.0 47235.0
0.058287165281625114 1372.0 42931.5
0.05863342566943675 1630.0 38520.0
0.058748845798707296 1630.0 38520.0
0.05932594644506002 1630.0 38525.0
0.05955678670360111 1630.0 38768.0
0.06001846722068329 1118.0 41320.0
0.060480147737765465 1118.0 41320.0
0.06105724838411819 1112.0 22179.0
0.061172668513388734 1118.0 41396.0
0.06128808864265928 1115.0 31841.0
0.06140350877192982 1118.0 41400.0
0.06151892890120037 1118.0 41400.0
0.061980609418282546 1118.0 41510.0
0.06209602954755309 1118.0 41645.0
0.06221144967682364 1118.0 41645.0
0.062326869806094184 1118.0 41675.0
0.06301939058171745 1111.5 37065.0
0.06313481071098799 1110.0 42568.0
0.06405817174515235 1112.0 22305.0
0.0641735918744229 1112.0 22305.0
0.06428901200369344 1112.0 22607.0
0.06440443213296398 1118.0 42046.0
0.06451985226223453 1118.0 42963.0
0.06475069252077563 1118.0 42963.0
0.06544321329639889 1114.0 51519.0
0.06555863342566944 1114.0 51521.0
0.06567405355493998 1114.0 51790.0
0.06578947368421052 1114.0 52099.0
0.06590489381348107 1114.0 52099.0
0.06602031394275161 1114.0 52099.0
0.06613573407202217 1118.0 44012.0
0.0664819944598338 1114.0 56700.0
0.06659741458910434 1114.0 57013.0
0.06671283471837489 1118.0 44224.0
0.06682825484764543 1118.0 44224.0
0.06694367497691597 1112.0 23515.0
0.06705909510618652 1112.0 23515.0
0.06717451523545706 1115.0 33889.5
0.0672899353647276 1114.0 57296.0
0.06752077562326869 1114.0 57296.0
0.06763619575253925 1114.0 57296.0
0.06786703601108034 1118.0 44306.0
0.06798245614035088 1118.0 44306.0
0.06832871652816251 1112.0 25201.0
0.06844413665743306 1112.0 25203.0
0.06890581717451523 1118.0 44591.0
0.06902123730378577 1118.0 44592.0
0.06925207756232687 1111.0 43567.0
0.06948291782086796 1110.0 61770.0
0.0695983379501385 1110.0 61770.0
0.0698291782086796 1110.0 61912.0
0.06994459833795014 1118.0 44610.0
0.07017543859649122 1118.0 44620.0
0.0716759002770083 1118.0 45041.0
0.07179132040627885 1118.0 45041.0
0.0719067405355494 1110.0 64506.0
0.07202216066481995 1118.0 45074.0
0.07225300092336104 1114.0 54825.5
0.07236842105263158 1114.0 54825.5
0.07248384118190213 1114.0 54825.5
0.07259926131117267 1118.0 45091.0
0.07271468144044321 1118.0 45091.0
0.07283010156971376 1110.0 64630.0
0.0729455216989843 1110.0 64653.0
0.07375346260387812 1110.0 64763.0
0.0742151431209603 1118.0 45377.0
0.07433056325023084 1118.0 45377.0
0.07467682363804247 1110.0 65072.0
0.07490766389658357 1114.0 55347.0
0.07502308402585411 1110.0 65097.0
0.07560018467220683 1110.0 65126.0
0.07571560480147738 1110.0 65126.0
0.08033240997229917 1110.0 69433.0
0.08044783010156971 1110.0 69433.0
0.08056325023084025 1110.0 69616.0
0.08194829178208679 1110.0 70454.0
0.08668051708217914 1631.0 62713.0
0.0873730378578024 1631.0 64297.0
0.08818097876269622 1113.0 54842.0
0.0884118190212373 1631.0 64616.0
0.08991228070175439 1118.0 49274.0
0.09002770083102493 1118.0 49282.0
0.09025854108956602 1118.0 49403.0
0.0907202216066482 1118.0 49405.0
0.09152816251154201 1111.0 75857.0
0.09256694367497692 1113.0 55631.0
0.09268236380424746 1113.0 55631.0
0.09314404432132964 1113.0 55640.0
0.09360572483841181 1119.0 52454.0
0.0997229916897507 1119.0 55092.0
0.09995383194829179 1119.0 55251.0
0.10145429362880887 1119.0 56081.0
0.10203139427516159 1119.0 56363.0
0.10214681440443213 1119.0 56363.0
0.10226223453370267 1119.0 56363.0
0.10249307479224377 1119.0 56365.0
0.10260849492151432 1119.0 56365.0
0.10318559556786704 1115.0 76262.0
0.10330101569713758 1115.0 76781.0
0.10341643582640812 1115.0 76781.0
0.10676361957525392 1114.0 62921.0
0.10687903970452448 1114.0 62941.0
0.10710987996306556 1114.0 62941.0
0.10734072022160665 1114.0 62941.0
0.108264081255771 1115.0 79446.0
0.10918744228993536 1114.0 47546.0
0.11138042474607572 1114.5 66661.5
0.11149584487534626 1115.0 48211.0
0.11172668513388735 1115.0 48211.0
0.11195752539242844 1115.0 48211.0
0.11230378578024007 1114.0 85679.0
0.11241920590951061 1114.0 85679.0
0.11253462603878116 1115.0 48233.0
0.11265004616805172 1114.0 85788.0
0.11276546629732226 1114.0 85811.0
0.11334256694367498 1115.0 49782.0
0.13804247460757155 1114.0 75144.0
0.1383887349953832 1114.0 75144.0
0.13873499538319484 1114.0 75262.0
0.13885041551246538 1114.0 75262.0
0.13908125577100647 1114.0 75430.0
0.14000461680517082 1114.0 75477.0
0.1402354570637119 1114.0 75478.0
0.14035087719298245 1114.0 75478.0
0.140466297322253 1114.0 75480.0
0.14058171745152354 1114.0 75480.0
0.14069713758079408 1114.0 75483.0
0.1425438596491228 1114.0 75717.0
0.1427746999076639 1114.0 76231.0
0.14289012003693444 1114.0 76240.0
0.14300554016620498 1114.0 76245.0
0.1435826408125577 1114.0 76285.0
0.1438134810710988 1114.0 76285.0
0.14415974145891045 1114.0 76316.0
0.14519852262234534 1632.0 104194.0
0.1456602031394275 1632.0 104208.0
0.14577562326869806 1632.0 104208.0
0.1461218836565097 1632.0 104654.0
0.14727608494921515 1632.0 105007.0
0.1473915050784857 1114.0 78724.0
0.14958448753462603 1632.0 108121.0
0.15858725761772854 1632.0 114724.0
0.15881809787626963 1632.0 114887.0
0.15974145891043398 1116.0 93521.0
0.1611265004616805 1632.0 115971.0
0.16135734072022162 1632.0 115981.0
0.18063250230840258 1634.0 153308.0
0.18328716528162511 1634.0 158914.0
0.18467220683287167 1634.0 159027.0
0.1847876269621422 1634.0 159027.0
0.18721144967682363 1634.0 161653.0
0.19436749769159742 1634.0 166768.0
0.19471375807940905 1634.0 167884.0
0.19517543859649122 1634.0 167960.0
0.1954062788550323 1634.0 167960.0
0.19552169898430286 1634.0 167960.0
0.19575253924284394 1634.0 167966.0
0.19609879963065557 1634.0 168502.0
0.1963296398891967 1634.0 168502.0
0.19644506001846723 1634.0 168692.0
0.19656048014773778 1634.0 168692.0
0.1971375807940905 1634.0 169134.0
0.19725300092336104 1634.0 169398.0
0.19736842105263158 1634.0 169398.0
0.19748384118190213 1634.0 169398.0
0.1977146814404432 1634.0 169410.0
0.19783010156971376 1634.0 169429.0
0.2002539242843952 1634.0 169559.0
0.20083102493074792 1634.0 169565.0
0.20094644506001846 1634.0 169565.0
0.201061865189289 1634.0 169565.0
0.20117728531855955 1634.0 169565.0
0.20163896583564173 1634.0 169618.0
0.20175438596491227 1634.0 169624.0
0.20267774699907665 1634.0 169649.0
0.2027931671283472 1634.0 169650.0
0.20706371191135733 1634.0 170030.0
0.22102954755309326 1117.0 165257.0
0.22149122807017543 1117.0 165344.0
0.22160664819944598 1117.0 165346.0
0.22172206832871652 1117.0 165346.0
0.22183748845798706 1117.0 165346.0
0.2224145891043398 1117.0 165379.0
0.22253000923361035 1117.0 165415.0
0.2226454293628809 1117.0 165417.0
0.22276084949215144 1117.0 165417.0
0.22287626962142199 1117.0 165417.0
0.22310710987996307 1117.0 165441.0
0.22414589104339797 1117.0 165525.0
0.27308402585410896 1117.0 143303.0
0.277123730378578 1119.0 206417.0
0.2772391505078486 1119.0 206417.0
0.2773545706371191 1119.0 206420.0
0.2778162511542013 1119.0 206652.0
0.27850877192982454 1119.0 211833.0
0.28162511542012925 1119.0 212107.0
0.282202216066482 1119.0 212131.0
0.28277931671283474 1119.0 212133.0
0.28589566020313945 1119.0 216231.0
0.28624192059095105 1119.0 216300.0
0.2863573407202216 1119.0 216300.0
0.2865881809787627 1119.0 216300.0
0.2869344413665743 1119.0 216345.0
0.2870498614958449 1119.0 216349.0
0.2871652816251154 1119.0 216349.0
0.2883194829178209 1119.0 216435.0
0.288550323176362 1119.0 216436.0
0.29778393351800553 1119.0 218638.0
0.2992843951985226 1119.0 218964.0
0.29939981532779314 1119.0 218964.0
0.2996306555863343 1119.0 218964.0
0.2997460757156048 1119.0 218968.0
0.30032317636195754 1119.0 219704.0
0.308056325023084 1119.0 245897.0
0.30967220683287167 1638.0 226395.0
0.30990304709141275 1638.0 226398.0
0.31001846722068327 1638.0 226398.0
0.3112880886426593 1638.0 227150.0
0.33114035087719296 1639.0 230058.0
0.33137119113573404 1639.0 230083.0
0.3314866112650046 1639.0 230083.0
0.33206371191135736 1639.0 230329.0
0.3321791320406279 1639.0 230329.0
0.33229455216989845 1639.0 230329.0
0.33425669436749766 1639.0 230439.0
0.33437211449676824 1639.0 230439.0
0.3346029547553093 1639.0 230443.0
0.3347183748845799 1639.0 230448.0
0.3373730378578024 1639.0 231667.0
0.33771929824561403 1639.0 231690.0
0.3384118190212373 1639.0 231799.0
0.33852723915050786 1639.0 231799.0
0.342797783933518 1639.0 256713.0
0.34349030470914127 1639.0 258873.0
0.3475300092336103 1639.0 301821.0
0.3553785780240074 1639.0 304654.0
0.3948522622345337 1640.0 330008.0
0.4010849492151431 1640.0 341933.0
0.41885964912280704 1640.0 351488.0
0.726915974145891 1641.0 597385.0
1.0 1641.0 740688.0
