15712
0.00011542012927054478 1085.7307248384118 0.0
0.00023084025854108956 1693.670807453416 0.0
0.00034626038781163435 2403.8760806916425 0.0
0.0004616805170821791 2835.0257234726687 0.0
0.0005771006463527239 3183.684901531729 0.0
0.0006925207756232687 3499.6392045454545 0.0
0.0008079409048938135 3876.444866920152 0.0
0.0009233610341643582 4076.942731277533 0.0
0.001038781163434903 4441.2402234636875 0.0
0.0011542012927054479 4617.462025316456 0.0
0.0012696214219759926 4727.088435374149 0.0
0.0013850415512465374 5061.117647058823 0.0
0.0015004616805170822 5282.576576576576 0.0
0.001615881809787627 5350.829787234043 0.0
0.0017313019390581717 5529.542168674699 0.0
0.0018467220683287165 5686.782608695652 0.0
0.0019621421975992612 5902.0 0.0
0.002077562326869806 6100.246153846154 0.0
0.0021929824561403508 6344.568965517241 0.0
0.0023084025854108957 6202.745454545455 0.0
0.0024238227146814403 6200.108695652174 0.0
0.0025392428439519853 6537.027777777777 0.0
0.00265466297322253 6587.333333333333 0.0
0.002770083102493075 6772.571428571428 0.0
0.0028855032317636198 6813.689655172414 0.0
0.0030009233610341643 6762.633333333333 0.0
0.0031163434903047093 6630.780487804878 0.0
0.003231763619575254 6673.0 0.0
0.003347183748845799 6622.926829268293 0.0
0.0034626038781163434 6956.815789473684 0.0
0.0035780240073868884 7258.085714285714 0.0
0.003693444136657433 7125.868421052632 0.0
0.003808864265927978 7479.794117647059 0.0
0.0039242843951985225 7484.791666666667 0.0
0.004039704524469067 7454.96 0.0
0.004155124653739612 7514.1 0.0
0.004270544783010157 7400.454545454545 0.0
0.0043859649122807015 7268.16 0.0
0.004501385041551247 7599.315789473684 0.0
0.0046168051708217915 7363.411764705882 0.0
0.004732225300092336 7418.125 0.0
0.004847645429362881 7820.642857142857 0.0
0.004963065558633426 7167.692307692308 0.0
0.0050784856879039705 7454.111111111111 0.0
0.005193905817174515 7318.55 0.0
0.00530932594644506 7427.785714285715 0.0
0.005424746075715605 7516.736842105263 0.0
0.00554016620498615 7427.25 0.0
0.005655586334256694 7775.083333333333 0.0
0.0057710064635272396 7753.0 0.0
0.005886426592797784 7957.8 0.0
0.006001846722068329 7878.684210526316 0.0
0.006117266851338873 7736.333333333333 0.0
0.006232686980609419 8101.875 0.0
0.006348107109879963 8118.4375 0.0
0.006463527239150508 8161.470588235294 0.0
0.006578947368421052 8047.307692307692 0.0
0.006694367497691598 8339.6 0.0
0.006809787626962142 8342.09090909091 0.0
0.006925207756232687 8494.76923076923 0.0
0.007040627885503232 8352.90909090909 0.0
0.007156048014773777 8673.9 0.0
0.007271468144044321 8534.92857142857 0.0
0.007386888273314866 8645.4 0.0
0.007502308402585411 8366.857142857143 0.0
0.007617728531855956 8739.9 0.0
0.0077331486611265 8814.0 0.0
0.007848568790397045 8498.5 0.0
0.00796398891966759 8406.833333333334 0.0
0.008079409048938134 8887.8 0.0
0.00819482917820868 8769.714285714286 0.0
0.008310249307479225 8838.0 0.0
0.008425669436749769 9166.2 0.0
0.008541089566020314 9138.166666666666 0.0
0.00865650969529086 9018.09090909091 0.0
0.008771929824561403 8884.25 0.0
0.008887349953831948 8647.5 0.0
0.009002770083102494 8871.625 0.0
0.009118190212373038 8920.09090909091 0.0
0.009233610341643583 9109.25 0.0
0.009349030470914127 8930.25 0.0
0.009464450600184672 8897.625 0.0
0.009579870729455217 8845.0 0.0
0.009695290858725761 8872.5 0.0
0.009810710987996307 9186.09090909091 0.0
0.009926131117266852 8812.833333333334 0.0
0.010041551246537396 8902.888888888889 0.0
0.010156971375807941 8861.636363636364 0.0
0.010272391505078486 8974.214285714286 0.0
0.01038781163434903 8884.09090909091 0.0
0.010503231763619576 8941.666666666666 0.0
0.01061865189289012 8950.6 0.0
0.010734072022160665 9270.285714285714 0.0
0.01084949215143121 9687.0 0.0
0.010964912280701754 9748.0 0.0
0.0110803324099723 9293.333333333334 0.0
0.011195752539242845 9069.625 0.0
0.011311172668513388 9386.142857142857 0.0
0.011426592797783934 9242.6 0.0
0.011542012927054479 9128.666666666666 0.0
0.011657433056325023 9122.857142857143 0.0
0.011772853185595568 9218.888888888889 0.0
0.011888273314866112 9119.0 0.0
0.012003693444136657 9324.625 0.0
0.012119113573407203 9259.166666666666 0.0
0.012234533702677746 9297.0 0.0
0.012349953831948292 9556.8 0.0
0.012465373961218837 9265.0 0.0
0.012580794090489381 9348.0 0.0
0.012696214219759926 9903.0 0.0
0.012811634349030472 9722.0 0.0
0.01304247460757156 8990.0 0.0
0.013157894736842105 9490.25 0.0
0.01327331486611265 9592.5 0.0
0.013388734995383195 9337.333333333334 0.0
0.013504155124653739 10078.0 0.0
0.013619575253924284 9335.5 0.0
0.01373499538319483 9317.0 0.0
0.013850415512465374 9440.5 0.0
0.013965835641735919 9529.666666666666 0.0
0.014081255771006464 9661.0 0.0
0.014196675900277008 9433.333333333334 0.0
0.014312096029547553 9551.75 0.0
0.014427516158818097 9715.25 0.0
0.014542936288088643 9966.666666666666 0.0
0.014658356417359188 9666.285714285714 0.0
0.014773776546629732 9714.25 0.0
0.014889196675900277 9649.666666666666 0.0
0.015004616805170823 9671.666666666666 0.0
0.015120036934441366 9452.0 0.0
0.015350877192982455 9581.333333333334 0.0
0.015466297322253 9552.0 0.0
0.015581717451523546 9636.25 0.0
0.01569713758079409 9671.166666666666 0.0
0.015812557710064637 9589.0 0.0
0.01592797783933518 10115.5 0.0
0.016043397968605724 9847.0 0.0
0.016158818097876268 9636.0 0.0
0.016274238227146815 9809.0 0.0
0.01638965835641736 9733.75 0.0
0.016505078485687903 9823.0 0.0
0.01662049861495845 9473.0 0.0
0.016735918744228993 9728.333333333334 0.0
0.016851338873499537 9845.666666666666 0.0
0.016966759002770084 9836.666666666666 0.0
0.017082179132040628 9695.0 0.0
0.01719759926131117 9969.0 0.0
0.01731301939058172 9694.8 0.0
0.017428439519852262 9685.0 0.0
0.017543859649122806 9932.0 0.0
0.017659279778393353 9705.0 0.0
0.017774699907663897 9740.0 0.0
0.01789012003693444 9743.0 0.0
0.018005540166204988 9693.0 0.0
0.01812096029547553 9822.2 0.0
0.018236380424746075 9831.142857142857 0.0
0.018351800554016622 9814.333333333334 0.0
0.018467220683287166 9663.666666666666 0.0
0.01858264081255771 9888.0 0.0
0.018698060941828253 10094.0 0.0
0.0188134810710988 9734.5 0.0
0.018928901200369344 9373.0 0.0
0.019044321329639888 9374.0 0.0
0.019159741458910435 9815.0 0.0
0.01927516158818098 10180.0 0.0
0.019390581717451522 9923.333333333334 0.0
0.01950600184672207 10182.0 0.0
0.019736842105263157 9940.0 0.0
0.019852262234533704 9733.333333333334 0.0
0.019967682363804248 9296.0 0.0
0.02008310249307479 9672.333333333334 0.0
0.02019852262234534 9890.0 0.0
0.020313942751615882 10598.0 0.0
0.020429362880886426 9906.0 0.0
0.020544783010156973 10324.0 0.0
0.020660203139427517 9316.0 0.0
0.021121883656509695 10095.0 0.0
0.021352723915050786 10024.0 0.0
0.02146814404432133 10101.0 0.0
0.021583564173591873 10070.5 0.0
0.02169898430286242 10031.0 0.0
0.021929824561403508 10032.0 0.0
0.022045244690674055 9456.0 0.0
0.0221606648199446 9465.0 0.0
0.022276084949215142 10271.5 0.0
0.02239150507848569 10422.0 0.0
0.022622345337026777 9916.5 0.0
0.022853185595567867 9501.0 0.0
0.02296860572483841 10378.0 0.0
0.023199445983379502 10057.5 0.0
0.023314866112650046 10058.0 0.0
0.02343028624192059 9435.0 0.0
0.023545706371191136 9435.0 0.0
0.023776546629732224 10142.5 0.0
0.02389196675900277 9995.5 0.0
0.024007386888273315 10452.0 0.0
0.024238227146814405 10452.0 0.0
0.02435364727608495 10159.0 0.0
0.024469067405355493 10159.0 0.0
0.02458448753462604 10160.0 0.0
0.024699907663896584 10205.0 0.0
0.024815327793167127 10319.5 0.0
0.025046168051708218 10320.5 0.0
0.02527700831024931 9983.0 0.0
0.025738688827331487 10012.0 0.0
0.02585410895660203 10326.0 0.0
0.025969529085872575 10201.0 0.0
0.02608494921514312 10327.0 0.0
0.026200369344413665 10077.0 0.0
0.026431209602954756 10044.0 0.0
0.0265466297322253 9893.5 0.0
0.02677746999076639 11250.0 0.0
0.026892890120036934 10248.0 0.0
0.027123730378578025 10388.0 0.0
0.027354570637119113 10234.0 0.0
0.02746999076638966 11251.0 0.0
0.027700831024930747 11251.0 0.0
0.027816251154201294 11251.0 0.0
0.02804709141274238 10747.5 0.0
0.02816251154201293 10750.5 0.0
0.028277931671283472 10262.0 0.0
0.028393351800554016 10262.0 0.0
0.02850877192982456 10262.0 0.0
0.028624192059095107 10459.333333333334 0.0
0.02873961218836565 10382.0 0.0
0.028855032317636194 9738.0 0.0
0.02897045244690674 9996.0 0.0
0.029085872576177285 10062.5 0.0
0.02920129270544783 10063.5 0.0
0.029316712834718376 10385.0 0.0
0.02943213296398892 10386.0 0.0
0.029547553093259463 10387.0 0.0
0.02966297322253001 11269.0 0.0
0.029893813481071098 9752.0 0.0
0.030009233610341645 10152.0 0.0
0.03012465373961219 10404.5 0.0
0.030240073868882732 10703.666666666666 0.0
0.03035549399815328 10293.0 0.0
0.030470914127423823 10316.0 0.0
0.030586334256694367 10681.5 0.0
0.03070175438596491 10805.5 0.0
0.030817174515235458 10317.0 0.0
0.030932594644506 10807.0 0.0
0.031048014773776545 10807.0 0.0
0.031163434903047092 10854.5 0.0
0.031278855032317636 11392.0 0.0
0.03139427516158818 10323.0 0.0
0.03150969529085872 10857.5 0.0
0.031625115420129274 10323.0 0.0
0.03174053554939982 10647.333333333334 0.0
0.03185595567867036 10302.0 0.0
0.031971375807940905 10302.5 0.0
0.03208679593721145 10520.333333333334 0.0
0.03220221606648199 10621.0 0.0
0.032317636195752536 9872.0 0.0
0.03243305632502309 10477.0 0.0
0.03254847645429363 10625.0 0.0
0.03277931671283472 10334.0 0.0
0.03289473684210526 10642.0 0.0
0.033010156971375805 10531.0 0.0
0.033125577100646356 10422.0 0.0
0.0332409972299169 10484.0 0.0
0.03335641735918744 10629.0 0.0
0.03358725761772853 10437.0 0.0
0.033702677746999074 10665.0 0.0
0.033818097876269625 10802.0 0.0
0.03393351800554017 10575.0 0.0
0.03404893813481071 10711.0 0.0
0.034164358264081256 10909.0 0.0
0.0342797783933518 11032.0 0.0
0.03439519852262234 11209.5 0.0
0.03451061865189289 10518.666666666666 0.0
0.03462603878116344 9916.0 0.0
0.03474145891043398 10651.5 0.0
0.034856879039704525 11388.0 0.0
0.03497229916897507 11388.0 0.0
0.03508771929824561 11388.0 0.0
0.035203139427516156 10984.5 0.0
0.035318559556786706 9932.0 0.0
0.03543397968605725 10952.25 0.0
0.035549399815327794 10869.333333333334 0.0
0.03566481994459834 10752.75 0.0
0.03578024007386888 11205.0 0.0
0.035895660203139425 10754.0 0.0
0.036011080332409975 10766.5 0.0
0.03612650046168052 11175.5 0.0
0.03624192059095106 11176.0 0.0
0.03647276084949215 10973.666666666666 0.0
0.036703601108033244 10557.666666666666 0.0
0.03681902123730379 10858.5 0.0
0.03693444136657433 10781.0 0.0
0.037049861495844875 10797.0 0.0
0.03728070175438596 11179.0 0.0
0.037742382271468145 10951.0 0.0
0.03797322253000923 10951.0 0.0
0.038088642659279776 11067.0 0.0
0.038204062788550326 11179.0 0.0
0.038434903047091414 10939.0 0.0
0.039242843951985226 10896.5 0.0
0.039473684210526314 11022.0 0.0
0.03958910433979686 11031.0 0.0
0.03970452446906741 11031.0 0.0
0.039935364727608495 11211.0 0.0
0.04016620498614958 11089.0 0.0
0.040281625115420126 11212.0 0.0
0.04039704524469068 11090.0 0.0
0.04051246537396122 10972.0 0.0
0.040627885503231764 10963.666666666666 0.0
0.04074330563250231 10968.333333333334 0.0
0.04085872576177285 10971.666666666666 0.0
0.041089566020313946 10846.0 0.0
0.04120498614958449 10975.0 0.0
0.04132040627885503 10718.0 0.0
0.04143582640812558 10718.0 0.0
0.041666666666666664 10719.0 0.0
0.04178208679593721 10719.0 0.0
0.0420129270544783 10890.0 0.0
0.042128347183748846 10806.0 0.0
0.04224376731301939 10806.5 0.0
0.04247460757156048 10726.0 0.0
0.04259002770083103 11239.0 0.0
0.042820867959372115 11240.0 0.0
0.04374422899353647 11267.0 0.0
0.043859649122807015 10647.0 0.0
0.043975069252077566 10648.0 0.0
0.04409048938134811 10648.0 0.0
0.04420590951061865 10397.5 0.0
0.0443213296398892 10992.0 0.0
0.04466759002770083 10762.0 0.0
0.04478301015697138 10773.0 0.0
0.04512927054478301 11051.5 0.0
0.04524469067405355 10926.0 0.0
0.0453601108033241 11080.0 0.0
0.04547553093259465 11030.0 0.0
0.04559095106186519 10993.5 0.0
0.045706371191135735 10907.0 0.0
0.04582179132040628 10927.5 0.0
0.04593721144967682 10775.0 0.0
0.046052631578947366 10739.0 0.0
0.04628347183748846 11096.0 0.0
0.046398891966759004 11099.0 0.0
0.04651431209602955 11029.0 0.0
0.04662973222530009 10914.0 0.0
0.046745152354570635 10775.0 0.0
0.04686057248384118 11119.0 0.0
0.04755309325946445 10915.0 0.0
0.047668513388735 10918.0 0.0
0.04778393351800554 10919.0 0.0
0.04801477377654663 10751.0 0.0
0.04836103416435827 10751.0 0.0
0.04882271468144044 10751.0 0.0
0.048938134810710986 10851.0 0.0
0.04951523545706371 10927.0 0.0
0.0497460757156048 10789.0 0.0
0.05228531855955679 11763.0 0.0
0.05240073868882733 10946.0 0.0
0.052516158818097874 10962.0 0.0
0.05263157894736842 10650.0 0.0
0.05274699907663897 10989.0 0.0
0.05286241920590951 10989.0 0.0
0.052977839335180056 11016.0 0.0
0.0530932594644506 11043.0 0.0
0.05343951985226224 11043.0 0.0
0.054016620498614956 11043.0 0.0
0.05424746075715605 11044.0 0.0
0.054362880886426594 11044.0 0.0
0.05447830101569714 11044.0 0.0
0.05459372114496768 11045.0 0.0
0.05482456140350877 11045.0 0.0
0.05517082179132041 11045.0 0.0
0.05528624192059095 11045.0 0.0
0.05551708217913204 11047.0 0.0
0.05563250230840259 11048.0 0.0
0.05574792243767313 11048.0 0.0
0.055863342566943676 11048.0 0.0
0.05609418282548476 11048.0 0.0
0.056555863342566945 11049.0 0.0
0.05817174515235457 11054.0 0.0
0.05921052631578947 11405.0 0.0
0.05955678670360111 12150.0 0.0
0.059787626962142196 12150.0 0.0
0.05990304709141274 12150.0 0.0
0.060133887349953834 11130.0 0.0
0.06059556786703601 11130.0 0.0
0.06071098799630656 11131.0 0.0
0.0608264081255771 11131.0 0.0
0.06105724838411819 11131.0 0.0
0.061172668513388734 11131.0 0.0
0.06128808864265928 11131.0 0.0
0.061634349030470915 11421.0 0.0
0.06174976915974146 11422.0 0.0
0.06209602954755309 11135.0 0.0
0.06255771006463527 11422.0 0.0
0.06267313019390582 11428.0 0.0
0.06278855032317636 11428.0 0.0
0.06613573407202217 11121.0 0.0
0.06625115420129271 11133.0 0.0
0.06636657433056325 11134.0 0.0
0.07040627885503231 11918.0 0.0
0.07052169898430287 11286.0 0.0
0.07063711911357341 11752.0 0.0
0.07075253924284396 12208.0 0.0
0.07098337950138504 12208.0 0.0
0.07109879963065559 12208.0 0.0
0.07132963988919667 12216.0 0.0
0.07144506001846722 11686.5 0.0
0.07259926131117267 12231.0 0.0
0.07271468144044321 11320.0 0.0
0.07283010156971376 11234.0 0.0
0.0729455216989843 11234.0 0.0
0.07306094182825484 11234.0 0.0
0.0742151431209603 11641.0 0.0
0.07433056325023084 11641.0 0.0
0.07606186518928901 11643.0 0.0
0.07617728531855955 11643.0 0.0
0.07710064635272391 11779.0 0.0
0.07721606648199446 11779.0 0.0
0.07744690674053555 11793.0 0.0
0.07756232686980609 11795.0 0.0
0.07767774699907663 11795.0 0.0
0.07917820867959371 11799.0 0.0
0.08010156971375808 11799.0 0.0
0.08067867036011081 11803.0 0.0
0.0809095106186519 11803.0 0.0
0.08102493074792244 11720.5 0.0
0.08114035087719298 11641.0 0.0
0.08137119113573407 11641.0 0.0
0.08148661126500462 11642.0 0.0
0.08160203139427516 11726.5 0.0
0.0817174515235457 11726.5 0.0
0.08217913204062789 11811.0 0.0
0.08240997229916898 11677.0 0.0
0.08252539242843952 11678.0 0.0
0.08275623268698061 11678.0 0.0
0.08310249307479224 11713.0 0.0
0.08391043397968606 11817.0 0.0
0.08425669436749769 11820.0 0.0
0.08437211449676824 11820.0 0.0
0.08483379501385041 11820.0 0.0
0.08494921514312095 11718.0 0.0
0.08506463527239151 11821.0 0.0
0.08518005540166206 11777.0 0.0
0.0852954755309326 11823.0 0.0
0.08552631578947369 11733.0 0.0
0.08575715604801477 11734.0 0.0
0.08587257617728532 11734.0 0.0
0.0861034164358264 11734.0 0.0
0.08691135734072022 11735.0 0.0
0.08714219759926131 11735.0 0.0
0.0873730378578024 11737.0 0.0
0.08760387811634349 11737.0 0.0
0.08771929824561403 11737.0 0.0
0.08783471837488457 11737.0 0.0
0.08795013850415513 11743.0 0.0
0.08818097876269622 11744.0 0.0
0.08829639889196676 11744.0 0.0
0.08852723915050785 11744.0 0.0
0.0896814404432133 11746.0 0.0
0.08979686057248384 11746.0 0.0
0.08991228070175439 11746.0 0.0
0.09002770083102493 11794.0 0.0
0.09014312096029548 11843.0 0.0
0.09037396121883656 11748.0 0.0
0.0930286241920591 12359.0 0.0
0.09314404432132964 12359.0 0.0
0.09325946445060018 12359.0 0.0
0.09337488457987073 12359.0 0.0
0.09418282548476455 12361.0 0.0
0.09429824561403509 12363.0 0.0
0.09441366574330563 12363.0 0.0
0.09452908587257618 12363.0 0.0
0.09522160664819945 12364.0 0.0
0.09672206832871653 12365.0 0.0
0.09683748845798708 12365.0 0.0
0.09695290858725762 12365.0 0.0
0.09822253000923362 12385.0 0.0
0.09833795013850416 12385.0 0.0
0.0984533702677747 12385.0 0.0
0.09856879039704525 12385.0 0.0
0.10064635272391505 11861.0 0.0
0.10099261311172668 11863.0 0.0
0.10110803324099724 11863.0 0.0
0.10653277931671283 12093.0 0.0
0.10664819944598337 12093.0 0.0
0.10676361957525392 12093.0 0.0
0.10687903970452448 12093.0 0.0
0.10710987996306556 12094.0 0.0
0.11195752539242844 12399.0 0.0
0.11634349030470914 12404.0 0.0
0.11645891043397968 12408.0 0.0
0.12072945521698984 12172.0 0.0
0.12084487534626039 12172.0 0.0
0.12096029547553093 12292.5 0.0
0.12107571560480147 12172.0 0.0
0.12130655586334256 12172.0 0.0
0.12142197599261312 12172.0 0.0
0.1226915974145891 12415.0 0.0
0.12280701754385964 12415.0 0.0
0.12488457987072946 12425.0 0.0
0.12534626038781163 12425.0 0.0
0.12673130193905818 12427.0 0.0
0.12696214219759927 12427.0 0.0
0.12777008310249308 12431.0 0.0
0.12800092336103416 12431.0 0.0
0.12823176361957525 12431.0 0.0
0.1283471837488458 12431.0 0.0
0.12846260387811634 12431.0 0.0
0.1634349030470914 12322.0 0.0
0.1636657433056325 12322.0 0.0
0.16389658356417358 12322.0 0.0
0.1642428439519852 12322.0 0.0
0.16435826408125578 12322.0 0.0
0.16447368421052633 12322.0 0.0
0.16458910433979687 12322.0 0.0
0.16481994459833796 12322.0 0.0
0.16528162511542013 12322.0 0.0
0.16539704524469068 12322.0 0.0
0.16551246537396122 12322.0 0.0
0.17012927054478302 12351.0 0.0
0.17024469067405357 12351.0 0.0
0.17047553093259465 12351.0 0.0
0.17128347183748846 12351.0 0.0
0.1737072945521699 12825.0 0.0
0.17382271468144045 12825.0 0.0
0.22957063711911357 13214.0 0.0
0.2366112650046168 13226.0 0.0
0.24272853185595566 12661.0 0.0
0.24284395198522624 12661.0 0.0
0.24295937211449678 12698.0 0.0
0.24572945521698986 12700.0 0.0
0.24596029547553094 12701.0 0.0
0.24722991689750692 12703.0 0.0
0.24803785780240073 12703.0 0.0
0.25911819021237303 13237.0 0.0
0.26027239150507847 13239.0 0.0
0.26096491228070173 13239.0 0.0
0.2610803324099723 13239.0 0.0
0.2611957525392428 13239.0 0.0
0.2613111726685134 13239.0 0.0
0.26165743305632505 13239.0 0.0
0.2621191135734072 13239.0 0.0
0.26223453370267774 13239.0 0.0
0.2623499538319483 13239.0 0.0
0.26246537396121883 13240.0 0.0
0.2626962142197599 13240.0 0.0
0.2644275161588181 13241.0 0.0
0.26454293628808867 13241.0 0.0
0.26477377654662976 13241.0 0.0
0.2648891966759003 13241.0 0.0
0.26500461680517085 13241.0 0.0
0.26512003693444136 13241.0 0.0
0.2863573407202216 13422.0 0.0
0.28981994459833793 13424.0 0.0
0.3030932594644506 13452.0 0.0
0.3129039704524469 13469.0 0.0
0.3140581717451524 13380.0 0.0
0.314404432132964 13476.0 0.0
0.36091874422899356 13618.0 0.0
0.36126500461680516 13619.0 0.0
0.3736149584487535 13652.0 0.0
0.5624422899353647 14172.0 0.0
0.6150738688827332 14231.0 0.0
0.6263850415512465 14807.0 0.0
1.0 15712.0 0.0
