989312
0.00011542012927054478 1249.0749076638965 0.0
0.00023084025854108956 1803.4757894736842 0.0
0.00034626038781163435 3082.31256181998 0.0
0.0004616805170821791 3572.6018518518517 0.0
0.0005771006463527239 4067.7020316027088 0.0
0.0006925207756232687 4949.617816091954 0.0
0.0008079409048938135 5500.658088235294 0.0
0.0009233610341643582 5922.526829268293 0.0
0.001038781163434903 6557.703030303031 0.0
0.0011542012927054479 6076.662420382166 0.0
0.0012696214219759926 6987.056451612903 0.0
0.0013850415512465374 8061.073170731707 0.0
0.0015004616805170822 8512.284403669724 0.0
0.001615881809787627 9526.355555555556 0.0
0.0017313019390581717 9218.831325301206 0.0
0.0018467220683287165 9894.746987951807 0.0
0.0019621421975992612 10326.164705882353 0.0
0.002077562326869806 10589.89552238806 0.0
0.0021929824561403508 10849.537313432837 0.0
0.0023084025854108957 12452.912280701754 0.0
0.0024238227146814403 12454.5 0.0
0.0025392428439519853 12960.792452830188 0.0
0.00265466297322253 11982.717391304348 0.0
0.002770083102493075 12767.25641025641 0.0
0.0028855032317636198 15131.194444444445 0.0
0.0030009233610341643 14214.434782608696 0.0
0.0031163434903047093 14244.09090909091 0.0
0.003231763619575254 13991.30303030303 0.0
0.003347183748845799 16318.875 0.0
0.0034626038781163434 14727.225806451614 0.0
0.0035780240073868884 16869.31818181818 0.0
0.003693444136657433 16564.03125 0.0
0.003808864265927978 16343.444444444445 0.0
0.0039242843951985225 13353.038461538461 0.0
0.004039704524469067 15739.555555555555 0.0
0.004155124653739612 16692.565217391304 0.0
0.004270544783010157 16334.0 0.0
0.0043859649122807015 17641.5 0.0
0.004501385041551247 17158.29411764706 0.0
0.0046168051708217915 16182.115384615385 0.0
0.004732225300092336 19357.238095238095 0.0
0.004847645429362881 20223.391304347828 0.0
0.004963065558633426 21601.42105263158 0.0
0.0050784856879039705 21866.5 0.0
0.005193905817174515 20511.823529411766 0.0
0.00530932594644506 20567.1875 0.0
0.005424746075715605 20988.842105263157 0.0
0.00554016620498615 22049.6875 0.0
0.005655586334256694 25323.3 0.0
0.0057710064635272396 20244.666666666668 0.0
0.005886426592797784 22476.8 0.0
0.006001846722068329 23489.55 0.0
0.006117266851338873 25276.647058823528 0.0
0.006232686980609419 20518.75 0.0
0.006348107109879963 22756.545454545456 0.0
0.006463527239150508 26771.5 0.0
0.006578947368421052 24262.727272727272 0.0
0.006694367497691598 22085.909090909092 0.0
0.006809787626962142 31083.909090909092 0.0
0.006925207756232687 28544.846153846152 0.0
0.007040627885503232 25463.58823529412 0.0
0.007156048014773777 27325.0 0.0
0.007271468144044321 29913.909090909092 0.0
0.007386888273314866 27757.363636363636 0.0
0.007502308402585411 26695.25 0.0
0.007617728531855956 27182.333333333332 0.0
0.0077331486611265 22333.0 0.0
0.007848568790397045 18087.833333333332 0.0
0.00796398891966759 33445.11111111111 0.0
0.008079409048938134 24521.6 0.0
0.00819482917820868 23400.81818181818 0.0
0.008310249307479225 29853.85714285714 0.0
0.008425669436749769 33825.1 0.0
0.008541089566020314 28942.375 0.0
0.00865650969529086 29788.5 0.0
0.008771929824561403 31428.5 0.0
0.008887349953831948 32167.222222222223 0.0
0.009002770083102494 26842.5 0.0
0.009118190212373038 26087.571428571428 0.0
0.009233610341643583 30408.285714285714 0.0
0.009349030470914127 30217.8 0.0
0.009464450600184672 29554.4 0.0
0.009579870729455217 29911.6 0.0
0.009695290858725761 35365.0 0.0
0.009810710987996307 36333.25 0.0
0.009926131117266852 25102.8 0.0
0.010041551246537396 28601.1 0.0
0.010156971375807941 31752.0 0.0
0.010272391505078486 28075.833333333332 0.0
0.01038781163434903 35255.57142857143 0.0
0.010503231763619576 31255.14285714286 0.0
0.01061865189289012 34085.8 0.0
0.010734072022160665 28699.5 0.0
0.01084949215143121 27620.25 0.0
0.010964912280701754 30993.85714285714 0.0
0.0110803324099723 35723.555555555555 0.0
0.011195752539242845 51999.875 0.0
0.011311172668513388 37868.0 0.0
0.011426592797783934 33337.166666666664 0.0
0.011542012927054479 34216.857142857145 0.0
0.011657433056325023 33418.4 0.0
0.011772853185595568 37302.0 0.0
0.011888273314866112 37438.0 0.0
0.012003693444136657 33197.6 0.0
0.012119113573407203 28785.5 0.0
0.012234533702677746 35441.0 0.0
0.012349953831948292 32709.8 0.0
0.012465373961218837 32172.6 0.0
0.012580794090489381 32202.85714285714 0.0
0.012696214219759926 33329.0 0.0
0.012811634349030472 34183.5 0.0
0.012927054478301015 34367.28571428572 0.0
0.01304247460757156 34702.75 0.0
0.013157894736842105 31911.4 0.0
0.01327331486611265 32154.5 0.0
0.013388734995383195 33522.8 0.0
0.013504155124653739 30818.75 0.0
0.013619575253924284 34214.0 0.0
0.01373499538319483 34544.11111111111 0.0
0.013850415512465374 35122.142857142855 0.0
0.013965835641735919 35107.555555555555 0.0
0.014081255771006464 36563.166666666664 0.0
0.014196675900277008 39929.4 0.0
0.014312096029547553 37371.42857142857 0.0
0.014427516158818097 45975.5 0.0
0.014542936288088643 47829.4 0.0
0.014658356417359188 41267.857142857145 0.0
0.014773776546629732 43233.666666666664 0.0
0.014889196675900277 42969.75 0.0
0.015004616805170823 39892.5 0.0
0.015120036934441366 37229.142857142855 0.0
0.015235457063711912 41536.5 0.0
0.015350877192982455 37044.25 0.0
0.015466297322253 34858.0 0.0
0.015581717451523546 36910.28571428572 0.0
0.01569713758079409 36102.166666666664 0.0
0.015812557710064637 38529.333333333336 0.0
0.01592797783933518 35540.333333333336 0.0
0.016043397968605724 35960.0 0.0
0.016158818097876268 40315.666666666664 0.0
0.016274238227146815 44576.5 0.0
0.01638965835641736 44116.666666666664 0.0
0.016505078485687903 37738.333333333336 0.0
0.01662049861495845 36309.5 0.0
0.016735918744228993 34970.5 0.0
0.016851338873499537 42786.2 0.0
0.016966759002770084 50405.0 0.0
0.017082179132040628 35537.5 0.0
0.01719759926131117 49819.5 0.0
0.01731301939058172 44000.2 0.0
0.017428439519852262 52851.125 0.0
0.017543859649122806 60070.2 0.0
0.017659279778393353 52016.5 0.0
0.017774699907663897 59471.666666666664 0.0
0.01789012003693444 58110.42857142857 0.0
0.018005540166204988 56867.166666666664 0.0
0.01812096029547553 47926.0 0.0
0.018236380424746075 56664.75 0.0
0.018351800554016622 105146.0 0.0
0.018467220683287166 60800.5 0.0
0.01858264081255771 105367.0 0.0
0.018698060941828253 51518.5 0.0
0.0188134810710988 49026.0 0.0
0.018928901200369344 44912.666666666664 0.0
0.019044321329639888 45687.0 0.0
0.019159741458910435 55051.5 0.0
0.01927516158818098 45828.333333333336 0.0
0.019390581717451522 49033.75 0.0
0.01950600184672207 43816.666666666664 0.0
0.019621421975992613 49127.0 0.0
0.019736842105263157 60101.0 0.0
0.019852262234533704 64369.5 0.0
0.019967682363804248 56195.333333333336 0.0
0.02008310249307479 39860.0 0.0
0.02019852262234534 41444.5 0.0
0.020313942751615882 40083.0 0.0
0.020429362880886426 45186.0 0.0
0.020544783010156973 43051.0 0.0
0.020660203139427517 51872.75 0.0
0.02077562326869806 53659.666666666664 0.0
0.020891043397968604 48379.0 0.0
0.02100646352723915 58664.5 0.0
0.021121883656509695 48403.5 0.0
0.02123730378578024 66323.5 0.0
0.021352723915050786 33245.0 0.0
0.02146814404432133 33316.0 0.0
0.021583564173591873 35407.0 0.0
0.02169898430286242 35484.0 0.0
0.021814404432132964 35529.0 0.0
0.021929824561403508 36018.0 0.0
0.022045244690674055 44702.0 0.0
0.0221606648199446 52813.666666666664 0.0
0.022276084949215142 40487.5 0.0
0.02239150507848569 44019.5 0.0
0.022506925207756233 45791.4 0.0
0.022622345337026777 46862.0 0.0
0.022737765466297324 46116.0 0.0
0.022853185595567867 46124.0 0.0
0.02296860572483841 56374.0 0.0
0.023084025854108958 49566.5 0.0
0.023199445983379502 56515.75 0.0
0.023314866112650046 65839.25 0.0
0.02343028624192059 61705.0 0.0
0.023545706371191136 53366.5 0.0
0.02366112650046168 66792.25 0.0
0.023776546629732224 71476.75 0.0
0.02389196675900277 60766.4 0.0
0.024007386888273315 46398.75 0.0
0.02412280701754386 48548.0 0.0
0.024238227146814405 64896.25 0.0
0.02435364727608495 50944.0 0.0
0.024469067405355493 50401.5 0.0
0.02458448753462604 70142.33333333333 0.0
0.024699907663896584 61582.833333333336 0.0
0.024815327793167127 66901.75 0.0
0.024930747922437674 50069.666666666664 0.0
0.025046168051708218 67877.2 0.0
0.025161588180978762 59835.666666666664 0.0
0.02527700831024931 52639.666666666664 0.0
0.025392428439519853 74080.0 0.0
0.025507848568790396 50074.0 0.0
0.025623268698060944 53082.0 0.0
0.025738688827331487 52642.0 0.0
0.02585410895660203 53035.0 0.0
0.025969529085872575 50575.0 0.0
0.02608494921514312 55890.5 0.0
0.026200369344413665 53855.0 0.0
0.02631578947368421 53433.0 0.0
0.026431209602954756 60372.5 0.0
0.0265466297322253 72298.0 0.0
0.02677746999076639 72772.0 0.0
0.02723915050784857 77929.0 0.0
0.027700831024930747 57444.0 0.0
0.027816251154201294 57474.5 0.0
0.027931671283471838 67835.0 0.0
0.02804709141274238 67918.5 0.0
0.02816251154201293 57288.0 0.0
0.028277931671283472 64561.0 0.0
0.028393351800554016 64567.0 0.0
0.02850877192982456 57591.0 0.0
0.028624192059095107 59994.666666666664 0.0
0.02873961218836565 57616.0 0.0
0.028855032317636194 59912.0 0.0
0.02897045244690674 65307.666666666664 0.0
0.029085872576177285 61356.0 0.0
0.02920129270544783 65365.5 0.0
0.029316712834718376 68771.33333333333 0.0
0.02943213296398892 76788.75 0.0
0.029547553093259463 66729.5 0.0
0.02966297322253001 71062.5 0.0
0.029778393351800554 66911.66666666667 0.0
0.029893813481071098 70860.4 0.0
0.030009233610341645 67942.66666666667 0.0
0.03012465373961219 72806.2 0.0
0.030240073868882732 77373.75 0.0
0.03035549399815328 71234.33333333333 0.0
0.030470914127423823 69569.33333333333 0.0
0.030586334256694367 80179.66666666667 0.0
0.03070175438596491 63936.5 0.0
0.030817174515235458 78190.5 0.0
0.030932594644506 66417.66666666667 0.0
0.031048014773776545 68689.5 0.0
0.031163434903047092 69232.0 0.0
0.03150969529085872 66019.66666666667 0.0
0.031625115420129274 69449.5 0.0
0.03174053554939982 76261.0 0.0
0.03185595567867036 76560.0 0.0
0.031971375807940905 79223.33333333333 0.0
0.03208679593721145 72762.0 0.0
0.03220221606648199 97634.0 0.0
0.03254847645429363 89025.0 0.0
0.033010156971375805 68355.0 0.0
0.03335641735918744 66587.5 0.0
0.03347183748845799 70814.0 0.0
0.03358725761772853 66628.5 0.0
0.033702677746999074 66635.5 0.0
0.033818097876269625 69531.33333333333 0.0
0.03393351800554017 73205.75 0.0
0.03404893813481071 65150.0 0.0
0.034164358264081256 68480.66666666667 0.0
0.0342797783933518 65778.5 0.0
0.03439519852262234 67745.66666666667 0.0
0.03451061865189289 67993.25 0.0
0.03462603878116344 69608.0 0.0
0.03474145891043398 66080.0 0.0
0.034856879039704525 74040.5 0.0
0.03497229916897507 72209.0 0.0
0.03508771929824561 72856.0 0.0
0.035203139427516156 76356.66666666667 0.0
0.035318559556786706 68894.0 0.0
0.03543397968605725 84510.0 0.0
0.035549399815327794 71785.5 0.0
0.03566481994459834 61410.0 0.0
0.035895660203139425 84518.0 0.0
0.03612650046168052 69810.0 0.0
0.03624192059095106 75127.66666666667 0.0
0.036357340720221606 71008.0 0.0
0.03647276084949215 75069.33333333333 0.0
0.036588180978762694 77397.0 0.0
0.036703601108033244 80654.66666666667 0.0
0.03681902123730379 84709.0 0.0
0.03716528162511542 97951.5 0.0
0.037396121883656507 101676.0 0.0
0.037742382271468145 84201.0 0.0
0.038088642659279776 82406.66666666667 0.0
0.038204062788550326 101898.0 0.0
0.03831948291782087 62956.0 0.0
0.038434903047091414 85202.0 0.0
0.03855032317636196 94897.5 0.0
0.038781163434903045 75593.5 0.0
0.038896583564173595 87890.0 0.0
0.03901200369344414 87968.0 0.0
0.039242843951985226 72827.5 0.0
0.03935826408125577 81790.33333333333 0.0
0.039473684210526314 93884.0 0.0
0.03958910433979686 72878.33333333333 0.0
0.03970452446906741 79988.0 0.0
0.03981994459833795 80001.5 0.0
0.039935364727608495 84574.0 0.0
0.04005078485687904 94322.5 0.0
0.04016620498614958 86297.0 0.0
0.040281625115420126 81070.5 0.0
0.04074330563250231 88965.0 0.0
0.04085872576177285 89026.0 0.0
0.040974145891043395 93406.0 0.0
0.041089566020313946 85798.5 0.0
0.04120498614958449 89997.5 0.0
0.04132040627885503 90030.5 0.0
0.04178208679593721 90090.5 0.0
0.04189750692520776 81268.0 0.0
0.0420129270544783 93736.0 0.0
0.042128347183748846 81359.0 0.0
0.04224376731301939 90821.0 0.0
0.04247460757156048 75963.0 0.0
0.04270544783010157 90560.0 0.0
0.042820867959372115 93882.0 0.0
0.04293628808864266 89831.66666666667 0.0
0.0430517082179132 118532.0 0.0
0.0432825484764543 93904.0 0.0
0.043859649122807015 87984.0 0.0
0.043975069252077566 87989.0 0.0
0.04409048938134811 88669.5 0.0
0.04420590951061865 88026.0 0.0
0.0443213296398892 89810.0 0.0
0.044552169898430284 91594.0 0.0
0.04466759002770083 124828.0 0.0
0.04478301015697138 108227.5 0.0
0.04489843028624192 108230.0 0.0
0.045013850415512466 124847.0 0.0
0.04512927054478301 109011.66666666667 0.0
0.0453601108033241 111482.0 0.0
0.04547553093259465 97403.0 0.0
0.04559095106186519 91779.0 0.0
0.045706371191135735 98095.0 0.0
0.04582179132040628 95012.5 0.0
0.046168051708217916 113386.0 0.0
0.04628347183748846 113405.0 0.0
0.046398891966759004 113410.0 0.0
0.04651431209602955 113437.0 0.0
0.04720683287165282 92124.0 0.0
0.04755309325946445 92746.0 0.0
0.04778393351800554 92761.0 0.0
0.04801477377654663 93154.0 0.0
0.04824561403508772 113891.0 0.0
0.04847645429362881 113957.0 0.0
0.048591874422899355 117517.0 0.0
0.0487072945521699 117524.0 0.0
0.04882271468144044 117526.0 0.0
0.04905355493998153 119721.0 0.0
0.04916897506925208 93702.0 0.0
0.0497460757156048 93784.0 0.0
0.04986149584487535 93815.0 0.0
0.050092336103416436 89478.5 0.0
0.05020775623268698 89515.5 0.0
0.05055401662049862 104601.0 0.0
0.05090027700831025 85362.0 0.0
0.05101569713758079 154105.0 0.0
0.051131117266851336 154107.0 0.0
0.05136195752539243 154121.0 0.0
0.05170821791320406 86003.0 0.0
0.05193905817174515 154289.0 0.0
0.052516158818097874 86279.0 0.0
0.05286241920590951 86400.0 0.0
0.052977839335180056 90145.5 0.0
0.0530932594644506 86408.0 0.0
0.053208679593721143 86430.0 0.0
0.05355493998153278 124664.5 0.0
0.05378578024007387 154867.0 0.0
0.05424746075715605 122550.0 0.0
0.054362880886426594 122559.0 0.0
0.05482456140350877 123168.0 0.0
0.05505540166204986 123193.0 0.0
0.05574792243767313 76581.0 0.0
0.05597876269621422 77657.0 0.0
0.05609418282548476 78535.0 0.0
0.05713296398891967 78977.0 0.0
0.05782548476454294 79418.0 0.0
0.05805632502308403 79468.0 0.0
0.058287165281625114 150848.0 0.0
0.05840258541089566 94658.5 0.0
0.05955678670360111 80859.0 0.0
0.059787626962142196 80886.0 0.0
0.05990304709141274 80894.0 0.0
0.06590489381348107 123337.0 0.0
0.06625115420129271 168653.0 0.0
0.06671283471837489 168726.0 0.0
0.06705909510618652 124470.0 0.0
0.06717451523545706 157748.0 0.0
0.06786703601108034 124553.0 0.0
0.06798245614035088 170918.0 0.0
0.06809787626962142 170951.0 0.0
0.06821329639889197 170959.0 0.0
0.07121421975992613 171810.0 0.0
0.0716759002770083 128777.0 0.0
0.07202216066481995 113242.0 0.0
0.0752539242843952 115377.0 0.0
0.07536934441366575 115378.0 0.0
0.07617728531855955 172990.0 0.0
0.0762927054478301 172990.0 0.0
0.08160203139427516 118718.0 0.0
0.08183287165281625 155431.0 0.0
0.08194829178208679 119261.0 0.0
0.08206371191135733 119283.0 0.0
0.08217913204062789 119289.0 0.0
0.08240997229916898 172197.0 0.0
0.08252539242843952 119544.0 0.0
0.08333333333333333 137183.0 0.0
0.08356417359187442 129331.0 0.0
0.08367959372114497 137191.0 0.0
0.08379501385041552 129344.0 0.0
0.08391043397968606 137212.0 0.0
0.08494921514312095 121696.0 0.0
0.08679593721144968 131795.0 0.0
0.08691135734072022 141242.0 0.0
0.08702677746999077 141549.0 0.0
0.08714219759926131 141578.0 0.0
0.08760387811634349 141767.0 0.0
0.08806555863342568 176806.0 0.0
0.08818097876269622 176821.0 0.0
0.08852723915050785 176945.0 0.0
0.0909510618651893 194320.0 0.0
0.09441366574330563 127760.0 0.0
0.09452908587257618 127766.0 0.0
0.09706832871652817 145117.0 0.0
0.09718374884579871 145141.0 0.0
0.09729916897506925 145363.0 0.0
0.0974145891043398 145369.0 0.0
0.09776084949215143 145459.0 0.0
0.09787626962142197 145459.0 0.0
0.09799168975069251 267476.0 0.0
0.09810710987996306 145528.0 0.0
0.09868421052631579 146474.0 0.0
0.09926131117266851 146686.0 0.0
0.09937673130193905 146872.0 0.0
0.09983841181902124 147126.0 0.0
0.09995383194829179 147176.0 0.0
0.10041551246537396 147271.0 0.0
0.1005309325946445 147280.0 0.0
0.10064635272391505 147343.0 0.0
0.10595567867036011 308460.0 0.0
0.11403508771929824 139030.0 0.0
0.11738227146814405 218678.0 0.0
0.12765466297322253 218060.0 0.0
0.141735918744229 220577.0 0.0
0.16458910433979687 193902.0 0.0
0.1883656509695291 402675.0 0.0
0.19367497691597416 329755.0 0.0
0.21872114496768236 397162.0 0.0
0.2770083102493075 473762.0 0.0
0.2922437673130194 343566.0 0.0
0.39289012003693446 419220.0 0.0
0.41874422899353647 587541.0 0.0
0.8116343490304709 810857.0 0.0
1.0 989312.0 0.0
