6472531
0.00011542012927054478 2416.8130193905818 0.00034626038781163435
0.00023084025854108956 3906.7062810664256 0.0009037505648441031
0.00034626038781163435 6307.0170777988615 0.0009487666034155598
0.0004616805170821791 7495.828282828283 0.0
0.0005771006463527239 9847.979466119097 0.002053388090349076
0.0006925207756232687 11017.877717391304 0.002717391304347826
0.0008079409048938135 11928.900684931506 0.0
0.0009233610341643582 13614.508771929824 0.0
0.001038781163434903 15088.964102564103 0.005128205128205128
0.0011542012927054479 17489.69512195122 0.0
0.0012696214219759926 21535.845161290323 0.0
0.0013850415512465374 21431.920289855072 0.0
0.0015004616805170822 21679.944881889765 0.0
0.001615881809787627 25855.37168141593 0.0
0.0017313019390581717 28060.32110091743 0.0
0.0018467220683287165 27496.771739130436 0.0
0.0019621421975992612 26936.630136986303 0.0
0.002077562326869806 33485.643835616436 0.0
0.0021929824561403508 30205.6 0.0
0.0023084025854108957 31542.678571428572 0.0
0.0024238227146814403 30252.283018867925 0.0
0.0025392428439519853 29685.72340425532 0.0
0.00265466297322253 38011.232558139534 0.0
0.002770083102493075 37258.70731707317 0.0
0.0028855032317636198 38681.35 0.0
0.0030009233610341643 45514.13513513513 0.0
0.0031163434903047093 46687.56756756757 0.0
0.003231763619575254 48437.37142857143 0.0
0.003347183748845799 49016.63888888889 0.0
0.0034626038781163434 47652.40625 0.0
0.0035780240073868884 48655.38461538462 0.02564102564102564
0.003693444136657433 58692.96875 0.03125
0.003808864265927978 50288.45714285714 0.02857142857142857
0.0039242843951985225 49512.04 0.04
0.004039704524469067 56955.709677419356 0.0
0.004155124653739612 52295.875 0.0
0.004270544783010157 53793.041666666664 0.0
0.0043859649122807015 64574.4 0.0
0.004501385041551247 80035.26086956522 0.0
0.0046168051708217915 63772.555555555555 0.0
0.004732225300092336 64869.27272727273 0.0
0.004847645429362881 67178.33333333333 0.0
0.004963065558633426 58634.0625 0.0
0.0050784856879039705 66091.08 0.0
0.005193905817174515 72015.77272727272 0.0
0.00530932594644506 64765.38888888889 0.0
0.005424746075715605 82180.0 0.0
0.00554016620498615 68909.76923076923 0.0
0.005655586334256694 65166.53333333333 0.0
0.0057710064635272396 77260.33333333333 0.0
0.005886426592797784 74849.26666666666 0.0
0.006001846722068329 82602.625 0.0
0.006117266851338873 85035.61538461539 0.0
0.006232686980609419 96912.5 0.0
0.006348107109879963 82986.5 0.0
0.006463527239150508 82926.66666666667 0.0
0.006578947368421052 77382.26666666666 0.0
0.006694367497691598 65165.916666666664 0.0
0.006809787626962142 83330.0 0.0
0.006925207756232687 88271.6875 0.0
0.007040627885503232 81795.5294117647 0.0
0.007156048014773777 84905.42857142857 0.0
0.007271468144044321 71074.0 0.0
0.007386888273314866 87873.15384615384 0.0
0.007502308402585411 86861.2 0.0
0.007617728531855956 96266.88888888889 0.0
0.0077331486611265 105617.36363636363 0.0
0.007848568790397045 102619.0 0.0
0.00796398891966759 104815.77777777778 0.0
0.008079409048938134 82253.83333333333 0.0
0.00819482917820868 149229.25 0.0
0.008310249307479225 94087.5 0.0
0.008425669436749769 85080.36363636363 0.0
0.008541089566020314 81659.33333333333 0.0
0.00865650969529086 79085.09090909091 0.0
0.008771929824561403 89996.2 0.0
0.008887349953831948 97861.25 0.0
0.009002770083102494 112923.57142857143 0.0
0.009118190212373038 130433.77777777778 0.0
0.009233610341643583 122897.66666666667 0.0
0.009349030470914127 81631.25 0.0
0.009464450600184672 92735.25 0.0
0.009579870729455217 114622.28571428571 0.14285714285714285
0.009695290858725761 99140.77777777778 0.1111111111111111
0.009810710987996307 114037.6 0.0
0.009926131117266852 130329.4 0.1
0.010041551246537396 136166.83333333334 0.16666666666666666
0.010156971375807941 136130.57142857142 0.14285714285714285
0.010272391505078486 125427.75 0.0
0.01038781163434903 127851.14285714286 0.14285714285714285
0.010503231763619576 120699.375 0.0
0.01061865189289012 99611.25 0.0
0.010734072022160665 116577.28571428571 0.0
0.01084949215143121 120425.0 0.0
0.010964912280701754 122421.5 0.0
0.0110803324099723 142822.6 0.0
0.011195752539242845 162163.57142857142 0.0
0.011311172668513388 158043.25 0.0
0.011426592797783934 161513.0 0.0
0.011542012927054479 154832.0 0.0
0.011657433056325023 131906.66666666666 0.0
0.011772853185595568 158181.0 0.0
0.011888273314866112 157756.0 0.0
0.012003693444136657 135974.0 0.0
0.012119113573407203 119569.0 0.0
0.012234533702677746 155629.83333333334 0.0
0.012349953831948292 121955.8 0.0
0.012465373961218837 129325.0 0.0
0.012580794090489381 158466.6 0.2
0.012696214219759926 212122.5 0.0
0.012811634349030472 156410.5 0.0
0.012927054478301015 173005.0 0.0
0.01304247460757156 167078.33333333334 0.0
0.013157894736842105 129433.75 0.0
0.01327331486611265 167470.75 0.0
0.013388734995383195 177340.0 0.25
0.013504155124653739 155343.0 0.25
0.013619575253924284 128249.33333333333 0.3333333333333333
0.01373499538319483 121555.0 0.0
0.013850415512465374 188218.0 0.0
0.013965835641735919 169751.5 0.0
0.014081255771006464 134659.8 0.0
0.014196675900277008 146854.2857142857 0.0
0.014312096029547553 180802.5 0.0
0.014427516158818097 240845.0 0.0
0.014542936288088643 110336.0 0.0
0.014658356417359188 131946.6 0.0
0.014773776546629732 183818.8 0.0
0.014889196675900277 167355.0 0.0
0.015004616805170823 166597.5 0.0
0.015120036934441366 175567.0 0.0
0.015235457063711912 181615.5 0.0
0.015350877192982455 140628.5 0.0
0.015466297322253 138922.0 0.5
0.015581717451523546 180715.5 0.0
0.01569713758079409 148051.6 0.0
0.015812557710064637 133792.0 0.0
0.01592797783933518 182354.0 0.0
0.016043397968605724 148589.75 0.0
0.016158818097876268 186710.0 0.0
0.016274238227146815 178237.66666666666 0.0
0.01638965835641736 184541.8 0.0
0.016505078485687903 172322.25 0.0
0.01662049861495845 172489.25 0.0
0.016735918744228993 152244.66666666666 0.0
0.016851338873499537 168888.0 0.0
0.016966759002770084 216732.0 0.0
0.017082179132040628 190706.0 0.0
0.01719759926131117 162496.0 0.0
0.01731301939058172 233008.66666666666 0.6666666666666666
0.017428439519852262 201155.8 0.4
0.017543859649122806 150572.5 0.0
0.017659279778393353 180945.66666666666 0.0
0.017774699907663897 167304.4 0.0
0.01789012003693444 155074.33333333334 0.0
0.018005540166204988 180893.0 0.0
0.01812096029547553 195543.0 0.16666666666666666
0.018236380424746075 170307.16666666666 0.16666666666666666
0.018351800554016622 165126.14285714287 0.14285714285714285
0.018467220683287166 165065.5 0.16666666666666666
0.01858264081255771 199295.5 0.16666666666666666
0.018698060941828253 218538.0 0.2
0.0188134810710988 209618.0 0.0
0.018928901200369344 146576.0 0.0
0.019044321329639888 182995.33333333334 0.0
0.019159741458910435 197060.66666666666 0.0
0.01927516158818098 220385.0 0.0
0.019390581717451522 207151.4 0.2
0.01950600184672207 224403.8 0.2
0.019621421975992613 223963.33333333334 0.16666666666666666
0.019736842105263157 233952.33333333334 0.0
0.019852262234533704 240711.75 0.0
0.019967682363804248 232125.0 0.0
0.02008310249307479 240962.33333333334 0.0
0.02019852262234534 216607.0 0.0
0.020313942751615882 233233.0 0.0
0.020429362880886426 239165.5 0.0
0.020544783010156973 170783.0 0.0
0.020660203139427517 213416.5 0.0
0.02077562326869806 163774.5 0.0
0.020891043397968604 192820.75 0.0
0.02100646352723915 207246.0 0.0
0.021121883656509695 202782.66666666666 0.0
0.02123730378578024 173411.66666666666 0.0
0.021352723915050786 173668.66666666666 0.0
0.02146814404432133 248037.25 0.0
0.021583564173591873 227780.0 0.0
0.02169898430286242 192237.0 0.0
0.021814404432132964 363955.0 0.0
0.021929824561403508 217079.5 0.5
0.022045244690674055 260183.33333333334 0.3333333333333333
0.0221606648199446 252966.6 0.2
0.022276084949215142 194312.5 0.0
0.02239150507848569 223734.25 0.25
0.022506925207756233 213084.75 0.0
0.022622345337026777 209699.0 0.0
0.022737765466297324 230486.0 0.0
0.022853185595567867 230634.0 0.0
0.02296860572483841 225915.5 0.0
0.023084025854108958 168623.0 0.0
0.023199445983379502 275943.0 0.0
0.023314866112650046 243377.66666666666 0.0
0.02343028624192059 266144.75 0.25
0.023545706371191136 286790.0 0.0
0.02366112650046168 274818.0 0.0
0.024007386888273315 278113.5 0.0
0.024238227146814405 210919.0 0.0
0.02435364727608495 197613.5 0.0
0.024469067405355493 221611.0 0.0
0.02458448753462604 268050.0 0.0
0.024699907663896584 212433.0 0.0
0.024815327793167127 231159.0 0.0
0.024930747922437674 216667.0 0.0
0.025046168051708218 216767.0 0.0
0.02527700831024931 286579.0 0.0
0.025392428439519853 286636.0 0.0
0.025507848568790396 306941.5 0.5
0.025623268698060944 286965.0 0.0
0.025738688827331487 243445.66666666666 0.0
0.02585410895660203 279194.3333333333 0.3333333333333333
0.025969529085872575 281978.0 0.3333333333333333
0.02608494921514312 228256.0 0.0
0.026200369344413665 246599.66666666666 0.0
0.02631578947368421 283379.3333333333 0.3333333333333333
0.026431209602954756 224366.5 0.0
0.0265466297322253 314858.0 0.0
0.026662049861495844 358033.0 0.0
0.02677746999076639 282080.5 0.0
0.026892890120036934 333530.0 0.0
0.027008310249307478 341053.0 0.0
0.027123730378578025 315068.0 0.0
0.02723915050784857 263800.5 0.0
0.027354570637119113 341979.6666666667 0.3333333333333333
0.02746999076638966 320012.25 0.25
0.027585410895660203 305202.0 0.0
0.027700831024930747 346967.5 0.0
0.027816251154201294 307286.0 0.0
0.027931671283471838 307352.0 0.0
0.02804709141274238 327314.0 0.0
0.02816251154201293 340484.0 0.3333333333333333
0.028277931671283472 329653.0 0.0
0.028393351800554016 312656.6666666667 0.3333333333333333
0.02850877192982456 241281.0 0.0
0.028624192059095107 278356.6666666667 0.0
0.02873961218836565 352054.0 0.0
0.028855032317636194 265279.0 0.0
0.02897045244690674 265437.0 0.0
0.029085872576177285 229848.0 0.0
0.02920129270544783 193769.0 0.0
0.029316712834718376 376441.0 0.0
0.02943213296398892 262179.0 0.0
0.029547553093259463 352980.0 0.0
0.02966297322253001 377972.0 0.0
0.029778393351800554 309270.0 0.0
0.029893813481071098 309331.0 0.0
0.030009233610341645 323563.0 0.0
0.03012465373961219 344178.5 0.0
0.030240073868882732 282533.0 0.0
0.03035549399815328 306389.0 0.0
0.030470914127423823 315318.0 0.0
0.030586334256694367 325739.0 0.0
0.03070175438596491 303997.6666666667 0.0
0.030817174515235458 328851.0 0.0
0.030932594644506 320640.25 0.25
0.031048014773776545 299717.5 0.0
0.031278855032317636 210401.0 0.0
0.03139427516158818 210888.0 0.0
0.031625115420129274 262572.0 0.0
0.03174053554939982 273562.0 0.0
0.03185595567867036 226913.5 0.0
0.031971375807940905 243776.5 0.0
0.03208679593721145 327845.0 0.3333333333333333
0.03220221606648199 335665.5 0.5
0.032317636195752536 294514.5 0.0
0.03243305632502309 274492.0 0.0
0.03254847645429363 375524.0 0.0
0.03289473684210526 356665.0 0.0
0.033010156971375805 397655.0 0.0
0.033125577100646356 361015.0 0.0
0.03335641735918744 316944.5 0.0
0.033818097876269625 276688.0 0.0
0.03439519852262234 277323.0 0.0
0.03451061865189289 277345.0 0.0
0.03462603878116344 277367.0 0.0
0.03497229916897507 277722.0 0.0
0.03566481994459834 309070.0 0.0
0.03578024007386888 310691.0 0.0
0.036588180978762694 553707.0 0.0
0.03681902123730379 379534.0 0.0
0.03728070175438596 383242.0 0.0
0.037396121883656507 383433.0 0.0
0.0376269621421976 383812.0 0.0
0.037742382271468145 383860.0 0.0
0.03785780240073869 384007.0 0.0
0.039242843951985226 434008.0 0.0
0.03935826408125577 434232.0 0.0
0.03958910433979686 434511.0 0.0
0.03970452446906741 435334.0 0.0
0.03981994459833795 435353.0 0.0
0.039935364727608495 435577.0 0.0
0.040974145891043395 379213.0 0.0
0.041089566020313946 379588.5 0.0
0.04120498614958449 353656.0 0.0
0.04132040627885503 379650.0 0.0
0.04143582640812558 406142.0 0.0
0.04155124653739612 407021.0 0.0
0.041666666666666664 408230.0 0.0
0.04178208679593721 408275.0 0.0
0.0420129270544783 284753.0 0.0
0.042128347183748846 284817.0 0.0
0.04224376731301939 284975.0 0.0
0.04270544783010157 370011.0 0.0
0.04362880886426593 411321.0 0.0
0.0443213296398892 442937.5 0.0
0.04443674976915974 420331.0 0.0
0.044552169898430284 420493.0 0.0
0.04466759002770083 420603.0 0.0
0.04489843028624192 421007.0 0.0
0.045013850415512466 421116.0 0.0
0.04512927054478301 473508.0 0.0
0.04755309325946445 458057.0 0.0
0.047668513388735 458227.0 0.0
0.04778393351800554 460514.0 0.0
0.047899353647276086 460724.0 0.0
0.04801477377654663 435207.0 0.0
0.04813019390581717 428337.5 0.0
0.04824561403508772 420757.0 0.0
0.04836103416435827 420757.0 0.0
0.04847645429362881 441573.0 0.0
0.048591874422899355 463389.0 0.0
0.04882271468144044 337418.0 0.0
0.048938134810710986 464458.0 0.0
0.04916897506925208 474322.0 0.0
0.049284395198522624 448804.5 0.0
0.04939981532779317 475687.0 0.0
0.04951523545706371 422189.0 0.0
0.049630655586334255 449129.0 0.0
0.0497460757156048 422352.0 0.0
0.04986149584487535 535023.0 0.0
0.04997691597414589 482347.0 0.0
0.050092336103416436 430808.0 0.0
0.050784856879039705 542448.0 0.0
0.05101569713758079 543187.0 0.0
0.05136195752539243 541031.0 0.0
0.051477377654662974 538598.0 0.0
0.051823638042474605 538789.0 0.0
0.05193905817174515 545787.0 0.0
0.05216989843028624 546367.0 0.0
0.052977839335180056 490067.0 0.0
0.0541320406278855 507812.0 0.0
0.05482456140350877 555188.0 0.0
0.05493998153277932 555224.0 0.0
0.05528624192059095 490383.0 0.0
0.055401662049861494 490398.0 0.0
0.055863342566943676 497982.0 0.0
0.056555863342566945 531616.5 0.0
0.056902123730378576 510064.0 0.0
0.05713296398891967 527831.3333333334 0.0
0.05736380424746076 537311.5 0.0
0.05782548476454294 509395.0 0.0
0.05817174515235457 509849.0 0.0
0.058287165281625114 509874.0 0.0
0.05840258541089566 509911.0 0.0
0.05897968605724838 756221.0 1.0
0.05921052631578947 571528.0 0.0
0.05955678670360111 791364.0 1.0
0.05967220683287165 791491.0 1.0
0.059787626962142196 532215.0 0.0
0.06001846722068329 662066.0 0.5
0.060133887349953834 532433.0 0.0
0.06024930747922438 533078.0 0.0
0.0608264081255771 383753.0 0.0
0.06440443213296398 687920.0 1.0
0.06451985226223453 688320.0 1.0
0.06463527239150507 689265.0 1.0
0.06844413665743306 728603.0 1.0
0.06971375807940905 758185.0 1.0
0.07006001846722068 737146.0 1.0
0.07075253924284396 435951.0 0.0
0.07144506001846722 717782.0 1.0
0.0716759002770083 686819.0 0.0
0.07317636195752539 858786.0 0.0
0.0765235457063712 509481.0 0.0
0.07663896583564174 509527.0 0.0
0.07917820867959371 740380.0 0.0
0.07929362880886427 756315.0 0.0
0.07940904893813482 756356.0 0.0
0.07952446906740536 756361.0 0.0
0.0796398891966759 756476.0 0.0
0.08725761772853186 800314.0 0.0
0.09499076638965835 987311.0 1.0
0.10757156048014774 741708.0 0.0
0.10907202216066482 805236.0 0.0
0.10999538319482918 1098081.0 1.0
0.1226915974145891 1276712.0 1.0
0.12453831948291783 1279487.0 1.0
0.13446445060018467 1328455.0 1.0
0.14300554016620498 1415867.0 1.0
0.1435826408125577 1578364.0 1.0
0.1513157894736842 1305313.0 0.0
0.15881809787626963 1119485.0 0.0
0.1595106186518929 1701050.0 0.0
0.16505078485687905 1824257.0 1.0
0.17716989843028624 1575136.0 1.0
0.17901662049861497 1316003.0 1.0
0.23199445983379502 1795296.0 0.0
0.3192520775623269 2351282.0 0.0
0.3561865189289012 2601561.0 2.0
0.47876269621421974 3640356.0 0.0
0.5212373037857803 3884517.0 3.0
1.0 6472531.0 3.0
