10719
0.00011542012927054478 965.626269621422 0.0
0.00023084025854108956 1482.020483408439 0.0
0.00034626038781163435 2004.3543457497613 0.0
0.0004616805170821791 2292.938110749186 0.0
0.0005771006463527239 2596.3646055437102 0.0
0.0006925207756232687 2861.6160220994475 0.0
0.0008079409048938135 2967.740458015267 0.0
0.0009233610341643582 3167.6971153846152 0.0
0.001038781163434903 3275.5 0.0
0.0011542012927054479 3401.9814814814813 0.0
0.0012696214219759926 3530.472440944882 0.0
0.0013850415512465374 3639.35593220339 0.0
0.0015004616805170822 3868.315789473684 0.0
0.001615881809787627 3929.3714285714286 0.0
0.0017313019390581717 3972.864197530864 0.0
0.0018467220683287165 4030.7875 0.0
0.0019621421975992612 4088.25 0.0
0.002077562326869806 4104.014925373134 0.0
0.0021929824561403508 4197.55 0.0
0.0023084025854108957 4360.892857142857 0.0
0.0024238227146814403 4343.981132075472 0.0
0.0025392428439519853 4407.924528301887 0.0
0.00265466297322253 4332.153846153846 0.0
0.002770083102493075 4379.863636363636 0.0
0.0028855032317636198 4260.333333333333 0.0
0.0030009233610341643 4332.787878787879 0.0
0.0031163434903047093 4388.8378378378375 0.0
0.003231763619575254 4522.25 0.0
0.003347183748845799 4552.518518518518 0.0
0.0034626038781163434 4474.30303030303 0.0
0.0035780240073868884 4608.233333333334 0.0
0.003693444136657433 4535.642857142857 0.0
0.003808864265927978 4527.25 0.0
0.0039242843951985225 4547.1 0.0
0.004039704524469067 4608.190476190476 0.0
0.004155124653739612 4623.631578947368 0.0
0.004270544783010157 4634.421052631579 0.0
0.0043859649122807015 4621.227272727273 0.0
0.004501385041551247 4781.708333333333 0.0
0.0046168051708217915 4799.5 0.0
0.004732225300092336 4786.388888888889 0.0
0.004847645429362881 4736.733333333334 0.0
0.004963065558633426 4895.571428571428 0.0
0.0050784856879039705 4906.722222222223 0.0
0.005193905817174515 4816.875 0.0
0.00530932594644506 4810.214285714285 0.0
0.005424746075715605 4783.823529411765 0.0
0.00554016620498615 4829.705882352941 0.0
0.005655586334256694 4966.7692307692305 0.0
0.0057710064635272396 4962.545454545455 0.0
0.005886426592797784 5049.8 0.0
0.006001846722068329 4844.3 0.0
0.006117266851338873 4811.2 0.0
0.006232686980609419 5001.166666666667 0.0
0.006348107109879963 5004.294117647059 0.0
0.006463527239150508 5062.933333333333 0.0
0.006578947368421052 5167.0 0.0
0.006694367497691598 5127.428571428572 0.0
0.006809787626962142 5122.75 0.0
0.006925207756232687 5144.6 0.0
0.007040627885503232 4982.181818181818 0.0
0.007156048014773777 5103.785714285715 0.0
0.007271468144044321 5162.166666666667 0.0
0.007386888273314866 5245.714285714285 0.0
0.007502308402585411 5223.333333333333 0.0
0.007617728531855956 5216.333333333333 0.0
0.0077331486611265 5090.454545454545 0.0
0.007848568790397045 5101.909090909091 0.0
0.00796398891966759 5125.363636363636 0.0
0.008079409048938134 5216.615384615385 0.0
0.00819482917820868 5188.142857142857 0.0
0.008310249307479225 5396.166666666667 0.0
0.008425669436749769 5120.75 0.0
0.008541089566020314 5309.333333333333 0.0
0.00865650969529086 4936.333333333333 0.0
0.008771929824561403 5107.3 0.0
0.008887349953831948 5206.125 0.0
0.009002770083102494 5060.714285714285 0.0
0.009118190212373038 5096.142857142857 0.0
0.009233610341643583 5151.0 0.0
0.009349030470914127 5039.833333333333 0.0
0.009464450600184672 5095.555555555556 0.0
0.009579870729455217 5304.666666666667 0.0
0.009695290858725761 5201.0 0.0
0.009810710987996307 5007.0 0.0
0.009926131117266852 5044.0 0.0
0.010041551246537396 5409.0 0.0
0.010156971375807941 5201.2 0.0
0.010272391505078486 5279.2 0.0
0.01038781163434903 5264.4 0.0
0.010503231763619576 5514.5 0.0
0.01061865189289012 5262.75 0.0
0.010734072022160665 5333.444444444444 0.0
0.01084949215143121 5339.25 0.0
0.010964912280701754 5464.6 0.0
0.0110803324099723 5141.666666666667 0.0
0.011195752539242845 5327.125 0.0
0.011311172668513388 5697.0 0.0
0.011426592797783934 5691.4 0.0
0.011542012927054479 5523.285714285715 0.0
0.011657433056325023 5843.666666666667 0.0
0.011772853185595568 5581.25 0.0
0.011888273314866112 5354.0 0.0
0.012003693444136657 5526.5 0.0
0.012119113573407203 5489.6 0.0
0.012234533702677746 5398.285714285715 0.0
0.012349953831948292 5555.25 0.0
0.012465373961218837 5335.0 0.0
0.012580794090489381 5493.0 0.0
0.012696214219759926 5400.333333333333 0.0
0.012811634349030472 5432.0 0.0
0.012927054478301015 5159.666666666667 0.0
0.01304247460757156 5663.0 0.0
0.013157894736842105 5751.0 0.0
0.01327331486611265 5606.0 0.0
0.013388734995383195 5627.0 0.0
0.013504155124653739 5390.0 0.0
0.013619575253924284 5516.666666666667 0.0
0.01373499538319483 5582.5 0.0
0.013850415512465374 5747.5 0.0
0.013965835641735919 5648.0 0.0
0.014081255771006464 5576.666666666667 0.0
0.014196675900277008 5472.8 0.0
0.014312096029547553 5632.666666666667 0.0
0.014427516158818097 5725.428571428572 0.0
0.014542936288088643 5474.5 0.0
0.014658356417359188 5496.5 0.0
0.014773776546629732 5708.5 0.0
0.014889196675900277 5982.2 0.0
0.015004616805170823 5783.0 0.0
0.015120036934441366 5737.2 0.0
0.015235457063711912 5675.714285714285 0.0
0.015350877192982455 5818.2 0.0
0.015466297322253 5660.75 0.0
0.015581717451523546 5687.571428571428 0.0
0.01569713758079409 5663.857142857143 0.0
0.015812557710064637 5963.5 0.0
0.01592797783933518 5432.166666666667 0.0
0.016043397968605724 5859.833333333333 0.0
0.016158818097876268 5692.714285714285 0.0
0.016274238227146815 5981.5 0.0
0.01638965835641736 5551.666666666667 0.0
0.016505078485687903 5839.8 0.0
0.01662049861495845 5561.333333333333 0.0
0.016735918744228993 5812.666666666667 0.0
0.016851338873499537 5803.666666666667 0.0
0.016966759002770084 6171.0 0.0
0.017082179132040628 5899.333333333333 0.0
0.01719759926131117 5835.0 0.0
0.01731301939058172 5695.0 0.0
0.017428439519852262 5610.666666666667 0.0
0.017543859649122806 5615.333333333333 0.0
0.017659279778393353 5626.333333333333 0.0
0.017774699907663897 5697.8 0.0
0.01789012003693444 5606.0 0.0
0.018005540166204988 5811.0 0.0
0.01812096029547553 5572.166666666667 0.0
0.018236380424746075 5825.666666666667 0.0
0.018351800554016622 5848.4 0.0
0.018467220683287166 5593.666666666667 0.0
0.01858264081255771 6263.0 0.0
0.018698060941828253 5573.333333333333 0.0
0.018928901200369344 5842.0 0.0
0.019044321329639888 5487.0 0.0
0.019159741458910435 5658.75 0.0
0.01927516158818098 5590.25 0.0
0.019390581717451522 5843.0 0.0
0.01950600184672207 5488.0 0.0
0.019621421975992613 5788.0 0.0
0.019736842105263157 5700.0 0.0
0.019852262234533704 6202.666666666667 0.0
0.019967682363804248 5809.5 0.0
0.02008310249307479 5385.0 0.0
0.02019852262234534 6116.333333333333 0.0
0.020313942751615882 6138.0 0.0
0.020429362880886426 5794.333333333333 0.0
0.020544783010156973 5979.0 0.0
0.020660203139427517 5554.0 0.0
0.02077562326869806 5991.0 0.0
0.020891043397968604 5732.5 0.0
0.02100646352723915 5898.75 0.0
0.021121883656509695 6103.75 0.0
0.02123730378578024 6286.0 0.0
0.021352723915050786 6288.666666666667 0.0
0.02146814404432133 6175.666666666667 0.0
0.021583564173591873 6189.666666666667 0.0
0.02169898430286242 6189.666666666667 0.0
0.021814404432132964 6069.0 0.0
0.021929824561403508 5902.75 0.0
0.022045244690674055 5684.666666666667 0.0
0.0221606648199446 6106.333333333333 0.0
0.022276084949215142 6064.666666666667 0.0
0.02239150507848569 6528.0 0.0
0.022506925207756233 5879.5 0.0
0.022622345337026777 5782.0 0.0
0.022737765466297324 6112.833333333333 0.0
0.022853185595567867 6229.0 0.0
0.02296860572483841 6185.0 0.0
0.023084025854108958 5912.5 0.0
0.023199445983379502 5984.666666666667 0.0
0.023314866112650046 5792.666666666667 0.0
0.02343028624192059 6090.4 0.0
0.023545706371191136 6014.0 0.0
0.02366112650046168 6191.5 0.0
0.023776546629732224 6291.0 0.0
0.02389196675900277 5788.0 0.0
0.024007386888273315 6040.0 0.0
0.02412280701754386 6183.0 0.0
0.024238227146814405 6311.333333333333 0.0
0.02435364727608495 6122.0 0.0
0.024469067405355493 5825.666666666667 0.0
0.02458448753462604 6352.666666666667 0.0
0.024815327793167127 6090.0 0.0
0.024930747922437674 6242.5 0.0
0.025046168051708218 6541.5 0.0
0.025161588180978762 6104.333333333333 0.0
0.02527700831024931 6300.333333333333 0.0
0.025507848568790396 5791.0 0.0
0.025623268698060944 5791.0 0.0
0.025738688827331487 6258.0 0.0
0.02585410895660203 5793.0 0.0
0.025969529085872575 6451.666666666667 0.0
0.02608494921514312 6269.0 0.0
0.026200369344413665 6042.333333333333 0.0
0.02631578947368421 6354.5 0.0
0.026431209602954756 6209.333333333333 0.0
0.0265466297322253 5793.0 0.0
0.026662049861495844 6322.25 0.0
0.02677746999076639 6371.0 0.0
0.026892890120036934 6649.0 0.0
0.027008310249307478 6371.0 0.0
0.027123730378578025 6274.0 0.0
0.02723915050784857 5928.0 0.0
0.027354570637119113 6177.0 0.0
0.02746999076638966 6938.0 0.0
0.027585410895660203 6559.0 0.0
0.027700831024930747 5933.0 0.0
0.027816251154201294 6180.0 0.0
0.027931671283471838 5855.0 0.0
0.02804709141274238 5754.5 0.0
0.02816251154201293 6056.5 0.0
0.028277931671283472 5738.25 0.0
0.028393351800554016 5612.0 0.0
0.02850877192982456 6016.5 0.0
0.028624192059095107 5888.333333333333 0.0
0.02873961218836565 6020.0 0.0
0.02897045244690674 6313.25 0.0
0.029085872576177285 6677.5 0.0
0.02920129270544783 5999.0 0.0
0.029316712834718376 6412.0 0.0
0.029547553093259463 5640.0 0.0
0.02966297322253001 5640.0 0.0
0.029778393351800554 5640.0 0.0
0.029893813481071098 5640.0 0.0
0.030009233610341645 5652.0 0.0
0.03012465373961219 5652.0 0.0
0.030240073868882732 5665.0 0.0
0.03035549399815328 5652.5 0.0
0.03139427516158818 6482.0 0.0
0.03150969529085872 6482.0 0.0
0.031625115420129274 6567.5 0.0
0.03174053554939982 6259.0 0.0
0.03185595567867036 5642.0 0.0
0.031971375807940905 5642.0 0.0
0.03243305632502309 5964.0 0.0
0.03254847645429363 5981.0 0.0
0.032663896583564174 5999.0 0.0
0.03277931671283472 5982.0 0.0
0.0332409972299169 5967.0 0.0
0.03335641735918744 5808.0 0.0
0.03347183748845799 5967.0 0.0
0.03358725761772853 5985.5 0.0
0.033702677746999074 6004.0 0.0
0.033818097876269625 6004.0 0.0
0.03393351800554017 6004.0 0.0
0.034164358264081256 6367.0 0.0
0.0342797783933518 5969.0 0.0
0.034856879039704525 5973.0 0.0
0.03497229916897507 5974.0 0.0
0.03508771929824561 6279.0 0.0
0.035203139427516156 6711.0 0.0
0.035318559556786706 6279.0 0.0
0.03543397968605725 6126.5 0.0
0.035549399815327794 6279.0 0.0
0.03566481994459834 6126.5 0.0
0.03578024007386888 6128.0 0.0
0.035895660203139425 5977.0 0.0
0.036011080332409975 5977.0 0.0
0.036357340720221606 5977.0 0.0
0.03647276084949215 5977.0 0.0
0.036588180978762694 5977.0 0.0
0.036703601108033244 5979.0 0.0
0.03681902123730379 5993.0 0.0
0.03693444136657433 5993.0 0.0
0.03728070175438596 5995.0 0.0
0.03797322253000923 7647.0 0.0
0.038896583564173595 5790.0 0.0
0.03901200369344414 5790.0 0.0
0.03912742382271468 5821.0 0.0
0.03935826408125577 5826.0 0.0
0.04132040627885503 6335.0 0.0
0.04143582640812558 6335.0 0.0
0.0420129270544783 6018.0 0.0
0.042128347183748846 6018.0 0.0
0.04224376731301939 6177.5 0.0
0.04235918744228993 6181.0 0.0
0.04259002770083103 6181.5 0.0
0.04270544783010157 6338.0 0.0
0.04293628808864266 6338.0 0.0
0.0430517082179132 6338.0 0.0
0.04362880886426593 6690.0 0.0
0.04420590951061865 6124.0 0.0
0.04443674976915974 6124.0 0.0
0.044552169898430284 6124.0 0.0
0.04478301015697138 6124.0 0.0
0.04489843028624192 6124.0 0.0
0.04547553093259465 6734.0 0.0
0.04559095106186519 6736.0 0.0
0.045706371191135735 6139.0 0.0
0.046168051708217916 6139.0 0.0
0.04651431209602955 6442.5 0.0
0.046745152354570635 6442.5 0.0
0.04686057248384118 6453.5 0.0
0.04732225300092336 6769.0 0.0
0.047437673130193904 6769.0 0.0
0.047668513388735 6670.5 0.0
0.04778393351800554 6355.5 0.0
0.047899353647276086 6769.0 0.0
0.04813019390581717 6573.0 0.0
0.04836103416435827 6856.0 0.0
0.04847645429362881 6856.0 0.0
0.048591874422899355 6857.0 0.0
0.04882271468144044 6859.0 0.0
0.048938134810710986 6859.0 0.0
0.04905355493998153 6859.0 0.0
0.04916897506925208 6859.0 0.0
0.049284395198522624 6859.0 0.0
0.04939981532779317 6859.0 0.0
0.04951523545706371 6531.5 0.0
0.049630655586334255 6085.333333333333 0.0
0.0497460757156048 6085.333333333333 0.0
0.04986149584487535 5992.0 0.0
0.050092336103416436 6309.5 0.0
0.05020775623268698 6643.5 0.0
0.050323176361957524 6867.0 0.0
0.05043859649122807 6867.0 0.0
0.05090027700831025 6874.0 0.0
0.051131117266851336 6065.0 0.0
0.05124653739612189 7216.0 0.0
0.051477377654662974 6420.0 0.0
0.05170821791320406 6264.666666666667 0.0
0.051823638042474605 6421.0 0.0
0.05193905817174515 6362.5 0.0
0.05216989843028624 6421.0 0.0
0.05228531855955679 6818.5 0.0
0.05263157894736842 6650.666666666667 0.0
0.05274699907663897 6315.0 0.0
0.05286241920590951 6426.0 0.0
0.0530932594644506 7216.0 0.0
0.05332409972299169 7216.0 0.0
0.05343951985226224 7216.0 0.0
0.05355493998153278 6512.666666666667 0.0
0.053670360110803325 5997.0 0.0
0.05378578024007387 7216.0 0.0
0.05390120036934441 7216.0 0.0
0.054016620498614956 7279.0 0.0
0.0541320406278855 7279.0 0.0
0.05424746075715605 6802.0 0.0
0.05447830101569714 6326.0 0.0
0.05482456140350877 6326.0 0.0
0.05493998153277932 6326.0 0.0
0.05505540166204986 6333.0 0.0
0.05667128347183749 6430.0 0.0
0.05771006463527239 6430.0 0.0
0.05863342566943675 6399.0 0.0
0.058748845798707296 6399.0 0.0
0.05886426592797784 6580.666666666667 0.0
0.05897968605724838 6841.5 0.0
0.05909510618651893 6399.0 0.0
0.05921052631578947 6841.5 0.0
0.05932594644506002 6229.0 0.0
0.059441366574330565 6059.0 0.0
0.05955678670360111 7183.5 0.0
0.05967220683287165 6809.0 0.0
0.059787626962142196 6671.5 0.0
0.05990304709141274 6885.0 0.0
0.06001846722068329 7070.5 0.0
0.06024930747922438 7284.0 0.0
0.06036472760849492 6857.0 0.0
0.060480147737765465 6857.0 0.0
0.06059556786703601 6445.0 0.0
0.06071098799630656 6445.0 0.0
0.0608264081255771 6466.0 0.0
0.06105724838411819 6471.0 0.0
0.061172668513388734 6278.5 0.0
0.06128808864265928 6471.5 0.0
0.06140350877192982 6253.5 0.0
0.06151892890120037 6446.0 0.0
0.061634349030470915 6497.0 0.0
0.06174976915974146 6497.0 0.0
0.061865189289012 6497.0 0.0
0.061980609418282546 6499.0 0.0
0.06209602954755309 6499.0 0.0
0.06221144967682364 6857.0 0.0
0.06313481071098799 6446.0 0.0
0.06394275161588181 6446.0 0.0
0.06463527239150507 7295.0 0.0
0.06475069252077563 7295.0 0.0
0.06486611265004617 7295.0 0.0
0.0664819944598338 6919.0 0.0
0.06659741458910434 6919.0 0.0
0.06821329639889197 7337.0 0.0
0.06832871652816251 7337.0 0.0
0.06867497691597414 7344.0 0.0
0.06879039704524469 6922.0 0.0
0.06890581717451523 7344.0 0.0
0.06948291782086796 6923.0 0.0
0.0698291782086796 6608.5 0.0
0.06994459833795014 6923.0 0.0
0.07063711911357341 6924.0 0.0
0.0708679593721145 6924.0 0.0
0.07121421975992613 6682.5 0.0
0.07144506001846722 6649.0 0.0
0.07156048014773776 6649.0 0.0
0.07271468144044321 6443.0 0.0
0.07283010156971376 6443.0 0.0
0.0729455216989843 6443.0 0.0
0.07306094182825484 6443.0 0.0
0.07352262234533703 6443.0 0.0
0.0742151431209603 6657.0 0.0
0.07433056325023084 6657.0 0.0
0.07467682363804247 6551.0 0.0
0.07490766389658357 6657.0 0.0
0.0752539242843952 6657.0 0.0
0.07583102493074792 6657.0 0.0
0.07594644506001846 6657.0 0.0
0.07606186518928901 6551.0 0.0
0.07721606648199446 6657.0 0.0
0.07744690674053555 6657.0 0.0
0.07767774699907663 6657.0 0.0
0.07779316712834719 6704.0 0.0
0.07790858725761773 6704.0 0.0
0.07813942751615882 6706.0 0.0
0.07848568790397045 6706.0 0.0
0.078601108033241 6706.0 0.0
0.08356417359187442 6582.0 0.0
0.08702677746999077 6884.0 0.0
0.08887349953831948 7237.0 0.0
0.08898891966759002 7237.0 0.0
0.08933518005540166 7238.0 0.0
0.08945060018467221 7108.0 0.0
0.0896814404432133 7015.0 0.0
0.08979686057248384 7015.0 0.0
0.08991228070175439 7015.0 0.0
0.09002770083102493 7481.0 0.0
0.09014312096029548 7481.0 0.0
0.09025854108956602 7481.0 0.0
0.0909510618651893 7015.0 0.0
0.09360572483841181 7481.0 0.0
0.10064635272391505 7016.0 0.0
0.10076177285318559 7016.0 0.0
0.10087719298245613 7016.0 0.0
0.10099261311172668 7016.0 0.0
0.10110803324099724 7016.0 0.0
0.10122345337026778 7016.0 0.0
0.10203139427516159 7016.0 0.0
0.10376269621421975 7016.0 0.0
0.10895660203139428 7294.0 0.0
0.10907202216066482 7294.0 0.0
0.109533702677747 7294.0 0.0
0.11980609418282548 7966.0 0.0
0.11992151431209604 7966.0 0.0
0.12026777469990767 7966.0 0.0
0.12072945521698984 7967.0 0.0
0.12615420129270544 7422.0 0.0
0.12638504155124652 7422.0 0.0
0.12673130193905818 7422.0 0.0
0.12880886426592797 7491.0 0.0
0.12938596491228072 7606.0 0.0
0.1296168051708218 7548.5 0.0
0.1298476454293629 7491.0 0.0
0.13100184672206833 7624.0 0.0
0.13123268698060941 7624.0 0.0
0.13134810710987996 7624.0 0.0
0.1314635272391505 7624.0 0.0
0.13204062788550322 7624.0 0.0
0.13215604801477376 7624.0 0.0
0.14462142197599262 7631.0 0.0
0.14473684210526316 7631.0 0.0
0.1448522622345337 7631.0 0.0
0.14542936288088643 7631.0 0.0
0.14681440443213298 7631.0 0.0
0.14692982456140352 7631.0 0.0
0.14704524469067407 7631.0 0.0
0.14912280701754385 7342.0 0.0
0.1492382271468144 7342.0 0.0
0.14958448753462603 7342.0 0.0
0.14981532779316714 7343.0 0.0
0.15016158818097877 7343.0 0.0
0.1505078485687904 7638.0 0.0
0.15096952908587258 7343.0 0.0
0.1513157894736842 7343.0 0.0
0.15143120960295475 7343.0 0.0
0.1515466297322253 7343.0 0.0
0.15200831024930747 7343.0 0.0
0.15212373037857801 7343.0 0.0
0.1523545706371191 7343.0 0.0
0.15246999076638965 7343.0 0.0
0.1525854108956602 7343.0 0.0
0.15270083102493076 7344.0 0.0
0.16216528162511543 7369.0 0.0
0.16251154201292706 7369.0 0.0
0.1628578024007387 7369.0 0.0
0.16308864265927978 7369.0 0.0
0.16331948291782086 7371.0 0.0
0.16585872576177285 7374.0 0.0
0.1659741458910434 7376.0 0.0
0.16608956602031394 7376.0 0.0
0.1670129270544783 7376.0 0.0
0.16712834718374883 7380.0 0.0
0.17301477377654664 7387.0 0.0
0.23407202216066483 7868.0 0.0
0.25057710064635275 8704.0 0.0
0.25069252077562326 8704.0 0.0
0.2623499538319483 8731.0 0.0
0.26246537396121883 8731.0 0.0
0.2625807940904894 8731.0 0.0
0.2706602031394275 8835.0 0.0
0.2708910433979686 8835.0 0.0
0.2727377654662973 8835.0 0.0
0.27354570637119113 8835.0 0.0
0.2738919667590028 8835.0 0.0
0.2741228070175439 8835.0 0.0
0.2742382271468144 8837.0 0.0
0.2744690674053555 8837.0 0.0
0.27458448753462605 8837.0 0.0
0.27469990766389657 8837.0 0.0
0.27481532779316714 8837.0 0.0
0.2752770083102493 8837.0 0.0
0.2756232686980609 8841.0 0.0
0.2757386888273315 8841.0 0.0
0.275854108956602 8841.0 0.0
0.2768928901200369 8863.0 0.0
0.2770083102493075 8863.0 0.0
0.277123730378578 8863.0 0.0
0.2772391505078486 8863.0 0.0
0.2774699907663897 8863.0 0.0
0.2775854108956602 8863.0 0.0
0.27827793167128345 8872.0 0.0
0.27850877192982454 8872.0 0.0
0.2787396121883656 8872.0 0.0
0.2788550323176362 8872.0 0.0
0.28000923361034163 8873.0 0.0
0.2801246537396122 8873.0 0.0
0.2802400738688827 8873.0 0.0
0.2804709141274238 8873.0 0.0
0.2805863342566944 8873.0 0.0
0.3185595567867036 9716.0 0.0
0.42232225300092335 9922.0 0.0
0.4837257617728532 9974.0 0.0
0.523084025854109 9998.0 0.0
0.6960987996306556 10377.0 0.0
0.9301708217913204 10658.0 0.0
1.0 10719.0 0.0
