10111
0.00011542012927054478 1002.8163665743306 167.9862650046168
0.00023084025854108956 1541.5606435643565 252.65346534653466
0.00034626038781163435 2212.270483711747 477.69101678183614
0.0004616805170821791 2602.80900621118 576.8074534161491
0.0005771006463527239 3013.7040169133193 780.3128964059197
0.0006925207756232687 3356.9882352941177 726.3294117647059
0.0008079409048938135 3598.6617647058824 1049.0698529411766
0.0009233610341643582 3927.5470085470088 1350.8504273504273
0.001038781163434903 4186.531578947369 1340.1842105263158
0.0011542012927054479 4379.0 1624.5759493670887
0.0012696214219759926 4587.493243243243 1637.9324324324325
0.0013850415512465374 4703.719696969697 1296.2954545454545
0.0015004616805170822 4699.9504132231405 1330.7520661157025
0.001615881809787627 4987.93 1855.6
0.0017313019390581717 5065.715909090909 2002.3181818181818
0.0018467220683287165 5377.7945205479455 2213.2328767123286
0.0019621421975992612 5379.1625 2047.425
0.002077562326869806 5538.478873239436 2461.6478873239435
0.0021929824561403508 5660.0847457627115 2442.5593220338983
0.0023084025854108957 5680.2307692307695 2894.326923076923
0.0024238227146814403 5767.913043478261 1861.7826086956522
0.0025392428439519853 5851.5192307692305 2483.9423076923076
0.00265466297322253 5982.604651162791 2667.5348837209303
0.002770083102493075 6155.2558139534885 3059.1627906976746
0.0028855032317636198 6074.558139534884 2810.767441860465
0.0030009233610341643 6264.106382978724 2841.3829787234044
0.0031163434903047093 6457.684210526316 3293.6315789473683
0.003231763619575254 6658.709677419355 4214.967741935484
0.003347183748845799 6497.222222222223 3022.259259259259
0.0034626038781163434 6602.083333333333 4692.305555555556
0.0035780240073868884 6757.551724137931 4847.0
0.003693444136657433 6704.103448275862 4034.5862068965516
0.003808864265927978 6754.518518518518 4333.037037037037
0.0039242843951985225 6823.076923076923 4330.2692307692305
0.004039704524469067 6798.565217391304 5322.0
0.004155124653739612 6989.260869565217 5067.652173913043
0.004270544783010157 7068.681818181818 5261.772727272727
0.0043859649122807015 6903.115384615385 4281.461538461538
0.004501385041551247 6836.666666666667 4428.857142857143
0.0046168051708217915 7052.809523809524 5085.952380952381
0.004732225300092336 7122.857142857143 4649.476190476191
0.004847645429362881 7201.391304347826 5140.130434782609
0.004963065558633426 7327.875 4690.3125
0.0050784856879039705 7137.529411764706 4880.470588235294
0.005193905817174515 7318.4 5271.933333333333
0.00530932594644506 7347.454545454545 5418.090909090909
0.005424746075715605 7382.368421052632 5220.0
0.00554016620498615 7591.736842105263 6604.894736842105
0.005655586334256694 7582.076923076923 12325.307692307691
0.0057710064635272396 7475.526315789473 5946.368421052632
0.005886426592797784 7472.909090909091 6897.0
0.006001846722068329 7675.642857142857 6945.071428571428
0.006117266851338873 7477.692307692308 5235.384615384615
0.006232686980609419 7295.666666666667 9046.5
0.006348107109879963 7644.0 7257.083333333333
0.006463527239150508 7516.363636363636 6644.545454545455
0.006578947368421052 7679.625 8660.5625
0.006694367497691598 7562.0 7220.7692307692305
0.006809787626962142 7668.0526315789475 9581.368421052632
0.006925207756232687 7650.166666666667 6674.833333333333
0.007040627885503232 7721.454545454545 9806.181818181818
0.007156048014773777 7664.642857142857 8339.142857142857
0.007271468144044321 7715.625 8881.4375
0.007386888273314866 7729.0 5945.083333333333
0.007502308402585411 7953.181818181818 10470.727272727272
0.007617728531855956 8036.6 11056.8
0.0077331486611265 7771.461538461538 9391.076923076924
0.007848568790397045 7862.0 7047.4
0.00796398891966759 7762.272727272727 9697.727272727272
0.008079409048938134 7826.571428571428 10723.42857142857
0.00819482917820868 7699.5 9585.3
0.008310249307479225 7709.0 8751.8
0.008425669436749769 7756.285714285715 6839.142857142857
0.008541089566020314 7954.923076923077 9283.461538461539
0.00865650969529086 8164.5 10080.25
0.008771929824561403 8141.6 8859.4
0.008887349953831948 7719.8 4582.8
0.009002770083102494 7864.666666666667 6360.166666666667
0.009118190212373038 7729.0 4400.666666666667
0.009233610341643583 8086.4 8515.8
0.009349030470914127 8097.0 9245.4
0.009464450600184672 8128.888888888889 10328.777777777777
0.009579870729455217 8110.111111111111 8807.333333333334
0.009695290858725761 8309.333333333334 10019.0
0.009810710987996307 8306.5 12052.0
0.009926131117266852 8168.75 10560.75
0.010041551246537396 8235.0 10645.0
0.010156971375807941 8389.2 10375.2
0.010272391505078486 8353.714285714286 11387.285714285714
0.01038781163434903 8320.75 10423.75
0.010503231763619576 8371.8 9939.0
0.01061865189289012 8277.0 10254.714285714286
0.010734072022160665 8222.4 10023.2
0.01084949215143121 8064.333333333333 9088.0
0.010964912280701754 8213.8 11103.0
0.0110803324099723 8046.0 6913.5
0.011195752539242845 8425.8 11384.4
0.011311172668513388 8206.0 6876.5
0.011426592797783934 8354.333333333334 12539.0
0.011542012927054479 8422.0 10589.2
0.011657433056325023 8271.25 12394.0
0.011772853185595568 8441.333333333334 16868.333333333332
0.011888273314866112 8678.0 17497.5
0.012003693444136657 8673.0 18827.0
0.012119113573407203 8681.666666666666 18863.0
0.012234533702677746 8670.0 12038.0
0.012349953831948292 8529.0 12534.0
0.012465373961218837 8545.666666666666 13830.0
0.012580794090489381 8632.5 16148.0
0.012696214219759926 8829.0 20858.0
0.012811634349030472 8439.0 10129.8
0.012927054478301015 8306.333333333334 7974.333333333333
0.01304247460757156 8436.0 13869.0
0.013157894736842105 8466.333333333334 11120.0
0.01327331486611265 8574.333333333334 14216.666666666666
0.013388734995383195 8202.5 7589.5
0.013504155124653739 8600.666666666666 15001.333333333334
0.013619575253924284 8544.0 10989.5
0.01373499538319483 8742.333333333334 18917.0
0.013850415512465374 8470.5 13986.5
0.013965835641735919 8541.5 11345.0
0.014081255771006464 8473.0 22479.5
0.014196675900277008 8885.5 21165.0
0.014312096029547553 8696.6 15698.0
0.014542936288088643 8525.0 9774.0
0.014658356417359188 8506.5 11211.0
0.014773776546629732 8634.666666666666 16605.333333333332
0.014889196675900277 8752.333333333334 17040.0
0.015004616805170823 8737.0 16413.0
0.015120036934441366 8753.666666666666 17437.666666666668
0.015235457063711912 8959.0 21713.0
0.015350877192982455 8866.0 21234.0
0.015466297322253 8646.0 14489.0
0.015581717451523546 8646.0 11693.0
0.01569713758079409 8617.5 13213.0
0.015812557710064637 8848.5 13442.5
0.01592797783933518 8674.0 14279.0
0.016043397968605724 8676.0 14350.5
0.016158818097876268 8642.8 12771.4
0.016274238227146815 8833.0 19809.0
0.01638965835641736 8427.333333333334 11106.0
0.016505078485687903 8493.0 10538.5
0.016735918744228993 8306.5 10680.5
0.016851338873499537 8723.0 16898.0
0.016966759002770084 8723.5 16904.5
0.017082179132040628 8956.75 39327.5
0.01719759926131117 8940.0 25366.333333333332
0.01731301939058172 8763.666666666666 21588.666666666668
0.017428439519852262 9031.0 28822.0
0.017543859649122806 8448.5 11589.5
0.017659279778393353 8426.0 13246.5
0.01789012003693444 8532.0 14029.0
0.018005540166204988 8686.333333333334 17306.666666666668
0.018236380424746075 8537.0 14116.0
0.018351800554016622 9098.0 20214.0
0.018467220683287166 8820.5 17172.0
0.01858264081255771 8762.5 16227.0
0.018698060941828253 8824.0 17289.5
0.0188134810710988 8490.0 14570.0
0.018928901200369344 8493.0 14571.0
0.019044321329639888 8772.333333333334 16122.666666666666
0.019159741458910435 8885.0 16308.5
0.019390581717451522 8731.333333333334 16658.333333333332
0.01950600184672207 8894.57142857143 23399.85714285714
0.019621421975992613 8998.666666666666 30723.0
0.019736842105263157 8912.0 20201.5
0.019852262234533704 8827.25 20338.0
0.019967682363804248 8912.25 27247.5
0.02008310249307479 9022.5 17709.0
0.02019852262234534 8976.5 28065.5
0.020313942751615882 9154.0 38520.0
0.020429362880886426 8856.0 13656.0
0.020544783010156973 8959.5 17689.0
0.02077562326869806 8850.666666666666 21688.0
0.020891043397968604 9047.5 24924.5
0.02100646352723915 8859.0 13705.0
0.021121883656509695 8846.0 16039.0
0.02123730378578024 8902.666666666666 16845.333333333332
0.021352723915050786 9133.0 22460.0
0.021583564173591873 9243.0 36522.0
0.02169898430286242 9244.0 36530.0
0.021814404432132964 9000.0 27101.333333333332
0.021929824561403508 9136.666666666666 33951.333333333336
0.022045244690674055 9219.0 37570.5
0.0221606648199446 9071.5 25758.0
0.022276084949215142 9084.333333333334 32022.666666666668
0.022622345337026777 8943.0 22684.0
0.022737765466297324 9109.5 37057.0
0.022853185595567867 9077.0 30052.666666666668
0.02296860572483841 9113.666666666666 33247.0
0.023084025854108958 9056.0 24992.0
0.023199445983379502 9125.0 22830.0
0.023314866112650046 9111.0 27473.0
0.02343028624192059 8919.0 16728.0
0.023545706371191136 9026.0 23821.0
0.02366112650046168 9115.0 33168.666666666664
0.023776546629732224 9285.0 51739.0
0.02389196675900277 9100.5 23516.0
0.024007386888273315 9063.0 20484.333333333332
0.02412280701754386 9045.666666666666 21203.333333333332
0.024238227146814405 8984.0 14315.0
0.02435364727608495 9048.75 26014.25
0.024469067405355493 9121.5 32242.5
0.02458448753462604 9038.0 37834.0
0.024699907663896584 9004.666666666666 20107.333333333332
0.024815327793167127 9052.0 25399.0
0.024930747922437674 9221.0 28905.5
0.025046168051708218 9070.333333333334 27224.333333333332
0.025161588180978762 9097.666666666666 33827.333333333336
0.02527700831024931 9239.333333333334 45136.666666666664
0.025392428439519853 9270.0 39207.0
0.025623268698060944 9141.5 37383.5
0.025738688827331487 9131.0 41081.0
0.02585410895660203 9153.0 37802.0
0.025969529085872575 9032.5 32041.0
0.02608494921514312 9145.5 29134.0
0.026200369344413665 9219.333333333334 31757.333333333332
0.02631578947368421 9073.5 24354.75
0.026431209602954756 9013.0 14693.0
0.0265466297322253 9088.0 19679.5
0.026662049861495844 9114.5 20935.5
0.02677746999076639 9197.0 26938.0
0.02746999076638966 9359.0 38120.0
0.027700831024930747 9359.0 38130.0
0.027931671283471838 9340.5 39922.5
0.02804709141274238 9341.5 39925.5
0.02816251154201293 9322.0 40902.0
0.028277931671283472 9345.0 50395.5
0.028393351800554016 9345.5 50395.5
0.028624192059095107 9370.5 49505.5
0.02873961218836565 9023.0 25768.0
0.028855032317636194 9032.0 25804.0
0.02897045244690674 9199.0 32443.0
0.029085872576177285 9199.0 32444.5
0.02920129270544783 9367.0 39086.0
0.029316712834718376 9200.5 32446.0
0.02966297322253001 9340.0 38359.0
0.029778393351800554 9341.0 38403.0
0.030240073868882732 9294.0 48359.0
0.03035549399815328 9356.5 41460.0
0.030586334256694367 9320.0 45433.333333333336
0.03070175438596491 9248.0 53354.0
0.030817174515235458 9212.5 32137.5
0.030932594644506 9289.0 40231.0
0.031048014773776545 9273.5 46831.5
0.031163434903047092 9258.0 53432.0
0.031278855032317636 9260.0 53504.0
0.03139427516158818 9288.0 49059.0
0.03150969529085872 9260.0 53536.0
0.03174053554939982 8999.0 21058.0
0.03185595567867036 9351.0 38639.0
0.03243305632502309 9355.0 38805.0
0.03254847645429363 9355.0 38818.0
0.032663896583564174 9361.0 38962.0
0.03289473684210526 9370.0 39049.0
0.033010156971375805 9448.0 63588.0
0.033125577100646356 9449.0 63607.0
0.0332409972299169 9528.0 87714.0
0.03335641735918744 9528.0 87739.0
0.03358725761772853 9375.0 39972.0
0.033702677746999074 9321.0 56242.0
0.033818097876269625 9265.666666666666 39591.666666666664
0.03393351800554017 9266.0 39597.666666666664
0.03404893813481071 9323.0 56258.0
0.0342797783933518 9334.0 45158.0
0.03439519852262234 9335.0 45163.0
0.03462603878116344 9222.5 39918.0
0.03474145891043398 9110.0 22635.0
0.034856879039704525 9222.5 39920.0
0.03497229916897507 9433.0 54402.0
0.035318559556786706 9455.0 47632.0
0.03543397968605725 9455.0 47632.0
0.035549399815327794 9442.5 61127.0
0.03566481994459834 9443.5 55815.0
0.035895660203139425 9538.0 89577.0
0.03612650046168052 9499.5 69173.5
0.03624192059095106 9458.0 48266.0
0.036357340720221606 9541.0 90572.0
0.03647276084949215 9541.0 90572.0
0.036588180978762694 9541.0 90572.0
0.03681902123730379 9542.0 90663.0
0.03693444136657433 9542.0 90663.0
0.03728070175438596 9446.0 55791.0
0.037396121883656507 9284.5 45740.5
0.0376269621421976 9352.5 57331.5
0.037742382271468145 9478.5 79324.0
0.03785780240073869 9546.0 90912.0
0.03797322253000923 9289.5 45875.5
0.038088642659279776 9163.0 23823.0
0.038204062788550326 9312.0 45269.0
0.038434903047091414 9503.5 79199.5
0.03855032317636196 9458.0 66288.0
0.0386657433056325 9458.0 66312.0
0.03901200369344414 9504.0 79278.0
0.039242843951985226 9442.0 74515.0
0.03935826408125577 9442.0 74523.0
0.039473684210526314 9498.5 84817.0
0.03958910433979686 9508.5 81099.5
0.03970452446906741 9556.0 95555.0
0.039935364727608495 9556.0 95560.0
0.04005078485687904 9499.0 85045.5
0.04016620498614958 9557.0 95805.0
0.040281625115420126 9227.0 33436.0
0.04039704524469068 9357.0 42923.5
0.040627885503231764 9394.666666666666 58017.333333333336
0.04085872576177285 9387.666666666666 53624.0
0.040974145891043395 9310.0 51865.0
0.041089566020313946 9472.5 48722.0
0.04120498614958449 9334.0 41391.666666666664
0.04132040627885503 9286.0 32904.0
0.04143582640812558 9283.5 40665.0
0.04155124653739612 9283.5 40665.0
0.041666666666666664 9303.0 34065.0
0.04178208679593721 9303.0 34182.0
0.04189750692520776 9291.5 34946.5
0.0420129270544783 9450.0 74726.0
0.042128347183748846 9239.0 34121.0
0.04224376731301939 9388.0 46492.0
0.04235918744228993 9263.0 34333.0
0.04247460757156048 9346.333333333334 42909.333333333336
0.04259002770083103 9388.5 47160.0
0.04270544783010157 9386.0 40747.0
0.042820867959372115 9379.5 54452.5
0.04293628808864266 9269.0 47320.0
0.0430517082179132 9529.0 48534.0
0.043167128347183746 9399.5 48046.0
0.0432825484764543 9531.0 48748.0
0.04339796860572484 9268.5 40910.0
0.043513388734995384 9400.5 41615.0
0.04362880886426593 9437.0 62053.0
0.04374422899353647 9437.0 62053.0
0.043975069252077566 9276.0 34912.0
0.04409048938134811 9380.25 48337.25
0.04420590951061865 9277.5 41238.0
0.0443213296398892 9390.0 61441.0
0.04443674976915974 9278.0 35102.0
0.044552169898430284 9282.0 35110.0
0.04466759002770083 9284.0 35129.0
0.04478301015697138 9284.0 35129.0
0.04489843028624192 9510.0 64504.0
0.045013850415512466 9531.0 48905.0
0.04547553093259465 9286.0 35279.0
0.04559095106186519 9287.0 35391.0
0.04582179132040628 9242.0 26240.0
0.046052631578947366 9243.0 27003.0
0.04628347183748846 9243.0 27010.0
0.046398891966759004 9301.5 44802.5
0.04651431209602955 9246.0 27018.0
0.04720683287165282 9520.0 73994.0
0.04732225300092336 9524.0 66032.0
0.047437673130193904 9527.0 66154.0
0.04755309325946445 9385.0 32137.0
0.04778393351800554 9492.0 72336.0
0.047899353647276086 9486.0 89608.5
0.04847645429362881 9512.5 69433.5
0.048591874422899355 9513.0 69442.5
0.0487072945521699 9495.0 72608.0
0.048938134810710986 9502.0 73515.0
0.04916897506925208 9502.0 73551.0
0.04951523545706371 9502.0 73560.0
0.04997691597414589 9503.0 83432.0
0.05066943674976916 9510.0 86881.0
0.050784856879039705 9510.0 86889.0
0.05101569713758079 9549.0 66890.0
0.051131117266851336 9510.0 86889.0
0.05159279778393352 9512.0 88395.0
0.0520544783010157 9513.0 56565.0
0.05240073868882733 9525.0 89837.0
0.05286241920590951 9540.0 77861.0
0.052977839335180056 9540.0 77862.0
0.0530932594644506 9540.0 77862.0
0.053208679593721143 9530.0 67297.0
0.05332409972299169 9449.0 35552.0
0.05343951985226224 9549.0 92370.0
0.05355493998153278 9520.0 56748.0
0.053670360110803325 9520.0 56772.0
0.054016620498614956 9540.0 77892.0
0.0541320406278855 9540.0 77892.0
0.05424746075715605 9540.0 77899.0
0.054362880886426594 9540.0 77899.0
0.05447830101569714 9541.0 77899.0
0.05505540166204986 9488.5 68708.0
0.05517082179132041 9433.0 59169.0
0.05528624192059095 9433.0 59169.0
0.055401662049861494 9488.5 68790.0
0.05551708217913204 9436.0 59306.0
0.05563250230840259 9526.0 67653.33333333333
0.05574792243767313 9572.0 72139.0
0.05840258541089566 9514.0 57934.0
0.05897968605724838 9552.0 72388.0
0.05909510618651893 9540.0 52353.0
0.05921052631578947 9540.0 52391.0
0.059441366574330565 9540.0 52391.0
0.05990304709141274 9541.0 52391.0
0.06001846722068329 9541.0 52395.0
0.06024930747922438 9568.0 66744.5
0.060480147737765465 9584.0 80464.0
0.06059556786703601 9561.5 70672.5
0.06071098799630656 9539.0 60895.0
0.0608264081255771 9575.333333333334 80657.66666666667
0.060941828254847646 9579.666666666666 78370.0
0.06105724838411819 9581.333333333334 81593.33333333333
0.061172668513388734 9602.0 100635.0
0.06128808864265928 9596.666666666666 82633.0
0.06140350877192982 9544.0 61070.0
0.06151892890120037 9560.0 63792.0
0.061865189289012 9560.0 63804.0
0.061980609418282546 9552.0 62467.5
0.06209602954755309 9552.5 62476.0
0.06221144967682364 9553.5 62476.5
0.062326869806094184 9573.0 70051.0
0.06244228993536473 9561.0 63831.0
0.0629039704524469 9578.5 81237.0
0.06301939058171745 9578.5 81285.0
0.06313481071098799 9550.0 61299.0
0.06325023084025855 9550.0 61299.0
0.06336565096952909 9550.0 61299.0
0.06348107109879964 9609.0 101840.0
0.06359649122807018 9550.0 61299.0
0.06428901200369344 9571.0 78231.0
0.06475069252077563 9559.0 102317.0
0.06902123730378577 9667.0 100843.0
0.0698291782086796 9645.0 95403.0
0.06994459833795014 9645.0 95407.0
0.07029085872576177 9645.0 96076.0
0.07329178208679593 9599.0 82783.0
0.07352262234533703 9592.0 105309.0
0.07398430286241921 9594.0 105315.0
0.07409972299168975 9681.0 104625.0
0.0742151431209603 9681.0 104625.0
0.07444598337950138 9596.0 105751.0
0.07456140350877193 9596.0 105751.0
0.07479224376731301 9596.0 105794.0
0.07490766389658357 9596.0 105794.0
0.07502308402585411 9596.0 105794.0
0.0752539242843952 9683.0 104875.0
0.07536934441366575 9683.0 104875.0
0.07548476454293629 9683.0 104875.0
0.07560018467220683 9686.0 105253.0
0.07571560480147738 9686.0 105254.0
0.07583102493074792 9686.0 105254.0
0.07594644506001846 9686.0 105255.0
0.0765235457063712 9601.0 106436.0
0.07686980609418283 9638.0 105881.0
0.07698522622345337 9638.0 105886.5
0.07710064635272391 9643.5 110756.5
0.07721606648199446 9659.333333333334 109277.0
0.07744690674053555 9681.0 111428.0
0.07790858725761773 9695.0 106741.0
0.07998614958448753 9687.0 117277.0
0.08021698984302862 9687.0 117284.0
0.08033240997229917 9687.0 117284.0
0.0861034164358264 9642.0 116286.0
0.0909510618651893 9659.0 124089.0
0.10214681440443213 9745.0 133161.0
0.10226223453370267 9745.0 133161.0
0.10353185595567867 9729.0 171015.0
0.12534626038781163 9795.0 166189.0
0.12592336103416435 9769.0 165671.0
0.1260387811634349 9769.0 165832.0
0.12615420129270544 9769.0 165862.0
0.12684672206832873 9769.0 166056.0
0.1283471837488458 9773.0 166803.0
0.1306555863342567 9779.0 169082.0
0.13077100646352724 9779.0 169082.0
0.13088642659279778 9779.0 169110.0
0.13111726685133887 9802.0 176755.0
0.13123268698060941 9802.0 176867.0
0.13134810710987996 9802.0 176924.0
0.13250230840258542 9804.0 177012.0
0.13319482917820868 9804.0 177090.0
0.1363111726685134 9813.0 179179.0
0.13642659279778394 9814.0 180830.0
0.1371191135734072 9814.0 181465.0
0.1386195752539243 9814.0 181886.0
0.139196675900277 9814.0 182189.0
0.14415974145891045 9815.0 185036.0
0.144275161588181 9815.0 185036.0
0.15189289012003693 9833.0 196690.0
0.15200831024930747 9833.0 197031.0
0.15212373037857801 9833.0 197032.0
0.15223915050784856 9833.0 198304.0
0.15246999076638965 9833.0 198326.0
0.15270083102493076 9833.0 198380.0
0.17289935364727607 9834.0 243836.0
0.17301477377654664 9834.0 243836.0
0.1731301939058172 9834.0 244139.0
0.17324561403508773 9834.0 244139.0
0.1801708217913204 9868.0 239902.0
0.18028624192059095 9868.0 239909.0
0.18051708217913204 9856.5 261271.5
0.18063250230840258 9856.5 261294.5
0.1809787626962142 9845.0 282687.0
0.18109418282548476 9845.0 282687.0
0.18132502308402584 9869.0 240157.0
0.18201754385964913 9845.0 282884.0
0.1827100646352724 9854.0 286308.0
0.18386426592797783 9862.5 264317.0
0.18397968605724838 9863.0 264371.5
0.18409510618651892 9855.0 287861.0
0.18421052631578946 9855.0 287861.0
0.18467220683287167 9874.0 243222.0
0.18490304709141275 9874.0 243228.0
0.18524930747922438 9855.0 288505.0
0.18536472760849493 9855.0 288505.0
0.18548014773776547 9855.0 288509.0
0.18571098799630656 9855.0 288526.0
0.1860572483841182 9874.0 243289.0
0.18698060941828254 9857.0 288768.0
0.18801939058171746 9858.0 288823.0
0.1891735918744229 9858.0 289012.0
0.18928901200369344 9858.0 289016.0
0.18940443213296398 9858.0 289016.0
0.19090489381348108 9874.0 244194.0
0.19102031394275162 9874.0 244198.0
0.19113573407202217 9874.0 244199.0
0.1912511542012927 9874.0 244201.0
0.1914819944598338 9874.0 244207.0
0.19171283471837489 9874.0 245277.0
0.19182825484764543 9874.0 245280.0
0.1922899353647276 9874.0 245282.0
0.19240535549399815 9874.0 245400.0
0.1925207756232687 9874.0 245431.0
0.19263619575253924 9874.0 245552.0
0.19286703601108032 9894.0 294185.0
0.19298245614035087 9894.0 294211.0
0.1930978762696214 9894.0 294211.0
0.19332871652816253 9894.0 294212.0
0.1937903970452447 9894.0 294392.0
0.19390581717451524 9894.0 295034.0
0.1940212373037858 9894.0 295052.0
0.1945983379501385 9894.0 296367.0
0.19471375807940905 9894.0 296376.0
0.1954062788550323 9894.0 296415.0
0.1969067405355494 9894.0 297333.0
0.19702216066481995 9894.0 297333.0
0.1971375807940905 9894.0 297345.0
0.19736842105263158 9894.0 297345.0
0.19806094182825484 9894.0 297613.0
0.1981763619575254 9894.0 297613.0
0.19829178208679593 9894.0 297641.0
0.19840720221606647 9894.0 297740.0
0.19852262234533702 9894.0 297740.0
0.1987534626038781 9895.0 297808.0
0.19886888273314865 9895.0 297813.0
0.19909972299168974 9895.0 297867.0
0.19956140350877194 9895.0 297969.0
0.19967682363804248 9895.0 297977.0
0.20060018467220683 9896.0 299018.0
0.20325484764542937 9865.0 308210.0
0.2033702677746999 9865.0 308211.0
0.20348568790397045 9865.0 308576.0
0.20429362880886426 9896.0 299959.0
0.20948753462603878 9885.0 321986.0
0.20960295475530932 9885.0 322035.0
0.20971837488457987 9885.0 322056.0
0.20994921514312095 9885.0 322056.0
0.2100646352723915 9885.0 322200.0
0.21018005540166204 9885.0 322200.0
0.22126038781163435 9902.0 304964.0
0.2213758079409049 9902.0 304964.0
0.22818559556786702 9889.0 339546.0
0.22899353647276086 9891.0 341876.0
0.2291089566020314 9891.0 342121.0
0.23084025854108955 9896.0 351729.0
0.23187903970452448 9896.0 352781.0
0.2322253000923361 9896.0 352781.0
0.23234072022160665 9896.0 352784.0
0.2324561403508772 9900.0 368916.0
0.2561172668513389 9911.0 399952.0
0.2583102493074792 9919.0 416284.0
0.3316020313942752 9952.0 499067.0
0.33287165281625114 9952.0 503690.0
0.41401200369344415 9993.0 550516.0
0.41412742382271467 9993.0 551682.0
0.41424284395198524 9994.0 559144.0
0.42382271468144045 9990.0 627779.0
0.43351800554016623 10003.0 638450.0
0.47991689750692523 10016.0 701037.0
0.4803785780240074 10016.0 703906.0
0.48130193905817176 10023.0 724488.0
0.8955447830101569 10095.0 1283632.0
0.9990766389658357 10111.0 1454647.0
1.0 10111.0 1455433.0
