1103
0.0001 416 76 0
0.0001 591 111 0
0.0002 711 217 0
0.0003 779 280 0
0.0003 836 360 0
0.0004 874 389 0
0.0005 900 390 0
0.0006 925 695 0
0.0006 937 774 0
0.0007 952 637 0
0.0008 965 741 0
0.0008 977 991 0
0.0009 985 1078 0
0.0010 993 783 0
0.0010 998 946 0
0.0011 1002 1512 0
0.0012 1009 1669 0
0.0012 1010 1095 0
0.0013 1014 1253 0
0.0014 1022 1522 0
0.0015 1021 1405 0
0.0015 1027 1253 0
0.0016 1027 1373 0
0.0017 1034 1636 0
0.0017 1040 2033 0
0.0018 1044 2123 0
0.0019 1042 1965 0
0.0019 1043 1945 0
0.0020 1046 2149 0
0.0021 1047 2092 0
0.0021 1050 2191 0
0.0022 1046 2145 0
0.0023 1054 2527 0
0.0024 1054 2334 0
0.0024 1054 2142 0
0.0025 1058 2734 0
0.0026 1059 2523 0
0.0026 1059 2825 0
0.0027 1057 4500 0
0.0028 1059 2699 0
0.0028 1064 3113 0
0.0029 1064 3341 0
0.0030 1062 4827 0
0.0030 1065 2649 0
0.0031 1064 2770 0
0.0032 1066 5114 0
0.0033 1066 3291 0
0.0033 1067 5759 0
0.0034 1068 3039 0
0.0035 1069 2763 0
0.0035 1065 3252 0
0.0036 1069 3863 0
0.0037 1068 3438 0
0.0037 1068 4623 0
0.0038 1069 3497 0
0.0039 1069 3875 0
0.0039 1070 3033 0
0.0040 1071 3179 0
0.0041 1070 3805 0
0.0042 1074 3872 0
0.0042 1071 3496 0
0.0043 1073 3558 0
0.0044 1071 3368 0
0.0044 1075 3413 0
0.0045 1074 3392 0
0.0046 1076 4625 0
0.0046 1075 4059 0
0.0047 1077 3311 0
0.0048 1076 3975 0
0.0048 1074 3925 0
0.0049 1074 3433 0
0.0050 1073 4588 0
0.0051 1072 4730 0
0.0051 1078 5920 0
0.0052 1075 6086 0
0.0053 1074 5093 0
0.0053 1078 7747 0
0.0054 1078 6396 0
0.0055 1079 4705 0
0.0055 1080 5273 0
0.0056 1078 6294 0
0.0057 1078 5210 0
0.0057 1079 3462 0
0.0058 1077 4803 0
0.0059 1080 5343 0
0.0060 1078 5175 0
0.0060 1081 6184 0
0.0061 1081 5532 0
0.0062 1080 6070 0
0.0062 1080 5817 0
0.0063 1084 6345 0
0.0064 1078 4548 0
0.0064 1084 8425 0
0.0065 1083 5976 0
0.0066 1082 8029 0
0.0067 1081 7516 0
0.0067 1087 26328 0
0.0068 1085 20232 0
0.0069 1081 16578 0
0.0069 1084 6397 0
0.0070 1088 71098 0
0.0071 1091 11314 0
0.0071 1084 7224 0
0.0072 1082 5761 0
0.0073 1081 7281 0
0.0073 1083 6059 0
0.0074 1086 9004 0
0.0075 1085 5603 0
0.0076 1086 8385 0
0.0076 1085 6019 0
0.0077 1084 6145 0
0.0078 1082 5700 0
0.0078 1085 5006 0
0.0079 1086 6189 0
0.0080 1086 6803 0
0.0080 1087 5883 0
0.0081 1085 5109 0
0.0082 1086 4030 0
0.0082 1088 5944 0
0.0083 1086 6790 0
0.0084 1092 8718 0
0.0085 1089 10373 0
0.0085 1086 8823 0
0.0086 1086 8601 0
0.0087 1086 7937 0
0.0087 1086 7571 0
0.0088 1086 8621 0
0.0089 1087 10529 0
0.0089 1090 9979 0
0.0090 1089 10432 0
0.0091 1086 7951 0
0.0091 1089 7776 0
0.0092 1089 11479 0
0.0093 1089 7355 0
0.0094 1084 6727 0
0.0096 1088 6689 0
0.0096 1085 4700 0
0.0097 1087 6001 0
0.0098 1085 6538 0
0.0099 1090 7106 0
0.0100 1087 24151 0
0.0100 1089 11696 0
0.0101 1085 5071 0
0.0102 1084 4119 0
0.0103 1089 11031 0
0.0104 1097 12288 0
0.0105 1094 14307 0
0.0105 1092 8235 0
0.0106 1088 26547 0
0.0107 1095 8191 0
0.0108 1097 13055 0
0.0109 1088 3990 0
0.0109 1095 16610 0
0.0110 1097 13055 0
0.0111 1089 10197 0
0.0112 1089 5093 0
0.0113 1089 10207 0
0.0114 1090 7061 0
0.0115 1099 20745 0
0.0117 1091 41784 0
0.0118 1088 20891 0
0.0121 1093 16810 0
0.0122 1092 7594 0
0.0123 1096 11954 0
0.0124 1094 15236 0
0.0125 1094 17275 0
0.0126 1090 8975 0
0.0127 1095 16506 0
0.0127 1094 17908 0
0.0131 1095 16523 0
0.0132 1089 10669 0
0.0134 1091 11324 0
0.0134 1092 16334 0
0.0137 1093 20971 0
0.0138 1092 13313 0
0.0139 1091 9061 0
0.0140 1093 11961 0
0.0141 1099 22169 0
0.0142 1093 12881 0
0.0143 1092 78362 0
0.0144 1093 11455 0
0.0145 1092 34497 0
0.0145 1092 9095 0
0.0148 1099 22335 0
0.0148 1090 10119 0
0.0150 1093 11746 0
0.0150 1090 13534 0
0.0152 1091 10266 0
0.0157 1094 19517 0
0.0158 1091 28488 0
0.0159 1094 14648 0
0.0160 1090 17812 0
0.0162 1092 10349 0
0.0166 1093 10196 0
0.0166 1092 9931 0
0.0168 1094 12231 0
0.0172 1094 13023 0
0.0177 1095 34539 0
0.0177 1090 20881 0
0.0178 1092 10377 0
0.0179 1096 16081 0
0.0181 1092 10097 0
0.0181 1099 23134 0
0.0182 1092 14941 0
0.0186 1098 25422 0
0.0186 1093 31179 0
0.0187 1095 18936 0
0.0188 1093 46144 0
0.0188 1097 26190 0
0.0192 1097 14031 0
0.0193 1097 28776 0
0.0195 1094 12694 0
0.0197 1093 22879 0
0.0198 1097 24580 0
0.0199 1100 28626 0
0.0202 1094 23210 0
0.0204 1100 28692 0
0.0209 1095 21095 0
0.0211 1094 35603 0
0.0212 1096 19010 0
0.0214 1094 23276 0
0.0217 1093 17080 0
0.0218 1094 23725 0
0.0222 1100 31442 0
0.0223 1096 82203 0
0.0229 1094 17001 0
0.0236 1094 39813 0
0.0237 1096 93392 0
0.0240 1096 34508 0
0.0247 1096 37492 0
0.0248 1095 21617 0
0.0249 1096 94049 0
0.0251 1098 21118 0
0.0254 1096 94319 0
0.0258 1097 28815 0
0.0260 1097 14822 0
0.0263 1096 20900 0
0.0263 1094 40959 0
0.0267 1097 14981 0
0.0267 1096 21757 0
0.0268 1099 38498 0
0.0269 1097 30127 0
0.0270 1093 31683 0
0.0271 1096 95159 0
0.0274 1096 16783 0
0.0275 1093 31794 0
0.0276 1095 54786 0
0.0276 1097 27549 0
0.0281 1095 63631 0
0.0282 1097 39841 0
0.0284 1094 31443 0
0.0285 1098 47294 0
0.0285 1094 42213 0
0.0289 1099 38085 0
0.0291 1097 27901 0
0.0294 1096 41819 0
0.0297 1098 36972 0
0.0299 1094 35039 0
0.0300 1096 19385 0
0.0301 1095 23457 0
0.0302 1098 24416 0
0.0308 1099 32141 0
0.0308 1094 31894 0
0.0312 1098 39395 0
0.0316 1098 22134 0
0.0317 1096 42785 0
0.0319 1096 42567 0
0.0321 1098 39824 0
0.0323 1098 29392 0
0.0325 1101 35708 0
0.0327 1094 35278 0
0.0328 1095 43059 0
0.0330 1096 21445 0
0.0333 1098 98152 0
0.0337 1099 37981 0
0.0339 1094 36459 0
0.0339 1097 37918 0
0.0341 1101 45058 0
0.0342 1098 46080 0
0.0344 1096 28801 0
0.0352 1099 26595 0
0.0353 1098 57397 0
0.0359 1098 57442 0
0.0360 1099 26701 0
0.0362 1098 99487 0
0.0369 1099 26826 0
0.0369 1099 37838 0
0.0374 1099 36548 0
0.0376 1098 99627 0
0.0377 1099 47634 0
0.0381 1101 56325 0
0.0386 1098 28396 0
0.0389 1098 58202 0
0.0396 1099 40664 0
0.0400 1098 51473 0
0.0402 1095 42384 0
0.0404 1101 58949 0
0.0405 1098 51906 0
0.0409 1098 47428 0
0.0411 1100 29512 0
0.0413 1098 52153 0
0.0414 1099 101726 0
0.0418 1102 46256 0
0.0419 1098 33867 0
0.0420 1099 30445 0
0.0423 1099 102703 0
0.0427 1095 44861 0
0.0429 1099 33678 0
0.0429 1101 62375 0
0.0432 1099 43048 0
0.0434 1100 31606 0
0.0436 1102 52033 0
0.0436 1099 45087 0
0.0439 1099 37901 0
0.0441 1100 60190 0
0.0442 1099 27612 0
0.0452 1102 52690 0
0.0459 1102 54343 0
0.0461 1100 33423 0
0.0462 1101 56322 0
0.0466 1099 28597 0
0.0468 1101 58228 0
0.0476 1102 52103 0
0.0479 1099 29174 0
0.0490 1102 53553 0
0.0499 1101 68307 0
0.0500 1099 51543 0
0.1000 1101 158771 0
0.1499 1102 213997 0
0.1999 1102 276615 0
0.2499 1103 332466 0
0.2999 1103 381957 0
0.3499 1103 423731 0
0.3999 1103 485953 0
0.4499 1103 516373 0
0.4999 1103 581368 0
0.5499 1103 614949 0
0.6000 1103 670435 0
0.6500 1103 707085 0
0.7000 1103 782904 0
0.7500 1103 828829 0
0.8000 1103 876805 0
0.8500 1103 933899 0
0.9000 1103 993605 0
0.9501 1103 1044619 0
1.0000 1103 1097932 0
