7154548
0.00011542012927054478 2663.855378578024 0.00034626038781163435
0.00023084025854108956 4265.988377291014 0.0004470272686633885
0.00034626038781163435 6728.242135367016 0.0019065776930409914
0.0004616805170821791 7958.986033519553 0.002793296089385475
0.0005771006463527239 10121.312883435583 0.002044989775051125
0.0006925207756232687 11924.209549071618 0.005305039787798408
0.0008079409048938135 13810.768965517242 0.0034482758620689655
0.0009233610341643582 15067.080717488789 0.004484304932735426
0.001038781163434903 17390.817708333332 0.0
0.0011542012927054479 17747.075268817203 0.005376344086021506
0.0012696214219759926 20380.71140939597 0.006711409395973154
0.0013850415512465374 21450.992481203008 0.0
0.0015004616805170822 23957.130434782608 0.0
0.001615881809787627 27167.245454545453 0.0
0.0017313019390581717 27203.827956989247 0.0
0.0018467220683287165 25777.931506849316 0.0
0.0019621421975992612 24838.944444444445 0.0
0.002077562326869806 22104.716666666667 0.0
0.0021929824561403508 30703.35185185185 0.0
0.0023084025854108957 36564.37704918033 0.0
0.0024238227146814403 31705.14 0.0
0.0025392428439519853 40437.84444444445 0.0
0.00265466297322253 46195.05263157895 0.0
0.002770083102493075 49668.59459459459 0.0
0.0028855032317636198 53119.26315789474 0.02631578947368421
0.0030009233610341643 46306.80952380953 0.023809523809523808
0.0031163434903047093 44465.805555555555 0.05555555555555555
0.003231763619575254 51944.075 0.025
0.003347183748845799 48659.333333333336 0.037037037037037035
0.0034626038781163434 46862.13043478261 0.0
0.0035780240073868884 51248.862068965514 0.0
0.003693444136657433 51522.74193548387 0.0
0.003808864265927978 45136.80952380953 0.0
0.0039242843951985225 45476.903225806454 0.0
0.004039704524469067 47483.75862068965 0.0
0.004155124653739612 47770.37037037037 0.0
0.004270544783010157 55003.13333333333 0.0
0.0043859649122807015 50220.17647058824 0.0
0.004501385041551247 59741.40909090909 0.0
0.0046168051708217915 64744.807692307695 0.0
0.004732225300092336 54858.708333333336 0.0
0.004847645429362881 56002.807692307695 0.0
0.004963065558633426 69084.68 0.0
0.0050784856879039705 66639.08695652174 0.0
0.005193905817174515 79065.42105263157 0.0
0.00530932594644506 76406.875 0.0
0.005424746075715605 88527.94444444444 0.0
0.00554016620498615 73014.4705882353 0.0
0.005655586334256694 81796.23529411765 0.0
0.0057710064635272396 81739.9375 0.0
0.005886426592797784 89486.54545454546 0.0
0.006001846722068329 90099.8 0.06666666666666667
0.006117266851338873 75282.25 0.0
0.006232686980609419 73610.0 0.0
0.006348107109879963 85589.27272727272 0.0
0.006463527239150508 92307.71428571429 0.0
0.006578947368421052 94042.0 0.0
0.006694367497691598 93193.125 0.0
0.006809787626962142 101731.58333333333 0.0
0.006925207756232687 75845.375 0.0
0.007040627885503232 104956.73684210527 0.0
0.007156048014773777 88020.5 0.0
0.007271468144044321 95855.15384615384 0.0
0.007386888273314866 87465.66666666667 0.08333333333333333
0.007502308402585411 86456.11764705883 0.058823529411764705
0.007617728531855956 97130.27272727272 0.0
0.0077331486611265 106995.45454545454 0.09090909090909091
0.007848568790397045 92476.125 0.125
0.00796398891966759 91397.72727272728 0.09090909090909091
0.008079409048938134 105616.58333333333 0.08333333333333333
0.00819482917820868 125211.25 0.0
0.008310249307479225 142124.0 0.0
0.008425669436749769 128940.9 0.0
0.008541089566020314 97136.5 0.0
0.00865650969529086 119011.77777777778 0.0
0.008771929824561403 111300.18181818182 0.0
0.008887349953831948 103466.81818181818 0.0
0.009002770083102494 105724.125 0.0
0.009118190212373038 96704.71428571429 0.0
0.009233610341643583 112838.22222222222 0.0
0.009349030470914127 114863.71428571429 0.0
0.009464450600184672 113440.2 0.0
0.009579870729455217 92120.66666666667 0.0
0.009695290858725761 104091.875 0.0
0.009810710987996307 119840.625 0.0
0.009926131117266852 126610.6 0.0
0.010041551246537396 113561.16666666667 0.0
0.010156971375807941 148759.75 0.0
0.010272391505078486 143656.22222222222 0.0
0.01038781163434903 180872.0 0.0
0.010503231763619576 144767.0 0.0
0.01061865189289012 150415.72727272726 0.0
0.010734072022160665 146428.88888888888 0.0
0.01084949215143121 155574.7 0.0
0.010964912280701754 156640.85714285713 0.0
0.0110803324099723 139638.77777777778 0.0
0.011195752539242845 159650.125 0.0
0.011311172668513388 144471.375 0.0
0.011426592797783934 133699.85714285713 0.0
0.011542012927054479 180695.14285714287 0.0
0.011657433056325023 207975.4 0.0
0.011772853185595568 175164.5 0.0
0.011888273314866112 184472.25 0.0
0.012003693444136657 164554.4 0.0
0.012119113573407203 180819.75 0.0
0.012234533702677746 143766.0 0.0
0.012349953831948292 152601.4 0.0
0.012465373961218837 185182.2 0.0
0.012580794090489381 188119.42857142858 0.0
0.012696214219759926 204536.5 0.16666666666666666
0.012811634349030472 213542.33333333334 0.0
0.012927054478301015 196694.5 0.25
0.01304247460757156 180405.0 0.0
0.013157894736842105 192870.77777777778 0.0
0.01327331486611265 133069.8 0.2
0.013388734995383195 181308.0 0.25
0.013504155124653739 195472.66666666666 0.0
0.013619575253924284 135229.0 0.0
0.01373499538319483 202323.0 0.0
0.013850415512465374 179392.25 0.0
0.013965835641735919 187631.5 0.0
0.014081255771006464 122933.0 0.0
0.014196675900277008 196609.0 0.0
0.014312096029547553 253015.2 0.0
0.014427516158818097 200170.25 0.0
0.014542936288088643 206274.2 0.0
0.014658356417359188 218656.5 0.0
0.014773776546629732 219793.0 0.0
0.014889196675900277 196887.0 0.0
0.015004616805170823 243890.5 0.0
0.015120036934441366 231617.5 0.0
0.015235457063711912 199108.0 0.0
0.015350877192982455 215982.0 0.0
0.015466297322253 152916.5 0.0
0.015581717451523546 199834.0 0.0
0.01569713758079409 157193.66666666666 0.0
0.015812557710064637 174296.33333333334 0.0
0.01592797783933518 175534.8 0.0
0.016043397968605724 175120.66666666666 0.0
0.016158818097876268 177944.66666666666 0.0
0.016274238227146815 230791.0 0.0
0.01638965835641736 200922.0 0.0
0.016505078485687903 194017.0 0.0
0.01662049861495845 224542.125 0.0
0.016735918744228993 223572.57142857142 0.0
0.016851338873499537 240474.0 0.0
0.016966759002770084 228432.66666666666 0.0
0.017082179132040628 204914.0 0.2
0.01719759926131117 225096.4 0.2
0.01731301939058172 227364.4 0.0
0.017428439519852262 220858.0 1.0
0.017659279778393353 249077.66666666666 0.3333333333333333
0.017774699907663897 249857.0 0.3333333333333333
0.01789012003693444 199072.0 0.0
0.018005540166204988 220016.5 0.25
0.01812096029547553 187426.5 0.0
0.018236380424746075 237652.25 0.0
0.018351800554016622 169324.0 0.0
0.018467220683287166 237662.66666666666 0.0
0.01858264081255771 188789.0 0.0
0.018698060941828253 339070.0 0.0
0.0188134810710988 176162.0 0.0
0.018928901200369344 218996.33333333334 0.0
0.019044321329639888 220532.25 0.25
0.019159741458910435 248571.66666666666 0.3333333333333333
0.01927516158818098 260809.0 1.0
0.019390581717451522 225367.5 0.5
0.01950600184672207 206036.66666666666 0.3333333333333333
0.019621421975992613 201571.5 0.0
0.019736842105263157 206997.0 0.0
0.019852262234533704 257874.0 0.0
0.019967682363804248 228725.0 0.0
0.02008310249307479 276217.5 0.0
0.02019852262234534 237873.0 0.0
0.020313942751615882 247966.4 0.0
0.020429362880886426 266817.0 0.0
0.020660203139427517 309459.0 0.0
0.02077562326869806 276539.0 1.0
0.020891043397968604 309483.0 0.0
0.02100646352723915 284214.0 1.0
0.021121883656509695 248159.33333333334 0.3333333333333333
0.02123730378578024 235720.75 0.25
0.021352723915050786 252416.75 0.25
0.02146814404432133 316248.6666666667 0.3333333333333333
0.021583564173591873 282893.75 0.25
0.02169898430286242 259906.0 0.3333333333333333
0.021814404432132964 304893.5 0.16666666666666666
0.021929824561403508 295409.75 0.0
0.022045244690674055 228192.8 0.0
0.0221606648199446 225294.0 0.0
0.022276084949215142 272892.5 0.0
0.02239150507848569 287312.8 0.0
0.022506925207756233 170899.0 0.0
0.022737765466297324 236020.0 0.0
0.022853185595567867 236705.5 0.0
0.02296860572483841 181461.0 0.0
0.023199445983379502 183748.0 0.0
0.023314866112650046 215682.0 0.0
0.02343028624192059 220170.0 0.0
0.023545706371191136 192632.5 0.0
0.02366112650046168 259585.25 0.0
0.023776546629732224 204087.0 0.0
0.02389196675900277 296091.5 0.5
0.024007386888273315 296645.5 0.5
0.02412280701754386 313747.0 1.0
0.024238227146814405 248505.66666666666 0.3333333333333333
0.02435364727608495 228277.0 0.0
0.02458448753462604 330458.0 0.3333333333333333
0.024699907663896584 482226.25 0.25
0.024815327793167127 305934.5 0.5
0.024930747922437674 337598.0 0.25
0.025046168051708218 317007.0 1.0
0.025161588180978762 252330.5 0.5
0.02527700831024931 187929.0 0.0
0.025392428439519853 292422.3333333333 0.0
0.025507848568790396 217428.0 0.0
0.025623268698060944 256720.33333333334 0.0
0.025738688827331487 247551.0 0.0
0.02585410895660203 270811.5 0.0
0.025969529085872575 291225.0 0.0
0.02608494921514312 344127.0 0.0
0.026200369344413665 287408.0 0.5
0.02631578947368421 306425.6666666667 0.3333333333333333
0.026431209602954756 319405.0 1.0
0.0265466297322253 288275.5 0.5
0.026662049861495844 319988.0 1.0
0.02677746999076639 316076.5 0.25
0.026892890120036934 275944.3333333333 0.0
0.027008310249307478 258939.0 0.0
0.027123730378578025 281970.0 0.0
0.02723915050784857 259061.0 0.0
0.027354570637119113 261398.0 0.0
0.027585410895660203 261567.0 0.0
0.027700831024930747 261867.0 0.0
0.02816251154201293 308823.0 0.0
0.028624192059095107 350677.0 0.0
0.02873961218836565 351830.0 0.0
0.028855032317636194 351941.0 0.0
0.02897045244690674 325685.5 0.0
0.029085872576177285 242062.0 0.0
0.029547553093259463 355731.0 0.0
0.02966297322253001 335505.5 0.0
0.029893813481071098 192649.0 0.0
0.030009233610341645 356077.0 0.0
0.030240073868882732 257924.0 0.0
0.03035549399815328 313280.5 0.0
0.030470914127423823 313475.0 0.0
0.030586334256694367 370787.0 0.0
0.03070175438596491 370944.0 0.0
0.031163434903047092 327056.0 0.0
0.031278855032317636 335305.0 0.0
0.03139427516158818 338277.0 0.0
0.03150969529085872 338399.0 0.0
0.031625115420129274 369064.0 0.0
0.031971375807940905 296568.75 0.0
0.03208679593721145 310966.0 0.0
0.03220221606648199 230030.0 0.0
0.032317636195752536 234610.33333333334 0.0
0.03243305632502309 236443.33333333334 0.0
0.03254847645429363 200551.0 0.0
0.032663896583564174 270337.5 0.0
0.03277931671283472 412205.0 0.0
0.03289473684210526 308848.0 0.0
0.03358725761772853 310467.0 0.0
0.034164358264081256 279441.5 0.0
0.0342797783933518 310810.0 0.0
0.03451061865189289 253928.0 0.0
0.034856879039704525 255452.0 0.0
0.035203139427516156 561680.0 1.0
0.035318559556786706 443274.0 1.0
0.03543397968605725 443437.0 1.0
0.03566481994459834 443555.0 1.0
0.03624192059095106 448256.0 1.0
0.036357340720221606 449128.0 1.0
0.036588180978762694 358909.0 0.0
0.03681902123730379 328885.0 0.0
0.03693444136657433 329095.0 0.0
0.037049861495844875 326906.0 0.0
0.03716528162511542 319720.5 0.0
0.03728070175438596 385988.5 0.0
0.037396121883656507 358001.0 0.0
0.03751154201292706 391417.3333333333 0.0
0.0376269621421976 386630.0 0.0
0.037742382271468145 371668.0 0.0
0.03785780240073869 371757.0 0.0
0.03797322253000923 314097.0 0.0
0.038088642659279776 314198.0 0.0
0.03831948291782087 400078.0 0.0
0.038434903047091414 400545.0 0.0
0.03855032317636196 329665.0 0.5
0.0386657433056325 467905.0 0.0
0.038781163434903045 468203.0 0.0
0.03912742382271468 353573.0 0.0
0.03935826408125577 322115.0 0.0
0.039473684210526314 322173.0 0.0
0.03958910433979686 337174.0 0.0
0.03970452446906741 337209.0 0.0
0.03981994459833795 337239.0 0.0
0.04005078485687904 341295.0 0.0
0.04016620498614958 370838.5 0.0
0.040281625115420126 341825.0 0.0
0.04039704524469068 342090.0 0.0
0.04085872576177285 354891.0 1.0
0.041089566020313946 445489.0 0.0
0.04120498614958449 445873.0 0.0
0.04155124653739612 447346.0 0.0
0.041666666666666664 447407.0 0.0
0.0420129270544783 356069.0 0.0
0.042128347183748846 448950.0 0.0
0.04224376731301939 422091.0 0.3333333333333333
0.04235918744228993 443384.5 0.0
0.04247460757156048 434168.3333333333 0.0
0.04259002770083103 470951.5 0.0
0.042820867959372115 385369.5 0.0
0.04293628808864266 450761.0 0.0
0.0430517082179132 483552.0 0.0
0.04339796860572484 561187.0 1.0
0.043513388734995384 473587.0 0.0
0.04362880886426593 453316.5 0.0
0.04374422899353647 464791.0 0.5
0.043859649122807015 418854.0 0.0
0.043975069252077566 364057.0 0.0
0.04409048938134811 454869.5 0.0
0.04420590951061865 425046.0 0.0
0.0443213296398892 425098.0 0.0
0.04443674976915974 598976.5 0.5
0.044552169898430284 568644.0 1.0
0.04466759002770083 484395.0 0.0
0.04478301015697138 520607.0 0.0
0.04489843028624192 485374.0 0.0
0.045013850415512466 474790.0 0.0
0.04524469067405355 538649.0 0.0
0.0453601108033241 463817.0 0.0
0.046052631578947366 493062.5 1.0
0.046168051708217916 570979.0 1.0
0.04628347183748846 493361.0 1.0
0.046398891966759004 537546.5 0.5
0.04651431209602955 659347.0 0.0
0.046745152354570635 538856.0 0.5
0.04697599261311173 417187.0 1.0
0.04709141274238227 417233.0 1.0
0.04720683287165282 577383.0 1.0
0.04732225300092336 479720.6666666667 0.6666666666666666
0.047437673130193904 495027.0 0.0
0.04755309325946445 491564.0 0.0
0.047668513388735 537463.5 0.5
0.04778393351800554 491623.0 0.0
0.04824561403508772 583008.0 0.0
0.04836103416435827 586884.0 0.0
0.0487072945521699 596576.0 0.0
0.04882271468144044 596766.0 0.0
0.048938134810710986 596769.0 0.0
0.04905355493998153 596823.0 0.0
0.04916897506925208 597002.0 0.0
0.049630655586334255 435654.0 0.0
0.0497460757156048 435697.0 0.0
0.04986149584487535 436370.0 0.0
0.050092336103416436 436742.0 0.0
0.05020775623268698 436893.0 0.0
0.05066943674976916 437108.0 0.0
0.050784856879039705 437125.0 0.0
0.05124653739612189 438345.0 0.0
0.052516158818097874 709658.0 0.0
0.05286241920590951 710072.0 0.0
0.0530932594644506 685900.0 0.0
0.053208679593721143 715035.0 0.0
0.05332409972299169 715073.0 0.0
0.05355493998153278 528728.0 0.0
0.05378578024007387 701211.5 0.0
0.05390120036934441 614478.6666666666 0.3333333333333333
0.054016620498614956 688089.0 0.0
0.0541320406278855 689011.0 0.0
0.05424746075715605 689067.0 0.0
0.054362880886426594 668065.5 0.0
0.054709141274238225 540655.0 0.0
0.055401662049861494 597327.0 0.0
0.05551708217913204 613481.6666666666 0.0
0.05563250230840259 598312.0 0.0
0.05574792243767313 599104.5 0.0
0.055863342566943676 543882.0 0.0
0.05597876269621422 543929.0 0.0
0.05620960295475531 544112.0 0.0
0.05632502308402586 604202.5 0.0
0.0564404432132964 544448.0 0.0
0.057248384118190214 614877.0 0.0
0.05782548476454294 651265.0 0.0
0.05817174515235457 703377.0 0.0
0.05840258541089566 718066.0 0.0
0.058748845798707296 707072.0 0.0
0.05897968605724838 710512.0 0.0
0.05921052631578947 555692.0 0.0
0.05932594644506002 555825.0 0.0
0.059441366574330565 556032.0 0.0
0.05967220683287165 738056.0 0.0
0.059787626962142196 556888.0 0.0
0.05990304709141274 635245.5 0.0
0.060133887349953834 713007.0 0.0
0.06024930747922438 739747.0 0.0
0.06174976915974146 688655.0 0.0
0.06244228993536473 705045.0 0.0
0.06325023084025855 531467.0 0.0
0.06336565096952909 534067.0 0.0
0.06348107109879964 540787.0 0.0
0.06371191135734072 564839.0 0.0
0.06382733148661127 609478.0 0.0
0.06405817174515235 700197.0 0.0
0.07132963988919667 696675.0 0.0
0.08702677746999077 851674.0 0.0
0.08783471837488457 1064029.0 0.0
0.09037396121883656 710566.0 0.0
0.09152816251154201 755720.0 0.0
0.09164358264081256 1141360.0 0.0
0.10122345337026778 807116.0 1.0
0.10549399815327794 1063954.0 0.0
0.11114958448753462 1013161.0 1.0
0.12303785780240074 1607180.0 1.0
0.13157894736842105 1310760.0 0.0
0.1360803324099723 1565280.0 0.0
0.14542936288088643 1426543.0 0.0
0.15627885503231764 1898966.0 0.0
0.16274238227146814 1465476.0 0.0
0.16528162511542013 1356651.0 1.0
0.23418744228993538 2361059.0 2.0
0.28150969529085873 2714714.0 0.0
0.32156048014773775 2898666.0 1.0
0.3969298245614035 3407051.0 2.0
0.6030701754385965 4821416.0 1.0
1.0 7154548.0 3.0
