10132
0.00011542012927054478 1075.9170129270544 183.908702677747
0.00023084025854108956 1663.3088820150242 317.7808219178082
0.00034626038781163435 2375.7694470477977 645.4283036551078
0.0004616805170821791 2805.6575757575756 707.3893939393939
0.0005771006463527239 3241.922431865828 969.79035639413
0.0006925207756232687 3604.5014326647565 1061.8280802292263
0.0008079409048938135 3884.9384057971015 1225.4746376811595
0.0009233610341643582 4088.4493392070485 1169.8678414096917
0.001038781163434903 4315.827586206897 1801.551724137931
0.0011542012927054479 4572.34705882353 1712.0470588235294
0.0012696214219759926 4773.801324503312 2389.0860927152316
0.0013850415512465374 4834.496240601504 2370.127819548872
0.0015004616805170822 5122.603603603604 2553.6216216216217
0.001615881809787627 5291.333333333333 2540.777777777778
0.0017313019390581717 5280.247058823529 2543.8
0.0018467220683287165 5353.347222222223 2200.8888888888887
0.0019621421975992612 5650.28125 2922.765625
0.002077562326869806 5655.016393442623 2691.590163934426
0.0021929824561403508 5966.035087719299 3658.2631578947367
0.0023084025854108957 6163.297872340426 2990.531914893617
0.0024238227146814403 6091.673913043478 4288.565217391304
0.0025392428439519853 6170.684210526316 4230.140350877193
0.00265466297322253 6192.333333333333 3877.822222222222
0.002770083102493075 6431.63829787234 3347.404255319149
0.0028855032317636198 6360.340909090909 4323.25
0.0030009233610341643 6584.90243902439 4974.975609756098
0.0031163434903047093 6817.820512820513 4595.897435897436
0.003231763619575254 6868.7307692307695 5088.7692307692305
0.003347183748845799 6906.675675675676 4882.378378378378
0.0034626038781163434 6893.806451612903 5386.193548387097
0.0035780240073868884 7107.032258064516 6218.580645161291
0.003693444136657433 7144.969696969697 5078.454545454545
0.003808864265927978 7096.518518518518 7388.111111111111
0.0039242843951985225 7164.888888888889 7065.888888888889
0.004039704524469067 7281.8 8330.3
0.004155124653739612 7304.714285714285 6915.571428571428
0.004270544783010157 7557.642857142857 9180.57142857143
0.0043859649122807015 7441.48 9553.08
0.004501385041551247 7491.285714285715 7683.285714285715
0.0046168051708217915 7626.727272727273 9317.454545454546
0.004732225300092336 7615.0 7358.4375
0.004847645429362881 7626.6 6807.95
0.004963065558633426 7444.695652173913 7024.217391304348
0.0050784856879039705 7393.733333333334 5750.066666666667
0.005193905817174515 7582.666666666667 6180.0
0.00530932594644506 7294.222222222223 5570.277777777777
0.005424746075715605 7451.357142857143 7451.357142857143
0.00554016620498615 7559.823529411765 6705.470588235294
0.005655586334256694 7519.3 8233.8
0.0057710064635272396 7492.375 6030.9375
0.005886426592797784 7648.076923076923 8592.076923076924
0.006001846722068329 7595.307692307692 6943.923076923077
0.006117266851338873 7694.444444444444 8095.777777777777
0.006232686980609419 7576.0 7387.125
0.006348107109879963 7796.9 12758.9
0.006463527239150508 7951.0 6733.285714285715
0.006578947368421052 7954.8 6463.0
0.006694367497691598 7604.285714285715 4934.571428571428
0.006809787626962142 7895.666666666667 9794.333333333334
0.006925207756232687 8007.571428571428 12557.57142857143
0.007040627885503232 8230.5 11787.5
0.007156048014773777 7943.888888888889 13753.555555555555
0.007271468144044321 8119.714285714285 12556.214285714286
0.007386888273314866 7886.0 7255.888888888889
0.007502308402585411 8122.375 8790.0
0.007617728531855956 8365.285714285714 11750.142857142857
0.0077331486611265 8565.5 15397.75
0.007848568790397045 8215.57142857143 15283.0
0.00796398891966759 8344.1 12878.3
0.008079409048938134 8373.3 16185.8
0.00819482917820868 8434.75 19307.75
0.008310249307479225 8332.444444444445 14738.666666666666
0.008425669436749769 8147.125 10124.25
0.008541089566020314 8279.57142857143 12147.714285714286
0.00865650969529086 8375.0 13692.857142857143
0.008771929824561403 8587.42857142857 15642.857142857143
0.008887349953831948 8548.7 13985.2
0.009002770083102494 8453.454545454546 10850.454545454546
0.009118190212373038 8309.888888888889 10005.444444444445
0.009233610341643583 8246.333333333334 9418.25
0.009349030470914127 8394.636363636364 10764.363636363636
0.009464450600184672 8384.888888888889 11328.0
0.009579870729455217 8491.818181818182 19525.909090909092
0.009695290858725761 8501.0 18866.375
0.009810710987996307 8521.875 25052.75
0.009926131117266852 8575.6 21179.0
0.010041551246537396 8511.8 14198.2
0.010156971375807941 8631.0 12543.8
0.010272391505078486 8683.0 13407.75
0.01038781163434903 8638.0 16078.25
0.010503231763619576 8556.375 22832.0
0.01061865189289012 8666.6 16120.0
0.010734072022160665 8526.5 13805.833333333334
0.01084949215143121 8671.333333333334 12968.833333333334
0.010964912280701754 8837.333333333334 20074.0
0.0110803324099723 8636.2 12145.0
0.011195752539242845 8659.6 15932.4
0.011311172668513388 8518.5 20994.25
0.011426592797783934 8446.2 21183.4
0.011542012927054479 8531.5 10683.0
0.011657433056325023 8530.333333333334 13011.833333333334
0.011772853185595568 8808.0 19556.333333333332
0.011888273314866112 8727.2 14418.2
0.012003693444136657 8726.75 14962.0
0.012119113573407203 8642.8 21755.6
0.012234533702677746 8573.666666666666 26724.666666666668
0.012349953831948292 8839.0 17449.5
0.012465373961218837 8349.0 29122.5
0.012580794090489381 8425.5 30034.5
0.012696214219759926 8839.0 15623.0
0.012811634349030472 8704.75 12618.0
0.012927054478301015 8785.666666666666 24895.833333333332
0.01304247460757156 8796.666666666666 14057.333333333334
0.013157894736842105 8529.0 24888.333333333332
0.01327331486611265 8882.333333333334 19692.333333333332
0.013388734995383195 8684.75 22955.25
0.013504155124653739 8866.5 14701.0
0.013619575253924284 8622.0 13622.5
0.01373499538319483 8949.0 22280.25
0.013850415512465374 8788.5 23770.0
0.013965835641735919 9049.0 19919.5
0.014081255771006464 8910.5 26331.5
0.014196675900277008 8699.6 16607.8
0.014312096029547553 8735.0 15753.4
0.014427516158818097 8753.5 14799.25
0.014542936288088643 8993.25 19873.25
0.014658356417359188 8733.0 17014.0
0.014773776546629732 8795.5 15918.5
0.014889196675900277 9049.666666666666 23991.0
0.015004616805170823 8629.0 9365.0
0.015120036934441366 8974.0 22503.0
0.015235457063711912 8891.0 26031.0
0.015350877192982455 8632.0 9377.0
0.015466297322253 8864.666666666666 15326.666666666666
0.015581717451523546 8858.0 13221.0
0.01569713758079409 8822.0 29584.0
0.015812557710064637 9098.0 23744.0
0.01592797783933518 9033.0 20742.5
0.016043397968605724 9035.5 20743.5
0.016158818097876268 9080.0 24340.0
0.016274238227146815 9017.25 24092.0
0.01638965835641736 8742.0 14606.0
0.016505078485687903 9082.0 25918.0
0.01662049861495845 8925.0 26677.5
0.016735918744228993 8994.333333333334 30773.666666666668
0.016851338873499537 9103.0 18106.0
0.016966759002770084 8983.75 21566.0
0.017082179132040628 8946.0 22722.666666666668
0.01719759926131117 8999.5 19134.5
0.01731301939058172 9272.0 29752.0
0.017543859649122806 8961.333333333334 37041.333333333336
0.017659279778393353 8893.0 30088.0
0.01789012003693444 9006.0 76378.0
0.01812096029547553 8748.0 8610.0
0.018236380424746075 8957.5 27382.0
0.018351800554016622 8968.5 27024.5
0.018467220683287166 8639.0 17213.5
0.01858264081255771 9022.0 24763.0
0.018698060941828253 9003.5 28357.5
0.0188134810710988 8983.0 31847.0
0.018928901200369344 9022.0 23937.0
0.019044321329639888 9034.333333333334 23543.0
0.019159741458910435 9106.0 32469.0
0.01927516158818098 9301.0 30465.0
0.019390581717451522 9202.0 28690.5
0.01950600184672207 9124.0 33370.0
0.019621421975992613 9216.5 30481.75
0.019736842105263157 9217.2 27442.8
0.019852262234533704 9236.25 32006.25
0.019967682363804248 9200.666666666666 28431.333333333332
0.02008310249307479 9214.333333333334 30944.666666666668
0.02019852262234534 9266.0 30691.666666666668
0.020313942751615882 9244.5 30151.25
0.020429362880886426 9197.75 29933.75
0.020544783010156973 9159.5 23220.25
0.020660203139427517 9273.25 36042.0
0.02077562326869806 9158.5 23760.5
0.020891043397968604 9117.0 33356.333333333336
0.02100646352723915 9246.0 44031.6
0.021121883656509695 9160.0 29939.5
0.02123730378578024 9074.0 41220.0
0.021352723915050786 9097.0 45781.0
0.02146814404432133 9189.0 34276.0
0.021583564173591873 9148.2 35013.2
0.02169898430286242 9149.0 20571.0
0.021814404432132964 9139.0 53112.0
0.021929824561403508 9140.5 53115.0
0.022045244690674055 9191.0 24352.0
0.0221606648199446 9169.25 26570.0
0.022276084949215142 9154.666666666666 24668.666666666668
0.02239150507848569 9308.0 51103.0
0.022506925207756233 9303.0 30630.5
0.022622345337026777 9314.5 32010.5
0.022737765466297324 9257.0 30833.0
0.022853185595567867 9328.25 36984.5
0.02296860572483841 9307.666666666666 37907.0
0.023084025854108958 9295.0 33196.0
0.023199445983379502 9346.0 42381.5
0.023314866112650046 9271.75 35548.75
0.02343028624192059 9194.0 34067.25
0.023545706371191136 9265.0 31296.0
0.023776546629732224 9293.5 34099.5
0.02389196675900277 9211.333333333334 44804.0
0.024007386888273315 9475.0 43077.0
0.02412280701754386 9337.8 34090.6
0.024238227146814405 9284.0 35730.25
0.02435364727608495 9281.0 31358.666666666668
0.024469067405355493 9239.75 43403.25
0.02458448753462604 9318.0 35627.0
0.024699907663896584 9128.4 38208.0
0.024815327793167127 9253.5 44496.0
0.024930747922437674 9168.6 29436.4
0.025046168051708218 9099.75 41355.0
0.025161588180978762 9127.75 27041.25
0.02527700831024931 9295.0 36964.0
0.025392428439519853 9075.666666666666 28349.666666666668
0.025507848568790396 9351.5 45495.0
0.025623268698060944 9180.5 32136.5
0.025738688827331487 9320.0 41500.5
0.02585410895660203 9353.333333333334 45850.333333333336
0.025969529085872575 9420.666666666666 45498.666666666664
0.02608494921514312 9231.333333333334 56579.333333333336
0.026200369344413665 9383.0 46361.5
0.02631578947368421 9432.0 54691.0
0.026431209602954756 9396.5 50647.5
0.0265466297322253 9234.75 40597.5
0.026662049861495844 9239.75 41120.5
0.02677746999076639 9537.0 65927.0
0.027008310249307478 9540.0 65952.0
0.02723915050784857 9463.0 57447.5
0.027354570637119113 9464.5 57466.0
0.02746999076638966 9282.5 33940.5
0.027585410895660203 9394.0 49085.0
0.027700831024930747 9472.0 54129.5
0.027816251154201294 9403.0 49215.0
0.027931671283471838 9404.0 49217.0
0.02804709141274238 9290.5 34067.5
0.028277931671283472 9475.5 58010.0
0.028393351800554016 9404.0 49413.0
0.02850877192982456 9524.0 47573.0
0.028624192059095107 9550.0 66740.0
0.02873961218836565 9196.0 29402.5
0.028855032317636194 9348.0 50016.5
0.02897045244690674 9368.25 44304.75
0.029085872576177285 9370.25 44867.25
0.02920129270544783 9407.0 48421.0
0.029316712834718376 9296.0 31348.0
0.02943213296398892 9443.0 51566.0
0.029547553093259463 9479.5 52797.0
0.02966297322253001 9443.0 52291.0
0.029778393351800554 9363.5 50052.5
0.029893813481071098 9194.0 33926.0
0.030009233610341645 9404.0 30528.0
0.030240073868882732 9480.0 49003.0
0.03035549399815328 9381.5 43716.5
0.030470914127423823 9381.333333333334 44896.666666666664
0.030586334256694367 9223.0 19980.0
0.03070175438596491 9229.0 19992.0
0.030817174515235458 9229.0 19993.0
0.031048014773776545 9553.0 67544.0
0.031163434903047092 9233.0 20024.0
0.03139427516158818 9234.0 20025.0
0.03150969529085872 9234.0 20025.0
0.031971375807940905 9477.0 58369.0
0.03208679593721145 9479.0 58515.0
0.03254847645429363 9560.0 69981.0
0.032663896583564174 9560.0 69981.0
0.03277931671283472 9560.0 69991.0
0.033010156971375805 9423.0 50139.0
0.033125577100646356 9427.0 50220.0
0.03335641735918744 9417.75 51191.25
0.03347183748845799 9341.0 50048.5
0.03358725761772853 9427.0 50247.0
0.033702677746999074 9442.5 57593.5
0.033818097876269625 9443.5 57602.5
0.03393351800554017 9457.0 65394.0
0.0342797783933518 9464.0 65990.0
0.03439519852262234 9465.0 65990.0
0.03462603878116344 9490.0 40149.0
0.03474145891043398 9492.0 40411.0
0.034856879039704525 9500.0 66162.0
0.03543397968605725 9531.0 62989.0
0.035549399815327794 9524.0 45851.0
0.03566481994459834 9528.0 54449.5
0.03578024007386888 9525.0 45935.0
0.035895660203139425 9525.0 45935.0
0.036011080332409975 9525.0 45935.0
0.03612650046168052 9526.0 46270.0
0.03647276084949215 9263.5 32149.0
0.036588180978762694 9530.0 46358.0
0.03681902123730379 9397.0 33815.5
0.03693444136657433 9158.5 19655.5
0.037049861495844875 9532.0 48850.0
0.03716528162511542 9264.0 21254.0
0.03728070175438596 9264.0 21268.0
0.037396121883656507 9265.0 21270.0
0.03751154201292706 9542.0 60852.0
0.0376269621421976 9543.0 60855.0
0.03785780240073869 9543.0 60859.0
0.038088642659279776 9266.0 21512.0
0.03831948291782087 9084.0 18339.0
0.038434903047091414 9092.0 18381.0
0.03855032317636196 9094.0 18381.0
0.038781163434903045 9451.0 43934.0
0.038896583564173595 9323.5 40222.0
0.03901200369344414 9556.0 69965.0
0.03912742382271468 9556.0 69965.0
0.039242843951985226 9563.0 70777.0
0.039473684210526314 9430.0 37716.0
0.039935364727608495 9295.0 23549.0
0.04016620498614958 9591.0 53918.0
0.040281625115420126 9591.0 54276.0
0.04039704524469068 9591.0 54276.0
0.04051246537396122 9620.0 69088.0
0.040627885503231764 9620.0 69088.0
0.04074330563250231 9620.0 69091.0
0.04085872576177285 9592.0 54285.0
0.042128347183748846 9499.333333333334 51302.0
0.04224376731301939 9444.0 49054.5
0.04247460757156048 9311.0 26029.0
0.04259002770083103 9312.0 26083.0
0.042820867959372115 9504.0 43711.5
0.04293628808864266 9349.0 27454.0
0.0430517082179132 9368.5 28078.5
0.043167128347183746 9485.5 43133.0
0.0432825484764543 9350.0 27471.0
0.04339796860572484 9624.0 59488.0
0.043513388734995384 9493.5 47350.5
0.04362880886426593 9550.0 57345.5
0.04374422899353647 9494.5 47390.5
0.043859649122807015 9363.0 35193.0
0.04409048938134811 9496.5 50200.5
0.04420590951061865 9498.5 50387.0
0.0443213296398892 9504.0 51957.5
0.04443674976915974 9504.0 52039.5
0.044552169898430284 9377.0 38648.0
0.04466759002770083 9377.0 38648.0
0.04489843028624192 9626.5 73758.0
0.045013850415512466 9590.0 73015.0
0.04512927054478301 9591.0 73018.0
0.04547553093259465 9535.0 58943.0
0.045706371191135735 9609.0 75868.0
0.04582179132040628 9610.0 75868.0
0.04593721144967682 9572.5 67544.0
0.046052631578947366 9419.0 32251.0
0.046168051708217916 9431.0 32367.0
0.046398891966759004 9535.0 59347.0
0.04651431209602955 9537.0 59452.0
0.04697599261311173 9537.0 59476.0
0.04709141274238227 9537.0 59476.0
0.04732225300092336 9537.0 59476.0
0.04836103416435827 9539.0 59931.0
0.048591874422899355 9543.0 60005.0
0.048938134810710986 9551.0 62088.0
0.04905355493998153 9551.0 62173.0
0.04916897506925208 9551.0 62643.0
0.049284395198522624 9553.0 62645.0
0.04939981532779317 9553.0 63271.0
0.04951523545706371 9607.0 73466.5
0.049630655586334255 9553.0 64376.0
0.0497460757156048 9607.0 73503.5
0.04997691597414589 9662.0 83019.0
0.050092336103416436 9662.0 83019.0
0.05020775623268698 9662.0 83019.0
0.050323176361957524 9662.0 83019.0
0.05043859649122807 9662.0 83019.0
0.051131117266851336 9612.5 74310.5
0.05124653739612189 9563.0 65507.0
0.05136195752539243 9563.0 65507.0
0.0520544783010157 9686.0 82158.0
0.05240073868882733 9687.0 82699.0
0.052516158818097874 9688.0 82811.0
0.0530932594644506 9711.0 104827.0
0.053208679593721143 9700.5 93959.5
0.05332409972299169 9690.0 83224.0
0.05343951985226224 9700.5 94043.0
0.05355493998153278 9700.5 94043.0
0.05390120036934441 9714.0 104912.0
0.06001846722068329 9740.0 93484.0
0.06036472760849492 9740.0 93560.0
0.060480147737765465 9741.0 93566.0
0.06059556786703601 9741.0 93566.0
0.06071098799630656 9715.5 92946.5
0.0608264081255771 9741.0 93574.0
0.06105724838411819 9741.0 93632.0
0.061172668513388734 9692.0 92336.0
0.06128808864265928 9692.0 92336.0
0.061865189289012 9697.0 93742.0
0.061980609418282546 9701.0 93851.0
0.06209602954755309 9701.0 93851.0
0.06221144967682364 9701.0 93851.0
0.062326869806094184 9701.0 93851.0
0.06244228993536473 9701.0 93851.0
0.06255771006463527 9725.5 97416.5
0.06267313019390582 9725.5 97416.5
0.06278855032317636 9701.0 93864.0
0.0629039704524469 9701.0 93866.0
0.06301939058171745 9721.0 89696.0
0.06313481071098799 9727.0 98226.0
0.06325023084025855 9733.0 106779.0
0.06336565096952909 9733.0 106804.0
0.06348107109879964 9722.0 89904.0
0.06382733148661127 9724.0 90208.0
0.06405817174515235 9724.0 90209.0
0.0641735918744229 9758.0 106170.0
0.06428901200369344 9758.0 106178.0
0.0652123730378578 9763.0 106304.0
0.06613573407202217 9754.0 111731.0
0.06682825484764543 9755.0 112342.0
0.06694367497691597 9755.0 112390.0
0.06717451523545706 9755.0 112533.0
0.0672899353647276 9755.0 112533.0
0.06740535549399815 9755.0 112533.0
0.06763619575253925 9681.0 97032.0
0.06775161588180979 9764.0 108317.0
0.06786703601108034 9722.5 102677.0
0.06798245614035088 9759.0 138701.0
0.06809787626962142 9759.0 138701.0
0.06821329639889197 9759.0 138701.0
0.06844413665743306 9759.0 138852.0
0.0685595567867036 9762.0 123715.0
0.06867497691597414 9753.333333333334 114198.66666666667
0.06879039704524469 9717.666666666666 93028.66666666667
0.06890581717451523 9734.0 95114.0
0.06902123730378577 9692.0 85087.0
0.06913665743305633 9650.0 75060.0
0.06936749769159742 9734.0 95199.0
0.06948291782086796 9752.0 112433.5
0.0695983379501385 9752.5 112520.0
0.06971375807940905 9772.0 129852.0
0.0698291782086796 9753.0 112526.5
0.06994459833795014 9753.5 112529.0
0.07006001846722068 9734.0 95249.0
0.07017543859649122 9734.0 95252.0
0.07075253924284396 9775.5 119939.0
0.0708679593721145 9776.0 130173.0
0.07098337950138504 9776.0 119957.5
0.07109879963065559 9776.0 109743.0
0.07121421975992613 9763.0 140008.0
0.07132963988919667 9737.0 95545.0
0.07144506001846722 9758.666666666666 115131.66666666667
0.07156048014773776 9764.0 140218.0
0.0716759002770083 9756.5 112988.5
0.07179132040627885 9776.0 130570.0
0.0719067405355494 9770.0 135421.5
0.07202216066481995 9759.333333333334 122171.0
0.0721375807940905 9765.0 140273.0
0.07225300092336104 9770.5 135466.5
0.07248384118190213 9766.0 140307.0
0.07259926131117267 9766.0 140322.0
0.07271468144044321 9778.0 130748.0
0.07283010156971376 9778.0 130748.0
0.07363804247460758 9657.0 83273.0
0.07409972299168975 9658.0 83316.0
0.07433056325023084 9731.333333333334 100703.66666666667
0.07444598337950138 9791.0 120493.0
0.07456140350877193 9768.666666666666 119590.0
0.07467682363804247 9768.666666666666 119593.33333333333
0.07479224376731301 9769.0 109059.0
0.07490766389658357 9785.5 126904.0
0.07502308402585411 9791.0 120494.0
0.07513850415512466 9780.0 133393.0
0.0752539242843952 9785.5 126956.0
0.07560018467220683 9770.5 109137.0
0.07571560480147738 9774.0 109641.0
0.07583102493074792 9796.0 121770.0
0.07594644506001846 9796.0 121931.0
0.0762927054478301 9796.0 121980.0
0.0765235457063712 9775.5 110544.5
0.07675438596491228 9778.0 114259.0
0.07710064635272391 9799.0 122171.0
0.07721606648199446 9799.0 122183.0
0.07802400738688828 9670.0 86163.0
0.07813942751615882 9670.0 86370.0
0.07825484764542937 9670.0 86502.0
0.07837026777469991 9792.5 128741.5
0.07848568790397045 9792.5 128748.0
0.078601108033241 9785.0 135336.0
0.07871652816251154 9671.0 87331.0
0.07883194829178208 9728.0 111341.5
0.07894736842105263 9729.5 112053.5
0.07906278855032317 9729.5 112053.5
0.07952446906740536 9788.0 136673.0
0.07987072945521699 9788.0 136740.0
0.08010156971375808 9802.0 123477.0
0.08137119113573407 9803.0 124027.0
0.08160203139427516 9803.0 124040.0
0.08183287165281625 9803.0 124044.0
0.08194829178208679 9806.0 124355.0
0.08206371191135733 9806.0 124366.0
0.08217913204062789 9806.0 124368.0
0.08229455216989844 9807.0 124381.0
0.08264081255771007 9808.0 124467.0
0.09118190212373038 9766.0 130712.0
0.09141274238227147 9766.0 130751.0
0.09268236380424746 9767.0 132597.0
0.09429824561403509 9826.0 130348.0
0.09441366574330563 9827.0 130537.0
0.09499076638965835 9827.0 130747.0
0.10076177285318559 9832.0 132700.0
0.10087719298245613 9832.0 132742.0
0.10099261311172668 9832.0 132744.0
0.10122345337026778 9832.0 132769.0
0.10133887349953832 9832.0 132774.0
0.10145429362880887 9832.0 132779.0
0.10191597414589104 9832.0 133075.0
0.10214681440443213 9832.0 133075.0
0.10226223453370267 9832.0 133107.0
0.10237765466297322 9788.0 146690.0
0.10260849492151432 9832.0 133688.0
0.10272391505078486 9832.0 133688.0
0.10295475530932595 9789.0 146953.0
0.10330101569713758 9789.0 147033.0
0.10341643582640812 9789.0 147076.0
0.10353185595567867 9834.0 133698.0
0.10364727608494921 9835.0 135149.0
0.1049168975069252 9792.0 148150.0
0.10526315789473684 9793.0 148196.0
0.1053785780240074 9794.0 148725.0
0.10687903970452448 9795.0 149433.0
0.10699445983379502 9795.0 149706.0
0.1084949215143121 9795.0 152104.0
0.11357340720221606 9808.0 158948.0
0.11368882733148661 9808.0 158948.0
0.11380424746075715 9808.0 158948.0
0.1139196675900277 9808.0 158948.0
0.11403508771929824 9809.0 159053.0
0.11426592797783934 9809.0 159094.0
0.11438134810710988 9809.0 159099.0
0.11461218836565097 9810.0 160549.0
0.11472760849492152 9823.5 176710.0
0.11484302862419206 9857.0 202914.0
0.1149584487534626 9833.5 181818.0
0.11507386888273315 9819.0 171449.33333333334
0.11518928901200369 9800.5 156119.5
0.11530470914127423 9833.5 182684.0
0.11542012927054478 9857.0 204537.0
0.11553554939981532 9857.0 205188.0
0.11565096952908588 9857.0 205210.0
0.11576638965835642 9791.0 152032.0
0.11588180978762697 9791.0 152033.0
0.11611265004616805 9793.0 152041.0
0.1162280701754386 9793.0 152060.0
0.11634349030470914 9857.0 206283.0
0.11645891043397968 9825.5 179288.0
0.11680517082179132 9858.0 206454.0
0.11703601108033242 9795.0 152560.0
0.11738227146814405 9795.0 152575.0
0.11899815327793167 9811.0 161421.0
0.11911357340720222 9858.0 206821.0
0.11922899353647276 9858.0 206834.0
0.1193444136657433 9831.0 179930.5
0.11945983379501385 9804.0 152998.0
0.12442289935364728 9808.0 155986.0
0.12453831948291783 9808.0 155986.0
0.12465373961218837 9808.0 155986.0
0.125 9808.0 155990.0
0.1252308402585411 9808.0 156241.0
0.12534626038781163 9808.0 156278.0
0.12546168051708217 9808.0 156278.0
0.12592336103416435 9808.0 156472.0
0.1260387811634349 9809.0 156490.0
0.12615420129270544 9809.0 156539.0
0.12626962142197598 9809.0 156539.0
0.1265004616805171 9809.0 156539.0
0.12823176361957525 9809.0 156708.0
0.1283471837488458 9809.0 156805.0
0.12846260387811634 9809.0 156805.0
0.12869344413665743 9809.0 156844.0
0.1289242843951985 9809.0 156904.0
0.13019390581717452 9834.0 179000.0
0.13030932594644506 9834.0 179004.0
0.13054016620498615 9834.0 179005.0
0.13123268698060941 9834.0 179114.0
0.13134810710987996 9834.0 179114.0
0.1314635272391505 9834.0 179120.0
0.13504155124653738 9842.0 185198.0
0.13515697137580793 9842.0 185198.0
0.13538781163434904 9843.0 185267.0
0.13550323176361959 9843.0 185267.0
0.13573407202216067 9843.0 185531.0
0.13619575253924285 9818.0 161946.0
0.1456602031394275 9862.0 237394.0
0.1458910433979686 9828.0 174625.0
0.14646814404432132 9832.0 176536.0
0.14681440443213298 9862.0 237571.0
0.14692982456140352 9862.0 237679.0
0.1471606648199446 9862.0 237681.0
0.14981532779316714 9876.0 167516.0
0.15789473684210525 9840.0 194973.0
0.15824099722991689 9840.0 195224.0
0.158471837488458 9840.0 195282.0
0.15858725761772854 9840.0 195384.0
0.1587026777469991 9840.0 195389.0
0.15916435826408126 9841.0 195474.0
0.1592797783933518 9841.0 195475.0
0.15974145891043398 9841.0 195627.0
0.15985687903970452 9841.0 195638.0
0.1600877192982456 9841.0 195657.0
0.16020313942751616 9841.0 195657.0
0.1603185595567867 9841.0 195696.0
0.16043397968605724 9841.0 196014.0
0.1605493998153278 9841.0 196014.0
0.16101108033240996 9844.0 198026.0
0.1623961218836565 9845.0 198140.0
0.16251154201292706 9845.0 198201.0
0.16274238227146814 9845.0 198262.0
0.1628578024007387 9845.0 198338.0
0.16297322253000923 9845.0 198339.0
0.16308864265927978 9845.0 198347.0
0.16435826408125578 9848.0 200349.0
0.16447368421052633 9848.0 200349.0
0.16458910433979687 9848.0 200350.0
0.1649353647276085 9849.0 200823.0
0.16505078485687905 9849.0 200833.0
0.16528162511542013 9849.0 200833.0
0.16539704524469068 9849.0 201337.0
0.16551246537396122 9849.0 201337.0
0.1657433056325023 9849.0 201370.0
0.1659741458910434 9851.0 201727.0
0.16632040627885503 9851.0 202275.0
0.16955216989843028 9852.0 203804.0
0.16966759002770082 9853.0 203832.0
0.16978301015697136 9854.0 203832.0
0.1698984302862419 9854.0 203849.0
0.17012927054478302 9854.0 203903.0
0.17128347183748846 9855.0 204524.0
0.17186057248384118 9855.0 204590.0
0.1722068328716528 9861.0 213097.0
0.1940212373037858 9950.0 347526.0
0.19506001846722068 9950.0 347578.0
0.1954062788550323 9950.0 347624.0
0.19598337950138503 9950.0 347795.0
0.19609879963065557 9950.0 347835.0
0.20313942751615882 9952.0 355034.0
0.20325484764542937 9952.0 355179.0
0.2033702677746999 9952.0 355180.0
0.20348568790397045 9952.0 355181.0
0.20371652816251154 9954.0 356605.0
0.20383194829178208 9954.0 356739.0
0.20406278855032317 9954.0 356741.0
0.20417820867959371 9954.0 356752.0
0.20660203139427516 9956.0 371397.0
0.2067174515235457 9956.0 371531.0
0.20683287165281625 9956.0 372617.0
0.20706371191135733 9956.0 372617.0
0.20717913204062788 9956.0 372650.0
0.20729455216989842 9956.0 372656.0
0.20740997229916897 9956.0 372698.0
0.2100646352723915 9925.0 331547.0
0.21087257617728533 9925.0 331900.0
0.21098799630655588 9925.0 331987.0
0.21110341643582642 9925.0 331987.0
0.21121883656509696 9925.0 332151.0
0.2113342566943675 9925.0 332154.0
0.21144967682363805 9925.0 332167.0
0.2115650969529086 9925.0 332171.0
0.21191135734072022 9925.0 332181.0
0.21202677746999077 9925.0 332293.0
0.21271929824561403 9925.0 332490.0
0.21295013850415512 9925.0 332490.0
0.21502770083102493 9925.0 332689.0
0.21514312096029548 9925.0 332753.0
0.21525854108956602 9925.0 332753.0
0.2154893813481071 9925.0 332792.0
0.21560480147737765 9925.0 332792.0
0.2157202216066482 9925.0 332792.0
0.21583564173591874 9925.0 332795.0
0.21595106186518928 9925.0 332943.0
0.21606648199445982 9925.0 332952.0
0.22091412742382271 9932.0 344102.0
0.2211449676823638 9932.0 344109.0
0.22183748845798706 9932.0 344128.0
0.2242613111726685 9933.0 344361.0
0.2265697137580794 9944.0 281775.0
0.23060941828254847 9944.0 283040.0
0.23176361957525393 9952.0 311458.0
0.24088180978762697 9968.0 407882.0
0.2409972299168975 9968.0 407882.0
0.24111265004616805 9968.0 407973.0
0.24134349030470914 9968.0 408025.0
0.24145891043397968 9968.0 408026.0
0.24168975069252077 9968.0 408026.0
0.24180517082179132 9968.0 408050.0
0.24192059095106186 9968.0 408061.0
0.2420360110803324 9968.0 408095.0
0.2422668513388735 9968.0 422148.0
0.24249769159741458 9978.0 447057.0
0.24930747922437674 9965.0 362742.0
0.2515004616805171 9976.0 377665.0
0.26638965835641737 9991.0 414342.0
0.28127885503231764 9997.0 490991.0
0.5055401662049861 10058.0 835352.0
0.5316251154201292 10063.0 918132.0
0.5614035087719298 10069.0 965946.0
0.7336103416435826 10094.0 1179043.0
1.0 10132.0 1593385.0
