10052
0.0001 593 0 0
0.0001 965 0 0
0.0002 1360 0 0
0.0003 1729 0 0
0.0003 1940 0 0
0.0004 2127 1 0
0.0005 2303 1 0
0.0006 2462 0 0
0.0006 2668 0 0
0.0007 2824 0 0
0.0008 3044 1 0
0.0008 3102 0 0
0.0009 3275 0 0
0.0010 3334 0 0
0.0010 3527 1 0
0.0011 3587 0 0
0.0012 3751 1 0
0.0012 3899 0 0
0.0013 3859 1 0
0.0014 3999 1 0
0.0015 4009 2 0
0.0015 4175 6 0
0.0016 4365 1 0
0.0017 4346 1 0
0.0017 4446 0 0
0.0018 4523 0 0
0.0019 4585 0 0
0.0019 4577 0 0
0.0020 4466 0 0
0.0021 4764 2 0
0.0021 4832 0 0
0.0022 4913 11 0
0.0023 4929 1 0
0.0024 5045 3 0
0.0024 5037 2 0
0.0025 5369 1 0
0.0026 5234 0 0
0.0026 5211 3 0
0.0027 5400 2 0
0.0028 5401 2 0
0.0028 5432 17 0
0.0029 5538 0 0
0.0030 5468 1 0
0.0030 5416 1 0
0.0031 5503 2 0
0.0032 5716 2 0
0.0033 5600 3 0
0.0033 5679 1 0
0.0034 5956 2 0
0.0035 5862 1 0
0.0035 5886 4 0
0.0036 5965 4 0
0.0037 5948 3 0
0.0037 5823 2 0
0.0038 5842 2 0
0.0039 6050 1 0
0.0039 6073 31 0
0.0040 6106 0 0
0.0041 6193 0 0
0.0042 6148 2 0
0.0042 6102 2 0
0.0043 6237 1 0
0.0044 6505 1 0
0.0044 5961 0 0
0.0045 6291 1 0
0.0046 6395 1 0
0.0046 6350 8 0
0.0047 6351 9 0
0.0048 6376 1 0
0.0048 6643 1 0
0.0049 6691 10 0
0.0050 6661 1 0
0.0051 6673 2 0
0.0051 6261 0 0
0.0052 6393 0 0
0.0053 6644 0 0
0.0053 6537 0 0
0.0054 6465 0 0
0.0055 6737 3 0
0.0055 6492 4 0
0.0056 6827 3 0
0.0057 6960 0 0
0.0057 6911 14 0
0.0058 6966 3 0
0.0059 6798 3 0
0.0060 6696 15 0
0.0060 6957 6 0
0.0061 6812 0 0
0.0062 6904 7 0
0.0062 6451 28 0
0.0063 7057 11 0
0.0064 7301 25 0
0.0064 6762 1 0
0.0065 6888 38 0
0.0066 7231 2 0
0.0067 7062 1 0
0.0067 7055 1 0
0.0068 7221 4 0
0.0069 6592 1 0
0.0069 6772 2 0
0.0070 6493 0 0
0.0071 7247 2 0
0.0071 6634 5 0
0.0072 6915 1 0
0.0073 6943 5 0
0.0073 7007 3 0
0.0074 7417 9 0
0.0075 6947 17 0
0.0076 7156 17 0
0.0076 6983 42 0
0.0077 7483 10 0
0.0078 7328 25 0
0.0078 6909 2 0
0.0080 6864 0 0
0.0080 7699 0 0
0.0081 7447 35 0
0.0082 7830 9 0
0.0082 7388 3 0
0.0083 7427 3 0
0.0084 7135 0 0
0.0085 7101 3 0
0.0086 7084 0 0
0.0087 7262 0 0
0.0087 7151 0 0
0.0089 7010 1 0
0.0090 7289 23 0
0.0091 8095 1 0
0.0091 7512 0 0
0.0093 7796 18 0
0.0094 7307 1 0
0.0094 7725 291 0
0.0096 7771 36 0
0.0096 7669 0 0
0.0097 7929 0 0
0.0098 7870 2 0
0.0098 7499 0 0
0.0100 7648 6 0
0.0104 7738 22 0
0.0105 7666 2 0
0.0105 7935 0 0
0.0107 7636 56 0
0.0107 7781 42 0
0.0108 7662 56 0
0.0110 7803 49 0
0.0111 7755 1 0
0.0112 8348 1 0
0.0113 7952 15 0
0.0114 7716 29 0
0.0116 7954 28 0
0.0117 7702 11 0
0.0118 7818 5 0
0.0119 8281 0 0
0.0124 7807 0 0
0.0125 7918 1 0
0.0125 7569 7 0
0.0127 8316 2 0
0.0128 7938 4 0
0.0130 8302 3 0
0.0132 8325 0 0
0.0132 7775 0 0
0.0133 7850 5 0
0.0134 7696 0 0
0.0136 8398 2 0
0.0141 8334 10 0
0.0142 8143 30 0
0.0143 8406 0 0
0.0144 8310 2 0
0.0145 8153 583 0
0.0148 8137 3 0
0.0148 8130 6 0
0.0149 8361 0 0
0.0150 7970 16 0
0.0150 8280 2 0
0.0154 8401 4 0
0.0156 8586 2 0
0.0161 8444 0 0
0.0163 8276 1 0
0.0167 8698 30 0
0.0168 8262 15 0
0.0168 8508 3 0
0.0173 8681 9 0
0.0179 8296 0 0
0.0181 8343 3 0
0.0182 8542 10 0
0.0193 8245 0 0
0.0195 8400 55 0
0.0197 8589 10 0
0.0198 8556 0 0
0.0199 8378 20 0
0.0201 8400 29 0
0.0202 8823 38 0
0.0202 8370 0 0
0.0203 8845 2 0
0.0204 8407 22 0
0.0206 8614 0 0
0.0208 8888 10 0
0.0209 8717 0 0
0.0209 8630 583 0
0.0211 8657 12 0
0.0212 8424 20 0
0.0215 8529 82 0
0.0218 8489 19 0
0.0220 8679 3 0
0.0222 8642 0 0
0.0224 8828 0 0
0.0226 8745 3 0
0.0231 8761 7 0
0.0233 8868 9 0
0.0233 8913 2 0
0.0236 8443 0 0
0.0237 8970 20 0
0.0238 8608 8 0
0.0241 8887 0 0
0.0245 8671 29 0
0.0249 8731 18 0
0.0250 8813 23 0
0.0252 8938 10 0
0.0255 8573 13 0
0.0256 8838 3 0
0.0257 8721 6 0
0.0263 8568 35 0
0.0266 8776 1 0
0.0268 8655 20 0
0.0269 8982 0 0
0.0269 8682 2 0
0.0270 8980 4 0
0.0273 9064 0 0
0.0274 8739 29 0
0.0274 8837 659 0
0.0275 8683 20 0
0.0278 8924 3 0
0.0279 8930 5 0
0.0280 8757 20 0
0.0281 9032 10 0
0.0284 8774 8 0
0.0290 8732 13 0
0.0292 9050 16 0
0.0301 8884 15 0
0.0303 9053 4 0
0.0303 8995 5 0
0.0304 9050 3 0
0.0306 8851 82 0
0.0308 8841 2 0
0.0311 8813 29 0
0.0313 8972 2 0
0.0318 9089 72 0
0.0319 9176 38 0
0.0319 9119 11 0
0.0321 9129 16 0
0.0323 9020 23 0
0.0324 8991 2 0
0.0326 8899 35 0
0.0329 8965 15 0
0.0332 9021 659 0
0.0335 8969 8 0
0.0335 9163 16 0
0.0337 8996 8 0
0.0339 8935 41 0
0.0342 8976 35 0
0.0346 9029 82 0
0.0348 9039 8 0
0.0348 9142 72 0
0.0350 9048 14 0
0.0351 9053 40 0
0.0352 9108 3 0
0.0356 9122 51 0
0.0357 9108 23 0
0.0360 9012 2 0
0.0362 8941 2 0
0.0362 8944 29 0
0.0365 9053 50 0
0.0366 9101 16 0
0.0366 8978 19 0
0.0368 9217 1 0
0.0369 9159 4 0
0.0376 9042 15 0
0.0380 8983 29 0
0.0384 9141 23 0
0.0389 9128 11 0
0.0390 9084 2 0
0.0393 9130 659 0
0.0395 9015 19 0
0.0396 9150 35 0
0.0397 9091 28 0
0.0398 9024 15 0
0.0402 9140 82 0
0.0410 9115 35 0
0.0414 9274 1 0
0.0416 9043 29 0
0.0421 9153 82 0
0.0425 9167 16 0
0.0427 9258 16 0
0.0429 9206 22 0
0.0438 9123 15 0
0.0438 9202 35 0
0.0440 9165 35 0
0.0443 9279 38 0
0.0451 9307 16 0
0.0452 9284 10 0
0.0459 9113 41 0
0.0484 9206 2 0
0.0484 9285 35 0
0.0485 9185 15 0
0.0492 9213 2 0
0.0499 9229 46 0
0.0500 9262 81 0
0.1000 9621 49 0
0.1500 9744 50 0
0.2001 9803 70 0
0.2501 9839 102 0
0.3001 9881 117 0
0.3500 9904 161 0
0.4000 9923 176 0
0.4501 9944 902 0
0.5001 9957 922 0
0.5501 9971 1002 0
0.6001 9977 1081 0
0.6500 9983 1127 0
0.7000 9992 1142 0
0.7499 9999 1224 0
0.7999 10003 1240 0
0.8500 10016 1275 0
0.9000 10033 1377 0
0.9500 10046 1448 0
1.0000 10052 1483 0
