341650
0.00011542012927054478 637.4817636195753 0.0
0.00023084025854108956 981.5022850020773 0.0
0.00034626038781163435 1430.5867689357622 0.0
0.0004616805170821791 1693.6326530612246 0.0
0.0005771006463527239 2205.6454545454544 0.0
0.0006925207756232687 2383.754385964912 0.0
0.0008079409048938135 2569.5103448275863 0.0
0.0009233610341643582 2767.89400921659 0.0
0.001038781163434903 2911.6769230769232 0.0
0.0011542012927054479 3149.5436241610737 0.0
0.0012696214219759926 3357.4904458598726 0.0
0.0013850415512465374 3515.109090909091 0.0
0.0015004616805170822 3549.7735849056603 0.0
0.001615881809787627 3941.7391304347825 0.0
0.0017313019390581717 4118.205882352941 0.0
0.0018467220683287165 4482.027027027027 0.0
0.0019621421975992612 4073.7619047619046 0.0
0.002077562326869806 4652.492063492064 0.0
0.0021929824561403508 5372.0952380952385 0.0
0.0023084025854108957 4767.063829787234 0.0
0.0024238227146814403 7698.5625 0.0
0.0025392428439519853 5534.017857142857 0.0
0.00265466297322253 5568.744680851064 0.0
0.002770083102493075 5657.3125 0.0
0.0028855032317636198 6192.081632653061 0.0
0.0030009233610341643 5954.137254901961 0.0
0.0031163434903047093 5574.594594594595 0.0
0.003231763619575254 6047.945945945946 0.0
0.003347183748845799 5733.7 0.0
0.0034626038781163434 6241.0 0.0
0.0035780240073868884 6379.586206896552 0.0
0.003693444136657433 5647.56 0.0
0.003808864265927978 6293.962962962963 0.0
0.0039242843951985225 6864.379310344828 0.0
0.004039704524469067 7481.708333333333 0.0
0.004155124653739612 7436.217391304348 0.0
0.004270544783010157 6939.875 0.0
0.0043859649122807015 8489.0 0.0
0.004501385041551247 8256.85 0.0
0.0046168051708217915 8751.0 0.0
0.004732225300092336 8102.35 0.0
0.004847645429362881 8420.444444444445 0.0
0.004963065558633426 7527.2 0.0
0.0050784856879039705 8913.882352941177 0.0
0.005193905817174515 8615.681818181818 0.0
0.00530932594644506 8962.095238095239 0.0
0.005424746075715605 8631.846153846154 0.0
0.00554016620498615 9140.583333333334 0.0
0.005655586334256694 8986.857142857143 0.0
0.0057710064635272396 8547.066666666668 0.0
0.005886426592797784 8310.09090909091 0.0
0.006001846722068329 9380.777777777777 0.0
0.006117266851338873 9468.272727272728 0.0
0.006232686980609419 10146.272727272728 0.0
0.006348107109879963 9875.666666666666 0.0
0.006463527239150508 8298.933333333332 0.0
0.006578947368421052 8736.625 0.0
0.006694367497691598 8428.833333333334 0.0
0.006809787626962142 10435.3 0.0
0.006925207756232687 10277.583333333334 0.0
0.007040627885503232 10475.933333333332 0.0
0.007156048014773777 9964.4375 0.0
0.007271468144044321 9993.411764705883 0.0
0.007386888273314866 9864.166666666666 0.0
0.007502308402585411 12916.714285714286 0.0
0.007617728531855956 11591.666666666666 0.0
0.0077331486611265 10766.916666666666 0.0
0.007848568790397045 10962.333333333334 0.0
0.00796398891966759 10299.285714285714 0.0
0.008079409048938134 10921.3 0.0
0.00819482917820868 10755.8 0.0
0.008310249307479225 11188.0 0.0
0.008425669436749769 11237.5 0.0
0.008541089566020314 11535.875 0.0
0.00865650969529086 11947.714285714286 0.0
0.008771929824561403 11294.57142857143 0.0
0.008887349953831948 13137.57142857143 0.0
0.009002770083102494 13866.625 0.0
0.009118190212373038 11614.6 0.0
0.009233610341643583 11375.857142857143 0.0
0.009349030470914127 11529.25 0.0
0.009464450600184672 11344.666666666666 0.0
0.009579870729455217 13033.2 0.0
0.009695290858725761 13513.8 0.0
0.009810710987996307 11584.0 0.0
0.009926131117266852 11040.4 0.0
0.010041551246537396 13261.42857142857 0.0
0.010156971375807941 15135.166666666666 0.0
0.010272391505078486 13442.875 0.0
0.01038781163434903 12640.636363636364 0.0
0.010503231763619576 13200.333333333334 0.0
0.01061865189289012 15418.285714285714 0.0
0.010734072022160665 14429.111111111111 0.0
0.01084949215143121 15870.166666666666 0.0
0.010964912280701754 15792.2 0.0
0.0110803324099723 14952.555555555555 0.0
0.011195752539242845 15277.75 0.0
0.011311172668513388 15422.0 0.0
0.011426592797783934 15524.75 0.0
0.011542012927054479 14992.666666666666 0.0
0.011657433056325023 15434.4 0.0
0.011772853185595568 15488.555555555555 0.0
0.011888273314866112 15629.0 0.0
0.012003693444136657 16201.142857142857 0.0
0.012119113573407203 17520.0 0.0
0.012234533702677746 16404.5 0.0
0.012349953831948292 14756.0 0.0
0.012465373961218837 15090.75 0.0
0.012580794090489381 16309.75 0.0
0.012696214219759926 14436.5 0.0
0.012811634349030472 15093.714285714286 0.0
0.012927054478301015 17006.5 0.0
0.01304247460757156 15815.0 0.0
0.013157894736842105 14597.0 0.0
0.01327331486611265 15177.6 0.0
0.013388734995383195 18076.0 0.0
0.013504155124653739 14291.6 0.0
0.013619575253924284 14371.6 0.0
0.01373499538319483 15452.166666666666 0.0
0.013850415512465374 15309.0 0.0
0.013965835641735919 19579.0 0.0
0.014081255771006464 16860.0 0.0
0.014196675900277008 13423.0 0.0
0.014312096029547553 14760.333333333334 0.0
0.014427516158818097 16636.5 0.0
0.014542936288088643 15414.0 0.0
0.014658356417359188 16925.0 0.0
0.014773776546629732 16054.333333333334 0.0
0.014889196675900277 17068.333333333332 0.0
0.015004616805170823 17129.0 0.0
0.015120036934441366 21034.333333333332 0.0
0.015235457063711912 18018.5 0.0
0.015350877192982455 19677.0 0.0
0.015466297322253 17571.0 0.0
0.015581717451523546 14848.5 0.0
0.01592797783933518 15886.0 0.0
0.016274238227146815 18853.0 0.0
0.01638965835641736 26569.0 0.0
0.016505078485687903 18219.666666666668 0.0
0.01662049861495845 18227.666666666668 0.0
0.016735918744228993 17627.0 0.0
0.016851338873499537 21907.5 0.0
0.016966759002770084 16022.0 0.0
0.017082179132040628 20306.5 0.0
0.01719759926131117 24599.0 0.0
0.01731301939058172 16568.0 0.0
0.017428439519852262 14163.5 0.0
0.017543859649122806 12219.0 0.0
0.017659279778393353 16500.0 0.0
0.017774699907663897 15976.0 0.0
0.01789012003693444 16984.25 0.0
0.018005540166204988 18112.75 0.0
0.01812096029547553 18330.0 0.0
0.018236380424746075 17560.75 0.0
0.018351800554016622 15629.2 0.0
0.018467220683287166 15930.8 0.0
0.01858264081255771 16629.0 0.0
0.018698060941828253 18066.0 0.0
0.0188134810710988 18068.0 0.0
0.018928901200369344 19143.666666666668 0.0
0.019044321329639888 20066.666666666668 0.0
0.019159741458910435 18090.0 0.0
0.01927516158818098 20958.666666666668 0.0
0.019390581717451522 21143.0 0.0
0.01950600184672207 21026.0 0.0
0.019621421975992613 21943.333333333332 0.0
0.019736842105263157 16919.666666666668 0.0
0.019852262234533704 20319.5 0.0
0.019967682363804248 19756.0 0.0
0.02019852262234534 20461.5 0.0
0.020313942751615882 19036.0 0.0
0.020429362880886426 20793.25 0.0
0.020544783010156973 18395.5 0.0
0.020660203139427517 22327.5 0.0
0.02077562326869806 20420.0 0.0
0.020891043397968604 19692.666666666668 0.0
0.02100646352723915 18496.5 0.0
0.021121883656509695 19092.0 0.0
0.02123730378578024 16389.0 0.0
0.021352723915050786 19399.0 0.0
0.02146814404432133 17608.333333333332 0.0
0.021583564173591873 22659.0 0.0
0.02169898430286242 21579.0 0.0
0.021814404432132964 19475.0 0.0
0.021929824561403508 22742.0 0.0
0.0221606648199446 25192.0 0.0
0.022276084949215142 25307.0 0.0
0.02239150507848569 21464.75 0.0
0.022506925207756233 23648.0 0.0
0.022622345337026777 18637.5 0.0
0.022737765466297324 22948.75 0.0
0.022853185595567867 20358.2 0.0
0.02296860572483841 20557.0 0.0
0.023084025854108958 20681.166666666668 0.0
0.023199445983379502 19423.0 0.0
0.023314866112650046 19445.333333333332 0.0
0.02343028624192059 24024.4 0.0
0.023545706371191136 24405.0 0.0
0.02366112650046168 20421.25 0.0
0.023776546629732224 17578.0 0.0
0.02389196675900277 17594.5 0.0
0.024007386888273315 17867.5 0.0
0.02412280701754386 17658.0 0.0
0.024238227146814405 20585.75 0.0
0.02435364727608495 20601.25 0.0
0.024469067405355493 21627.666666666668 0.0
0.02458448753462604 27468.0 0.0
0.024699907663896584 17451.5 0.0
0.024815327793167127 16370.5 0.0
0.024930747922437674 16287.0 0.0
0.025046168051708218 15035.0 0.0
0.025161588180978762 16706.0 0.0
0.02527700831024931 18035.5 0.0
0.025392428439519853 21794.75 0.0
0.025623268698060944 21713.333333333332 0.0
0.025738688827331487 20743.666666666668 0.0
0.02585410895660203 20777.666666666668 0.0
0.025969529085872575 27290.5 0.0
0.02608494921514312 24167.333333333332 0.0
0.026200369344413665 24228.666666666668 0.0
0.02631578947368421 27448.0 0.0
0.026431209602954756 29090.0 0.0
0.026662049861495844 25834.0 0.0
0.027123730378578025 27509.0 0.0
0.02723915050784857 27525.0 0.0
0.027700831024930747 25550.0 0.0
0.027816251154201294 29718.0 0.0
0.02816251154201293 30071.0 0.0
0.028277931671283472 22695.5 0.0
0.02850877192982456 22539.333333333332 0.0
0.028624192059095107 20928.5 0.0
0.02873961218836565 22224.0 0.0
0.028855032317636194 22752.5 0.0
0.02897045244690674 26032.0 0.0
0.029085872576177285 19725.0 0.0
0.02920129270544783 18958.0 0.0
0.029316712834718376 22272.0 0.0
0.02943213296398892 22596.0 0.0
0.029893813481071098 23938.0 0.0
0.030009233610341645 25107.5 0.0
0.03012465373961219 23302.0 0.0
0.030240073868882732 19014.0 0.0
0.03035549399815328 29286.0 0.0
0.030470914127423823 23881.666666666668 0.0
0.030586334256694367 24188.5 0.0
0.03070175438596491 24224.0 0.0
0.030817174515235458 24289.5 0.0
0.030932594644506 24304.5 0.0
0.031163434903047092 27119.0 0.0
0.03139427516158818 29557.0 0.0
0.03150969529085872 29560.0 0.0
0.031625115420129274 29564.0 0.0
0.03185595567867036 29582.0 0.0
0.03220221606648199 29605.0 0.0
0.03243305632502309 21840.5 0.0
0.03254847645429363 19451.0 0.0
0.032663896583564174 19868.0 0.0
0.03277931671283472 19874.0 0.0
0.03289473684210526 29766.0 0.0
0.03335641735918744 29801.0 0.0
0.03347183748845799 29811.0 0.0
0.033702677746999074 29814.0 0.0
0.03393351800554017 29835.0 0.0
0.03404893813481071 32212.0 0.0
0.034164358264081256 28510.0 0.0
0.0342797783933518 32227.0 0.0
0.03439519852262234 32230.0 0.0
0.03474145891043398 32369.0 0.0
0.034856879039704525 32372.0 0.0
0.03497229916897507 32379.0 0.0
0.03508771929824561 32449.0 0.0
0.035318559556786706 32485.0 0.0
0.03543397968605725 29577.0 0.0
0.035549399815327794 26622.0 0.0
0.03647276084949215 40068.0 0.0
0.036703601108033244 40435.0 0.0
0.03681902123730379 34172.5 0.0
0.037049861495844875 40459.0 0.0
0.03716528162511542 30446.5 0.0
0.03728070175438596 32984.0 0.0
0.037396121883656507 30451.5 0.0
0.03751154201292706 29959.5 0.0
0.0386657433056325 43895.0 0.0
0.039242843951985226 27161.0 0.0
0.04074330563250231 27549.0 0.0
0.04085872576177285 27554.0 0.0
0.040974145891043395 36139.0 0.0
0.041089566020313946 27582.0 0.0
0.04120498614958449 34240.0 0.0
0.041666666666666664 34323.0 0.0
0.0420129270544783 30587.0 0.0
0.04224376731301939 34957.0 0.0
0.04235918744228993 34971.0 0.0
0.04247460757156048 34985.0 0.0
0.04259002770083103 39001.5 0.0
0.04270544783010157 42130.333333333336 0.0
0.042820867959372115 35000.0 0.0
0.04293628808864266 34068.5 0.0
0.0430517082179132 35021.0 0.0
0.043167128347183746 35025.0 0.0
0.0432825484764543 31825.0 0.0
0.04362880886426593 35118.0 0.0
0.043859649122807015 30398.0 0.0
0.043975069252077566 35148.0 0.0
0.04409048938134811 30415.0 0.0
0.04420590951061865 35173.0 0.0
0.0443213296398892 34502.0 0.0
0.04443674976915974 34509.5 0.0
0.044552169898430284 35204.0 0.0
0.04489843028624192 33852.0 0.0
0.0453601108033241 34042.0 0.0
0.046168051708217916 40951.5 0.0
0.04628347183748846 29941.0 0.0
0.04720683287165282 35621.0 0.0
0.04732225300092336 36290.0 0.0
0.047437673130193904 36293.0 0.0
0.04755309325946445 33488.0 0.0
0.047668513388735 33490.0 0.0
0.04778393351800554 30372.5 0.0
0.047899353647276086 33512.0 0.0
0.04801477377654663 34936.0 0.0
0.048938134810710986 27478.0 0.0
0.04951523545706371 30829.5 0.0
0.0497460757156048 34275.0 0.0
0.04986149584487535 34277.0 0.0
0.05020775623268698 34391.0 0.0
0.05066943674976916 34617.0 0.0
0.050784856879039705 34624.0 0.0
0.053208679593721143 35968.0 0.0
0.05332409972299169 35977.0 0.0
0.05528624192059095 45013.0 0.0
0.055401662049861494 45059.0 0.0
0.05620960295475531 45294.0 0.0
0.05897968605724838 33363.0 0.0
0.059441366574330565 40075.0 0.0
0.05955678670360111 43733.5 0.0
0.05967220683287165 40084.0 0.0
0.059787626962142196 47415.0 0.0
0.06001846722068329 47432.0 0.0
0.06036472760849492 41573.0 0.0
0.0608264081255771 42652.0 0.0
0.060941828254847646 41658.0 0.0
0.061172668513388734 41681.0 0.0
0.06128808864265928 43996.333333333336 0.0
0.06140350877192982 44063.333333333336 0.0
0.06151892890120037 44713.0 0.0
0.061634349030470915 44744.0 0.0
0.06174976915974146 47607.0 0.0
0.061980609418282546 44779.5 0.0
0.06209602954755309 47637.0 0.0
0.062326869806094184 47642.0 0.0
0.06244228993536473 47650.0 0.0
0.06255771006463527 47654.0 0.0
0.06278855032317636 40856.5 0.0
0.0629039704524469 47720.0 0.0
0.06301939058171745 47735.0 0.0
0.06313481071098799 45884.0 0.0
0.06325023084025855 47745.0 0.0
0.06348107109879964 47786.0 0.0
0.06359649122807018 44080.0 0.0
0.06371191135734072 47796.0 0.0
0.06382733148661127 47813.0 0.0
0.06394275161588181 47817.0 0.0
0.0641735918744229 47834.0 0.0
0.06475069252077563 44289.0 0.0
0.06486611265004617 44442.0 0.0
0.06498153277931672 44481.0 0.0
0.06590489381348107 48286.0 0.0
0.06602031394275161 48288.0 0.0
0.06613573407202217 48291.0 0.0
0.06625115420129271 48292.0 0.0
0.06636657433056325 48303.0 0.0
0.06705909510618652 62188.0 0.0
0.06717451523545706 45058.0 0.0
0.0672899353647276 62203.0 0.0
0.06763619575253925 48801.0 0.0
0.06775161588180979 48803.0 0.0
0.06832871652816251 62315.0 0.0
0.06844413665743306 48927.0 0.0
0.06867497691597414 62363.0 0.0
0.06902123730378577 55978.0 0.0
0.06913665743305633 56828.0 0.0
0.06925207756232687 56838.0 0.0
0.06936749769159742 53751.0 0.0
0.07017543859649122 38774.0 0.0
0.07029085872576177 38777.0 0.0
0.07040627885503231 38794.0 0.0
0.07052169898430287 38859.0 0.0
0.07075253924284396 63227.0 0.0
0.07121421975992613 63768.0 0.0
0.07132963988919667 63773.0 0.0
0.07144506001846722 63788.0 0.0
0.07156048014773776 63792.0 0.0
0.0716759002770083 63809.0 0.0
0.07617728531855955 50822.0 0.0
0.07640812557710065 50832.0 0.0
0.07663896583564174 61191.0 0.0
0.07767774699907663 56409.5 0.0
0.07779316712834719 56410.5 0.0
0.07790858725761773 61421.0 0.0
0.07802400738688828 61456.0 0.0
0.07848568790397045 51805.0 0.0
0.078601108033241 51809.0 0.0
0.07871652816251154 56651.0 0.0
0.07894736842105263 56656.0 0.0
0.07906278855032317 56670.5 0.0
0.07917820867959371 51848.0 0.0
0.07940904893813482 51858.0 0.0
0.0796398891966759 51878.0 0.0
0.07975530932594645 51897.0 0.0
0.08114035087719298 62196.0 0.0
0.08125577100646353 62204.0 0.0
0.08137119113573407 62209.0 0.0
0.08148661126500462 62215.0 0.0
0.08160203139427516 62218.0 0.0
0.08194829178208679 61873.333333333336 0.0
0.08206371191135733 62279.0 0.0
0.08217913204062789 62283.0 0.0
0.08229455216989844 56732.5 0.0
0.08240997229916898 51175.0 0.0
0.08252539242843952 57178.0 0.0
0.08598799630655586 49595.0 0.0
0.0861034164358264 49598.0 0.0
0.08875807940904894 50593.0 0.0
0.08933518005540166 50860.0 0.0
0.08945060018467221 50865.0 0.0
0.08956602031394276 50876.0 0.0
0.09025854108956602 51002.0 0.0
0.09037396121883656 51007.0 0.0
0.09129732225300093 51158.0 0.0
0.09141274238227147 51174.0 0.0
0.09152816251154201 51177.0 0.0
0.09383656509695291 55059.0 0.0
0.09418282548476455 55193.0 0.0
0.09499076638965835 55363.0 0.0
0.0951061865189289 55364.0 0.0
0.1038781163434903 47824.0 0.0
0.10399353647276086 47825.0 0.0
0.10422437673130194 47831.0 0.0
0.10664819944598337 61891.0 0.0
0.10676361957525392 50266.0 0.0
0.10699445983379502 50285.0 0.0
0.10734072022160665 50315.0 0.0
0.1074561403508772 50323.0 0.0
0.10757156048014774 56128.5 0.0
0.10768698060941828 50330.0 0.0
0.11034164358264081 62338.0 0.0
0.11045706371191136 62342.0 0.0
0.1149584487534626 64436.0 0.0
0.11634349030470914 64894.0 0.0
0.11715143120960296 64958.0 0.0
0.11969067405355494 65609.0 0.0
0.12015235457063712 65623.0 0.0
0.12049861495844875 65662.0 0.0
0.1206140350877193 65843.0 0.0
0.12130655586334256 65986.0 0.0
0.12142197599261312 65998.0 0.0
0.12153739612188366 66014.0 0.0
0.12176823638042475 66016.0 0.0
0.12211449676823638 66062.0 0.0
0.12234533702677747 66106.0 0.0
0.12280701754385964 66135.0 0.0
0.1229224376731302 66152.0 0.0
0.12303785780240074 66182.0 0.0
0.12338411819021237 66215.0 0.0
0.1258079409048938 67117.0 0.0
0.12592336103416435 67158.0 0.0
0.1260387811634349 67162.0 0.0
0.12626962142197598 67180.0 0.0
0.12661588180978764 70574.0 0.0
0.12846260387811634 67439.0 0.0
0.12880886426592797 67547.0 0.0
0.12927054478301014 67597.0 0.0
0.12938596491228072 67624.0 0.0
0.12950138504155126 67626.0 0.0
0.1296168051708218 67635.0 0.0
0.13030932594644506 67650.0 0.0
0.13215604801477376 67527.0 0.0
0.13642659279778394 68440.0 0.0
0.13654201292705448 68441.0 0.0
0.13873499538319484 69471.0 0.0
0.13954293628808864 69514.0 0.0
0.1396583564173592 69519.0 0.0
0.13977377654662973 69521.0 0.0
0.14000461680517082 69525.0 0.0
0.14012003693444136 72023.5 0.0
0.14369806094182824 76926.0 0.0
0.14392890120036936 90857.0 0.0
0.14415974145891045 90902.0 0.0
0.14439058171745153 90919.0 0.0
0.14450600184672208 90923.0 0.0
0.14462142197599262 79241.0 0.0
0.14496768236380425 84612.0 0.0
0.14877654662973222 91464.0 0.0
0.15062326869806095 91588.0 0.0
0.1507386888273315 91597.0 0.0
0.15085410895660203 91597.0 0.0
0.15096952908587258 91610.0 0.0
0.1513157894736842 91625.0 0.0
0.1515466297322253 91635.0 0.0
0.15166204986149584 91639.0 0.0
0.15189289012003693 91644.0 0.0
0.1528162511542013 91730.0 0.0
0.1530470914127424 91730.0 0.0
0.15835641735918743 93952.0 0.0
0.1649353647276085 98344.0 0.0
0.18548014773776547 84184.0 0.0
0.18559556786703602 84184.0 0.0
0.19078947368421054 85103.0 0.0
0.1912511542012927 85135.0 0.0
0.19136657433056325 85136.0 0.0
0.19159741458910434 85160.0 0.0
0.19182825484764543 85172.0 0.0
0.19263619575253924 85191.0 0.0
0.19275161588180978 85202.0 0.0
0.2126038781163435 103457.0 0.0
0.21283471837488457 103461.0 0.0
0.21295013850415512 103463.0 0.0
0.22472299168975068 110815.0 0.0
0.22737765466297322 119553.0 0.0
0.22980147737765466 187836.0 0.0
0.2381117266851339 106930.0 0.0
0.23834256694367498 106950.0 0.0
0.23845798707294552 106952.0 0.0
0.2726223453370268 119050.0 0.0
0.4312096029547553 151802.0 0.0
0.43190212373037856 160876.0 0.0
0.45429362880886426 164887.0 0.0
0.726915974145891 225331.0 0.0
0.7701985226223453 231855.0 0.0
1.0 341650.0 0.0
