9978
0.00011542012927054478 907.4813019390582 0.0
0.00023084025854108956 1420.0063463281958 0.0
0.00034626038781163435 1869.0659945004584 0.0
0.0004616805170821791 2205.833823529412 0.0
0.0005771006463527239 2520.5051975051974 0.0
0.0006925207756232687 2691.0171919770773 0.0
0.0008079409048938135 2899.9301470588234 0.0
0.0009233610341643582 3138.329268292683 0.0
0.001038781163434903 3187.4438502673797 0.0
0.0011542012927054479 3422.7804878048782 0.0
0.0012696214219759926 3530.793893129771 0.0
0.0013850415512465374 3533.4263565891474 0.0
0.0015004616805170822 3683.5714285714284 0.0
0.001615881809787627 3773.6767676767677 0.0
0.0017313019390581717 3915.938775510204 0.0
0.0018467220683287165 3824.1294117647058 0.0
0.0019621421975992612 3838.628205128205 0.0
0.002077562326869806 4028.457142857143 0.0
0.0021929824561403508 3967.716417910448 0.0
0.0023084025854108957 4082.3846153846152 0.0
0.0024238227146814403 4041.8548387096776 0.0
0.0025392428439519853 4201.7 0.0
0.00265466297322253 4173.415094339623 0.0
0.002770083102493075 4256.5625 0.0
0.0028855032317636198 4313.611111111111 0.0
0.0030009233610341643 4373.2972972972975 0.0
0.0031163434903047093 4415.772727272727 0.0
0.003231763619575254 4389.290322580645 0.0
0.003347183748845799 4480.285714285715 0.0
0.0034626038781163434 4609.782608695652 0.0
0.0035780240073868884 4488.580645161291 0.0
0.003693444136657433 4297.85294117647 0.0
0.003808864265927978 4492.939393939394 0.0
0.0039242843951985225 4473.727272727273 0.0
0.004039704524469067 4542.142857142857 0.0
0.004155124653739612 4705.130434782609 0.0
0.004270544783010157 4592.476190476191 0.0
0.0043859649122807015 4673.08 0.0
0.004501385041551247 4652.25 0.0
0.0046168051708217915 4682.25 0.0
0.004732225300092336 4714.0 0.0
0.004847645429362881 4680.590909090909 0.0
0.004963065558633426 4637.368421052632 0.0
0.0050784856879039705 4722.368421052632 0.0
0.005193905817174515 4849.166666666667 0.0
0.00530932594644506 4647.588235294118 0.0
0.005424746075715605 4785.294117647059 0.0
0.00554016620498615 4846.461538461538 0.0
0.005655586334256694 4821.733333333334 0.0
0.0057710064635272396 4760.875 0.0
0.005886426592797784 4920.928571428572 0.0
0.006001846722068329 5073.166666666667 0.0
0.006117266851338873 5009.642857142857 0.0
0.006232686980609419 4913.4 0.0
0.006348107109879963 5002.733333333334 0.0
0.006463527239150508 4921.5 0.0
0.006578947368421052 5137.333333333333 0.0
0.006694367497691598 5057.0 0.0
0.006809787626962142 4949.142857142857 0.0
0.006925207756232687 4944.25 0.0
0.007040627885503232 4944.307692307692 0.0
0.007156048014773777 4875.625 0.0
0.007271468144044321 4859.0 0.0
0.007386888273314866 5061.3 0.0
0.007502308402585411 4881.428571428572 0.0
0.007617728531855956 4809.8 0.0
0.0077331486611265 4967.111111111111 0.0
0.007848568790397045 4977.454545454545 0.0
0.00796398891966759 4923.0 0.0
0.008079409048938134 5014.714285714285 0.0
0.00819482917820868 4997.428571428572 0.0
0.008310249307479225 4930.571428571428 0.0
0.008425669436749769 5009.166666666667 0.0
0.008541089566020314 4994.714285714285 0.0
0.00865650969529086 5046.714285714285 0.0
0.008771929824561403 5039.285714285715 0.0
0.008887349953831948 5094.75 0.0
0.009002770083102494 5268.5 0.0
0.009118190212373038 5354.0 0.0
0.009233610341643583 5323.666666666667 0.0
0.009349030470914127 5264.333333333333 0.0
0.009464450600184672 5160.5 0.0
0.009579870729455217 5141.8 0.0
0.009695290858725761 5079.333333333333 0.0
0.009810710987996307 5085.25 0.0
0.009926131117266852 4885.5 0.0
0.010041551246537396 4906.0 0.0
0.010156971375807941 5387.5 0.0
0.010272391505078486 5253.714285714285 0.0
0.01038781163434903 5082.6 0.0
0.010503231763619576 5355.2 0.0
0.01061865189289012 5155.4 0.0
0.010734072022160665 5059.0 0.0
0.01084949215143121 5179.0 0.0
0.010964912280701754 5090.666666666667 0.0
0.0110803324099723 5296.0 0.0
0.011195752539242845 5255.888888888889 0.0
0.011311172668513388 5210.2 0.0
0.011426592797783934 5359.714285714285 0.0
0.011542012927054479 5274.75 0.0
0.011657433056325023 5344.8 0.0
0.011772853185595568 5376.0 0.0
0.011888273314866112 5568.25 0.0
0.012003693444136657 5375.666666666667 0.0
0.012119113573407203 5152.75 0.0
0.012234533702677746 5254.777777777777 0.0
0.012349953831948292 5188.625 0.0
0.012465373961218837 5053.6 0.0
0.012580794090489381 5139.0 0.0
0.012696214219759926 5111.5 0.0
0.012811634349030472 5190.555555555556 0.0
0.012927054478301015 5041.8 0.0
0.01304247460757156 5092.0 0.0
0.013157894736842105 5267.571428571428 0.0
0.01327331486611265 5347.0 0.0
0.013388734995383195 5601.833333333333 0.0
0.013504155124653739 5300.75 0.0
0.013619575253924284 5283.0 0.0
0.01373499538319483 5461.0 0.0
0.013850415512465374 5208.333333333333 0.0
0.013965835641735919 5395.0 0.0
0.014081255771006464 5755.0 0.0
0.014196675900277008 5445.5 0.0
0.014312096029547553 5560.25 0.0
0.014427516158818097 5390.75 0.0
0.014542936288088643 5606.75 0.0
0.014658356417359188 5435.5 0.0
0.014773776546629732 5277.666666666667 0.0
0.014889196675900277 5517.2 0.0
0.015004616805170823 5572.375 0.0
0.015120036934441366 5753.0 0.0
0.015235457063711912 5737.2 0.0
0.015350877192982455 5384.166666666667 0.0
0.015466297322253 5313.666666666667 0.0
0.015581717451523546 5458.5 0.0
0.01569713758079409 5424.5 0.0
0.01592797783933518 5444.333333333333 0.0
0.016043397968605724 5397.75 0.0
0.016158818097876268 5536.0 0.0
0.016274238227146815 5491.142857142857 0.0
0.01638965835641736 5629.0 0.0
0.016505078485687903 5273.0 0.0
0.01662049861495845 5478.5 0.0
0.016735918744228993 5610.833333333333 0.0
0.016851338873499537 5704.666666666667 0.0
0.016966759002770084 5739.428571428572 0.0
0.017082179132040628 5716.0 0.0
0.01719759926131117 5812.0 0.0
0.01731301939058172 5656.75 0.0
0.017428439519852262 5238.0 0.0
0.017543859649122806 5533.0 0.0
0.017659279778393353 5852.5 0.0
0.017774699907663897 5763.0 0.0
0.01789012003693444 5503.666666666667 0.0
0.018005540166204988 5472.0 0.0
0.01812096029547553 5806.0 0.0
0.018236380424746075 5784.5 0.0
0.018351800554016622 5617.0 0.0
0.018467220683287166 5563.0 0.0
0.01858264081255771 5586.0 0.0
0.018698060941828253 5984.0 0.0
0.0188134810710988 5940.75 0.0
0.018928901200369344 5700.0 0.0
0.019044321329639888 5445.0 0.0
0.019159741458910435 5566.666666666667 0.0
0.01927516158818098 5631.0 0.0
0.01950600184672207 5452.0 0.0
0.019621421975992613 5707.0 0.0
0.019736842105263157 5069.0 0.0
0.019852262234533704 5458.75 0.0
0.019967682363804248 5548.0 0.0
0.02008310249307479 5355.0 0.0
0.02019852262234534 5503.666666666667 0.0
0.020313942751615882 5963.0 0.0
0.020429362880886426 5779.5 0.0
0.020544783010156973 6043.5 0.0
0.020660203139427517 5629.8 0.0
0.02077562326869806 5479.5 0.0
0.020891043397968604 5883.0 0.0
0.02100646352723915 5345.0 0.0
0.021121883656509695 5453.5 0.0
0.02123730378578024 5611.0 0.0
0.021352723915050786 5611.0 0.0
0.021583564173591873 5771.5 0.0
0.021814404432132964 5602.0 0.0
0.021929824561403508 5610.0 0.0
0.022045244690674055 5602.0 0.0
0.0221606648199446 5515.5 0.0
0.022276084949215142 5553.0 0.0
0.02239150507848569 5835.0 0.0
0.022506925207756233 5634.0 0.0
0.022622345337026777 5629.0 0.0
0.022737765466297324 5883.0 0.0
0.022853185595567867 5548.0 0.0
0.02296860572483841 5625.666666666667 0.0
0.023084025854108958 5329.5 0.0
0.023199445983379502 5888.0 0.0
0.02343028624192059 5633.0 0.0
0.023545706371191136 5960.0 0.0
0.02366112650046168 5960.0 0.0
0.023776546629732224 5961.0 0.0
0.02389196675900277 5961.0 0.0
0.024007386888273315 5610.0 0.0
0.024469067405355493 5261.0 0.0
0.02458448753462604 5261.0 0.0
0.024699907663896584 5262.0 0.0
0.024930747922437674 5264.0 0.0
0.025046168051708218 5973.0 0.0
0.025161588180978762 5618.5 0.0
0.02527700831024931 5264.0 0.0
0.025392428439519853 5264.0 0.0
0.025507848568790396 5264.0 0.0
0.025623268698060944 5264.0 0.0
0.025738688827331487 5265.0 0.0
0.02585410895660203 5982.0 0.0
0.026431209602954756 5564.0 0.0
0.0265466297322253 5776.0 0.0
0.026892890120036934 5873.0 0.0
0.027008310249307478 5827.0 0.0
0.027123730378578025 6240.5 0.0
0.02723915050784857 6133.0 0.0
0.027354570637119113 6065.5 0.0
0.02746999076638966 6159.666666666667 0.0
0.027585410895660203 6173.0 0.0
0.027700831024930747 5711.5 0.0
0.027816251154201294 5711.5 0.0
0.027931671283471838 6153.5 0.0
0.02804709141274238 6103.0 0.0
0.028277931671283472 5963.0 0.0
0.028393351800554016 6009.5 0.0
0.02850877192982456 5646.0 0.0
0.028624192059095107 6378.0 0.0
0.02873961218836565 6140.0 0.0
0.028855032317636194 5902.0 0.0
0.02897045244690674 6378.0 0.0
0.029085872576177285 6002.5 0.0
0.02920129270544783 6378.0 0.0
0.029316712834718376 5904.0 0.0
0.02943213296398892 6092.0 0.0
0.029547553093259463 5905.0 0.0
0.02966297322253001 5905.0 0.0
0.029778393351800554 6387.0 0.0
0.029893813481071098 6162.333333333333 0.0
0.030009233610341645 5907.0 0.0
0.03012465373961219 6064.0 0.0
0.030240073868882732 6092.0 0.0
0.03035549399815328 6282.0 0.0
0.030470914127423823 6150.5 0.0
0.030586334256694367 6121.666666666667 0.0
0.03070175438596491 6394.0 0.0
0.030817174515235458 6053.5 0.0
0.031048014773776545 6130.666666666667 0.0
0.031278855032317636 5859.0 0.0
0.03139427516158818 5907.0 0.0
0.03150969529085872 5908.0 0.0
0.031625115420129274 6131.2 0.0
0.03174053554939982 6363.0 0.0
0.03185595567867036 6077.0 0.0
0.03220221606648199 6227.0 0.0
0.032317636195752536 6227.0 0.0
0.03243305632502309 6034.0 0.0
0.03254847645429363 6420.0 0.0
0.03289473684210526 6120.0 0.0
0.033125577100646356 6213.0 0.0
0.03358725761772853 6244.0 0.0
0.033702677746999074 6244.0 0.0
0.033818097876269625 6045.5 0.0
0.03393351800554017 5966.0 0.0
0.03404893813481071 6276.0 0.0
0.034164358264081256 6276.333333333333 0.0
0.0342797783933518 6223.333333333333 0.0
0.03439519852262234 6201.0 0.0
0.03451061865189289 6201.5 0.0
0.03462603878116344 6128.0 0.0
0.03497229916897507 6428.0 0.0
0.035318559556786706 6428.0 0.0
0.036588180978762694 6228.0 0.0
0.036703601108033244 6228.0 0.0
0.03681902123730379 6228.0 0.0
0.03693444136657433 6229.0 0.0
0.037049861495844875 6233.0 0.0
0.03716528162511542 6241.0 0.0
0.037396121883656507 5520.0 0.0
0.03751154201292706 5520.0 0.0
0.0376269621421976 6533.0 0.0
0.037742382271468145 6533.0 0.0
0.03785780240073869 6534.0 0.0
0.03797322253000923 6212.0 0.0
0.038088642659279776 5890.0 0.0
0.038204062788550326 6534.0 0.0
0.038434903047091414 5890.0 0.0
0.03855032317636196 6213.0 0.0
0.0386657433056325 6041.5 0.0
0.038781163434903045 6536.0 0.0
0.038896583564173595 5890.0 0.0
0.039473684210526314 5719.5 0.0
0.04016620498614958 6247.0 0.0
0.040281625115420126 6247.0 0.0
0.04039704524469068 5553.0 0.0
0.04051246537396122 5553.0 0.0
0.040627885503231764 5554.0 0.0
0.04074330563250231 5900.5 0.0
0.040974145891043395 6247.0 0.0
0.041089566020313946 6247.0 0.0
0.04120498614958449 6248.0 0.0
0.04132040627885503 5562.0 0.0
0.04143582640812558 5905.5 0.0
0.04155124653739612 6248.0 0.0
0.041666666666666664 6248.0 0.0
0.04178208679593721 5564.0 0.0
0.0420129270544783 6104.0 0.0
0.042128347183748846 6104.5 0.0
0.04247460757156048 6104.5 0.0
0.04259002770083103 6104.5 0.0
0.04270544783010157 6644.0 0.0
0.04293628808864266 5991.0 0.0
0.043975069252077566 5567.0 0.0
0.04409048938134811 6107.0 0.0
0.04420590951061865 5523.0 0.0
0.0443213296398892 5523.0 0.0
0.04443674976915974 5896.0 0.0
0.04466759002770083 5896.0 0.0
0.04478301015697138 5896.0 0.0
0.04524469067405355 5523.0 0.0
0.0453601108033241 5523.0 0.0
0.04547553093259465 5896.0 0.0
0.04559095106186519 5825.0 0.0
0.04582179132040628 5896.0 0.0
0.046398891966759004 5896.0 0.0
0.04651431209602955 5896.0 0.0
0.04662973222530009 5896.0 0.0
0.04720683287165282 5896.0 0.0
0.04836103416435827 5540.0 0.0
0.04882271468144044 5977.0 0.0
0.048938134810710986 5977.0 0.0
0.04905355493998153 5977.0 0.0
0.050092336103416436 5977.0 0.0
0.05020775623268698 6362.5 0.0
0.050323176361957524 6506.0 0.0
0.05043859649122807 5977.0 0.0
0.05055401662049862 6793.0 0.0
0.050784856879039705 5978.0 0.0
0.05090027700831025 6256.0 0.0
0.05101569713758079 6256.0 0.0
0.05124653739612189 6320.0 0.0
0.05136195752539243 6082.0 0.0
0.051477377654662974 6797.0 0.0
0.05159279778393352 6797.0 0.0
0.0520544783010157 6506.5 0.0
0.05216989843028624 6827.0 0.0
0.05228531855955679 6827.0 0.0
0.05240073868882733 6331.666666666667 0.0
0.052516158818097874 6798.0 0.0
0.05263157894736842 6186.0 0.0
0.05274699907663897 6187.0 0.0
0.0530932594644506 6591.0 0.0
0.053208679593721143 6793.0 0.0
0.05343951985226224 6513.0 0.0
0.05355493998153278 6371.0 0.0
0.053670360110803325 6699.333333333333 0.0
0.05378578024007387 6816.0 0.0
0.05390120036934441 6471.0 0.0
0.054016620498614956 6832.0 0.0
0.0541320406278855 6009.0 0.0
0.05424746075715605 6832.0 0.0
0.054362880886426594 6010.0 0.0
0.054709141274238225 6762.0 0.0
0.05482456140350877 6477.0 0.0
0.05493998153277932 6762.0 0.0
0.05505540166204986 6620.5 0.0
0.05517082179132041 6695.25 0.0
0.055401662049861494 6411.0 0.0
0.05551708217913204 6561.666666666667 0.0
0.05563250230840259 6763.0 0.0
0.05574792243767313 6729.5 0.0
0.055863342566943676 6698.0 0.0
0.05597876269621422 6763.0 0.0
0.05609418282548476 6771.5 0.0
0.05620960295475531 6769.0 0.0
0.05632502308402586 6804.5 0.0
0.0564404432132964 6804.5 0.0
0.05667128347183749 6126.0 0.0
0.05678670360110803 6126.0 0.0
0.056902123730378576 6578.666666666667 0.0
0.05701754385964912 6562.75 0.0
0.05713296398891967 6126.0 0.0
0.05736380424746076 6515.0 0.0
0.0574792243767313 6515.0 0.0
0.05771006463527239 6764.0 0.0
0.05805632502308403 6764.0 0.0
0.05817174515235457 6445.0 0.0
0.058287165281625114 6764.0 0.0
0.05840258541089566 6517.0 0.0
0.05909510618651893 5877.0 0.0
0.059441366574330565 5877.0 0.0
0.05955678670360111 6765.0 0.0
0.05967220683287165 5884.0 0.0
0.059787626962142196 5901.0 0.0
0.05990304709141274 5901.0 0.0
0.060133887349953834 5901.0 0.0
0.06024930747922438 6523.0 0.0
0.060480147737765465 6523.0 0.0
0.06071098799630656 6524.0 0.0
0.061634349030470915 6911.0 0.0
0.06174976915974146 6911.0 0.0
0.061980609418282546 6785.0 0.0
0.06209602954755309 6785.0 0.0
0.06221144967682364 6526.0 0.0
0.062326869806094184 6526.0 0.0
0.06244228993536473 6526.0 0.0
0.06255771006463527 6526.0 0.0
0.06267313019390582 6526.0 0.0
0.06278855032317636 6785.0 0.0
0.0629039704524469 6655.5 0.0
0.06509695290858726 6785.0 0.0
0.0664819944598338 6493.0 0.0
0.06671283471837489 7044.0 0.0
0.06682825484764543 7044.0 0.0
0.06694367497691597 6927.5 0.0
0.06705909510618652 7044.0 0.0
0.06775161588180979 6811.0 0.0
0.06821329639889197 6526.0 0.0
0.06832871652816251 6526.0 0.0
0.06844413665743306 6551.0 0.0
0.06867497691597414 6551.0 0.0
0.06879039704524469 6551.0 0.0
0.06890581717451523 6551.0 0.0
0.06902123730378577 6093.5 0.0
0.06913665743305633 6551.0 0.0
0.06925207756232687 6551.0 0.0
0.0695983379501385 6554.0 0.0
0.06971375807940905 6813.0 0.0
0.07063711911357341 6556.0 0.0
0.07075253924284396 6556.0 0.0
0.0708679593721145 6556.0 0.0
0.0719067405355494 6557.0 0.0
0.07202216066481995 6560.0 0.0
0.0721375807940905 6560.0 0.0
0.07225300092336104 6560.0 0.0
0.07236842105263158 6560.0 0.0
0.07248384118190213 6560.0 0.0
0.07259926131117267 6560.0 0.0
0.07617728531855955 7065.0 0.0
0.0762927054478301 7065.0 0.0
0.07640812557710065 7065.0 0.0
0.07663896583564174 6638.0 0.0
0.07675438596491228 6488.5 0.0
0.07686980609418283 6335.0 0.0
0.07698522622345337 6335.0 0.0
0.07710064635272391 6335.0 0.0
0.07721606648199446 6335.0 0.0
0.077331486611265 6700.5 0.0
0.07744690674053555 6335.0 0.0
0.07813942751615882 6647.0 0.0
0.07825484764542937 6647.0 0.0
0.07871652816251154 6649.0 0.0
0.08010156971375808 7068.0 0.0
0.08183287165281625 7117.0 0.0
0.08194829178208679 7117.0 0.0
0.08333333333333333 7222.0 0.0
0.08541089566020314 7237.0 0.0
0.08575715604801477 7192.0 0.0
0.08587257617728532 7237.0 0.0
0.08598799630655586 7192.0 0.0
0.0861034164358264 7147.0 0.0
0.08621883656509695 7192.5 0.0
0.08633425669436749 7192.5 0.0
0.08921975992613111 7239.0 0.0
0.08933518005540166 7239.0 0.0
0.08979686057248384 7154.0 0.0
0.08991228070175439 7154.0 0.0
0.0904893813481071 7154.0 0.0
0.0907202216066482 7154.0 0.0
0.09083564173591874 7154.0 0.0
0.0909510618651893 7154.0 0.0
0.09106648199445984 7154.0 0.0
0.09118190212373038 7154.0 0.0
0.09129732225300093 7239.0 0.0
0.09141274238227147 7196.5 0.0
0.09152816251154201 7197.0 0.0
0.09164358264081256 7240.0 0.0
0.09187442289935364 7240.0 0.0
0.09198984302862419 7154.0 0.0
0.09233610341643583 7240.0 0.0
0.09245152354570638 7197.0 0.0
0.09256694367497692 7197.0 0.0
0.09268236380424746 7240.0 0.0
0.09314404432132964 7240.0 0.0
0.09441366574330563 7159.0 0.0
0.09475992613111726 7159.0 0.0
0.09533702677747 7159.0 0.0
0.09545244690674054 7159.0 0.0
0.09556786703601108 7159.0 0.0
0.09602954755309326 7240.0 0.0
0.0961449676823638 7199.5 0.0
0.09649122807017543 7240.0 0.0
0.09672206832871653 7240.0 0.0
0.09683748845798708 7240.0 0.0
0.09729916897506925 7240.0 0.0
0.0974145891043398 7240.0 0.0
0.09753000923361034 7240.0 0.0
0.09810710987996306 7263.0 0.0
0.09856879039704525 7263.0 0.0
0.10307017543859649 7266.0 0.0
0.10318559556786704 7266.0 0.0
0.10468605724838412 7317.0 0.0
0.1053785780240074 7317.0 0.0
0.10549399815327794 7317.0 0.0
0.10572483841181902 7317.0 0.0
0.10607109879963066 7317.0 0.0
0.1061865189289012 7317.0 0.0
0.10630193905817174 7317.0 0.0
0.10641735918744229 7317.0 0.0
0.10768698060941828 7330.0 0.0
0.12096029547553093 7341.0 0.0
0.12107571560480147 7341.0 0.0
0.12119113573407202 7341.0 0.0
0.12130655586334256 7341.0 0.0
0.12673130193905818 7648.0 0.0
0.12869344413665743 7667.0 0.0
0.12880886426592797 7667.0 0.0
0.1289242843951985 7667.0 0.0
0.1291551246537396 7667.0 0.0
0.12938596491228072 7667.0 0.0
0.12950138504155126 7667.0 0.0
0.13077100646352724 7417.0 0.0
0.13088642659279778 7417.0 0.0
0.13123268698060941 7418.0 0.0
0.1314635272391505 7418.0 0.0
0.13180978762696213 7418.0 0.0
0.13227146814404434 7418.0 0.0
0.13354108956602032 7418.0 0.0
0.13573407202216067 7672.0 0.0
0.13596491228070176 7672.0 0.0
0.1360803324099723 7672.0 0.0
0.13723453370267774 7673.0 0.0
0.13734995383194828 7673.0 0.0
0.13850415512465375 7673.0 0.0
0.1386195752539243 7673.0 0.0
0.1394275161588181 7673.0 0.0
0.1396583564173592 7673.0 0.0
0.14000461680517082 7673.0 0.0
0.14012003693444136 7673.0 0.0
0.1415050784856879 7673.0 0.0
0.1456602031394275 7674.0 0.0
0.1458910433979686 7674.0 0.0
0.1461218836565097 7674.0 0.0
0.1490073868882733 7685.0 0.0
0.14912280701754385 7685.0 0.0
0.14969990766389657 7686.0 0.0
0.1513157894736842 7161.0 0.0
0.15293167128347185 7781.0 0.0
0.15431671283471837 7166.0 0.0
0.15443213296398892 7166.0 0.0
0.15500923361034163 7166.0 0.0
0.1603185595567867 7169.0 0.0
0.16043397968605724 7169.0 0.0
0.1605493998153278 7169.0 0.0
0.1768236380424746 7522.0 0.0
0.17716989843028624 7522.0 0.0
0.1772853185595568 7522.0 0.0
0.17740073868882733 7523.0 0.0
0.17751615881809787 7526.0 0.0
0.17763157894736842 7526.0 0.0
0.17878578024007388 7526.0 0.0
0.17890120036934443 7526.0 0.0
0.17970914127423823 7546.0 0.0
0.17982456140350878 7546.0 0.0
0.1801708217913204 7546.0 0.0
0.18028624192059095 7546.0 0.0
0.1812096029547553 7630.0 0.0
0.19171283471837489 7666.0 0.0
0.19217451523545706 7666.0 0.0
0.1922899353647276 7666.0 0.0
0.20348568790397045 7286.0 0.0
0.203601108033241 7286.0 0.0
0.2077562326869806 7667.0 0.0
0.20787165281625117 7667.0 0.0
0.20810249307479226 7668.0 0.0
0.20867959372114497 7668.0 0.0
0.20891043397968606 7477.0 0.0
0.2090258541089566 7287.0 0.0
0.20914127423822715 7668.0 0.0
0.21098799630655588 7294.0 0.0
0.21110341643582642 7294.0 0.0
0.21121883656509696 7294.0 0.0
0.2131809787626962 7672.0 0.0
0.2134118190212373 7672.0 0.0
0.21410433979686058 7672.0 0.0
0.21421975992613113 7680.0 0.0
0.21433518005540167 7680.0 0.0
0.2144506001846722 7680.0 0.0
0.2146814404432133 7682.0 0.0
0.21756694367497692 7687.0 0.0
0.22403047091412742 7321.0 0.0
0.22414589104339797 7321.0 0.0
0.2242613111726685 7321.0 0.0
0.22530009233610343 7321.0 0.0
0.22541551246537397 7321.0 0.0
0.22553093259464452 7323.0 0.0
0.2257617728531856 7323.0 0.0
0.22668513388734995 7323.0 0.0
0.2268005540166205 7323.0 0.0
0.22737765466297322 7323.0 0.0
0.22749307479224376 7323.0 0.0
0.22772391505078485 7323.0 0.0
0.2278393351800554 7323.0 0.0
0.22807017543859648 7323.0 0.0
0.22818559556786702 7323.0 0.0
0.2283010156971376 7323.0 0.0
0.22841643582640814 7323.0 0.0
0.2301477377654663 7323.0 0.0
0.23384118190212372 7324.0 0.0
0.23407202216066483 7325.0 0.0
0.23511080332409973 7325.0 0.0
0.23522622345337027 7325.0 0.0
0.2378808864265928 7325.0 0.0
0.23799630655586335 7325.0 0.0
0.23822714681440443 7325.0 0.0
0.23834256694367498 7325.0 0.0
0.2515004616805171 7342.0 0.0
0.25346260387811637 7350.0 0.0
0.25761772853185594 7351.0 0.0
0.25865650969529086 7770.0 0.0
0.2774699907663897 7405.0 0.0
0.29374422899353647 7417.0 0.0
0.295129270544783 7421.0 0.0
0.2987072945521699 7424.0 0.0
0.29986149584487537 8304.0 0.0
0.3018236380424746 8310.0 0.0
0.37084487534626037 8339.0 0.0
0.4115881809787627 8524.0 0.0
0.6291551246537396 9067.0 0.0
1.0 9978.0 0.0
