10112
0.0001 952 4 0
0.0001 1538 7 0
0.0002 2165 8 0
0.0003 2609 13 0
0.0003 3005 14 0
0.0004 3322 19 0
0.0005 3771 20 0
0.0006 3931 24 0
0.0006 4150 40 0
0.0007 4372 38 0
0.0008 4687 29 0
0.0008 4883 51 0
0.0009 5180 34 0
0.0010 5410 45 0
0.0010 5434 80 0
0.0011 5480 70 0
0.0012 5634 88 0
0.0012 5753 80 0
0.0013 6052 96 0
0.0014 6202 80 0
0.0015 6292 145 0
0.0015 6353 122 0
0.0016 6417 106 0
0.0017 6490 128 0
0.0017 6662 80 0
0.0018 6791 123 0
0.0019 6848 157 0
0.0019 6811 78 0
0.0020 6871 118 0
0.0021 7117 148 0
0.0021 7175 133 0
0.0022 7181 122 0
0.0023 7356 130 0
0.0024 7337 102 0
0.0024 7301 114 0
0.0025 7344 155 0
0.0026 7543 104 0
0.0026 7567 157 0
0.0027 7462 165 0
0.0028 7640 129 0
0.0028 7548 157 0
0.0029 7754 155 0
0.0030 7728 136 0
0.0030 7715 217 0
0.0031 7908 168 0
0.0032 7617 296 0
0.0033 7755 363 0
0.0033 7773 110 0
0.0034 7875 356 0
0.0035 7935 142 0
0.0035 7846 172 0
0.0036 8027 205 0
0.0037 7869 214 0
0.0037 7930 253 0
0.0038 8089 151 0
0.0039 7973 140 0
0.0039 8128 85 0
0.0040 8191 182 0
0.0041 8018 146 0
0.0042 8099 211 0
0.0042 8259 190 0
0.0043 8363 139 0
0.0044 8242 274 0
0.0044 8180 268 0
0.0045 8027 368 0
0.0046 8324 362 0
0.0046 8287 270 0
0.0047 8248 195 0
0.0048 8379 292 0
0.0048 8466 594 0
0.0049 8490 405 0
0.0050 8497 552 0
0.0051 8507 381 0
0.0051 8691 168 0
0.0052 8464 244 0
0.0053 8406 245 0
0.0053 8475 960 0
0.0054 8424 924 0
0.0055 8296 920 0
0.0055 8606 91 0
0.0056 8640 620 0
0.0057 8588 199 0
0.0057 8714 1068 0
0.0058 8743 914 0
0.0059 8668 1202 0
0.0060 8784 273 0
0.0060 8826 510 0
0.0061 8721 360 0
0.0062 8930 507 0
0.0062 8917 345 0
0.0063 8904 332 0
0.0064 8932 178 0
0.0064 9057 101 0
0.0066 8923 491 0
0.0067 8772 387 0
0.0067 8839 586 0
0.0068 8764 226 0
0.0069 8939 514 0
0.0069 8875 690 0
0.0070 8848 80 0
0.0071 8979 561 0
0.0071 8832 594 0
0.0072 8914 516 0
0.0073 9256 719 0
0.0074 8880 591 0
0.0075 8875 262 0
0.0076 9005 639 0
0.0076 8977 636 0
0.0077 8688 164 0
0.0078 8952 299 0
0.0078 9176 580 0
0.0079 8983 817 0
0.0080 8911 334 0
0.0080 9167 562 0
0.0081 8954 40 0
0.0082 9029 710 0
0.0082 8823 405 0
0.0083 8868 904 0
0.0085 9048 139 0
0.0085 8981 213 0
0.0086 9108 194 0
0.0087 8906 36 0
0.0090 9095 617 0
0.0091 8806 203 0
0.0091 9258 494 0
0.0092 8890 259 0
0.0094 9192 216 0
0.0095 9036 1296 0
0.0096 9272 352 0
0.0097 9221 174 0
0.0098 9297 332 0
0.0099 9189 267 0
0.0100 9175 48 0
0.0101 9176 48 0
0.0102 9262 500 0
0.0103 8970 194 0
0.0104 9179 71 0
0.0105 9140 138 0
0.0107 9312 892 0
0.0107 9223 181 0
0.0109 9201 70 0
0.0112 9256 1146 0
0.0112 9304 6253 0
0.0114 9423 72 0
0.0115 9169 1263 0
0.0116 9360 6257 0
0.0117 9431 1735 0
0.0120 9355 323 0
0.0125 9364 401 0
0.0126 9427 868 0
0.0127 9412 3465 0
0.0128 9280 258 0
0.0132 9364 756 0
0.0134 9361 1162 0
0.0135 9406 346 0
0.0136 9363 680 0
0.0139 9361 340 0
0.0142 9361 236 0
0.0143 9380 680 0
0.0144 9440 788 0
0.0148 9494 1307 0
0.0148 9470 1066 0
0.0149 9401 690 0
0.0150 9455 347 0
0.0150 9372 341 0
0.0151 9454 403 0
0.0152 9379 442 0
0.0154 9419 1845 0
0.0159 9414 248 0
0.0163 9420 694 0
0.0165 9318 218 0
0.0166 9496 641 0
0.0167 9479 1127 0
0.0168 9496 1115 0
0.0169 9450 4587 0
0.0170 9464 410 0
0.0172 9564 412 0
0.0173 9496 1852 0
0.0175 9572 413 0
0.0176 9461 1227 0
0.0179 9466 421 0
0.0181 9485 293 0
0.0184 9423 2755 0
0.0185 9494 293 0
0.0186 9522 1104 0
0.0188 9582 2069 0
0.0189 9519 1127 0
0.0190 9504 2702 0
0.0190 9578 1000 0
0.0192 9487 460 0
0.0193 9435 2757 0
0.0193 9513 764 0
0.0194 9605 447 0
0.0195 9521 821 0
0.0199 9480 1662 0
0.0212 9539 326 0
0.0213 9524 558 0
0.0215 9528 1276 0
0.0215 9500 841 0
0.0221 9469 273 0
0.0224 9566 1419 0
0.0227 9527 2744 0
0.0229 9560 614 0
0.0232 9645 7736 0
0.0236 9582 660 0
0.0239 9575 1155 0
0.0240 9623 912 0
0.0242 9524 2840 0
0.0245 9607 1458 0
0.0247 9591 1236 0
0.0249 9606 1947 0
0.0251 9694 1082 0
0.0252 9533 2873 0
0.0253 9601 320 0
0.0257 9595 1712 0
0.0260 9656 1330 0
0.0264 9614 2110 0
0.0265 9611 665 0
0.0266 9583 1337 0
0.0268 9596 640 0
0.0269 9620 521 0
0.0274 9590 609 0
0.0276 9608 1533 0
0.0280 9633 357 0
0.0281 9554 2882 0
0.0283 9619 1160 0
0.0284 9629 2628 0
0.0285 9635 324 0
0.0286 9680 1620 0
0.0290 9638 1043 0
0.0291 9663 2328 0
0.0292 9638 1165 0
0.0297 9696 1070 0
0.0300 9636 1607 0
0.0303 9621 1045 0
0.0306 9642 2049 0
0.0308 9671 1191 0
0.0312 9639 1829 0
0.0312 9734 1332 0
0.0313 9623 712 0
0.0315 9601 2895 0
0.0320 9772 6252 0
0.0321 9656 2071 0
0.0323 9693 7939 0
0.0326 9665 1641 0
0.0330 9810 1484 0
0.0333 9672 1191 0
0.0339 9683 2201 0
0.0344 9674 738 0
0.0346 9703 3035 0
0.0348 9717 3048 0
0.0351 9703 1193 0
0.0353 9719 9374 0
0.0356 9703 1880 0
0.0357 9661 749 0
0.0361 9743 1304 0
0.0362 9667 749 0
0.0367 9819 1602 0
0.0369 9689 1679 0
0.0372 9702 1052 0
0.0373 9724 2088 0
0.0373 9682 2964 0
0.0375 9737 1888 0
0.0380 9686 753 0
0.0381 9719 2879 0
0.0383 9752 593 0
0.0384 9733 3195 0
0.0386 9741 2149 0
0.0387 9732 1102 0
0.0388 9697 1885 0
0.0390 9707 1679 0
0.0393 9712 1059 0
0.0394 9800 6992 0
0.0395 9749 9694 0
0.0396 9743 3108 0
0.0398 9736 1345 0
0.0401 9756 2243 0
0.0408 9733 1209 0
0.0409 9744 1356 0
0.0415 9762 1748 0
0.0416 9735 2957 0
0.0420 9821 7048 0
0.0420 9732 1895 0
0.0422 9829 1795 0
0.0423 9775 658 0
0.0427 9770 1348 0
0.0429 9731 1792 0
0.0432 9780 1502 0
0.0442 9778 3073 0
0.0445 9785 3209 0
0.0446 9783 6112 0
0.0450 9771 1377 0
0.0451 9719 2329 0
0.0453 9724 2081 0
0.0456 9783 3229 0
0.0457 9761 1246 0
0.0464 9793 6137 0
0.0466 9800 3280 0
0.0466 9731 2330 0
0.0468 9768 1853 0
0.0469 9760 2001 0
0.0481 9760 2342 0
0.0484 9780 4029 0
0.0489 9792 2000 0
0.0495 9785 2022 0
0.0499 9795 2503 0
0.0500 9801 3133 0
0.1000 9922 2960 0
0.1500 9964 4983 0
0.2000 9996 7433 0
0.2500 10016 9852 0
0.3000 10035 10928 0
0.3500 10048 20867 0
0.4000 10058 24174 0
0.4501 10065 26241 0
0.5000 10067 30073 0
0.5500 10072 37423 0
0.6000 10077 39127 0
0.6500 10083 43156 0
0.7000 10086 45182 0
0.7500 10094 47019 0
0.8000 10098 50304 0
0.8500 10107 52398 0
0.9000 10109 55824 0
0.9500 10110 57940 0
1.0000 10112 60156 0
