974606
0.0001 697 0 0
0.0001 1084 0 0
0.0002 1776 0 0
0.0003 2067 0 0
0.0003 2349 0 0
0.0004 2908 0 0
0.0005 3025 0 0
0.0006 3469 0 0
0.0006 3687 0 0
0.0007 4168 0 0
0.0008 4231 0 0
0.0008 4278 0 0
0.0009 4668 0 0
0.0010 4697 0 0
0.0010 5327 0 0
0.0011 5115 0 0
0.0012 5604 0 0
0.0012 6220 0 0
0.0013 5843 0 0
0.0014 6246 0 0
0.0015 6580 0 0
0.0015 6523 0 0
0.0016 6789 0 0
0.0017 6530 0 0
0.0017 7272 0 0
0.0018 7331 0 0
0.0019 7204 0 0
0.0019 7249 0 0
0.0020 8301 0 0
0.0021 7558 0 0
0.0021 8113 0 0
0.0022 8220 0 0
0.0023 8174 0 0
0.0024 7397 0 0
0.0024 8503 0 0
0.0025 8392 0 0
0.0026 8421 0 0
0.0026 8422 0 0
0.0027 9094 0 0
0.0028 8913 0 0
0.0028 10224 0 0
0.0029 9537 0 0
0.0030 9663 0 0
0.0030 9410 0 0
0.0031 9115 0 0
0.0032 10759 0 0
0.0033 9310 0 0
0.0033 11436 0 0
0.0034 9616 0 0
0.0035 9780 0 0
0.0035 12135 0 0
0.0036 12238 0 0
0.0037 10844 0 0
0.0037 12192 0 0
0.0038 11681 0 0
0.0039 11597 0 0
0.0039 11301 0 0
0.0040 10835 0 0
0.0041 13957 0 0
0.0042 13294 0 0
0.0042 12776 0 0
0.0043 12503 0 0
0.0044 11820 0 0
0.0044 11278 0 0
0.0045 11895 0 0
0.0046 11143 0 0
0.0046 11290 0 0
0.0047 12374 0 0
0.0048 11369 0 0
0.0048 12613 0 0
0.0049 11879 0 0
0.0050 12683 0 0
0.0051 19013 0 0
0.0051 13559 0 0
0.0052 12788 0 0
0.0053 12809 0 0
0.0053 18090 0 0
0.0054 15061 0 0
0.0055 15008 0 0
0.0055 14286 0 0
0.0056 19634 0 0
0.0057 14301 0 0
0.0057 12036 0 0
0.0058 15602 0 0
0.0059 15558 0 0
0.0060 14651 0 0
0.0060 19951 0 0
0.0061 16822 0 0
0.0062 16643 0 0
0.0062 13804 0 0
0.0063 12168 0 0
0.0064 17176 0 0
0.0064 15044 0 0
0.0065 17805 0 0
0.0066 14407 0 0
0.0067 20773 0 0
0.0067 12150 0 0
0.0068 12089 0 0
0.0069 21618 0 0
0.0069 16819 0 0
0.0070 18543 0 0
0.0071 18335 0 0
0.0071 15943 0 0
0.0072 18057 0 0
0.0073 16297 0 0
0.0073 17374 0 0
0.0074 18156 0 0
0.0075 17006 0 0
0.0076 15808 0 0
0.0076 20972 0 0
0.0077 19040 0 0
0.0078 21595 0 0
0.0078 11473 0 0
0.0079 53165 0 0
0.0080 20954 0 0
0.0080 16695 0 0
0.0081 20850 0 0
0.0082 38336 0 0
0.0082 13438 0 0
0.0083 15896 0 0
0.0084 24697 0 0
0.0085 35845 0 0
0.0086 15978 0 0
0.0087 14197 0 0
0.0088 22934 0 0
0.0089 15921 0 0
0.0089 16753 0 0
0.0090 16646 0 0
0.0091 16542 0 0
0.0091 26038 0 0
0.0092 22596 0 0
0.0095 26666 0 0
0.0099 26480 0 0
0.0100 17027 0 0
0.0101 44898 0 0
0.0103 26896 0 0
0.0103 25636 0 0
0.0104 23034 0 0
0.0105 41836 0 0
0.0107 30030 0 0
0.0109 19991 0 0
0.0109 28627 0 0
0.0110 19559 0 0
0.0111 21926 0 0
0.0113 23023 0 0
0.0114 49255 0 0
0.0116 20164 0 0
0.0118 23499 0 0
0.0122 112099 0 0
0.0125 24727 0 0
0.0126 22360 0 0
0.0127 21158 0 0
0.0127 23909 0 0
0.0128 37777 0 0
0.0131 58056 0 0
0.0132 24907 0 0
0.0132 57218 0 0
0.0134 23185 0 0
0.0135 24214 0 0
0.0141 27306 0 0
0.0142 34129 0 0
0.0143 47143 0 0
0.0144 27100 0 0
0.0145 36797 0 0
0.0146 41241 0 0
0.0148 26231 0 0
0.0150 25510 0 0
0.0151 28303 0 0
0.0152 31647 0 0
0.0157 26560 0 0
0.0158 26763 0 0
0.0159 26779 0 0
0.0161 27555 0 0
0.0163 32480 0 0
0.0166 39425 0 0
0.0166 71887 0 0
0.0167 65789 0 0
0.0175 42375 0 0
0.0177 64125 0 0
0.0181 39080 0 0
0.0182 27589 0 0
0.0183 38782 0 0
0.0187 44322 0 0
0.0189 33537 0 0
0.0190 30731 0 0
0.0190 53009 0 0
0.0194 40036 0 0
0.0196 36168 0 0
0.0199 55846 0 0
0.0202 120173 0 0
0.0202 34903 0 0
0.0203 31354 0 0
0.0204 31515 0 0
0.0209 56983 0 0
0.0211 48342 0 0
0.0213 36291 0 0
0.0214 39139 0 0
0.0216 45281 0 0
0.0217 39597 0 0
0.0219 66631 0 0
0.0220 42441 0 0
0.0222 54877 0 0
0.0224 38627 0 0
0.0225 45194 0 0
0.0230 37566 0 0
0.0231 50474 0 0
0.0232 80239 0 0
0.0233 81244 0 0
0.0239 44173 0 0
0.0241 89201 0 0
0.0243 113397 0 0
0.0244 40015 0 0
0.0245 57406 0 0
0.0247 47222 0 0
0.0247 42107 0 0
0.0248 54173 0 0
0.0249 39855 0 0
0.0252 46166 0 0
0.0254 43559 0 0
0.0256 82080 0 0
0.0256 49186 0 0
0.0257 37584 0 0
0.0259 58975 0 0
0.0261 48692 0 0
0.0262 88515 0 0
0.0263 73390 0 0
0.0275 71752 0 0
0.0276 65833 0 0
0.0277 54257 0 0
0.0278 38820 0 0
0.0279 61571 0 0
0.0291 58250 0 0
0.0292 76631 0 0
0.0296 57198 0 0
0.0296 51226 0 0
0.0299 58308 0 0
0.0301 89707 0 0
0.0308 58023 0 0
0.0309 78179 0 0
0.0314 48987 0 0
0.0317 98342 0 0
0.0321 57893 0 0
0.0323 68526 0 0
0.0327 184199 0 0
0.0333 64174 0 0
0.0335 103109 0 0
0.0336 55709 0 0
0.0337 73083 0 0
0.0338 64476 0 0
0.0342 55323 0 0
0.0343 67938 0 0
0.0345 77269 0 0
0.0347 59676 0 0
0.0349 65794 0 0
0.0354 81259 0 0
0.0359 48298 0 0
0.0362 60562 0 0
0.0364 81406 0 0
0.0372 66900 0 0
0.0373 83047 0 0
0.0373 51241 0 0
0.0375 64525 0 0
0.0380 82659 0 0
0.0383 63310 0 0
0.0385 68198 0 0
0.0387 79484 0 0
0.0389 71569 0 0
0.0390 68505 0 0
0.0396 104949 0 0
0.0397 86930 0 0
0.0398 78101 0 0
0.0400 103219 0 0
0.0401 197801 0 0
0.0415 55400 0 0
0.0416 58632 0 0
0.0420 66421 0 0
0.0424 74263 0 0
0.0429 70117 0 0
0.0434 72215 0 0
0.0435 63467 0 0
0.0438 114003 0 0
0.0439 106385 0 0
0.0446 93312 0 0
0.0447 94509 0 0
0.0459 82765 0 0
0.0461 73134 0 0
0.0463 68995 0 0
0.0464 92891 0 0
0.0475 66125 0 0
0.0477 101870 0 0
0.0488 85311 0 0
0.0499 97840 0 0
0.0500 100493 0 0
0.1000 157392 0 0
0.1500 314259 0 0
0.2000 344545 0 0
0.2500 380919 0 0
0.3000 413755 0 0
0.3500 459033 0 0
0.4000 513618 0 0
0.4501 568367 0 0
0.5001 604122 0 0
0.5500 629689 0 0
0.6000 693953 0 0
0.6500 726912 0 0
0.7000 774219 0 0
0.7500 810713 0 0
0.8000 849522 0 0
0.8500 876957 0 0
0.9000 909163 0 0
0.9501 932835 0 0
1.0000 974606 0 0
