1228864
0.0001 1087 4 0
0.0001 1674 9 0
0.0002 2617 18 0
0.0003 3057 23 0
0.0003 3689 26 0
0.0004 4190 35 0
0.0005 4852 35 0
0.0006 5153 34 0
0.0006 5694 38 0
0.0007 6134 43 0
0.0008 6185 51 0
0.0008 6455 47 0
0.0009 7017 60 0
0.0010 7265 84 0
0.0010 7209 79 0
0.0011 7702 58 0
0.0012 8046 56 0
0.0012 8432 51 0
0.0013 9190 69 0
0.0014 9037 73 0
0.0015 8966 84 0
0.0015 9560 93 0
0.0016 10027 93 0
0.0017 10567 148 0
0.0017 11219 120 0
0.0018 10728 123 0
0.0019 11428 111 0
0.0019 10940 108 0
0.0020 10533 77 0
0.0021 12623 127 0
0.0021 12135 96 0
0.0022 12748 161 0
0.0023 13612 110 0
0.0024 12751 183 0
0.0024 13419 150 0
0.0025 13036 140 0
0.0026 13074 262 0
0.0026 13172 198 0
0.0027 13256 171 0
0.0028 14137 160 0
0.0028 14824 193 0
0.0029 14151 229 0
0.0030 17100 316 0
0.0030 14392 258 0
0.0031 14704 255 0
0.0032 15640 174 0
0.0033 15526 226 0
0.0033 15591 267 0
0.0034 15150 169 0
0.0035 15509 235 0
0.0035 17123 249 0
0.0036 15947 181 0
0.0037 16211 231 0
0.0037 15107 203 0
0.0038 14547 138 0
0.0039 16144 101 0
0.0039 14387 150 0
0.0040 15308 180 0
0.0041 16453 175 0
0.0042 17678 221 0
0.0042 18040 117 0
0.0043 17545 244 0
0.0044 17281 213 0
0.0044 16579 281 0
0.0045 20648 304 0
0.0046 22715 304 0
0.0046 21362 456 0
0.0047 16956 441 0
0.0048 19246 222 0
0.0048 18321 207 0
0.0049 20073 255 0
0.0050 21965 268 0
0.0051 22811 241 0
0.0051 21552 158 0
0.0052 21002 534 0
0.0053 20936 169 0
0.0053 20784 327 0
0.0054 21995 295 0
0.0055 22680 351 0
0.0055 21991 485 0
0.0056 20169 611 0
0.0057 20992 353 0
0.0057 23767 420 0
0.0058 22788 553 0
0.0059 27676 519 0
0.0060 19066 279 0
0.0060 22019 353 0
0.0061 23255 380 0
0.0062 16498 354 0
0.0062 19620 558 0
0.0063 28199 507 0
0.0064 25440 529 0
0.0064 24349 312 0
0.0065 26799 470 0
0.0066 24058 320 0
0.0067 25282 342 0
0.0067 32061 684 0
0.0068 20014 376 0
0.0069 25854 1553 0
0.0069 27073 1751 0
0.0070 32745 1765 0
0.0071 35921 363 0
0.0071 25644 531 0
0.0072 21687 669 0
0.0073 27525 909 0
0.0074 33636 238 0
0.0075 28639 92 0
0.0076 23499 160 0
0.0077 34280 1163 0
0.0078 23398 471 0
0.0078 21349 991 0
0.0079 43571 576 0
0.0080 30048 544 0
0.0080 29304 2268 0
0.0081 22099 701 0
0.0082 24099 619 0
0.0082 39031 813 0
0.0083 31277 2173 0
0.0084 40650 452 0
0.0085 32037 320 0
0.0086 87697 748 0
0.0087 41524 504 0
0.0087 40383 235 0
0.0088 32608 610 0
0.0091 53032 408 0
0.0092 29139 1020 0
0.0093 21549 205 0
0.0094 24600 466 0
0.0094 37824 555 0
0.0095 20988 1057 0
0.0096 20990 1057 0
0.0096 35259 214 0
0.0097 28227 608 0
0.0098 25070 874 0
0.0098 47551 810 0
0.0100 27257 1058 0
0.0100 30417 690 0
0.0103 42148 181 0
0.0104 48322 914 0
0.0105 31993 780 0
0.0105 90790 811 0
0.0106 32085 436 0
0.0108 44675 310 0
0.0110 51142 951 0
0.0114 53540 1719 0
0.0115 35596 902 0
0.0116 95249 1200 0
0.0117 48182 1854 0
0.0120 36691 792 0
0.0121 34815 206 0
0.0121 34220 1417 0
0.0123 36890 303 0
0.0123 89540 703 0
0.0125 55586 281 0
0.0126 42423 803 0
0.0131 47336 1582 0
0.0132 66886 643 0
0.0136 51919 643 0
0.0139 49353 1045 0
0.0140 75558 314 0
0.0144 59593 640 0
0.0145 37198 1770 0
0.0145 35011 1149 0
0.0148 38099 760 0
0.0149 69024 1229 0
0.0150 66444 649 0
0.0157 78518 337 0
0.0161 70079 1370 0
0.0162 60099 1863 0
0.0163 46657 1196 0
0.0166 48512 771 0
0.0167 37437 796 0
0.0168 51152 797 0
0.0170 71303 1271 0
0.0171 60195 759 0
0.0172 49050 1187 0
0.0172 63277 1899 0
0.0174 105738 1974 0
0.0175 48154 2249 0
0.0177 94792 936 0
0.0177 55576 1911 0
0.0183 79489 1640 0
0.0185 55490 1391 0
0.0189 55518 803 0
0.0190 59139 3427 0
0.0192 67707 1237 0
0.0202 72225 670 0
0.0204 60553 805 0
0.0205 77624 748 0
0.0206 88100 910 0
0.0207 64917 811 0
0.0208 80742 670 0
0.0209 100763 1515 0
0.0211 71673 1972 0
0.0213 80993 562 0
0.0214 90204 687 0
0.0216 62106 3453 0
0.0220 72043 1303 0
0.0222 73484 4054 0
0.0222 102746 955 0
0.0223 62297 1932 0
0.0224 112021 1902 0
0.0228 59698 1557 0
0.0229 77735 1515 0
0.0234 131941 1531 0
0.0235 80808 1584 0
0.0236 65751 1526 0
0.0237 54388 2503 0
0.0240 76793 1989 0
0.0242 105875 1378 0
0.0243 57479 1688 0
0.0245 71649 1106 0
0.0245 80494 1312 0
0.0249 70478 841 0
0.0255 60347 1874 0
0.0258 62584 2545 0
0.0260 81658 847 0
0.0261 80837 4147 0
0.0267 142599 1644 0
0.0270 82366 1994 0
0.0278 66089 1933 0
0.0280 57564 1770 0
0.0282 69070 2821 0
0.0290 106370 1451 0
0.0291 92611 4303 0
0.0292 123863 2601 0
0.0294 146138 1653 0
0.0297 117235 2404 0
0.0298 59477 1837 0
0.0299 93987 1573 0
0.0303 123318 2568 0
0.0304 90272 2446 0
0.0305 85923 2093 0
0.0316 88661 1125 0
0.0319 71750 3226 0
0.0320 81724 1951 0
0.0327 75700 2295 0
0.0329 93140 1679 0
0.0331 71244 1931 0
0.0332 74748 1901 0
0.0338 87160 1810 0
0.0339 103160 1365 0
0.0345 114524 1507 0
0.0346 98138 2404 0
0.0348 155856 2536 0
0.0348 99715 1243 0
0.0351 131612 4787 0
0.0355 110338 2193 0
0.0357 96645 1893 0
0.0369 157575 1745 0
0.0373 117028 1291 0
0.0377 99328 2161 0
0.0379 130321 2756 0
0.0384 91724 3961 0
0.0385 98054 2341 0
0.0386 103975 2575 0
0.0390 172419 2583 0
0.0391 111494 1507 0
0.0403 166966 2666 0
0.0407 119147 2328 0
0.0409 87652 3491 0
0.0409 82197 2533 0
0.0416 84100 2253 0
0.0416 138353 5093 0
0.0417 104034 2354 0
0.0420 102738 2319 0
0.0424 125377 1701 0
0.0425 107162 4902 0
0.0427 128767 4605 0
0.0428 111900 1665 0
0.0433 145643 2891 0
0.0434 168229 5126 0
0.0436 145591 1845 0
0.0445 101584 3494 0
0.0454 125905 1536 0
0.0468 185424 3393 0
0.0477 97032 2786 0
0.0487 89704 2648 0
0.0499 132978 3355 0
0.0500 140385 3507 0
0.1000 221890 4858 0
0.1499 297035 6719 0
0.1999 412699 10253 0
0.2499 490318 11909 0
0.2999 598597 15514 0
0.3500 690038 18841 0
0.3999 726171 23991 0
0.4499 781319 26945 0
0.4999 826864 30293 0
0.5499 857673 32865 0
0.5999 891684 36461 0
0.6499 927976 42326 0
0.6999 959099 46133 0
0.7499 1024309 48245 0
0.7999 1072874 53760 0
0.8500 1110684 58287 0
0.9000 1139805 61095 0
0.9500 1196984 66413 0
1.0000 1228864 69535 0
