989311
0.00011542012927054478 1248.0774469067405 0.0
0.00023084025854108956 1873.914920368818 0.0
0.00034626038781163435 2785.741116751269 0.0
0.0004616805170821791 3362.455108359133 0.0
0.0005771006463527239 4440.495515695067 0.0
0.0006925207756232687 4756.7546583850935 0.0
0.0008079409048938135 5624.948275862069 0.0
0.0009233610341643582 5583.0625 0.0
0.001038781163434903 6356.588235294118 0.0
0.0011542012927054479 6591.900621118012 0.0
0.0012696214219759926 7072.528571428571 0.0
0.0013850415512465374 6985.196428571428 0.0
0.0015004616805170822 7198.60396039604 0.0
0.001615881809787627 7970.843137254902 0.0
0.0017313019390581717 8239.963414634147 0.0
0.0018467220683287165 8583.853333333333 0.0
0.0019621421975992612 9806.16883116883 0.0
0.002077562326869806 9155.450704225352 0.0
0.0021929824561403508 10440.735294117647 0.0
0.0023084025854108957 11179.893333333333 0.0
0.0024238227146814403 12655.333333333334 0.0
0.0025392428439519853 10668.651162790698 0.0
0.00265466297322253 11820.22 0.0
0.002770083102493075 12564.510204081633 0.0
0.0028855032317636198 11154.895833333334 0.0
0.0030009233610341643 12574.217391304348 0.0
0.0031163434903047093 13631.489795918367 0.0
0.003231763619575254 18755.358974358973 0.0
0.003347183748845799 13000.212121212122 0.0
0.0034626038781163434 14095.128205128205 0.0
0.0035780240073868884 17830.571428571428 0.0
0.003693444136657433 14050.870967741936 0.0
0.003808864265927978 14566.25 0.0
0.0039242843951985225 14748.318181818182 0.0
0.004039704524469067 19759.608695652172 0.0
0.004155124653739612 18421.068965517243 0.0
0.004270544783010157 18265.6 0.0
0.0043859649122807015 17714.31818181818 0.0
0.004501385041551247 18644.26923076923 0.0
0.0046168051708217915 19881.129032258064 0.0
0.004732225300092336 19056.315789473683 0.0
0.004847645429362881 16425.055555555555 0.0
0.004963065558633426 25243.42105263158 0.0
0.0050784856879039705 24502.714285714286 0.0
0.005193905817174515 29332.636363636364 0.0
0.00530932594644506 26623.933333333334 0.0
0.005424746075715605 19927.0 0.0
0.00554016620498615 20786.7 0.0
0.005655586334256694 19987.695652173912 0.0
0.0057710064635272396 20349.125 0.0
0.005886426592797784 19398.88888888889 0.0
0.006001846722068329 22451.666666666668 0.0
0.006117266851338873 21579.555555555555 0.0
0.006232686980609419 22362.428571428572 0.0
0.006348107109879963 21152.666666666668 0.0
0.006463527239150508 20614.071428571428 0.0
0.006578947368421052 20054.545454545456 0.0
0.006694367497691598 24077.88888888889 0.0
0.006809787626962142 22314.61111111111 0.0
0.006925207756232687 27797.78947368421 0.0
0.007040627885503232 29877.928571428572 0.0
0.007156048014773777 32746.6 0.0
0.007271468144044321 24321.090909090908 0.0
0.007386888273314866 24839.090909090908 0.0
0.007502308402585411 26550.0 0.0
0.007617728531855956 22040.222222222223 0.0
0.0077331486611265 26955.14285714286 0.0
0.007848568790397045 22319.8 0.0
0.00796398891966759 22589.14285714286 0.0
0.008079409048938134 34760.38461538462 0.0
0.00819482917820868 34476.153846153844 0.0
0.008310249307479225 31149.416666666668 0.0
0.008425669436749769 38295.357142857145 0.0
0.008541089566020314 37938.77777777778 0.0
0.00865650969529086 38231.0 0.0
0.008771929824561403 39211.5 0.0
0.008887349953831948 37653.666666666664 0.0
0.009002770083102494 37280.75 0.0
0.009118190212373038 33679.5 0.0
0.009233610341643583 32137.428571428572 0.0
0.009349030470914127 30033.363636363636 0.0
0.009464450600184672 32015.18181818182 0.0
0.009579870729455217 35789.88888888889 0.0
0.009695290858725761 32091.714285714286 0.0
0.009810710987996307 32031.76923076923 0.0
0.009926131117266852 27305.0 0.0
0.010041551246537396 32882.75 0.0
0.010156971375807941 34374.857142857145 0.0
0.010272391505078486 40745.6 0.0
0.01038781163434903 27002.0 0.0
0.010503231763619576 36525.166666666664 0.0
0.01061865189289012 41283.2 0.0
0.010734072022160665 26784.8 0.0
0.01084949215143121 29168.6 0.0
0.010964912280701754 27997.5 0.0
0.0110803324099723 35274.4 0.0
0.011195752539242845 41432.71428571428 0.0
0.011311172668513388 35960.0 0.0
0.011426592797783934 40636.666666666664 0.0
0.011542012927054479 36862.6 0.0
0.011657433056325023 36417.333333333336 0.0
0.011772853185595568 41328.8 0.0
0.011888273314866112 34840.75 0.0
0.012003693444136657 32092.85714285714 0.0
0.012119113573407203 37953.25 0.0
0.012234533702677746 27986.714285714286 0.0
0.012349953831948292 23201.5 0.0
0.012465373961218837 31126.75 0.0
0.012580794090489381 34920.5 0.0
0.012696214219759926 39288.25 0.0
0.012811634349030472 38106.333333333336 0.0
0.012927054478301015 29586.75 0.0
0.01304247460757156 36073.6 0.0
0.013157894736842105 50659.166666666664 0.0
0.01327331486611265 58999.0 0.0
0.013388734995383195 52240.0 0.0
0.013504155124653739 46610.0 0.0
0.013619575253924284 39372.333333333336 0.0
0.01373499538319483 39378.0 0.0
0.013850415512465374 33151.5 0.0
0.013965835641735919 33167.0 0.0
0.014081255771006464 77722.0 0.0
0.014196675900277008 32139.0 0.0
0.014312096029547553 52068.0 0.0
0.014427516158818097 32170.666666666668 0.0
0.014542936288088643 37204.5 0.0
0.014658356417359188 22548.0 0.0
0.014773776546629732 52346.666666666664 0.0
0.014889196675900277 35490.75 0.0
0.015004616805170823 42620.5 0.0
0.015120036934441366 35404.2 0.0
0.015235457063711912 36342.0 0.0
0.015350877192982455 36143.0 0.0
0.015466297322253 43636.0 0.0
0.015581717451523546 43577.4 0.0
0.01569713758079409 51216.0 0.0
0.015812557710064637 43211.0 0.0
0.01592797783933518 42905.71428571428 0.0
0.016043397968605724 37047.75 0.0
0.016158818097876268 45325.5 0.0
0.016274238227146815 38947.0 0.0
0.01638965835641736 38960.0 0.0
0.016505078485687903 40427.0 0.0
0.01662049861495845 43883.2 0.0
0.016735918744228993 58540.666666666664 0.0
0.016851338873499537 48530.42857142857 0.0
0.016966759002770084 47755.333333333336 0.0
0.017082179132040628 41337.0 0.0
0.01719759926131117 36732.5 0.0
0.01731301939058172 43111.666666666664 0.0
0.017428439519852262 33741.666666666664 0.0
0.017543859649122806 44649.6 0.0
0.017659279778393353 38679.5 0.0
0.017774699907663897 46135.0 0.0
0.01789012003693444 43249.25 0.0
0.018005540166204988 44886.666666666664 0.0
0.018236380424746075 40265.8 0.0
0.018351800554016622 33886.5 0.0
0.018467220683287166 22739.0 0.0
0.01858264081255771 44315.75 0.0
0.018698060941828253 48801.5 0.0
0.0188134810710988 49720.2 0.0
0.018928901200369344 48185.4 0.0
0.019044321329639888 50062.4 0.0
0.019159741458910435 42927.0 0.0
0.01927516158818098 43320.333333333336 0.0
0.019390581717451522 47524.5 0.0
0.01950600184672207 34566.5 0.0
0.019621421975992613 31547.666666666668 0.0
0.019736842105263157 48063.0 0.0
0.019852262234533704 48070.0 0.0
0.019967682363804248 48560.0 0.0
0.02008310249307479 39770.0 0.0
0.02019852262234534 49355.0 0.0
0.020313942751615882 41341.333333333336 0.0
0.020429362880886426 58389.5 0.0
0.020544783010156973 58203.0 0.0
0.020660203139427517 47922.0 0.0
0.02077562326869806 51940.0 0.0
0.02100646352723915 51725.0 0.0
0.021121883656509695 49407.0 0.0
0.02123730378578024 69416.0 0.0
0.021352723915050786 62172.0 0.0
0.02146814404432133 60769.5 0.0
0.021583564173591873 60134.2 0.0
0.02169898430286242 60431.25 0.0
0.021814404432132964 61582.75 0.0
0.021929824561403508 57910.0 0.0
0.022045244690674055 62516.4 0.0
0.0221606648199446 63966.75 0.0
0.022276084949215142 60144.4 0.0
0.02239150507848569 53642.666666666664 0.0
0.022506925207756233 65627.0 0.0
0.022622345337026777 60615.666666666664 0.0
0.022737765466297324 61051.333333333336 0.0
0.022853185595567867 54629.0 0.0
0.02296860572483841 55140.0 0.0
0.023084025854108958 57966.0 0.0
0.023199445983379502 61534.0 0.0
0.023314866112650046 64392.0 0.0
0.02343028624192059 61100.0 0.0
0.023545706371191136 56759.0 0.0
0.02366112650046168 61464.0 0.0
0.023776546629732224 65666.75 0.0
0.02389196675900277 66631.5 0.0
0.024007386888273315 80940.0 0.0
0.02412280701754386 47201.0 0.0
0.024238227146814405 47418.0 0.0
0.02435364727608495 54652.0 0.0
0.02458448753462604 60074.0 0.0
0.024699907663896584 76515.0 0.0
0.024815327793167127 76565.0 0.0
0.025046168051708218 55195.0 0.0
0.02527700831024931 33351.0 0.0
0.025392428439519853 44320.5 0.0
0.025507848568790396 55239.0 0.0
0.025623268698060944 49942.0 0.0
0.025738688827331487 50104.0 0.0
0.02585410895660203 58212.25 0.0
0.025969529085872575 50333.5 0.0
0.02608494921514312 55755.0 0.0
0.026200369344413665 77115.0 0.0
0.02631578947368421 77197.0 0.0
0.026431209602954756 77330.0 0.0
0.0265466297322253 55967.0 0.0
0.026662049861495844 55999.0 0.0
0.02677746999076639 65576.5 0.0
0.026892890120036934 75160.0 0.0
0.027123730378578025 68536.5 0.0
0.02723915050784857 79333.5 0.0
0.027354570637119113 81924.0 0.0
0.02746999076638966 68559.25 0.0
0.027700831024930747 58672.5 0.0
0.027816251154201294 59343.333333333336 0.0
0.027931671283471838 59415.0 0.0
0.02804709141274238 51359.5 0.0
0.02816251154201293 60101.0 0.0
0.028277931671283472 60804.0 0.0
0.028393351800554016 42279.0 0.0
0.02850877192982456 51651.5 0.0
0.02873961218836565 42445.0 0.0
0.028855032317636194 41933.0 0.0
0.02897045244690674 61215.0 0.0
0.029085872576177285 72921.66666666667 0.0
0.02920129270544783 75316.0 0.0
0.029316712834718376 42015.0 0.0
0.02943213296398892 42326.0 0.0
0.029547553093259463 50537.25 0.0
0.02966297322253001 58612.0 0.0
0.029778393351800554 42049.5 0.0
0.029893813481071098 58637.0 0.0
0.030009233610341645 51566.5 0.0
0.03012465373961219 73216.5 0.0
0.030240073868882732 74345.25 0.0
0.03035549399815328 73443.0 0.0
0.030470914127423823 72485.0 0.0
0.030586334256694367 84708.5 0.0
0.03070175438596491 83778.0 0.0
0.030817174515235458 83796.0 0.0
0.031048014773776545 78142.66666666667 0.0
0.031278855032317636 83919.0 0.0
0.03139427516158818 84111.0 0.0
0.03150969529085872 84128.0 0.0
0.03174053554939982 47492.0 0.0
0.03185595567867036 47521.0 0.0
0.03208679593721145 94841.0 0.0
0.03220221606648199 69584.5 0.0
0.032317636195752536 92333.66666666667 0.0
0.03243305632502309 79426.5 0.0
0.03254847645429363 75778.0 0.0
0.032663896583564174 82467.33333333333 0.0
0.03277931671283472 76420.0 0.0
0.03289473684210526 92557.0 0.0
0.033010156971375805 45618.0 0.0
0.033125577100646356 45644.0 0.0
0.0332409972299169 50937.0 0.0
0.03347183748845799 92669.0 0.0
0.03358725761772853 92696.0 0.0
0.033702677746999074 84641.0 0.0
0.033818097876269625 74221.0 0.0
0.03393351800554017 84660.5 0.0
0.03404893813481071 73860.0 0.0
0.034164358264081256 75769.0 0.0
0.0342797783933518 76615.0 0.0
0.03451061865189289 61196.0 0.0
0.03462603878116344 90737.0 0.0
0.03474145891043398 76198.0 0.0
0.034856879039704525 83903.0 0.0
0.03497229916897507 83953.5 0.0
0.03508771929824561 91181.0 0.0
0.035203139427516156 91207.0 0.0
0.035318559556786706 91212.0 0.0
0.03543397968605725 79762.5 0.0
0.035549399815327794 89601.0 0.0
0.03578024007386888 93821.0 0.0
0.036011080332409975 93865.0 0.0
0.03612650046168052 93470.0 0.0
0.03624192059095106 86788.33333333333 0.0
0.036357340720221606 93844.0 0.0
0.03647276084949215 93877.0 0.0
0.036588180978762694 93892.0 0.0
0.036703601108033244 99440.0 0.0
0.03693444136657433 97519.0 0.0
0.037049861495844875 97752.5 0.0
0.03716528162511542 96305.0 0.0
0.03728070175438596 96311.0 0.0
0.037396121883656507 99973.0 0.0
0.03751154201292706 51755.0 0.0
0.0376269621421976 52113.0 0.0
0.03785780240073869 66812.0 0.0
0.0386657433056325 54003.0 0.0
0.038781163434903045 54055.0 0.0
0.038896583564173595 54057.0 0.0
0.03912742382271468 54290.0 0.0
0.03935826408125577 67744.0 0.0
0.039473684210526314 67766.0 0.0
0.03958910433979686 61088.5 0.0
0.03970452446906741 63728.0 0.0
0.03981994459833795 61708.0 0.0
0.039935364727608495 54367.0 0.0
0.04005078485687904 54368.0 0.0
0.04016620498614958 61827.5 0.0
0.040281625115420126 54539.0 0.0
0.04051246537396122 69395.0 0.0
0.040627885503231764 69400.0 0.0
0.04085872576177285 69541.0 0.0
0.04143582640812558 79451.0 0.0
0.04155124653739612 79453.0 0.0
0.041666666666666664 80622.0 0.0
0.04189750692520776 90511.0 0.0
0.0420129270544783 73734.0 0.0
0.042128347183748846 90602.0 0.0
0.04235918744228993 90665.0 0.0
0.04247460757156048 56957.0 0.0
0.04259002770083103 56961.0 0.0
0.04270544783010157 57267.0 0.0
0.04339796860572484 95546.0 0.0
0.04374422899353647 95615.0 0.0
0.043859649122807015 82000.0 0.0
0.043975069252077566 90217.0 0.0
0.044552169898430284 96111.0 0.0
0.04466759002770083 93265.0 0.0
0.04478301015697138 93457.5 0.0
0.04489843028624192 96481.0 0.0
0.04512927054478301 96510.0 0.0
0.04559095106186519 75381.0 0.0
0.045706371191135735 75399.0 0.0
0.04582179132040628 75453.0 0.0
0.046052631578947366 75500.0 0.0
0.04662973222530009 112283.0 0.0
0.046745152354570635 112351.0 0.0
0.04686057248384118 114026.0 0.0
0.04709141274238227 97464.0 0.0
0.04720683287165282 114056.0 0.0
0.04732225300092336 114060.0 0.0
0.04778393351800554 97944.0 0.0
0.047899353647276086 97947.0 0.0
0.04801477377654663 114151.0 0.0
0.04905355493998153 98593.0 0.0
0.049284395198522624 98665.0 0.0
0.04951523545706371 98814.0 0.0
0.0497460757156048 93710.0 0.0
0.04997691597414589 93722.0 0.0
0.050323176361957524 93865.0 0.0
0.05043859649122807 93868.0 0.0
0.05055401662049862 93879.0 0.0
0.05066943674976916 99484.0 0.0
0.050784856879039705 97040.5 0.0
0.05090027700831025 97076.0 0.0
0.05124653739612189 100710.0 0.0
0.05136195752539243 100714.0 0.0
0.05332409972299169 103234.0 0.0
0.05355493998153278 105403.0 0.0
0.053670360110803325 105406.0 0.0
0.05378578024007387 105435.0 0.0
0.054016620498614956 96128.0 0.0
0.0541320406278855 96133.0 0.0
0.05424746075715605 96187.0 0.0
0.05482456140350877 110359.0 0.0
0.05574792243767313 110579.0 0.0
0.05609418282548476 110597.0 0.0
0.05620960295475531 110606.0 0.0
0.05632502308402586 110614.0 0.0
0.0564404432132964 104825.5 0.0
0.056902123730378576 91837.0 0.0
0.05701754385964912 101459.0 0.0
0.05713296398891967 101491.5 0.0
0.057248384118190214 92075.0 0.0
0.0574792243767313 92080.0 0.0
0.057594644506001845 92090.0 0.0
0.05782548476454294 92100.0 0.0
0.05817174515235457 92151.0 0.0
0.05840258541089566 92229.0 0.0
0.058748845798707296 101687.0 0.0
0.05932594644506002 101198.0 0.0
0.05967220683287165 101465.0 0.0
0.059787626962142196 103159.0 0.0
0.060480147737765465 92904.0 0.0
0.061634349030470915 111388.66666666667 0.0
0.06174976915974146 104495.0 0.0
0.061865189289012 104501.0 0.0
0.061980609418282546 99651.5 0.0
0.06209602954755309 100069.0 0.0
0.06336565096952909 88664.0 0.0
0.06371191135734072 88739.0 0.0
0.06382733148661127 88743.0 0.0
0.06394275161588181 135285.0 0.0
0.06405817174515235 135292.0 0.0
0.06428901200369344 135367.0 0.0
0.06463527239150507 145491.0 0.0
0.06475069252077563 145492.0 0.0
0.0664819944598338 146002.0 0.0
0.06694367497691597 102018.0 0.0
0.06705909510618652 129613.0 0.0
0.06717451523545706 129614.0 0.0
0.06740535549399815 113203.0 0.0
0.06752077562326869 129675.0 0.0
0.06763619575253925 113220.0 0.0
0.06786703601108034 129792.0 0.0
0.06821329639889197 129821.0 0.0
0.06844413665743306 129945.0 0.0
0.0685595567867036 113611.0 0.0
0.06913665743305633 131978.0 0.0
0.06925207756232687 131981.0 0.0
0.06948291782086796 131997.0 0.0
0.0695983379501385 114060.0 0.0
0.07052169898430287 122883.0 0.0
0.07063711911357341 122886.0 0.0
0.07098337950138504 109600.0 0.0
0.07109879963065559 116755.0 0.0
0.07132963988919667 109654.0 0.0
0.07144506001846722 109670.0 0.0
0.07156048014773776 109711.0 0.0
0.0716759002770083 132449.0 0.0
0.07179132040627885 140931.5 0.0
0.07444598337950138 161151.0 0.0
0.07502308402585411 253349.0 0.0
0.07513850415512466 125620.0 0.0
0.0762927054478301 161976.0 0.0
0.07663896583564174 162069.0 0.0
0.07675438596491228 162076.0 0.0
0.07686980609418283 162132.0 0.0
0.07710064635272391 170428.0 0.0
0.07721606648199446 162199.0 0.0
0.07767774699907663 200343.0 0.0
0.07825484764542937 162378.0 0.0
0.078601108033241 162882.0 0.0
0.07871652816251154 163225.0 0.0
0.07883194829178208 163233.0 0.0
0.07917820867959371 130632.0 0.0
0.07929362880886427 130708.0 0.0
0.07940904893813482 130884.0 0.0
0.0796398891966759 130894.0 0.0
0.07975530932594645 131088.0 0.0
0.08125577100646353 132305.0 0.0
0.08148661126500462 132308.0 0.0
0.08229455216989844 167873.0 0.0
0.08506463527239151 178888.0 0.0
0.08552631578947369 182713.0 0.0
0.09372114496768236 147528.0 0.0
0.09395198522622346 233902.0 0.0
0.09418282548476455 262393.0 0.0
0.0994921514312096 155076.0 0.0
0.0997229916897507 155087.0 0.0
0.09995383194829179 155109.0 0.0
0.10422437673130194 147290.0 0.0
0.10445521698984303 165395.0 0.0
0.1049168975069252 170299.0 0.0
0.10560941828254848 170390.0 0.0
0.10584025854108957 170399.0 0.0
0.10595567867036011 170425.0 0.0
0.10676361957525392 170588.0 0.0
0.10699445983379502 170593.0 0.0
0.10710987996306556 170603.0 0.0
0.108264081255771 170711.0 0.0
0.11403508771929824 207053.0 0.0
0.1141505078485688 207062.0 0.0
0.11426592797783934 207066.0 0.0
0.12280701754385964 191271.0 0.0
0.1296168051708218 291985.0 0.0
0.1577793167128347 314706.0 0.0
0.1703601108033241 223032.0 0.0
0.18213296398891968 308824.0 0.0
0.19933056325023085 321759.0 0.0
0.22079870729455217 350821.0 0.0
0.24145891043397968 292876.0 0.0
0.3049399815327793 421206.0 0.0
0.46225761772853186 538423.0 0.0
0.46271929824561403 606784.0 0.0
0.5377423822714681 685648.0 0.0
1.0 989311.0 0.0
