10094
0.0001 910 4 0
0.0001 1476 8 0
0.0002 2013 13 0
0.0003 2478 15 0
0.0003 2804 15 0
0.0004 3118 22 0
0.0005 3437 37 0
0.0006 3682 32 0
0.0006 3868 42 0
0.0007 3941 36 0
0.0008 4181 52 0
0.0008 4476 68 0
0.0009 4632 73 0
0.0010 4736 79 0
0.0010 4854 62 0
0.0011 4971 83 0
0.0012 5209 74 0
0.0012 5478 79 0
0.0013 5477 141 0
0.0014 5658 113 0
0.0015 5744 114 0
0.0015 5687 116 0
0.0016 5912 132 0
0.0017 5747 82 0
0.0017 5945 94 0
0.0018 6137 92 0
0.0019 6145 139 0
0.0019 6225 143 0
0.0020 5978 72 0
0.0021 6169 125 0
0.0021 6453 190 0
0.0022 6425 207 0
0.0023 6522 313 0
0.0024 6669 262 0
0.0024 6587 219 0
0.0025 6680 191 0
0.0026 6761 231 0
0.0026 6704 145 0
0.0027 6805 278 0
0.0028 6853 174 0
0.0028 7108 162 0
0.0029 6833 271 0
0.0030 6946 298 0
0.0030 7021 269 0
0.0031 6894 158 0
0.0032 7012 217 0
0.0033 7051 383 0
0.0033 7072 150 0
0.0034 7177 147 0
0.0035 7107 178 0
0.0035 7362 271 0
0.0036 7113 182 0
0.0037 7239 184 0
0.0037 7345 236 0
0.0038 7382 334 0
0.0039 7194 202 0
0.0039 7395 418 0
0.0040 7313 294 0
0.0041 7411 395 0
0.0042 7527 407 0
0.0042 7754 380 0
0.0043 7709 493 0
0.0044 7488 477 0
0.0044 7886 297 0
0.0045 7637 254 0
0.0046 7714 401 0
0.0046 7731 294 0
0.0047 7842 300 0
0.0048 7863 209 0
0.0048 7842 289 0
0.0049 7961 342 0
0.0050 7902 327 0
0.0051 7828 283 0
0.0051 7848 181 0
0.0052 7939 300 0
0.0053 8018 300 0
0.0053 8004 221 0
0.0054 7660 803 0
0.0055 7985 616 0
0.0055 7959 249 0
0.0056 7645 163 0
0.0057 8040 508 0
0.0057 8163 487 0
0.0058 7720 260 0
0.0059 7922 210 0
0.0060 7806 730 0
0.0060 7946 360 0
0.0061 8274 496 0
0.0062 7655 185 0
0.0062 8154 383 0
0.0063 8086 998 0
0.0064 7999 175 0
0.0064 8188 229 0
0.0065 8099 180 0
0.0066 7929 276 0
0.0067 8138 628 0
0.0067 7938 425 0
0.0068 8283 701 0
0.0069 8365 180 0
0.0069 8182 265 0
0.0071 8191 453 0
0.0071 8129 297 0
0.0072 8251 494 0
0.0073 8084 498 0
0.0073 8225 410 0
0.0074 8010 286 0
0.0075 8325 276 0
0.0076 8220 260 0
0.0076 8268 873 0
0.0077 8319 469 0
0.0078 8507 732 0
0.0078 8282 871 0
0.0079 8435 245 0
0.0080 8338 456 0
0.0080 8272 628 0
0.0081 8758 345 0
0.0082 8379 909 0
0.0082 7844 935 0
0.0083 8278 476 0
0.0084 8606 202 0
0.0085 8515 337 0
0.0085 8614 762 0
0.0086 8376 470 0
0.0087 8272 333 0
0.0087 8469 54 0
0.0088 8813 963 0
0.0089 8668 873 0
0.0089 8934 1561 0
0.0091 8838 928 0
0.0091 8597 667 0
0.0093 8714 552 0
0.0094 8685 623 0
0.0094 8560 520 0
0.0096 8623 239 0
0.0096 8822 504 0
0.0097 8740 477 0
0.0098 8809 674 0
0.0099 8940 1681 0
0.0100 8775 873 0
0.0101 8645 600 0
0.0102 8665 584 0
0.0103 8783 790 0
0.0103 8780 388 0
0.0104 8771 495 0
0.0105 8859 751 0
0.0105 8722 512 0
0.0106 8737 699 0
0.0107 8884 666 0
0.0107 8839 210 0
0.0108 8916 368 0
0.0109 8930 847 0
0.0111 8925 657 0
0.0112 8881 437 0
0.0112 8831 441 0
0.0113 8845 284 0
0.0114 8911 540 0
0.0115 8992 791 0
0.0116 9051 1721 0
0.0117 8751 284 0
0.0118 9139 769 0
0.0121 8892 720 0
0.0122 8883 504 0
0.0123 8918 1132 0
0.0125 8665 758 0
0.0125 9190 1751 0
0.0128 8947 720 0
0.0130 9257 949 0
0.0130 8754 718 0
0.0131 8962 729 0
0.0133 8973 1636 0
0.0134 8966 984 0
0.0134 8835 471 0
0.0136 9039 243 0
0.0139 8903 853 0
0.0140 8984 1023 0
0.0141 9141 853 0
0.0142 9152 711 0
0.0143 9209 946 0
0.0144 9221 1751 0
0.0145 8917 531 0
0.0147 8962 1330 0
0.0148 9123 675 0
0.0152 9147 723 0
0.0153 9157 878 0
0.0155 9278 740 0
0.0156 9197 834 0
0.0157 9008 1138 0
0.0159 8859 1354 0
0.0159 9149 570 0
0.0161 9231 949 0
0.0163 9205 570 0
0.0164 9350 1059 0
0.0166 9099 525 0
0.0168 8954 718 0
0.0171 9065 1210 0
0.0173 9222 576 0
0.0175 9014 646 0
0.0179 8702 1062 0
0.0182 9012 542 0
0.0186 9177 1961 0
0.0186 9234 792 0
0.0187 9232 2702 0
0.0192 9182 1355 0
0.0193 9091 1912 0
0.0193 9385 3560 0
0.0194 9225 1134 0
0.0195 9266 898 0
0.0199 9099 1928 0
0.0200 9280 910 0
0.0202 9171 942 0
0.0202 9183 1742 0
0.0204 9413 962 0
0.0204 9303 1127 0
0.0205 9112 1928 0
0.0209 9281 1468 0
0.0211 9239 1875 0
0.0212 9329 1134 0
0.0214 9267 1652 0
0.0218 9300 871 0
0.0219 9217 1518 0
0.0220 9279 1879 0
0.0222 9201 629 0
0.0224 9315 941 0
0.0226 9255 1552 0
0.0229 9290 548 0
0.0236 9212 1830 0
0.0238 9300 3224 0
0.0238 9376 1097 0
0.0242 9441 1099 0
0.0245 9236 855 0
0.0247 9410 1289 0
0.0249 9196 1016 0
0.0251 9438 1374 0
0.0258 9174 701 0
0.0260 9456 3963 0
0.0264 9370 1150 0
0.0265 9357 2085 0
0.0267 9310 1194 0
0.0269 9387 1152 0
0.0270 9447 1519 0
0.0274 9473 3965 0
0.0275 9424 3380 0
0.0276 9211 740 0
0.0280 9406 1798 0
0.0282 9458 1389 0
0.0284 9377 2047 0
0.0286 9431 3382 0
0.0287 9400 970 0
0.0287 9474 1389 0
0.0290 9396 958 0
0.0294 9311 1230 0
0.0300 9361 3652 0
0.0305 9507 4843 0
0.0305 9465 2346 0
0.0306 9397 1666 0
0.0309 9393 3666 0
0.0314 9524 1388 0
0.0317 9439 1232 0
0.0317 9470 1706 0
0.0319 9404 2228 0
0.0321 9478 1708 0
0.0325 9475 3525 0
0.0328 9446 1235 0
0.0331 9480 1926 0
0.0343 9496 1719 0
0.0347 9552 3051 0
0.0349 9427 2507 0
0.0355 9469 3508 0
0.0356 9447 2380 0
0.0360 9544 3740 0
0.0361 9394 1112 0
0.0363 9488 1312 0
0.0364 9488 1235 0
0.0366 9545 3245 0
0.0368 9586 5217 0
0.0370 9519 2776 0
0.0371 9482 1650 0
0.0373 9626 2689 0
0.0380 9522 2530 0
0.0381 9516 3228 0
0.0384 9542 2047 0
0.0387 9544 1599 0
0.0396 9454 2472 0
0.0399 9590 2541 0
0.0405 9529 1284 0
0.0411 9491 2883 0
0.0414 9523 1900 0
0.0416 9665 3562 0
0.0421 9529 1900 0
0.0422 9578 1971 0
0.0424 9560 4548 0
0.0427 9530 3840 0
0.0432 9561 3077 0
0.0436 9535 3868 0
0.0437 9476 2594 0
0.0445 9542 1901 0
0.0447 9572 3209 0
0.0455 9550 2032 0
0.0462 9578 3966 0
0.0475 9646 4618 0
0.0476 9513 1422 0
0.0477 9639 2947 0
0.0478 9556 4328 0
0.0485 9588 2532 0
0.0490 9589 1577 0
0.0499 9609 3138 0
0.0500 9610 3561 0
0.1000 9782 6477 0
0.1500 9841 11928 0
0.2000 9892 15893 0
0.2500 9940 20568 0
0.3000 9964 22719 0
0.3500 9975 24151 0
0.4000 10003 26847 0
0.4499 10012 29887 0
0.4999 10032 33725 0
0.5499 10039 38344 0
0.6000 10044 40493 0
0.6500 10052 43065 0
0.7000 10059 45249 0
0.7499 10071 49669 0
0.7999 10077 54636 0
0.8500 10084 60176 0
0.9000 10087 61769 0
0.9500 10091 66570 0
1.0000 10094 69535 0
