1382189
0.0001 878 0 0
0.0001 1369 0 0
0.0002 2200 0 0
0.0003 2688 0 0
0.0003 3067 0 0
0.0004 3535 0 0
0.0005 4459 0 0
0.0006 4447 0 0
0.0006 4594 0 0
0.0007 4961 0 0
0.0008 5134 0 0
0.0008 5623 0 0
0.0009 5543 0 0
0.0010 6201 0 0
0.0010 6512 0 0
0.0011 7347 0 0
0.0012 6975 0 0
0.0012 6946 0 0
0.0013 7618 0 0
0.0014 7477 0 0
0.0015 7745 0 0
0.0015 8593 0 0
0.0016 8365 0 0
0.0017 9127 0 0
0.0017 8829 0 0
0.0018 9172 0 0
0.0019 9695 0 0
0.0019 9040 0 0
0.0020 9475 0 0
0.0021 9561 0 0
0.0021 10842 0 0
0.0022 11593 0 0
0.0023 10710 0 0
0.0024 10613 0 0
0.0024 12593 0 0
0.0025 11760 0 0
0.0026 11227 0 0
0.0026 12008 0 0
0.0027 12529 0 0
0.0028 11433 0 0
0.0028 11677 0 0
0.0029 12388 0 0
0.0030 14144 0 0
0.0030 14514 0 0
0.0031 13959 0 0
0.0032 13828 0 0
0.0033 13667 0 0
0.0033 16081 0 0
0.0034 13856 0 0
0.0035 13786 0 0
0.0035 15317 0 0
0.0036 16102 0 0
0.0037 17579 0 0
0.0037 19564 0 0
0.0038 16957 0 0
0.0039 17441 0 0
0.0039 14429 0 0
0.0040 16499 0 0
0.0041 15943 0 0
0.0042 16577 0 0
0.0042 15644 0 0
0.0043 15985 0 0
0.0044 16455 0 0
0.0044 16019 0 0
0.0045 15834 0 0
0.0046 17711 0 0
0.0046 18747 0 0
0.0047 18100 0 0
0.0048 26660 0 0
0.0048 14790 0 0
0.0049 16033 0 0
0.0050 28941 0 0
0.0051 18002 0 0
0.0051 23464 0 0
0.0052 26738 0 0
0.0053 22020 0 0
0.0053 19473 0 0
0.0054 15871 0 0
0.0055 21708 0 0
0.0055 21310 0 0
0.0056 18137 0 0
0.0057 21816 0 0
0.0057 16996 0 0
0.0058 21269 0 0
0.0059 21725 0 0
0.0060 32880 0 0
0.0060 34043 0 0
0.0061 21286 0 0
0.0062 26296 0 0
0.0062 23954 0 0
0.0063 19809 0 0
0.0064 19974 0 0
0.0064 21090 0 0
0.0065 22203 0 0
0.0066 17549 0 0
0.0067 19949 0 0
0.0067 20846 0 0
0.0068 19956 0 0
0.0069 20743 0 0
0.0069 22295 0 0
0.0070 22424 0 0
0.0071 26391 0 0
0.0071 25837 0 0
0.0072 25648 0 0
0.0073 23922 0 0
0.0073 21278 0 0
0.0074 21377 0 0
0.0076 27931 0 0
0.0076 28953 0 0
0.0077 21020 0 0
0.0078 20749 0 0
0.0078 31948 0 0
0.0079 34133 0 0
0.0080 29359 0 0
0.0080 43446 0 0
0.0081 30051 0 0
0.0082 34581 0 0
0.0082 32439 0 0
0.0084 21536 0 0
0.0085 27139 0 0
0.0085 32812 0 0
0.0086 16343 0 0
0.0087 20923 0 0
0.0087 29877 0 0
0.0088 30911 0 0
0.0089 66489 0 0
0.0089 20468 0 0
0.0090 22299 0 0
0.0091 49283 0 0
0.0091 32338 0 0
0.0092 22791 0 0
0.0093 38021 0 0
0.0094 30488 0 0
0.0095 33128 0 0
0.0096 34594 0 0
0.0096 25109 0 0
0.0098 25815 0 0
0.0099 22514 0 0
0.0100 22528 0 0
0.0100 39382 0 0
0.0101 24552 0 0
0.0102 37041 0 0
0.0103 23288 0 0
0.0103 23458 0 0
0.0104 41433 0 0
0.0105 45302 0 0
0.0105 35683 0 0
0.0106 49132 0 0
0.0107 27482 0 0
0.0108 32213 0 0
0.0109 32499 0 0
0.0110 30524 0 0
0.0111 62624 0 0
0.0114 61441 0 0
0.0115 38567 0 0
0.0118 29558 0 0
0.0121 25355 0 0
0.0123 44302 0 0
0.0124 41074 0 0
0.0125 38962 0 0
0.0127 72942 0 0
0.0131 66353 0 0
0.0132 29908 0 0
0.0134 54340 0 0
0.0135 45404 0 0
0.0137 70822 0 0
0.0139 35555 0 0
0.0141 62380 0 0
0.0141 80018 0 0
0.0145 62002 0 0
0.0147 97580 0 0
0.0148 34897 0 0
0.0150 52190 0 0
0.0152 44249 0 0
0.0157 37761 0 0
0.0157 36539 0 0
0.0160 77913 0 0
0.0162 83703 0 0
0.0163 62079 0 0
0.0164 49897 0 0
0.0165 111558 0 0
0.0166 39008 0 0
0.0168 58570 0 0
0.0169 54483 0 0
0.0170 43903 0 0
0.0171 54811 0 0
0.0172 38064 0 0
0.0173 85165 0 0
0.0177 80534 0 0
0.0180 57075 0 0
0.0183 41837 0 0
0.0185 57944 0 0
0.0186 41548 0 0
0.0186 46881 0 0
0.0188 81056 0 0
0.0190 66710 0 0
0.0190 123251 0 0
0.0193 75028 0 0
0.0196 65882 0 0
0.0205 49242 0 0
0.0208 63640 0 0
0.0211 61804 0 0
0.0215 70279 0 0
0.0217 61596 0 0
0.0218 47921 0 0
0.0220 69244 0 0
0.0222 68744 0 0
0.0223 47089 0 0
0.0224 53925 0 0
0.0229 68798 0 0
0.0230 66907 0 0
0.0233 80442 0 0
0.0236 52339 0 0
0.0236 125055 0 0
0.0239 76241 0 0
0.0242 73400 0 0
0.0245 131793 0 0
0.0246 81632 0 0
0.0252 74438 0 0
0.0253 66034 0 0
0.0254 61243 0 0
0.0254 89330 0 0
0.0257 94432 0 0
0.0259 78973 0 0
0.0267 52004 0 0
0.0269 66790 0 0
0.0271 91117 0 0
0.0272 110961 0 0
0.0272 79956 0 0
0.0273 94743 0 0
0.0274 89531 0 0
0.0277 56772 0 0
0.0281 64363 0 0
0.0282 67473 0 0
0.0283 71123 0 0
0.0286 60368 0 0
0.0287 104807 0 0
0.0288 75854 0 0
0.0294 64072 0 0
0.0295 106736 0 0
0.0296 86060 0 0
0.0298 77270 0 0
0.0301 141621 0 0
0.0303 90029 0 0
0.0308 92673 0 0
0.0311 71835 0 0
0.0314 123501 0 0
0.0316 63774 0 0
0.0317 126262 0 0
0.0319 98887 0 0
0.0324 110871 0 0
0.0326 83337 0 0
0.0326 81448 0 0
0.0331 84845 0 0
0.0343 152483 0 0
0.0344 104638 0 0
0.0345 80239 0 0
0.0349 87681 0 0
0.0353 93396 0 0
0.0357 80329 0 0
0.0369 150293 0 0
0.0371 93759 0 0
0.0373 94915 0 0
0.0374 101082 0 0
0.0378 101509 0 0
0.0379 102696 0 0
0.0384 90981 0 0
0.0386 72084 0 0
0.0393 102485 0 0
0.0395 98949 0 0
0.0396 131982 0 0
0.0400 123564 0 0
0.0405 115818 0 0
0.0406 155700 0 0
0.0409 89539 0 0
0.0409 146424 0 0
0.0415 144711 0 0
0.0419 101790 0 0
0.0420 135617 0 0
0.0424 100986 0 0
0.0427 84650 0 0
0.0429 113624 0 0
0.0431 105473 0 0
0.0436 113324 0 0
0.0441 143441 0 0
0.0447 132304 0 0
0.0456 114113 0 0
0.0461 165770 0 0
0.0463 108368 0 0
0.0466 82675 0 0
0.0493 189471 0 0
0.0498 102894 0 0
0.0499 130465 0 0
0.0500 145514 0 0
0.1000 258455 0 0
0.1500 357301 0 0
0.2000 442970 0 0
0.2500 546428 0 0
0.3000 591784 0 0
0.3500 629289 0 0
0.4000 677913 0 0
0.4501 751917 0 0
0.5001 799234 0 0
0.5500 834472 0 0
0.6000 953011 0 0
0.6500 993021 0 0
0.7001 1095467 0 0
0.7500 1148979 0 0
0.8000 1188514 0 0
0.8500 1244614 0 0
0.9000 1315107 0 0
0.9500 1352359 0 0
1.0000 1382189 0 0
