1103
0.0001 416 0 0
0.0001 597 0 0
0.0002 709 0 0
0.0003 787 0 0
0.0003 838 0 0
0.0004 872 0 0
0.0005 898 0 0
0.0006 919 0 0
0.0006 942 0 0
0.0007 950 0 0
0.0008 960 0 0
0.0008 972 0 0
0.0009 981 0 0
0.0010 983 0 0
0.0010 996 0 0
0.0011 998 0 0
0.0012 1008 0 0
0.0012 1009 1 0
0.0013 1016 1 0
0.0014 1022 1 0
0.0015 1025 0 0
0.0015 1022 6 0
0.0016 1030 1 0
0.0017 1037 1 0
0.0017 1038 0 0
0.0018 1037 0 0
0.0019 1039 0 0
0.0019 1035 0 0
0.0020 1040 12 0
0.0021 1043 2 0
0.0021 1047 0 0
0.0022 1048 1 0
0.0023 1046 3 0
0.0024 1050 2 0
0.0024 1057 3 0
0.0025 1055 3 0
0.0026 1055 3 0
0.0026 1057 2 0
0.0027 1057 1 0
0.0028 1060 3 0
0.0028 1062 2 0
0.0029 1062 3 0
0.0030 1063 1 0
0.0030 1060 2 0
0.0031 1065 2 0
0.0032 1065 1 0
0.0033 1063 0 0
0.0033 1068 1 0
0.0034 1065 1 0
0.0035 1067 1 0
0.0035 1073 1 0
0.0036 1068 1 0
0.0037 1070 0 0
0.0037 1066 2 0
0.0038 1069 2 0
0.0039 1065 1 0
0.0039 1068 27 0
0.0040 1068 5 0
0.0041 1071 4 0
0.0042 1070 4 0
0.0042 1071 7 0
0.0043 1074 5 0
0.0044 1075 6 0
0.0044 1072 1 0
0.0045 1072 0 0
0.0046 1072 2 0
0.0046 1074 5 0
0.0047 1074 6 0
0.0048 1075 4 0
0.0048 1074 3 0
0.0049 1076 1 0
0.0050 1077 2 0
0.0051 1076 1 0
0.0051 1076 2 0
0.0052 1078 0 0
0.0053 1084 2 0
0.0053 1081 2 0
0.0054 1079 2 0
0.0055 1079 2 0
0.0055 1078 7 0
0.0056 1079 7 0
0.0057 1079 7 0
0.0057 1079 2 0
0.0058 1082 2 0
0.0059 1077 6 0
0.0060 1081 2 0
0.0060 1078 3 0
0.0061 1079 1 0
0.0062 1081 2 0
0.0062 1082 1 0
0.0063 1082 4 0
0.0064 1080 7 0
0.0064 1082 9 0
0.0065 1080 12 0
0.0066 1082 13 0
0.0067 1082 13 0
0.0067 1080 4 0
0.0068 1083 3 0
0.0069 1083 18 0
0.0069 1083 2 0
0.0070 1083 15 0
0.0071 1083 1 0
0.0071 1080 5 0
0.0072 1081 2 0
0.0073 1086 6 0
0.0073 1084 1 0
0.0074 1085 1 0
0.0075 1085 2 0
0.0076 1084 4 0
0.0076 1084 3 0
0.0077 1086 0 0
0.0078 1090 0 0
0.0078 1084 3 0
0.0079 1085 0 0
0.0080 1086 2 0
0.0080 1085 25 0
0.0081 1087 18 0
0.0082 1086 15 0
0.0082 1085 1 0
0.0083 1085 2 0
0.0084 1086 4 0
0.0085 1085 11 0
0.0085 1089 2 0
0.0086 1087 1 0
0.0087 1087 15 0
0.0087 1086 10 0
0.0088 1087 18 0
0.0089 1087 26 0
0.0089 1083 2 0
0.0090 1086 3 0
0.0091 1083 0 0
0.0091 1085 2 0
0.0092 1087 4 0
0.0093 1087 24 0
0.0094 1088 0 0
0.0094 1089 25 0
0.0095 1089 12 0
0.0096 1089 17 0
0.0096 1087 7 0
0.0097 1088 4 0
0.0098 1089 11 0
0.0098 1084 0 0
0.0099 1084 0 0
0.0100 1088 9 0
0.0100 1088 0 0
0.0101 1087 3 0
0.0102 1090 19 0
0.0103 1086 2 0
0.0103 1085 0 0
0.0104 1086 2 0
0.0105 1088 1 0
0.0105 1087 2 0
0.0106 1089 63 0
0.0107 1089 1 0
0.0107 1087 99 0
0.0108 1087 0 0
0.0109 1090 4 0
0.0109 1089 0 0
0.0110 1089 0 0
0.0111 1088 1 0
0.0112 1088 2 0
0.0112 1084 3 0
0.0113 1087 0 0
0.0114 1089 1 0
0.0114 1088 1 0
0.0115 1091 1 0
0.0116 1090 1 0
0.0116 1088 0 0
0.0117 1090 4 0
0.0118 1089 2 0
0.0118 1085 592 0
0.0119 1094 21 0
0.0121 1087 206 0
0.0121 1085 592 0
0.0122 1091 1 0
0.0123 1091 0 0
0.0123 1091 16 0
0.0124 1092 11 0
0.0125 1092 7 0
0.0125 1088 296 0
0.0126 1092 16 0
0.0127 1092 11 0
0.0128 1091 12 0
0.0129 1091 15 0
0.0130 1089 8 0
0.0130 1091 34 0
0.0131 1092 27 0
0.0132 1092 16 0
0.0132 1093 10 0
0.0133 1091 5 0
0.0134 1096 11 0
0.0134 1093 21 0
0.0135 1091 1 0
0.0136 1093 20 0
0.0136 1093 35 0
0.0137 1094 31 0
0.0138 1092 15 0
0.0139 1096 41 0
0.0139 1093 25 0
0.0140 1094 31 0
0.0141 1091 0 0
0.0143 1093 1 0
0.0143 1095 4 0
0.0145 1092 8 0
0.0145 1091 10 0
0.0146 1091 13 0
0.0148 1092 8 0
0.0148 1093 13 0
0.0149 1093 20 0
0.0150 1094 44 0
0.0150 1092 0 0
0.0151 1091 26 0
0.0152 1092 40 0
0.0152 1092 40 0
0.0153 1099 29 0
0.0154 1095 21 0
0.0155 1092 63 0
0.0156 1092 13 0
0.0157 1092 13 0
0.0157 1092 3 0
0.0158 1096 18 0
0.0159 1097 49 0
0.0160 1099 29 0
0.0161 1095 70 0
0.0161 1094 11 0
0.0162 1092 13 0
0.0163 1094 13 0
0.0163 1092 5 0
0.0165 1093 6 0
0.0166 1093 6 0
0.0166 1093 3 0
0.0167 1092 58 0
0.0168 1094 0 0
0.0168 1092 7 0
0.0170 1094 9 0
0.0170 1093 6 0
0.0174 1093 6 0
0.0175 1094 0 0
0.0175 1095 0 0
0.0177 1097 42 0
0.0177 1097 1 0
0.0179 1091 13 0
0.0181 1094 308 0
0.0183 1098 83 0
0.0184 1096 41 0
0.0185 1094 610 0
0.0186 1097 1 0
0.0188 1097 2 0
0.0190 1097 29 0
0.0190 1094 610 0
0.0191 1095 30 0
0.0194 1095 33 0
0.0198 1096 17 0
0.0200 1097 57 0
0.0202 1094 22 0
0.0205 1098 1 0
0.0206 1094 0 0
0.0206 1095 33 0
0.0209 1095 7 0
0.0209 1093 9 0
0.0210 1095 33 0
0.0211 1098 84 0
0.0212 1093 4 0
0.0213 1097 0 0
0.0214 1097 7 0
0.0215 1096 23 0
0.0220 1098 84 0
0.0223 1094 6 0
0.0229 1096 3 0
0.0232 1098 62 0
0.0233 1096 17 0
0.0237 1096 27 0
0.0238 1099 29 0
0.0239 1095 41 0
0.0240 1096 29 0
0.0242 1097 35 0
0.0243 1095 41 0
0.0247 1095 610 0
0.0250 1095 41 0
0.0253 1095 47 0
0.0254 1100 39 0
0.0262 1100 29 0
0.0272 1100 29 0
0.0274 1096 36 0
0.0276 1099 74 0
0.0281 1100 85 0
0.0281 1095 610 0
0.0283 1100 85 0
0.0286 1095 47 0
0.0296 1096 0 0
0.0299 1099 3 0
0.0301 1097 41 0
0.0302 1098 34 0
0.0304 1096 13 0
0.0310 1096 0 0
0.0312 1099 34 0
0.0316 1099 7 0
0.0325 1098 41 0
0.0333 1098 41 0
0.0336 1097 36 0
0.0338 1098 41 0
0.0346 1097 126 0
0.0348 1099 3 0
0.0349 1100 6 0
0.0351 1098 30 0
0.0351 1097 47 0
0.0357 1099 6 0
0.0362 1097 126 0
0.0362 1100 41 0
0.0364 1098 30 0
0.0365 1100 74 0
0.0367 1100 44 0
0.0369 1098 30 0
0.0372 1098 30 0
0.0376 1098 30 0
0.0378 1101 34 0
0.0380 1097 39 0
0.0383 1101 34 0
0.0387 1100 13 0
0.0390 1100 13 0
0.0391 1099 53 0
0.0397 1097 0 0
0.0400 1100 85 0
0.0410 1101 34 0
0.0413 1097 0 0
0.0414 1101 109 0
0.0416 1100 85 0
0.0420 1100 64 0
0.0434 1100 39 0
0.0436 1097 13 0
0.0439 1097 126 0
0.0445 1102 39 0
0.0445 1098 21 0
0.0448 1100 86 0
0.0451 1097 13 0
0.0459 1101 87 0
0.0463 1097 18 0
0.0474 1101 14 0
0.0482 1099 39 0
0.0484 1100 13 0
0.0486 1099 611 0
0.0488 1101 34 0
0.0499 1099 65 0
0.0500 1099 76 0
0.1000 1102 106 0
0.1500 1102 215 0
0.2000 1102 826 0
0.2499 1102 862 0
0.2999 1102 901 0
0.3500 1102 975 0
0.4000 1102 1022 0
0.4500 1102 1056 0
0.5000 1102 1143 0
0.5500 1102 1156 0
0.6000 1102 1177 0
0.6500 1102 1213 0
0.7001 1102 1227 0
0.7500 1102 1388 0
0.8000 1102 1388 0
0.8500 1103 1437 0
0.9000 1103 1446 0
0.9501 1103 1459 0
1.0000 1103 1483 0
