5139
0.00011542012927054478 956.1600877192982 183.908702677747
0.00023084025854108956 1489.4177992108723 316.64971503726434
0.00034626038781163435 1969.225988700565 551.8719397363465
0.0004616805170821791 2339.311077389985 727.7071320182094
0.0005771006463527239 2607.6147368421052 882.4231578947368
0.0006925207756232687 2816.855421686747 946.5692771084338
0.0008079409048938135 2940.875912408759 946.7153284671533
0.0009233610341643582 3099.5882352941176 1180.1085972850678
0.001038781163434903 3263.9827586206898 1382.9310344827586
0.0011542012927054479 3336.6516129032257 1589.425806451613
0.0012696214219759926 3491.422818791946 2095.758389261745
0.0013850415512465374 3623.6693548387098 1930.8064516129032
0.0015004616805170822 3654.2843137254904 1972.078431372549
0.001615881809787627 3749.5148514851485 2287.2475247524753
0.0017313019390581717 3823.6739130434785 2234.9565217391305
0.0018467220683287165 3870.7764705882355 2308.4117647058824
0.0019621421975992612 4001.9736842105262 2439.6184210526317
0.002077562326869806 4030.9384615384615 2703.123076923077
0.0021929824561403508 4042.985294117647 2553.0882352941176
0.0023084025854108957 4089.2096774193546 2834.4032258064517
0.0024238227146814403 4046.6666666666665 2764.2631578947367
0.0025392428439519853 4143.821428571428 2893.8035714285716
0.00265466297322253 4168.923076923077 3683.8653846153848
0.002770083102493075 4265.065217391304 3688.7608695652175
0.0028855032317636198 4252.133333333333 3432.288888888889
0.0030009233610341643 4239.809523809524 3776.8571428571427
0.0031163434903047093 4313.075 3653.275
0.003231763619575254 4243.451612903225 3455.8709677419356
0.003347183748845799 4293.315789473684 4070.9473684210525
0.0034626038781163434 4347.088235294118 3949.5
0.0035780240073868884 4341.142857142857 3934.214285714286
0.003693444136657433 4442.064516129032 4408.193548387097
0.003808864265927978 4439.107142857143 4938.607142857143
0.0039242843951985225 4376.0 4176.347826086957
0.004039704524469067 4355.04 3589.6
0.004155124653739612 4422.576923076923 4617.7307692307695
0.004270544783010157 4420.884615384615 3964.4615384615386
0.0043859649122807015 4534.416666666667 6023.541666666667
0.004501385041551247 4516.045454545455 6004.0
0.0046168051708217915 4475.6 5649.2
0.004732225300092336 4598.571428571428 6434.666666666667
0.004847645429362881 4568.9 6621.8
0.004963065558633426 4544.4375 5399.625
0.0050784856879039705 4493.142857142857 5432.714285714285
0.005193905817174515 4483.105263157895 5418.1578947368425
0.00530932594644506 4537.0 5931.611111111111
0.005424746075715605 4566.5 5935.222222222223
0.00554016620498615 4595.153846153846 5868.461538461538
0.005655586334256694 4609.294117647059 6510.117647058823
0.0057710064635272396 4535.4 6452.0
0.005886426592797784 4557.555555555556 7144.888888888889
0.006001846722068329 4532.1 5946.4
0.006117266851338873 4605.2 7893.1
0.006232686980609419 4590.933333333333 6169.133333333333
0.006348107109879963 4587.125 7388.625
0.006463527239150508 4689.25 11658.083333333334
0.006578947368421052 4624.928571428572 10307.142857142857
0.006694367497691598 4706.333333333333 10329.416666666666
0.006809787626962142 4689.538461538462 7828.153846153846
0.006925207756232687 4682.933333333333 11410.266666666666
0.007040627885503232 4734.363636363636 17308.090909090908
0.007156048014773777 4697.545454545455 13035.545454545454
0.007271468144044321 4679.181818181818 12820.727272727272
0.007386888273314866 4693.166666666667 13892.583333333334
0.007502308402585411 4697.666666666667 8712.333333333334
0.007617728531855956 4740.8 14626.6
0.0077331486611265 4710.6 8947.4
0.007848568790397045 4650.111111111111 7723.666666666667
0.00796398891966759 4682.0 13848.636363636364
0.008079409048938134 4715.142857142857 18635.0
0.00819482917820868 4687.888888888889 15395.444444444445
0.008310249307479225 4700.714285714285 8110.0
0.008425669436749769 4764.25 26447.75
0.008541089566020314 4765.166666666667 12352.166666666666
0.00865650969529086 4714.333333333333 7910.333333333333
0.008771929824561403 4809.454545454545 19037.18181818182
0.008887349953831948 4782.0 17298.25
0.009002770083102494 4808.142857142857 21603.14285714286
0.009118190212373038 4768.8 10382.9
0.009233610341643583 4809.454545454545 17227.272727272728
0.009349030470914127 4869.875 24092.875
0.009464450600184672 4806.666666666667 12619.5
0.009579870729455217 4785.666666666667 12904.0
0.009695290858725761 4842.0 13878.875
0.009810710987996307 4863.666666666667 14684.0
0.009926131117266852 4879.666666666667 23226.333333333332
0.010041551246537396 4810.0 20436.0
0.010156971375807941 4850.0 19779.0
0.010272391505078486 4874.0 13465.666666666666
0.01038781163434903 4835.666666666667 15916.333333333334
0.010503231763619576 4907.0 12609.0
0.01061865189289012 4878.5 12593.0
0.010734072022160665 4744.0 9643.5
0.01084949215143121 4714.0 7787.5
0.010964912280701754 4780.833333333333 11390.666666666666
0.0110803324099723 4777.8 11851.8
0.011195752539242845 4756.285714285715 11158.0
0.011311172668513388 4548.0 3699.0
0.011426592797783934 4769.333333333333 10577.666666666666
0.011542012927054479 4759.2 9831.0
0.011657433056325023 4766.8 12957.8
0.011772853185595568 4839.0 16090.0
0.011888273314866112 4834.0 15260.2
0.012003693444136657 4874.0 14469.8
0.012119113573407203 4822.4 12889.6
0.012234533702677746 4816.166666666667 14229.0
0.012349953831948292 4822.166666666667 15616.166666666666
0.012465373961218837 4883.0 16914.333333333332
0.012580794090489381 4853.75 19212.5
0.012696214219759926 4861.857142857143 15997.285714285714
0.012811634349030472 4845.0 14369.6
0.012927054478301015 4846.0 16386.333333333332
0.01304247460757156 4867.666666666667 19454.333333333332
0.013157894736842105 4859.25 17353.5
0.01327331486611265 4886.5 24416.833333333332
0.013388734995383195 4824.0 17362.333333333332
0.013504155124653739 4773.5 12800.0
0.013619575253924284 4824.5 13268.0
0.01373499538319483 4826.0 20757.0
0.013850415512465374 4882.333333333333 15086.333333333334
0.013965835641735919 4816.0 13086.0
0.014081255771006464 4910.5 20290.75
0.014196675900277008 4850.0 22935.5
0.014312096029547553 4864.125 17101.5
0.014427516158818097 4889.333333333333 15763.333333333334
0.014542936288088643 4887.666666666667 23573.0
0.014658356417359188 4873.428571428572 22747.85714285714
0.014773776546629732 4880.333333333333 27283.666666666668
0.014889196675900277 4925.25 45949.25
0.015004616805170823 4871.4 37459.8
0.015120036934441366 4869.8 16826.4
0.015235457063711912 4879.0 19422.0
0.015350877192982455 4875.75 21750.75
0.015466297322253 4845.333333333333 16991.0
0.015581717451523546 4876.25 22539.5
0.01569713758079409 4859.0 18286.0
0.015812557710064637 4851.5 13179.5
0.01592797783933518 4874.333333333333 12709.0
0.016043397968605724 4791.0 7577.0
0.016158818097876268 4928.5 24715.0
0.016274238227146815 4902.333333333333 20392.666666666668
0.01638965835641736 4930.0 19354.0
0.01662049861495845 4889.0 28227.0
0.016735918744228993 4889.0 28229.0
0.016851338873499537 4927.0 44869.5
0.016966759002770084 4896.857142857143 24727.571428571428
0.017082179132040628 4905.166666666667 26281.5
0.01719759926131117 4889.666666666667 17653.333333333332
0.01731301939058172 4925.333333333333 33913.333333333336
0.017428439519852262 4888.0 32533.666666666668
0.017543859649122806 4881.5 19971.0
0.017659279778393353 4860.0 12516.0
0.017774699907663897 4849.0 19509.0
0.01789012003693444 4877.5 26015.0
0.018005540166204988 4897.0 19039.0
0.01812096029547553 4921.0 11967.0
0.018236380424746075 4932.0 19506.0
0.018351800554016622 4907.0 40421.0
0.018467220683287166 4913.0 36426.0
0.01858264081255771 4899.5 31373.75
0.018698060941828253 4917.666666666667 27416.666666666668
0.0188134810710988 4846.5 11871.0
0.018928901200369344 4925.0 12192.0
0.019044321329639888 4925.0 12201.0
0.019159741458910435 4926.0 12223.0
0.01927516158818098 4954.5 26694.5
0.019390581717451522 4983.0 41143.0
0.019621421975992613 4902.0 17479.0
0.019736842105263157 4936.0 37512.0
0.019852262234533704 4903.0 17624.0
0.019967682363804248 4899.0 12893.666666666666
0.02008310249307479 4944.0 42385.5
0.02019852262234534 4930.0 12499.0
0.020313942751615882 4930.0 12520.0
0.020429362880886426 4946.5 42511.0
0.020544783010156973 4957.0 39856.0
0.020660203139427517 4945.0 40503.333333333336
0.02077562326869806 4985.0 67387.0
0.020891043397968604 4962.5 52607.0
0.021121883656509695 4936.5 36339.0
0.02123730378578024 4986.0 68498.0
0.021352723915050786 4915.0 19038.0
0.021583564173591873 4947.333333333333 41839.333333333336
0.02169898430286242 4941.0 37926.0
0.022506925207756233 4917.0 19648.0
0.022622345337026777 4933.5 32015.0
0.022737765466297324 4968.0 43936.0
0.022853185595567867 4909.666666666667 27124.0
0.02296860572483841 4934.5 32090.5
0.023084025854108958 4977.0 36270.0
0.023314866112650046 4864.0 17389.0
0.02343028624192059 4924.5 23693.5
0.023545706371191136 4864.0 17392.0
0.023776546629732224 4875.0 19584.0
0.024238227146814405 4879.0 19705.0
0.024469067405355493 4885.0 20076.0
0.02458448753462604 4885.0 20082.0
0.024699907663896584 4885.0 20082.0
0.02527700831024931 4922.0 18024.0
0.025392428439519853 4922.0 19184.0
0.025507848568790396 4986.0 36808.0
0.025623268698060944 4986.0 36818.0
0.02585410895660203 4988.0 37656.0
0.025969529085872575 4979.666666666667 28803.666666666668
0.02608494921514312 4989.0 37656.0
0.026200369344413665 4994.0 34131.0
0.02631578947368421 4976.5 24825.5
0.0265466297322253 4959.0 15428.0
0.026662049861495844 4930.0 22168.0
0.02677746999076639 4916.0 25681.0
0.026892890120036934 4940.0 20731.5
0.027008310249307478 4947.0 23333.0
0.027123730378578025 4941.0 21242.0
0.02723915050784857 4948.5 23659.0
0.027354570637119113 4940.0 21034.0
0.027816251154201294 5004.0 76136.0
0.027931671283471838 5004.0 76136.0
0.02804709141274238 5004.0 76142.0
0.028393351800554016 5005.0 76239.0
0.02850877192982456 5005.0 76258.0
0.02873961218836565 5005.0 78508.0
0.029085872576177285 4994.0 40561.0
0.02920129270544783 4995.0 40704.0
0.029316712834718376 4966.0 25522.0
0.03012465373961219 4968.0 25996.0
0.030240073868882732 5007.0 79012.0
0.030470914127423823 4998.25 50895.25
0.03070175438596491 4929.0 31392.0
0.030817174515235458 4995.0 42049.0
0.031048014773776545 5002.5 63611.5
0.031163434903047092 4996.0 48032.0
0.031278855032317636 4972.0 26412.0
0.03139427516158818 4999.0 52672.0
0.03150969529085872 4999.0 52694.0
0.031625115420129274 4986.0 41383.5
0.03174053554939982 4974.333333333333 35614.333333333336
0.03185595567867036 4965.0 25994.5
0.031971375807940905 4985.0 30823.0
0.03208679593721145 4986.0 30899.0
0.03277931671283472 4984.0 36265.0
0.033010156971375805 4984.0 36333.0
0.0332409972299169 4969.5 31576.0
0.03335641735918744 4985.0 36350.0
0.03347183748845799 5029.0 59201.0
0.03358725761772853 5029.0 59483.0
0.033702677746999074 5029.0 59483.0
0.033818097876269625 5029.0 59543.0
0.03393351800554017 5008.0 48576.5
0.034164358264081256 5029.0 60066.0
0.0342797783933518 5029.0 60089.0
0.03439519852262234 5029.0 60089.0
0.03451061865189289 5008.5 48668.5
0.03462603878116344 5029.0 60100.0
0.03474145891043398 5000.0 44566.0
0.034856879039704525 5016.0 49581.0
0.03497229916897507 4993.5 39458.5
0.03508771929824561 5030.0 60428.0
0.035203139427516156 4980.5 34947.0
0.035318559556786706 4962.0 36445.5
0.03543397968605725 4990.0 40898.0
0.035549399815327794 4994.0 41713.5
0.03566481994459834 5006.333333333333 55105.666666666664
0.03578024007386888 4997.0 63175.0
0.035895660203139425 4997.0 63175.0
0.03612650046168052 5031.0 62200.0
0.03624192059095106 5001.0 45666.0
0.036357340720221606 4981.666666666667 41547.666666666664
0.03647276084949215 5034.0 62942.0
0.036588180978762694 4971.0 29308.0
0.036703601108033244 4994.0 42136.0
0.03716528162511542 4998.0 71263.0
0.03728070175438596 4999.5 57208.5
0.037396121883656507 4958.5 37275.0
0.03751154201292706 4944.0 33648.0
0.0376269621421976 4944.0 33660.0
0.037742382271468145 4971.0 29727.0
0.03785780240073869 4971.0 29727.0
0.0386657433056325 5016.0 63728.0
0.038781163434903045 5016.0 64035.0
0.038896583564173595 5016.0 64039.0
0.03901200369344414 5019.0 64039.0
0.03912742382271468 5015.5 70081.5
0.039242843951985226 5019.0 64040.0
0.03935826408125577 5020.0 64285.0
0.039473684210526314 5012.0 76411.0
0.03958910433979686 5006.5 61091.5
0.03970452446906741 5016.5 70390.0
0.03981994459833795 5013.0 63514.666666666664
0.039935364727608495 5020.0 64375.0
0.04005078485687904 5009.5 64723.5
0.040281625115420126 5017.0 78167.0
0.04039704524469068 5003.0 51696.0
0.04051246537396122 5003.0 51696.0
0.04074330563250231 5017.0 78189.0
0.04085872576177285 5018.0 78319.0
0.040974145891043395 5018.0 78543.0
0.041089566020313946 5038.0 66446.0
0.04120498614958449 5038.0 66977.0
0.04132040627885503 5024.0 60783.0
0.04143582640812558 5012.0 55289.0
0.04155124653739612 5017.0 51698.0
0.041666666666666664 5020.666666666667 57029.0
0.04178208679593721 5012.0 55526.0
0.04189750692520776 5013.0 56865.0
0.0420129270544783 5013.0 56866.0
0.042128347183748846 4996.0 36421.0
0.04224376731301939 4994.5 41569.0
0.04235918744228993 4983.0 39739.0
0.04247460757156048 4993.0 46724.0
0.04259002770083103 5002.0 41121.5
0.04270544783010157 5014.0 57205.0
0.042820867959372115 5014.0 57211.0
0.04293628808864266 5018.5 53212.5
0.0430517082179132 5018.5 53237.5
0.0432825484764543 5040.0 70802.0
0.04374422899353647 4999.0 36716.0
0.0443213296398892 5001.0 36918.0
0.04443674976915974 5013.0 36611.0
0.044552169898430284 5002.0 49688.0
0.04466759002770083 5002.0 49688.0
0.04662973222530009 5011.0 52364.0
0.046745152354570635 5011.0 52364.0
0.04732225300092336 5012.0 54319.0
0.047437673130193904 5012.0 54401.0
0.04778393351800554 5012.0 54854.0
0.047899353647276086 5012.0 54873.0
0.04801477377654663 5012.0 54873.0
0.049284395198522624 5037.0 98697.0
0.04939981532779317 5037.0 98697.0
0.04951523545706371 5037.0 98697.0
0.049630655586334255 5037.0 98698.0
0.0497460757156048 5030.5 72956.5
0.04997691597414589 5037.0 99024.0
0.05055401662049862 5012.0 56858.0
0.050784856879039705 5012.0 56858.0
0.05090027700831025 5012.0 56875.0
0.05101569713758079 5025.0 48223.0
0.05124653739612189 5012.0 57043.0
0.05136195752539243 5024.0 64930.0
0.051477377654662974 5024.0 65194.0
0.0520544783010157 5038.0 106465.0
0.05286241920590951 5039.0 107179.0
0.05332409972299169 5028.0 66807.0
0.05355493998153278 5025.5 54469.5
0.053670360110803325 5032.666666666667 68130.0
0.05378578024007387 5037.5 81835.0
0.05390120036934441 5030.0 68810.0
0.054016620498614956 5027.0 54846.0
0.05424746075715605 5040.0 107319.0
0.054362880886426594 5038.5 82018.0
0.05447830101569714 5045.0 94995.0
0.054709141274238225 5044.0 112390.0
0.05482456140350877 5034.0 70776.0
0.05493998153277932 5044.0 112401.0
0.05505540166204986 5038.0 71390.0
0.05517082179132041 5044.0 112401.0
0.055401662049861494 5038.0 72829.0
0.05620960295475531 5038.0 72860.0
0.05840258541089566 5038.5 66946.0
0.05851800554016621 5038.5 66946.0
0.05863342566943675 5038.5 67324.5
0.05909510618651893 5040.0 60371.0
0.05921052631578947 5040.0 60379.0
0.05955678670360111 5040.0 61667.0
0.05967220683287165 5040.0 61667.0
0.059787626962142196 5045.0 80041.5
0.061172668513388734 5044.0 63215.0
0.06128808864265928 5046.0 65727.0
0.06209602954755309 5035.5 80361.5
0.06221144967682364 5039.0 113515.0
0.06244228993536473 5039.0 113998.0
0.06255771006463527 5040.0 114377.0
0.0629039704524469 5043.0 115726.0
0.06313481071098799 5052.0 107856.0
0.06451985226223453 5039.0 95137.0
0.06463527239150507 5039.0 95138.0
0.06475069252077563 5039.0 95138.0
0.06544321329639889 5039.0 96343.0
0.06636657433056325 5047.0 82849.0
0.06671283471837489 5047.0 82959.0
0.06682825484764543 5047.0 82959.0
0.06694367497691597 5047.0 82959.0
0.06717451523545706 5049.0 83249.0
0.0672899353647276 5049.0 83259.0
0.06740535549399815 5049.0 83342.0
0.06798245614035088 5050.0 83536.0
0.06809787626962142 5052.0 83739.0
0.06832871652816251 5040.0 97940.0
0.06844413665743306 5046.0 91654.0
0.0685595567867036 5046.0 91675.0
0.06867497691597414 5040.0 98141.0
0.06902123730378577 5040.0 98174.0
0.06936749769159742 5046.0 92090.0
0.06948291782086796 5040.0 98178.0
0.0695983379501385 5052.0 86619.0
0.0698291782086796 5046.0 92451.0
0.06994459833795014 5046.0 92463.0
0.07017543859649122 5052.0 92155.0
0.07029085872576177 5052.0 92163.0
0.07040627885503231 5046.0 95253.5
0.07052169898430287 5052.0 92191.0
0.07063711911357341 5046.0 95406.0
0.07075253924284396 5052.0 92507.0
0.0708679593721145 5052.0 92533.0
0.07132963988919667 5042.0 98347.0
0.0719067405355494 5056.0 122825.0
0.07202216066481995 5056.0 124954.0
0.0721375807940905 5056.0 124984.0
0.07259926131117267 5054.0 96970.0
0.07271468144044321 5054.0 96970.0
0.07283010156971376 5054.0 96970.0
0.0729455216989843 5054.0 97003.0
0.07329178208679593 5054.0 97068.0
0.07340720221606649 5056.0 98535.0
0.07375346260387812 5056.0 99735.0
0.07386888273314866 5057.5 114262.0
0.07398430286241921 5056.0 99735.0
0.07409972299168975 5057.5 114290.0
0.0742151431209603 5057.5 114290.0
0.07433056325023084 5056.0 99739.0
0.07444598337950138 5056.0 99739.0
0.0752539242843952 5059.0 130225.0
0.07560018467220683 5059.0 130263.0
0.07571560480147738 5059.0 130263.0
0.07617728531855955 5052.0 110759.0
0.07779316712834719 5058.0 101141.0
0.07802400738688828 5058.0 101141.0
0.07813942751615882 5058.0 101795.0
0.07837026777469991 5058.0 102553.0
0.07906278855032317 5060.0 103796.0
0.07975530932594645 5060.0 103895.0
0.08448753462603878 5060.0 107011.0
0.08460295475530932 5060.0 107027.0
0.08471837488457987 5060.0 107027.0
0.08506463527239151 5061.0 107411.0
0.0852954755309326 5061.0 107411.0
0.08541089566020314 5061.0 107448.0
0.08587257617728532 5062.0 107631.0
0.08598799630655586 5059.5 133710.0
0.0861034164358264 5057.0 159783.0
0.08621883656509695 5057.0 159873.0
0.08633425669436749 5059.5 134015.0
0.08644967682363804 5057.0 160150.0
0.08668051708217914 5062.0 108046.0
0.08679593721144968 5060.0 134317.0
0.08691135734072022 5062.0 108050.0
0.08702677746999077 5060.0 134321.5
0.08714219759926131 5058.0 160595.0
0.08725761772853186 5060.0 134468.5
0.08748845798707294 5058.0 160911.0
0.08771929824561403 5058.0 160934.0
0.08783471837488457 5058.0 160941.0
0.08795013850415513 5062.0 108506.0
0.08806555863342568 5062.0 108506.0
0.08818097876269622 5062.0 108526.0
0.08829639889196676 5058.0 161280.0
0.08852723915050785 5062.0 108690.0
0.0886426592797784 5062.0 108719.0
0.08875807940904894 5062.0 108719.0
0.08910433979686057 5062.0 108741.0
0.08921975992613111 5062.0 109325.0
0.09337488457987073 5065.0 129672.0
0.094067405355494 5065.0 129915.0
0.09429824561403509 5065.0 129929.0
0.09556786703601108 5066.0 130322.0
0.09568328716528163 5066.0 130434.0
0.09579870729455217 5066.0 130451.0
0.09591412742382271 5066.0 131662.0
0.09602954755309326 5066.0 131662.0
0.09660664819944598 5066.0 131787.0
0.09672206832871653 5070.0 132460.0
0.09810710987996306 5061.0 175986.0
0.0997229916897507 5061.0 176536.0
0.09983841181902124 5061.0 176536.0
0.09995383194829179 5061.0 176538.0
0.10006925207756233 5061.0 176538.0
0.10018467220683287 5061.0 176566.0
0.10191597414589104 5062.0 181053.0
0.1028393351800554 5064.0 181644.0
0.10295475530932595 5067.0 133408.0
0.10307017543859649 5067.0 133412.0
0.10330101569713758 5067.0 133431.0
0.10341643582640812 5067.0 133461.0
0.1038781163434903 5067.0 133854.0
0.10480147737765466 5068.0 134519.0
0.10514773776546629 5069.0 134581.0
0.10526315789473684 5069.0 135154.0
0.1053785780240074 5069.0 135162.0
0.10768698060941828 5069.0 140792.0
0.10803324099722991 5069.0 140792.0
0.10837950138504156 5066.0 187286.0
0.10884118190212373 5066.0 188108.0
0.10895660203139428 5066.0 188108.0
0.10907202216066482 5066.0 189102.0
0.10918744228993536 5066.0 189105.0
0.10941828254847645 5066.0 189112.0
0.109533702677747 5066.0 189142.0
0.11114958448753462 5068.0 160674.0
0.11172668513388735 5076.0 213212.0
0.1118421052631579 5066.0 190287.0
0.11311172668513389 5066.0 191439.0
0.11357340720221606 5068.0 162101.0
0.11368882733148661 5068.0 162102.0
0.11380424746075715 5068.0 162105.0
0.1139196675900277 5068.0 162107.0
0.11438134810710988 5066.0 191487.0
0.1149584487534626 5071.0 149963.0
0.11530470914127423 5071.0 149986.0
0.11542012927054478 5069.0 170967.0
0.11553554939981532 5067.0 191948.0
0.11576638965835642 5067.0 191948.0
0.11599722991689751 5067.0 193534.0
0.11611265004616805 5069.0 171894.5
0.1162280701754386 5069.0 171900.5
0.11634349030470914 5071.0 150173.0
0.11657433056325023 5067.0 193630.0
0.11668975069252077 5067.0 193642.0
0.11680517082179132 5067.0 193877.0
0.11692059095106186 5067.0 193877.0
0.11703601108033242 5067.0 193880.0
0.11715143120960296 5069.0 172527.5
0.1172668513388735 5067.0 193881.0
0.11738227146814405 5067.0 193886.0
0.11749769159741459 5067.0 193905.0
0.11761311172668514 5067.0 193905.0
0.1183056325023084 5069.0 164229.0
0.11842105263157894 5069.0 164239.0
0.11911357340720222 5071.0 174155.0
0.1193444136657433 5071.0 177923.0
0.11945983379501385 5071.0 177923.0
0.12707756232686981 5075.0 167685.0
0.12719298245614036 5076.0 168475.0
0.1273084025854109 5076.0 168541.0
0.12742382271468145 5076.0 168543.0
0.127539242843952 5076.0 168702.0
0.12765466297322253 5076.0 168703.0
0.1306555863342567 5073.0 202043.0
0.13077100646352724 5073.0 202043.0
0.13088642659279778 5077.5 222359.5
0.13123268698060941 5073.0 202186.0
0.13215604801477376 5077.0 170916.0
0.13227146814404434 5077.0 170916.0
0.13365650969529086 5078.0 171724.0
0.1337719298245614 5078.0 171724.0
0.13411819021237303 5078.0 171749.0
0.13423361034164358 5078.0 171807.0
0.13434903047091412 5085.0 244775.0
0.13446445060018467 5085.0 244776.0
0.13515697137580793 5085.0 247064.0
0.13584949215143122 5085.0 247082.0
0.1360803324099723 5085.0 247319.0
0.13619575253924285 5085.0 247524.0
0.13700369344413665 5078.0 235048.0
0.13734995383194828 5078.0 235386.0
0.13746537396121883 5078.0 235386.0
0.13758079409048937 5086.0 269986.0
0.13769621421975992 5082.0 252718.0
0.13781163434903046 5086.0 270082.0
0.13804247460757155 5086.0 270142.0
0.13815789473684212 5078.0 235452.0
0.13873499538319484 5080.0 176656.0
0.13885041551246538 5080.0 176694.0
0.1435826408125577 5090.0 280029.0
0.14392890120036936 5090.0 280111.0
0.1440443213296399 5090.0 280111.0
0.14554478301015697 5074.0 212630.0
0.14577562326869806 5074.0 212806.0
0.1458910433979686 5077.5 214356.0
0.14600646352723914 5081.0 215964.0
0.1461218836565097 5077.5 214456.5
0.14623730378578023 5077.5 214522.0
0.14635272391505078 5077.5 214526.5
0.14646814404432132 5078.0 216924.0
0.14658356417359186 5075.0 217662.0
0.1473915050784857 5079.0 244876.0
0.1481994459833795 5079.0 247539.0
0.14866112650046168 5079.0 247758.0
0.14877654662973222 5079.0 247765.0
0.14912280701754385 5084.5 265176.0
0.1492382271468144 5090.0 282461.0
0.14946906740535548 5090.0 282557.0
0.14958448753462603 5090.0 282654.0
0.1538550323176362 5083.0 224207.0
0.15408587257617729 5083.0 224207.0
0.15420129270544783 5083.0 224207.0
0.15570175438596492 5094.0 285093.0
0.15627885503231764 5094.0 285158.0
0.15662511542012927 5094.0 285214.0
0.15674053554939982 5094.0 285214.0
0.15789473684210525 5094.0 285467.0
0.15824099722991689 5078.0 222570.0
0.15835641735918743 5086.0 254172.5
0.158471837488458 5094.0 285774.0
0.15858725761772854 5078.0 222579.0
0.15893351800554018 5078.0 222905.0
0.15904893813481072 5078.0 222908.0
0.15916435826408126 5094.0 285784.0
0.1592797783933518 5094.0 286297.0
0.15997229916897507 5088.5 257371.0
0.1600877192982456 5094.0 286320.0
0.16020313942751616 5094.0 286320.0
0.1603185595567867 5094.0 286320.0
0.16043397968605724 5094.0 286338.0
0.1605493998153278 5094.0 287600.0
0.16147276084949216 5095.0 332069.0
0.16204986149584488 5095.0 333470.0
0.1642428439519852 5081.0 252907.0
0.16435826408125578 5083.0 228927.0
0.16447368421052633 5083.0 229024.0
0.16458910433979687 5083.0 229029.0
0.16470452446906741 5083.0 229222.0
0.1649353647276085 5083.0 229231.0
0.16505078485687905 5083.0 229252.0
0.16528162511542013 5083.0 229291.0
0.16539704524469068 5083.0 229327.0
0.16551246537396122 5083.0 229327.0
0.16862880886426593 5083.0 267990.0
0.16943674976915973 5083.0 268844.0
0.1698984302862419 5084.0 268844.0
0.17001385041551245 5084.0 268860.0
0.17012927054478302 5084.0 268860.0
0.17024469067405357 5083.5 250147.0
0.1703601108033241 5083.0 231434.0
0.17047553093259465 5083.0 231554.0
0.17105263157894737 5085.5 250378.0
0.17151431209602955 5083.0 231755.0
0.1716297322253001 5088.0 269118.0
0.17174515235457063 5088.0 269122.0
0.17197599261311172 5083.0 231767.0
0.1722068328716528 5085.5 250542.0
0.17232225300092335 5088.0 269302.0
0.1724376731301939 5088.0 269302.0
0.17416897506925208 5083.0 232047.0
0.17428439519852262 5083.0 232047.0
0.17636195752539244 5083.0 232759.0
0.1770544783010157 5083.0 232785.0
0.17716989843028624 5083.0 232816.0
0.1772853185595568 5083.0 233190.0
0.17832409972299168 5083.0 234080.0
0.1791320406278855 5083.0 234441.0
0.17924746075715606 5083.0 234441.0
0.17993998153277932 5083.0 236465.0
0.18386426592797783 5083.0 239234.0
0.18628808864265928 5080.0 253862.0
0.18640350877192982 5080.0 253862.0
0.1866343490304709 5080.0 254222.0
0.18732686980609417 5080.0 254531.0
0.188134810710988 5080.0 254634.0
0.18825023084025855 5080.0 254634.0
0.19182825484764543 5082.0 256810.0
0.19194367497691597 5082.0 256831.0
0.19205909510618652 5082.0 256849.0
0.19298245614035087 5082.0 259920.0
0.19321329639889195 5082.0 259920.0
0.19332871652816253 5083.0 260231.0
0.19344413665743307 5083.0 260332.0
0.19390581717451524 5083.0 260417.0
0.1940212373037858 5083.0 260417.0
0.19448291782086796 5083.0 260490.0
0.1948291782086796 5083.0 260503.0
0.20406278855032317 5086.0 270864.0
0.20429362880886426 5086.0 270865.0
0.2044090489381348 5086.0 270865.0
0.20452446906740535 5086.0 270865.0
0.20764081255771005 5091.0 294955.0
0.20810249307479226 5091.0 302830.0
0.234533702677747 5098.0 316510.0
0.23568790397045244 5099.0 341273.0
0.2363804247460757 5099.0 342005.0
0.2504616805170822 5096.0 338906.0
0.2531163434903047 5096.0 352478.0
0.25680978762696216 5097.0 367751.0
0.2659279778393352 5098.0 379604.0
0.3459141274238227 5108.0 572704.0
0.3541089566020314 5109.0 603034.0
0.355724838411819 5109.0 604342.0
0.3605724838411819 5109.0 628903.0
0.37765466297322253 5109.0 592816.0
0.3812326869806094 5109.0 645524.0
0.38596491228070173 5110.0 658564.0
0.6223453370267775 5126.0 1000569.0
1.0 5139.0 1593385.0
