11357210
0.0001 2591 0 0
0.0001 3957 0 0
0.0002 6522 0 0
0.0003 8308 0 0
0.0003 10946 0 0
0.0004 12162 0 0
0.0005 13532 0 0
0.0006 15125 0 0
0.0006 16729 0 0
0.0007 17253 0 0
0.0008 19998 0 0
0.0008 22149 0 0
0.0009 22819 0 0
0.0010 23238 0 0
0.0010 24882 0 0
0.0011 26376 0 0
0.0012 29571 0 0
0.0012 30787 0 0
0.0013 29805 0 0
0.0014 30262 0 0
0.0015 34177 0 0
0.0015 33370 0 0
0.0016 36180 0 0
0.0017 38829 0 0
0.0017 38069 0 0
0.0018 39626 0 0
0.0019 43560 0 0
0.0019 39412 0 0
0.0020 42182 0 0
0.0021 43626 0 0
0.0021 40493 0 0
0.0022 39489 0 0
0.0023 42981 0 0
0.0024 46226 0 0
0.0024 48741 0 0
0.0025 48758 0 0
0.0026 51589 0 0
0.0026 51476 0 0
0.0027 54592 0 0
0.0028 56816 0 0
0.0028 57005 0 0
0.0029 55538 0 0
0.0030 54488 0 0
0.0030 59543 0 0
0.0031 61789 0 0
0.0032 64594 0 0
0.0033 67332 0 0
0.0033 72997 0 0
0.0034 76589 0 0
0.0035 63090 0 0
0.0035 64706 0 0
0.0036 71509 0 0
0.0037 70372 0 0
0.0037 76937 0 0
0.0038 68663 0 0
0.0039 69660 0 0
0.0039 71631 0 0
0.0040 77049 0 0
0.0041 72226 0 0
0.0042 81493 0 0
0.0042 79355 0 0
0.0043 68115 0 0
0.0044 80892 0 0
0.0044 76033 0 0
0.0045 81281 0 0
0.0046 75458 0 0
0.0046 89881 0 0
0.0047 80544 0 0
0.0048 74819 0 0
0.0048 82210 0 0
0.0049 95646 0 0
0.0050 83774 0 0
0.0051 110239 0 0
0.0051 72775 0 0
0.0052 92066 0 0
0.0053 88843 0 0
0.0053 86497 0 0
0.0054 111814 0 0
0.0055 99232 0 0
0.0055 108266 0 0
0.0056 103318 0 0
0.0057 113936 0 0
0.0057 104404 0 0
0.0058 101582 0 0
0.0059 116497 0 0
0.0060 100137 0 0
0.0060 92601 0 0
0.0061 88583 0 0
0.0062 120878 0 0
0.0062 103204 0 0
0.0063 127423 0 0
0.0064 110110 0 0
0.0064 128473 0 0
0.0065 178797 0 0
0.0066 158333 0 0
0.0067 124380 0 0
0.0067 206122 0 0
0.0068 148597 0 0
0.0069 119221 0 0
0.0069 82726 0 0
0.0070 127710 0 0
0.0071 133236 0 0
0.0071 87992 0 0
0.0072 134369 0 0
0.0073 95639 0 0
0.0073 124046 0 0
0.0074 157641 0 0
0.0075 103353 0 0
0.0076 121286 0 0
0.0076 137458 0 0
0.0077 187991 0 0
0.0078 126144 0 0
0.0078 144067 0 0
0.0079 177834 0 0
0.0080 243534 0 0
0.0080 163952 0 0
0.0081 116841 0 0
0.0082 87439 0 0
0.0082 136725 0 0
0.0083 153443 0 0
0.0084 141770 0 0
0.0085 159739 0 0
0.0086 189380 0 0
0.0087 97410 0 0
0.0088 141697 0 0
0.0089 191062 0 0
0.0089 179939 0 0
0.0090 141146 0 0
0.0091 134057 0 0
0.0092 150565 0 0
0.0093 103743 0 0
0.0094 134612 0 0
0.0094 183461 0 0
0.0095 137612 0 0
0.0096 139886 0 0
0.0097 168177 0 0
0.0100 146085 0 0
0.0100 212984 0 0
0.0101 166410 0 0
0.0103 186014 0 0
0.0103 254542 0 0
0.0105 229280 0 0
0.0105 235645 0 0
0.0106 152738 0 0
0.0107 231134 0 0
0.0108 153394 0 0
0.0109 144632 0 0
0.0111 314406 0 0
0.0112 200389 0 0
0.0114 214479 0 0
0.0114 272751 0 0
0.0115 187999 0 0
0.0116 426445 0 0
0.0116 229482 0 0
0.0117 412501 0 0
0.0118 294770 0 0
0.0120 229852 0 0
0.0123 234436 0 0
0.0123 198058 0 0
0.0125 337897 0 0
0.0125 173522 0 0
0.0129 200164 0 0
0.0130 237533 0 0
0.0132 176579 0 0
0.0136 240070 0 0
0.0137 267116 0 0
0.0138 335097 0 0
0.0140 334489 0 0
0.0142 178576 0 0
0.0143 479378 0 0
0.0150 495719 0 0
0.0152 230226 0 0
0.0153 291033 0 0
0.0154 236924 0 0
0.0155 383554 0 0
0.0157 267946 0 0
0.0158 449417 0 0
0.0159 573490 0 0
0.0160 335945 0 0
0.0161 314717 0 0
0.0164 295491 0 0
0.0167 390820 0 0
0.0170 396244 0 0
0.0170 444487 0 0
0.0173 531103 0 0
0.0174 315249 0 0
0.0176 307794 0 0
0.0181 407456 0 0
0.0183 438575 0 0
0.0188 289157 0 0
0.0189 534514 0 0
0.0190 551903 0 0
0.0196 381866 0 0
0.0199 423843 0 0
0.0203 298617 0 0
0.0208 408388 0 0
0.0210 609323 0 0
0.0211 282164 0 0
0.0215 450994 0 0
0.0217 414487 0 0
0.0220 349850 0 0
0.0222 484532 0 0
0.0224 680760 0 0
0.0226 537433 0 0
0.0229 356579 0 0
0.0230 517267 0 0
0.0231 419635 0 0
0.0233 395939 0 0
0.0236 380178 0 0
0.0238 687287 0 0
0.0240 350817 0 0
0.0242 470799 0 0
0.0242 458105 0 0
0.0245 634786 0 0
0.0247 586019 0 0
0.0249 483645 0 0
0.0256 535603 0 0
0.0260 627747 0 0
0.0263 539476 0 0
0.0266 428551 0 0
0.0269 554657 0 0
0.0273 741384 0 0
0.0274 562798 0 0
0.0277 480704 0 0
0.0283 591521 0 0
0.0285 484268 0 0
0.0288 499669 0 0
0.0290 636593 0 0
0.0290 612574 0 0
0.0293 475764 0 0
0.0304 726764 0 0
0.0310 770945 0 0
0.0312 554771 0 0
0.0318 634839 0 0
0.0324 653494 0 0
0.0326 839106 0 0
0.0332 550954 0 0
0.0333 588903 0 0
0.0337 485573 0 0
0.0346 848971 0 0
0.0353 625672 0 0
0.0355 717659 0 0
0.0356 805898 0 0
0.0360 535684 0 0
0.0361 590058 0 0
0.0362 572352 0 0
0.0366 601381 0 0
0.0368 944713 0 0
0.0369 650873 0 0
0.0371 618489 0 0
0.0378 922100 0 0
0.0389 773325 0 0
0.0391 629670 0 0
0.0392 724058 0 0
0.0393 737217 0 0
0.0396 723591 0 0
0.0397 961621 0 0
0.0399 559073 0 0
0.0408 665538 0 0
0.0412 832342 0 0
0.0432 656539 0 0
0.0434 761065 0 0
0.0437 644293 0 0
0.0442 647754 0 0
0.0451 889104 0 0
0.0454 748185 0 0
0.0456 667851 0 0
0.0462 905211 0 0
0.0481 734693 0 0
0.0499 884057 0 0
0.0500 897728 0 0
0.1000 1595622 0 0
0.1500 2056231 0 0
0.2000 2697190 0 0
0.2499 3300770 0 0
0.2999 4003016 0 0
0.3500 4661825 0 0
0.4000 5246009 0 0
0.4500 5752631 0 0
0.5000 6362004 0 0
0.5500 6976366 0 0
0.6000 7427435 0 0
0.6500 7837857 0 0
0.7000 8335557 0 0
0.7500 8735023 0 0
0.7999 9137297 0 0
0.8500 9572973 0 0
0.9000 10206282 0 0
0.9500 10830492 0 0
1.0000 11357210 0 0
