1231375
0.0001 1464 8 0
0.0001 2363 16 0
0.0002 3566 26 0
0.0003 4407 30 0
0.0003 5294 49 0
0.0004 5940 60 0
0.0005 6791 76 0
0.0006 7454 73 0
0.0006 7719 92 0
0.0007 8335 103 0
0.0008 8750 100 0
0.0008 9389 117 0
0.0009 9853 111 0
0.0010 10104 136 0
0.0010 10821 123 0
0.0011 12212 151 0
0.0012 12243 174 0
0.0012 12549 146 0
0.0013 12434 216 0
0.0014 12500 227 0
0.0015 13314 149 0
0.0015 14096 207 0
0.0016 14521 197 0
0.0017 14773 158 0
0.0017 15224 153 0
0.0018 15267 212 0
0.0019 15366 184 0
0.0019 16424 208 0
0.0020 16802 207 0
0.0021 17012 224 0
0.0021 17584 309 0
0.0022 17489 301 0
0.0023 17846 288 0
0.0024 17325 300 0
0.0024 17501 265 0
0.0025 19639 289 0
0.0026 18146 242 0
0.0026 19786 397 0
0.0027 18853 239 0
0.0028 21385 252 0
0.0028 20356 222 0
0.0029 20942 182 0
0.0030 19726 247 0
0.0030 20268 221 0
0.0031 20893 300 0
0.0032 21247 398 0
0.0033 23514 393 0
0.0033 23508 271 0
0.0034 23612 377 0
0.0035 24191 418 0
0.0035 23403 360 0
0.0036 24974 338 0
0.0037 23256 361 0
0.0037 23485 377 0
0.0038 21711 476 0
0.0039 26165 386 0
0.0039 22002 525 0
0.0040 23837 528 0
0.0041 25028 419 0
0.0042 33289 416 0
0.0042 26620 423 0
0.0043 32480 372 0
0.0044 23833 362 0
0.0044 25947 321 0
0.0045 32169 454 0
0.0046 25475 638 0
0.0046 25218 409 0
0.0047 32520 548 0
0.0048 26235 357 0
0.0048 29632 968 0
0.0049 34900 1103 0
0.0050 46289 548 0
0.0051 26498 442 0
0.0051 32770 1081 0
0.0052 26403 494 0
0.0053 28437 1091 0
0.0053 27978 551 0
0.0054 26109 731 0
0.0055 33637 808 0
0.0055 31103 786 0
0.0056 29773 778 0
0.0057 28006 1000 0
0.0057 28887 263 0
0.0058 32570 650 0
0.0059 29142 690 0
0.0060 34274 821 0
0.0060 31212 846 0
0.0061 27884 547 0
0.0062 28985 381 0
0.0062 31075 1041 0
0.0063 32965 625 0
0.0064 32014 592 0
0.0064 29116 801 0
0.0065 31337 1141 0
0.0066 29698 453 0
0.0067 33037 749 0
0.0067 30296 832 0
0.0068 31966 748 0
0.0069 26767 925 0
0.0069 31298 1188 0
0.0070 38210 1145 0
0.0071 35530 915 0
0.0071 35653 605 0
0.0072 41418 974 0
0.0073 35653 300 0
0.0073 41880 222 0
0.0075 42310 410 0
0.0076 34093 182 0
0.0076 38446 389 0
0.0077 40923 632 0
0.0078 46028 238 0
0.0078 44809 850 0
0.0079 33899 195 0
0.0080 44412 256 0
0.0080 46383 1883 0
0.0081 38228 281 0
0.0082 45695 180 0
0.0082 37492 331 0
0.0084 45395 1996 0
0.0085 35991 1770 0
0.0085 40764 1526 0
0.0086 36256 1770 0
0.0087 47052 1478 0
0.0088 56015 5963 0
0.0089 54528 4382 0
0.0089 50192 607 0
0.0090 39806 1529 0
0.0092 37755 1794 0
0.0093 40654 603 0
0.0094 50860 434 0
0.0095 36773 1598 0
0.0096 49885 1026 0
0.0096 41872 1317 0
0.0097 40920 1647 0
0.0098 57849 6017 0
0.0100 49289 1879 0
0.0101 47474 2361 0
0.0103 57398 4384 0
0.0103 45146 1163 0
0.0104 38839 453 0
0.0105 40290 191 0
0.0106 48619 354 0
0.0107 57450 283 0
0.0108 44304 1224 0
0.0109 51185 2132 0
0.0109 85507 3423 0
0.0113 54985 695 0
0.0114 46666 373 0
0.0115 72622 1905 0
0.0116 100457 1490 0
0.0116 71039 3625 0
0.0117 98359 884 0
0.0119 49000 1126 0
0.0121 38772 922 0
0.0122 66433 1369 0
0.0123 58365 1035 0
0.0128 54075 2286 0
0.0131 50720 894 0
0.0132 40120 1503 0
0.0136 54514 4894 0
0.0139 60080 2444 0
0.0141 58718 4894 0
0.0141 48774 940 0
0.0145 61314 1143 0
0.0146 66229 1636 0
0.0148 65059 1025 0
0.0150 85814 6991 0
0.0151 75733 1400 0
0.0152 59527 966 0
0.0154 151310 1158 0
0.0157 71033 990 0
0.0159 54447 466 0
0.0159 98623 5379 0
0.0160 65618 1585 0
0.0165 67777 2628 0
0.0166 62652 2511 0
0.0168 58885 1354 0
0.0168 74071 485 0
0.0170 84769 2177 0
0.0170 74766 1005 0
0.0173 79939 1457 0
0.0177 54595 2002 0
0.0180 75263 2652 0
0.0181 72232 1810 0
0.0182 68499 5548 0
0.0184 75186 2200 0
0.0186 165478 2484 0
0.0189 84658 2222 0
0.0190 81679 5642 0
0.0196 78097 2693 0
0.0197 84963 1527 0
0.0198 91580 2259 0
0.0202 108403 7785 0
0.0206 70319 2893 0
0.0207 82411 755 0
0.0210 83353 3989 0
0.0215 73804 2254 0
0.0215 124892 4017 0
0.0219 78270 1893 0
0.0220 79183 2203 0
0.0226 81931 2643 0
0.0227 62523 1293 0
0.0231 94461 3191 0
0.0233 68341 1817 0
0.0241 78140 2469 0
0.0242 105316 2910 0
0.0245 102171 2046 0
0.0247 72424 1625 0
0.0249 92378 4357 0
0.0250 80813 1850 0
0.0252 88383 4564 0
0.0253 101514 4624 0
0.0255 86121 2557 0
0.0259 123143 9168 0
0.0262 96350 2438 0
0.0263 106479 4641 0
0.0263 77159 1313 0
0.0264 92087 2437 0
0.0268 96692 3043 0
0.0270 105432 3147 0
0.0272 92047 3607 0
0.0273 95382 1263 0
0.0283 134554 4222 0
0.0283 97217 5998 0
0.0289 106079 2453 0
0.0290 92024 2033 0
0.0291 180517 2675 0
0.0292 112605 4719 0
0.0293 116949 3203 0
0.0298 106068 3525 0
0.0299 94871 2860 0
0.0299 103728 6040 0
0.0305 112429 3125 0
0.0307 113043 4123 0
0.0308 102112 1335 0
0.0310 86754 3346 0
0.0312 100866 2574 0
0.0314 96653 3240 0
0.0319 140523 9269 0
0.0320 99047 2247 0
0.0321 88746 1813 0
0.0324 116615 5647 0
0.0332 128220 4544 0
0.0335 112848 3022 0
0.0336 126655 4257 0
0.0343 108811 3244 0
0.0347 112494 7166 0
0.0348 126668 3265 0
0.0350 150919 9668 0
0.0351 104185 3802 0
0.0352 184481 9672 0
0.0353 94918 2265 0
0.0355 119111 3769 0
0.0356 101750 2250 0
0.0363 99656 3655 0
0.0366 110179 5240 0
0.0369 113461 1883 0
0.0376 135140 5719 0
0.0378 124754 2533 0
0.0380 117426 3870 0
0.0380 161488 10239 0
0.0384 163755 6934 0
0.0388 107323 3741 0
0.0390 110691 4021 0
0.0391 116349 4201 0
0.0393 207750 7059 0
0.0405 128980 5147 0
0.0409 126661 3170 0
0.0418 125395 4398 0
0.0425 137428 6226 0
0.0427 134374 3310 0
0.0428 115270 4220 0
0.0430 137406 5421 0
0.0432 132777 4098 0
0.0437 121941 5820 0
0.0441 141436 6318 0
0.0445 146358 4447 0
0.0449 127953 3272 0
0.0452 150450 4452 0
0.0454 137176 3459 0
0.0460 148813 3462 0
0.0461 145613 5478 0
0.0475 168945 4375 0
0.0499 147476 7045 0
0.0500 161595 6251 0
0.1000 260871 18906 0
0.1500 340089 22538 0
0.2000 399814 27462 0
0.2500 528492 34804 0
0.3000 570020 39372 0
0.3500 618444 47086 0
0.4000 680717 54226 0
0.4501 783128 66143 0
0.5001 823343 73806 0
0.5501 873420 78210 0
0.6001 917035 82441 0
0.6501 963028 89283 0
0.7001 996562 94128 0
0.7501 1040298 98627 0
0.8002 1076529 106866 0
0.8501 1106132 110527 0
0.9000 1139625 116240 0
0.9500 1175493 123766 0
1.0000 1231375 128208 0
