105
0.0001 76 8 0
0.0001 85 17 0
0.0002 89 27 0
0.0003 91 43 0
0.0003 93 46 0
0.0004 94 50 0
0.0005 95 66 0
0.0006 95 70 0
0.0006 96 67 0
0.0007 97 98 0
0.0008 97 95 0
0.0008 98 124 0
0.0009 98 95 0
0.0010 99 127 0
0.0010 99 108 0
0.0011 99 76 0
0.0012 100 147 0
0.0012 100 185 0
0.0013 100 160 0
0.0014 100 196 0
0.0015 100 203 0
0.0015 101 154 0
0.0016 100 222 0
0.0017 100 193 0
0.0017 101 234 0
0.0018 101 207 0
0.0019 101 391 0
0.0019 101 321 0
0.0020 101 269 0
0.0021 101 316 0
0.0021 101 275 0
0.0022 102 400 0
0.0023 102 181 0
0.0024 102 267 0
0.0024 102 245 0
0.0025 102 317 0
0.0026 102 459 0
0.0026 102 337 0
0.0027 102 295 0
0.0028 102 301 0
0.0028 102 182 0
0.0029 102 290 0
0.0030 102 379 0
0.0030 102 376 0
0.0031 102 326 0
0.0032 102 286 0
0.0033 102 312 0
0.0033 103 697 0
0.0034 102 598 0
0.0035 103 535 0
0.0035 103 349 0
0.0036 103 359 0
0.0037 103 681 0
0.0037 102 373 0
0.0038 102 336 0
0.0039 102 721 0
0.0039 102 652 0
0.0040 103 437 0
0.0041 103 306 0
0.0042 103 405 0
0.0042 103 718 0
0.0043 103 896 0
0.0044 103 764 0
0.0044 103 929 0
0.0045 103 528 0
0.0046 103 619 0
0.0046 103 262 0
0.0047 103 572 0
0.0048 103 478 0
0.0048 103 613 0
0.0049 103 892 0
0.0050 103 363 0
0.0051 102 405 0
0.0051 102 711 0
0.0052 103 1021 0
0.0053 103 1437 0
0.0053 103 1292 0
0.0054 102 1312 0
0.0055 103 616 0
0.0055 103 507 0
0.0056 103 787 0
0.0057 103 591 0
0.0057 102 300 0
0.0058 103 728 0
0.0059 103 705 0
0.0060 103 752 0
0.0060 103 1960 0
0.0061 103 532 0
0.0062 103 724 0
0.0062 103 862 0
0.0063 103 164 0
0.0064 102 684 0
0.0064 103 848 0
0.0065 103 644 0
0.0066 103 1334 0
0.0067 103 403 0
0.0067 103 659 0
0.0068 103 590 0
0.0069 103 1017 0
0.0069 103 1620 0
0.0070 103 498 0
0.0071 103 1187 0
0.0071 103 1650 0
0.0072 104 176 0
0.0073 103 248 0
0.0073 103 584 0
0.0074 103 686 0
0.0075 103 708 0
0.0076 103 281 0
0.0076 104 1095 0
0.0078 103 541 0
0.0078 103 608 0
0.0079 104 1622 0
0.0080 103 422 0
0.0080 103 1334 0
0.0081 103 618 0
0.0082 103 517 0
0.0082 104 1271 0
0.0083 104 391 0
0.0084 103 189 0
0.0085 104 1261 0
0.0085 104 2296 0
0.0086 103 1200 0
0.0087 103 974 0
0.0087 103 900 0
0.0089 103 902 0
0.0090 103 534 0
0.0091 103 591 0
0.0092 104 1334 0
0.0093 103 1967 0
0.0094 104 594 0
0.0094 104 7010 0
0.0096 104 2275 0
0.0096 104 397 0
0.0097 104 784 0
0.0098 103 1781 0
0.0100 104 218 0
0.0101 103 241 0
0.0102 104 218 0
0.0103 103 1248 0
0.0103 104 846 0
0.0104 103 1357 0
0.0105 104 510 0
0.0108 104 709 0
0.0109 103 1297 0
0.0109 104 614 0
0.0110 104 1896 0
0.0114 103 1904 0
0.0114 104 1987 0
0.0116 104 622 0
0.0118 104 1708 0
0.0123 103 1914 0
0.0123 104 2097 0
0.0125 104 2120 0
0.0127 104 980 0
0.0127 104 258 0
0.0130 104 2710 0
0.0130 103 2301 0
0.0132 103 901 0
0.0133 103 455 0
0.0134 103 728 0
0.0136 104 7105 0
0.0136 104 593 0
0.0137 104 572 0
0.0139 104 2133 0
0.0141 104 938 0
0.0141 104 2076 0
0.0143 104 588 0
0.0143 103 721 0
0.0144 104 1740 0
0.0145 104 1742 0
0.0149 104 2213 0
0.0150 104 7107 0
0.0150 103 886 0
0.0152 104 7119 0
0.0154 103 1897 0
0.0154 104 1518 0
0.0157 104 737 0
0.0163 103 2414 0
0.0166 103 4124 0
0.0168 104 2134 0
0.0169 104 571 0
0.0170 103 4124 0
0.0172 104 814 0
0.0172 104 2949 0
0.0173 104 1432 0
0.0175 104 624 0
0.0177 104 1465 0
0.0177 104 1744 0
0.0178 104 5048 0
0.0179 104 1941 0
0.0180 104 1465 0
0.0182 103 1093 0
0.0184 104 6445 0
0.0184 104 1067 0
0.0185 104 2225 0
0.0188 104 6445 0
0.0189 104 1901 0
0.0190 103 494 0
0.0192 104 1833 0
0.0193 103 884 0
0.0194 104 824 0
0.0195 104 2021 0
0.0196 104 2392 0
0.0197 104 688 0
0.0197 104 1015 0
0.0199 103 1443 0
0.0201 103 537 0
0.0202 104 2659 0
0.0203 104 6711 0
0.0204 104 2423 0
0.0206 104 2259 0
0.0207 103 546 0
0.0210 103 975 0
0.0211 104 842 0
0.0213 104 2401 0
0.0218 104 2701 0
0.0218 104 3038 0
0.0219 104 1160 0
0.0220 104 2288 0
0.0220 103 2656 0
0.0221 104 1657 0
0.0222 104 1976 0
0.0225 103 636 0
0.0226 103 1267 0
0.0229 104 2205 0
0.0233 104 1697 0
0.0236 104 2082 0
0.0237 104 1999 0
0.0238 103 2675 0
0.0242 104 2696 0
0.0244 104 3566 0
0.0245 103 1683 0
0.0249 104 2696 0
0.0251 104 3560 0
0.0254 104 1664 0
0.0256 104 2761 0
0.0256 104 1192 0
0.0258 104 4757 0
0.0259 103 2582 0
0.0260 104 2265 0
0.0262 104 4758 0
0.0264 104 4575 0
0.0265 104 2287 0
0.0266 104 2994 0
0.0267 104 3653 0
0.0268 104 1703 0
0.0269 104 2291 0
0.0270 104 2367 0
0.0272 104 3362 0
0.0272 104 1424 0
0.0274 104 4766 0
0.0281 104 4777 0
0.0283 104 1800 0
0.0283 104 2842 0
0.0284 104 2426 0
0.0285 103 3306 0
0.0285 104 7127 0
0.0293 104 1972 0
0.0296 104 2988 0
0.0298 104 1572 0
0.0299 104 4859 0
0.0299 103 3311 0
0.0301 103 2250 0
0.0303 104 2321 0
0.0308 104 7224 0
0.0312 104 3276 0
0.0313 104 4969 0
0.0316 104 5595 0
0.0317 104 1713 0
0.0320 104 1719 0
0.0321 104 2158 0
0.0323 104 3622 0
0.0328 104 3254 0
0.0333 104 1395 0
0.0334 104 5667 0
0.0342 104 3484 0
0.0345 104 4341 0
0.0348 104 3661 0
0.0348 104 4964 0
0.0349 104 5443 0
0.0351 104 3852 0
0.0353 104 3872 0
0.0355 104 3159 0
0.0355 103 3492 0
0.0356 104 3872 0
0.0357 104 3549 0
0.0360 104 4682 0
0.0366 104 3570 0
0.0368 104 2490 0
0.0369 104 3366 0
0.0372 104 4800 0
0.0373 104 4639 0
0.0377 104 3394 0
0.0382 104 4316 0
0.0384 104 3952 0
0.0384 104 9197 0
0.0385 104 3783 0
0.0390 104 3704 0
0.0391 104 8808 0
0.0394 104 4853 0
0.0398 104 4330 0
0.0400 104 4082 0
0.0402 104 3591 0
0.0411 104 5480 0
0.0415 104 4979 0
0.0418 104 3390 0
0.0419 104 3595 0
0.0423 104 4426 0
0.0424 104 8122 0
0.0425 104 6371 0
0.0427 104 4167 0
0.0427 104 7501 0
0.0429 104 5890 0
0.0434 104 3507 0
0.0440 104 4640 0
0.0441 104 4120 0
0.0442 104 4656 0
0.0445 104 10818 0
0.0447 104 3658 0
0.0450 105 5671 0
0.0457 104 9140 0
0.0460 104 4581 0
0.0462 104 4721 0
0.0465 104 3608 0
0.0466 104 10847 0
0.0472 104 9174 0
0.0473 104 4325 0
0.0475 105 5687 0
0.0478 104 4709 0
0.0480 104 4777 0
0.0499 104 7296 0
0.0500 104 6188 0
0.1000 104 10373 0
0.1500 104 16208 0
0.2001 104 21125 0
0.2501 104 26371 0
0.3001 105 32098 0
0.3501 105 42064 0
0.4001 105 51183 0
0.4501 105 59437 0
0.5001 105 64444 0
0.5501 105 69807 0
0.6001 105 74370 0
0.6501 105 79405 0
0.7001 105 89585 0
0.7500 105 92336 0
0.8000 105 99948 0
0.8500 105 104385 0
0.9000 105 115277 0
0.9500 105 118907 0
1.0000 105 128208 0
