10112
0.00011542012927054478 1002.8222530009234 167.9862650046168
0.00023084025854108956 1562.3357632933105 289.72512864493996
0.00034626038781163435 2124.1740775780513 459.47682119205297
0.0004616805170821791 2626.0062893081763 692.3254716981132
0.0005771006463527239 3003.9802197802196 600.6945054945055
0.0006925207756232687 3343.0404624277458 780.4132947976879
0.0008079409048938135 3622.610909090909 854.7418181818182
0.0009233610341643582 3904.737556561086 1124.497737556561
0.001038781163434903 4219.331632653061 1516.9336734693877
0.0011542012927054479 4437.243243243243 1550.0135135135135
0.0012696214219759926 4529.574626865671 1515.813432835821
0.0013850415512465374 4726.753846153846 1810.0615384615385
0.0015004616805170822 4889.813725490196 2425.127450980392
0.001615881809787627 5218.079545454545 2805.7727272727275
0.0017313019390581717 5277.476744186047 2636.3255813953488
0.0018467220683287165 5240.324675324675 2479.5064935064934
0.0019621421975992612 5508.883116883117 2711.5974025974024
0.002077562326869806 5609.984126984127 2999.095238095238
0.0021929824561403508 5731.177419354839 2756.3709677419356
0.0023084025854108957 6305.185185185185 3813.185185185185
0.0024238227146814403 6211.018867924528 4976.584905660377
0.0025392428439519853 6261.173076923077 4381.0192307692305
0.00265466297322253 6092.127659574468 4788.808510638298
0.002770083102493075 6449.934782608696 4880.891304347826
0.0028855032317636198 6584.377777777778 4560.6
0.0030009233610341643 6652.0344827586205 4856.862068965517
0.0031163434903047093 6564.425 4438.4
0.003231763619575254 6406.0 3245.9473684210525
0.003347183748845799 6729.72972972973 5153.081081081081
0.0034626038781163434 6884.151515151515 4594.30303030303
0.0035780240073868884 6638.363636363636 5296.909090909091
0.003693444136657433 6782.323529411765 5053.735294117647
0.003808864265927978 6840.606060606061 4411.181818181818
0.0039242843951985225 6771.666666666667 4407.62962962963
0.004039704524469067 6789.241379310345 3951.5172413793102
0.004155124653739612 6980.76 5481.08
0.004270544783010157 7170.222222222223 6520.851851851852
0.0043859649122807015 7245.142857142857 6995.714285714285
0.004501385041551247 7247.074074074074 7533.444444444444
0.0046168051708217915 7233.0 7359.263157894737
0.004732225300092336 7314.45 7353.3
0.004847645429362881 7196.736842105263 6946.473684210527
0.004963065558633426 6976.055555555556 5038.5
0.0050784856879039705 7114.5 6599.0
0.005193905817174515 7218.315789473684 5405.263157894737
0.00530932594644506 7498.190476190476 6372.714285714285
0.005424746075715605 7255.8421052631575 4808.789473684211
0.00554016620498615 7253.952380952381 5547.857142857143
0.005655586334256694 7414.0 5639.0
0.0057710064635272396 7650.416666666667 8274.75
0.005886426592797784 7698.615384615385 8472.846153846154
0.006001846722068329 7697.692307692308 6341.923076923077
0.006117266851338873 7706.9 10419.9
0.006232686980609419 7416.555555555556 9481.333333333334
0.006348107109879963 7727.384615384615 8848.846153846154
0.006463527239150508 7735.25 8427.5
0.006578947368421052 7791.714285714285 10897.857142857143
0.006694367497691598 7661.0 9380.625
0.006809787626962142 7284.0 4636.857142857143
0.006925207756232687 7478.375 9235.5
0.007040627885503232 7864.444444444444 11014.888888888889
0.007156048014773777 7781.181818181818 9712.90909090909
0.007271468144044321 7897.777777777777 8252.222222222223
0.007386888273314866 7840.125 7274.75
0.007502308402585411 7892.444444444444 6611.111111111111
0.007617728531855956 8052.0 10816.625
0.0077331486611265 7850.0 8254.375
0.007848568790397045 7954.090909090909 8551.636363636364
0.00796398891966759 7986.545454545455 11687.818181818182
0.008079409048938134 7766.0 12843.42857142857
0.00819482917820868 7792.555555555556 12676.111111111111
0.008310249307479225 8019.1 13031.4
0.008425669436749769 7966.0 9570.666666666666
0.008541089566020314 7970.428571428572 14323.714285714286
0.00865650969529086 7977.666666666667 13507.0
0.008771929824561403 8470.5 15813.333333333334
0.008887349953831948 7948.142857142857 8318.142857142857
0.009002770083102494 7882.0 10310.0
0.009118190212373038 8479.6 12836.6
0.009233610341643583 8631.625 17708.25
0.009349030470914127 8521.42857142857 16311.42857142857
0.009464450600184672 8329.75 13396.75
0.009579870729455217 8015.5 9088.75
0.009695290858725761 8090.666666666667 9765.333333333334
0.009810710987996307 8284.333333333334 11717.666666666666
0.009926131117266852 8274.333333333334 8668.666666666666
0.010041551246537396 8035.2 10424.8
0.010156971375807941 8619.0 16437.666666666668
0.010272391505078486 8282.0 13249.75
0.01038781163434903 8391.285714285714 15488.857142857143
0.010503231763619576 8358.5 16115.0
0.01061865189289012 8365.57142857143 14288.142857142857
0.010734072022160665 8401.3 12675.3
0.01084949215143121 8376.0 12211.875
0.010964912280701754 8433.888888888889 11799.777777777777
0.0110803324099723 8475.5 15116.666666666666
0.011195752539242845 8380.5 13906.333333333334
0.011311172668513388 8388.285714285714 12230.285714285714
0.011426592797783934 8507.0 14891.75
0.011542012927054479 8802.5 18696.5
0.011657433056325023 8467.42857142857 16602.714285714286
0.011772853185595568 8655.0 20231.8
0.011888273314866112 8162.5 20391.0
0.012003693444136657 8604.0 14021.5
0.012119113573407203 8685.0 15795.5
0.012234533702677746 8934.0 64572.0
0.012349953831948292 8423.333333333334 13355.666666666666
0.012465373961218837 8674.0 17059.5
0.012580794090489381 8368.0 11399.0
0.012811634349030472 8499.0 11667.333333333334
0.012927054478301015 8381.5 8778.0
0.013157894736842105 8751.0 15821.0
0.01327331486611265 8668.5 8805.0
0.013388734995383195 8684.0 10018.0
0.013504155124653739 8686.0 10020.0
0.013619575253924284 8658.25 15507.5
0.01373499538319483 8418.0 9973.5
0.013850415512465374 8349.0 10277.333333333334
0.013965835641735919 8279.333333333334 7924.666666666667
0.014081255771006464 8251.0 8331.0
0.014312096029547553 8090.0 4063.0
0.014427516158818097 8186.0 7822.0
0.014542936288088643 8595.5 18084.5
0.014658356417359188 9164.0 25101.0
0.014773776546629732 8593.75 16558.75
0.014889196675900277 8906.0 24572.0
0.015004616805170823 8773.0 11949.0
0.015120036934441366 8845.333333333334 22793.666666666668
0.015235457063711912 8847.333333333334 32625.666666666668
0.015350877192982455 8798.333333333334 16563.666666666668
0.015466297322253 8724.8 17240.8
0.015581717451523546 8598.75 17973.25
0.01569713758079409 8803.333333333334 22282.0
0.015812557710064637 8758.4 21925.2
0.01592797783933518 8628.333333333334 21993.666666666668
0.016043397968605724 8844.0 32004.5
0.016158818097876268 8833.0 28676.5
0.016274238227146815 8774.142857142857 21851.14285714286
0.01638965835641736 8577.0 17936.0
0.016505078485687903 8789.0 29691.5
0.01662049861495845 8644.0 16653.5
0.016735918744228993 8797.5 19497.833333333332
0.016851338873499537 8758.333333333334 20235.333333333332
0.016966759002770084 8856.0 14708.0
0.017082179132040628 8835.0 22301.0
0.01719759926131117 9018.5 22424.5
0.01731301939058172 8882.0 19384.0
0.017428439519852262 8816.5 24424.0
0.017543859649122806 9042.5 27203.0
0.017659279778393353 8877.5 17197.5
0.017774699907663897 8918.4 22435.0
0.01789012003693444 8886.5 17261.0
0.018005540166204988 8885.0 14992.0
0.01812096029547553 8617.5 11253.5
0.018236380424746075 8832.0 16343.666666666666
0.018351800554016622 8850.4 18498.0
0.018467220683287166 8923.0 20555.0
0.01858264081255771 9185.5 28651.0
0.018698060941828253 8874.0 20204.333333333332
0.0188134810710988 8495.0 8104.0
0.018928901200369344 8759.5 14865.5
0.019044321329639888 8513.0 8309.0
0.019159741458910435 8520.0 8319.0
0.01927516158818098 8888.0 20186.5
0.019390581717451522 9015.0 22700.0
0.01950600184672207 8902.833333333334 21248.333333333332
0.019621421975992613 8945.8 21754.4
0.019736842105263157 8925.833333333334 20930.166666666668
0.019852262234533704 8969.142857142857 23123.85714285714
0.019967682363804248 9028.25 25170.25
0.02008310249307479 8928.666666666666 22145.333333333332
0.02019852262234534 8793.0 14550.5
0.020313942751615882 8742.0 12730.0
0.020429362880886426 8996.5 20015.0
0.020544783010156973 8851.0 16848.0
0.020660203139427517 8913.0 16086.5
0.02077562326869806 8872.0 14985.0
0.020891043397968604 9002.0 20190.0
0.02100646352723915 9003.5 20190.0
0.021121883656509695 9015.5 20504.0
0.02123730378578024 9061.75 23639.75
0.021352723915050786 9031.0 20754.0
0.02146814404432133 9106.666666666666 27804.0
0.021583564173591873 9069.4 42188.0
0.02169898430286242 9022.5 52870.0
0.021814404432132964 9117.0 62654.5
0.021929824561403508 9059.0 45441.0
0.022045244690674055 9024.5 36576.0
0.0221606648199446 8952.5 31530.0
0.022276084949215142 9062.0 45517.0
0.02239150507848569 9184.0 28687.5
0.022506925207756233 9195.5 42268.0
0.022622345337026777 9071.0 45597.0
0.02296860572483841 8799.0 20622.0
0.023084025854108958 8799.0 20622.0
0.023199445983379502 9001.0 27737.0
0.023314866112650046 9051.5 23843.5
0.02343028624192059 9054.666666666666 22392.666666666668
0.023545706371191136 8956.0 19769.666666666668
0.02366112650046168 8981.25 37902.0
0.023776546629732224 9016.0 55653.5
0.02389196675900277 9337.5 64300.5
0.024007386888273315 9171.5 31949.5
0.024469067405355493 9095.0 45762.0
0.02458448753462604 9098.0 45831.0
0.024815327793167127 9073.333333333334 28500.666666666668
0.024930747922437674 9321.0 36016.0
0.025046168051708218 9311.0 39332.0
0.025392428439519853 9331.0 36361.0
0.025507848568790396 9331.0 36366.0
0.025623268698060944 9184.0 32486.666666666668
0.025738688827331487 9186.0 32520.0
0.02585410895660203 9331.0 38141.5
0.025969529085872575 8906.0 21421.0
0.02608494921514312 9118.0 30586.0
0.026200369344413665 9322.0 39722.0
0.02631578947368421 9155.0 28712.5
0.0265466297322253 9158.5 28948.0
0.026662049861495844 9232.0 31773.0
0.02677746999076639 9171.5 29450.0
0.026892890120036934 9305.0 35956.5
0.027008310249307478 9222.333333333334 29934.666666666668
0.02723915050784857 9158.0 26670.0
0.027354570637119113 9165.5 26721.5
0.027585410895660203 9069.0 21878.0
0.027700831024930747 9302.0 32248.0
0.027816251154201294 9302.0 32248.0
0.02804709141274238 9302.0 32257.0
0.02816251154201293 9358.5 35916.5
0.028277931671283472 9305.0 32350.0
0.028393351800554016 9305.0 32354.0
0.028624192059095107 9422.0 40493.0
0.02873961218836565 9368.0 45189.0
0.028855032317636194 9395.0 42841.0
0.02897045244690674 9395.5 42844.0
0.029085872576177285 9397.5 42849.0
0.029316712834718376 9373.0 45208.0
0.029547553093259463 9204.0 29358.0
0.029778393351800554 9373.0 45226.0
0.030009233610341645 9377.0 34991.0
0.03012465373961219 9377.5 41520.0
0.030240073868882732 9374.0 45235.0
0.03035549399815328 9376.0 47819.0
0.030470914127423823 9378.0 48247.0
0.030586334256694367 9102.0 30867.0
0.03070175438596491 9102.0 30867.0
0.030932594644506 9381.0 49117.0
0.031048014773776545 9472.0 62949.0
0.03150969529085872 9373.0 44553.666666666664
0.031625115420129274 9479.0 63288.0
0.03174053554939982 9391.0 38869.0
0.03185595567867036 9089.0 27084.0
0.031971375807940905 9435.5 56535.5
0.03208679593721145 9423.666666666666 50844.333333333336
0.03220221606648199 9390.333333333334 45568.333333333336
0.032317636195752536 9259.0 33809.0
0.03243305632502309 9415.0 40518.0
0.03254847645429363 9422.0 40737.0
0.032663896583564174 9422.0 40767.0
0.03277931671283472 9109.0 27771.0
0.03289473684210526 9266.0 34644.5
0.0332409972299169 9439.0 57639.0
0.03335641735918744 9486.0 65250.0
0.03347183748845799 9486.0 65250.0
0.03358725761772853 9299.0 46688.5
0.033702677746999074 9331.666666666666 47846.0
0.033818097876269625 9113.0 28131.0
0.03393351800554017 9114.0 28132.0
0.03404893813481071 9114.0 28163.0
0.034164358264081256 9287.0 32943.0
0.0342797783933518 9212.5 31480.0
0.03439519852262234 9288.666666666666 34944.333333333336
0.03451061865189289 9190.666666666666 29531.0
0.03462603878116344 9291.5 33729.5
0.03474145891043398 9254.25 37191.0
0.03497229916897507 9443.0 60325.0
0.03508771929824561 9443.0 60341.0
0.035203139427516156 9427.0 41202.0
0.035318559556786706 9442.0 41951.0
0.03543397968605725 9297.5 33856.0
0.035549399815327794 9363.0 37095.0
0.03566481994459834 9292.0 33582.0
0.03578024007386888 9430.0 41416.0
0.035895660203139425 9437.5 41902.5
0.036011080332409975 9377.5 38329.5
0.03612650046168052 9445.0 42406.0
0.03624192059095106 9316.333333333334 41208.333333333336
0.036588180978762694 9320.333333333334 42261.333333333336
0.036703601108033244 9358.333333333334 47697.666666666664
0.03681902123730379 9433.0 42027.0
0.03716528162511542 9437.0 42120.0
0.03728070175438596 9447.5 42852.5
0.037396121883656507 9437.0 42120.0
0.037742382271468145 9266.5 39416.0
0.03785780240073869 9356.0 42670.0
0.03797322253000923 9211.0 37357.0
0.038088642659279776 9284.5 40018.5
0.038204062788550326 9409.5 43151.0
0.03831948291782087 9343.666666666666 41223.666666666664
0.03855032317636196 9478.5 44855.5
0.0386657433056325 9342.0 38524.0
0.038781163434903045 9393.2 40848.0
0.038896583564173595 9263.333333333334 34622.666666666664
0.03901200369344414 9442.5 43745.5
0.03912742382271468 9363.0 40231.0
0.039242843951985226 9324.4 41230.6
0.03935826408125577 9366.5 39082.0
0.039473684210526314 9360.0 43405.4
0.03958910433979686 9384.2 44938.2
0.03970452446906741 9361.5 42252.666666666664
0.03981994459833795 9449.666666666666 49752.666666666664
0.039935364727608495 9293.5 34337.0
0.04005078485687904 9236.0 32167.0
0.04016620498614958 9424.666666666666 43425.0
0.040281625115420126 9449.25 44846.25
0.04039704524469068 9477.333333333334 45443.0
0.04051246537396122 9478.666666666666 45521.0
0.040627885503231764 9492.0 48323.0
0.04074330563250231 9503.0 46236.0
0.04085872576177285 9398.5 44862.5
0.040974145891043395 9440.0 41209.0
0.041089566020313946 9411.25 55281.75
0.04120498614958449 9376.5 41861.5
0.04132040627885503 9432.0 54086.0
0.04155124653739612 9504.0 46492.0
0.04189750692520776 9509.0 52909.0
0.0420129270544783 9361.0 68361.0
0.042128347183748846 9327.0 45502.0
0.04224376731301939 9329.0 45656.0
0.04235918744228993 9329.0 45657.0
0.042820867959372115 9485.5 47512.5
0.04293628808864266 9512.0 53422.0
0.0430517082179132 9428.0 45481.5
0.043167128347183746 9397.0 49340.0
0.0432825484764543 9374.0 48149.0
0.04374422899353647 9349.0 47086.0
0.043859649122807015 9376.5 48330.0
0.043975069252077566 9427.5 45740.5
0.04409048938134811 9501.0 44166.0
0.04420590951061865 9501.0 44166.0
0.0443213296398892 9457.5 46870.0
0.04443674976915974 9502.0 44168.0
0.044552169898430284 9470.333333333334 58728.333333333336
0.04466759002770083 9527.5 64623.0
0.04478301015697138 9515.5 50816.5
0.04489843028624192 9529.0 57007.0
0.045013850415512466 9516.0 51129.5
0.04512927054478301 9516.0 51136.0
0.04524469067405355 9529.0 57007.0
0.0453601108033241 9529.0 57007.0
0.04547553093259465 9529.0 57007.0
0.04559095106186519 9446.0 52414.0
0.04582179132040628 9531.0 57043.0
0.046052631578947366 9449.5 52834.5
0.046168051708217916 9453.0 53516.5
0.046398891966759004 9506.5 45717.0
0.04651431209602955 9518.0 46135.0
0.04662973222530009 9504.0 48226.0
0.046745152354570635 9519.0 46139.0
0.04697599261311173 9504.0 48316.0
0.04720683287165282 9439.0 49241.5
0.04732225300092336 9373.0 50171.0
0.047437673130193904 9505.0 48347.0
0.04755309325946445 9452.0 48409.0
0.04813019390581717 9455.0 48631.0
0.04824561403508772 9377.0 50554.0
0.04836103416435827 9498.0 55326.0
0.048938134810710986 9535.0 46838.0
0.04905355493998153 9492.0 56825.0
0.04939981532779317 9495.0 56916.5
0.04951523545706371 9495.5 56916.5
0.049630655586334255 9495.5 56916.5
0.0497460757156048 9499.5 57092.5
0.04997691597414589 9501.0 57174.5
0.05090027700831025 9490.0 65820.0
0.05101569713758079 9491.0 65824.0
0.05124653739612189 9492.0 66728.0
0.051477377654662974 9492.0 68892.0
0.05170821791320406 9448.0 59202.5
0.05193905817174515 9493.0 66760.0
0.0520544783010157 9406.0 52048.0
0.05216989843028624 9537.0 76530.0
0.05228531855955679 9450.5 59412.0
0.05240073868882733 9494.5 69173.0
0.052516158818097874 9494.5 69173.0
0.05263157894736842 9408.0 52057.0
0.052977839335180056 9409.0 52809.0
0.0530932594644506 9409.0 53698.0
0.053208679593721143 9409.0 53698.0
0.05343951985226224 9409.0 53698.0
0.053670360110803325 9410.0 53714.0
0.05390120036934441 9410.0 53715.0
0.054016620498614956 9411.0 53739.0
0.054362880886426594 9585.0 86660.0
0.05447830101569714 9585.0 86660.0
0.05459372114496768 9586.0 86732.0
0.05528624192059095 9587.0 86782.0
0.055401662049861494 9588.0 86782.0
0.05551708217913204 9578.5 70793.5
0.055863342566943676 9545.0 77544.5
0.05609418282548476 9569.0 54862.0
0.05632502308402586 9595.0 86988.0
0.0564404432132964 9570.0 55239.0
0.05897968605724838 9442.0 56761.0
0.06221144967682364 9546.0 69937.5
0.062326869806094184 9526.0 71289.0
0.06244228993536473 9526.0 71564.0
0.06313481071098799 9569.0 68731.0
0.06325023084025855 9569.0 68731.0
0.06336565096952909 9569.0 68733.0
0.06359649122807018 9569.0 68741.0
0.06382733148661127 9569.0 68741.0
0.0641735918744229 9571.0 68748.0
0.06451985226223453 9491.0 70336.0
0.06498153277931672 9572.0 69619.0
0.0652123730378578 9572.0 69626.0
0.06567405355493998 9573.0 71233.0
0.06590489381348107 9498.0 70417.0
0.06602031394275161 9498.0 70417.0
0.06613573407202217 9499.0 70595.0
0.06625115420129271 9500.0 70654.0
0.0664819944598338 9500.0 70655.0
0.06659741458910434 9500.0 70655.0
0.06694367497691597 9501.0 70655.0
0.06740535549399815 9501.0 70675.0
0.06752077562326869 9505.0 70995.0
0.06775161588180979 9505.0 76285.0
0.06844413665743306 9506.0 76335.0
0.0685595567867036 9506.0 76335.0
0.06867497691597414 9506.0 76337.0
0.06890581717451523 9506.0 76340.0
0.06902123730378577 9506.0 76340.0
0.07029085872576177 9606.0 103218.0
0.07052169898430287 9606.0 103231.0
0.07063711911357341 9606.0 103231.0
0.07075253924284396 9606.0 103237.0
0.0708679593721145 9606.0 103237.0
0.07098337950138504 9608.0 103375.0
0.07109879963065559 9609.0 103376.0
0.07121421975992613 9610.0 103439.0
0.07259926131117267 9617.0 114701.0
0.07283010156971376 9617.0 114745.0
0.0729455216989843 9617.0 114745.0
0.07329178208679593 9618.0 114752.0
0.07352262234533703 9692.0 116787.0
0.07363804247460758 9692.0 116904.0
0.07409972299168975 9611.0 96204.0
0.0752539242843952 9628.0 117955.0
0.07536934441366575 9628.0 117955.0
0.07548476454293629 9628.0 118229.0
0.07813942751615882 9716.0 125790.0
0.07825484764542937 9685.0 125350.0
0.07837026777469991 9629.5 101268.0
0.07848568790397045 9730.0 131406.0
0.078601108033241 9730.0 131692.0
0.07917820867959371 9678.0 94836.0
0.08148661126500462 9604.0 72426.0
0.08160203139427516 9661.333333333334 101583.33333333333
0.08183287165281625 9625.0 97215.5
0.08194829178208679 9646.0 121410.0
0.08344875346260387 9759.0 140706.0
0.08356417359187442 9759.0 140706.0
0.08367959372114497 9759.0 140706.0
0.08379501385041552 9759.0 140735.0
0.08506463527239151 9766.0 144528.0
0.08518005540166206 9766.0 144658.0
0.0873730378578024 9680.0 126494.0
0.08760387811634349 9680.0 126497.0
0.08771929824561403 9680.0 126617.0
0.08783471837488457 9680.0 126617.0
0.08818097876269622 9698.0 148328.0
0.0884118190212373 9698.0 148333.0
0.08852723915050785 9735.0 147210.5
0.0886426592797784 9772.0 146068.0
0.0904893813481071 9719.0 93330.0
0.0907202216066482 9719.0 93362.0
0.09083564173591874 9719.0 93362.0
0.0909510618651893 9719.0 93362.0
0.09118190212373038 9719.0 93362.0
0.09129732225300093 9713.0 121338.0
0.09141274238227147 9722.0 93404.0
0.09152816251154201 9722.0 93404.0
0.09164358264081256 9722.0 93404.0
0.0917590027700831 9722.0 93411.0
0.09187442289935364 9722.0 93438.0
0.09198984302862419 9722.0 93440.0
0.09245152354570638 9704.0 149401.0
0.09360572483841181 9705.0 149778.0
0.09372114496768236 9713.0 154241.0
0.09383656509695291 9692.0 129552.0
0.09395198522622346 9788.0 162520.0
0.094067405355494 9719.666666666666 143223.0
0.09429824561403509 9679.0 137595.0
0.09475992613111726 9692.0 130118.0
0.09487534626038781 9681.0 137600.0
0.0951061865189289 9681.0 137600.0
0.09522160664819945 9681.0 138094.0
0.09706832871652817 9695.0 150816.0
0.09937673130193905 9797.0 154544.0
0.10226223453370267 9801.0 171310.0
0.10237765466297322 9801.0 171310.0
0.10249307479224377 9801.0 171318.0
0.10260849492151432 9801.0 171327.0
0.10272391505078486 9802.0 171465.0
0.10295475530932595 9802.0 171898.0
0.10318559556786704 9712.0 155667.0
0.10330101569713758 9712.0 155740.0
0.10341643582640812 9712.0 155740.0
0.10445521698984303 9713.0 161244.0
0.10457063711911357 9713.0 161250.0
0.1049168975069252 9724.0 141408.0
0.10514773776546629 9718.5 151522.5
0.1053785780240074 9714.0 161829.0
0.10549399815327794 9805.0 190090.0
0.10572483841181902 9760.5 176313.5
0.10584025854108957 9760.5 176362.5
0.10607109879963066 9805.0 190478.0
0.1061865189289012 9716.0 162247.0
0.10630193905817174 9805.0 190551.0
0.10641735918744229 9807.0 190563.0
0.10653277931671283 9763.0 176736.5
0.10664819944598337 9764.0 177055.0
0.10676361957525392 9807.0 190691.0
0.1072253000923361 9725.0 164447.0
0.10734072022160665 9725.0 164448.0
0.1074561403508772 9725.0 164448.0
0.10780240073868882 9811.0 191740.0
0.10791782086795937 9811.0 191763.0
0.10814866112650046 9725.0 164485.0
0.108264081255771 9811.0 191816.0
0.10837950138504156 9811.0 191872.0
0.1084949215143121 9811.0 191872.0
0.10872576177285319 9726.0 164512.0
0.1093028624192059 9814.0 192201.0
0.109533702677747 9773.666666666666 184264.0
0.10964912280701754 9728.0 165319.0
0.1097645429362881 9814.0 192210.0
0.11068790397045244 9730.5 155807.5
0.11080332409972299 9731.0 145806.0
0.11103416435826408 9730.0 166305.0
0.11126500461680518 9730.0 166305.0
0.11138042474607572 9730.0 166310.0
0.11149584487534626 9730.0 166718.0
0.11172668513388735 9772.0 179664.5
0.11195752539242844 9815.0 192554.0
0.11218836565096953 9730.0 167109.0
0.11230378578024007 9730.0 167133.0
0.11276546629732226 9732.0 167665.0
0.11299630655586335 9733.0 167786.0
0.11334256694367498 9733.0 167869.0
0.11345798707294552 9816.0 192574.0
0.11426592797783934 9776.5 180569.5
0.11438134810710988 9816.0 192590.0
0.11449676823638043 9816.0 192590.0
0.11461218836565097 9816.0 192591.0
0.11472760849492152 9816.0 192591.0
0.11484302862419206 9818.0 192638.0
0.1149584487534626 9819.0 192979.0
0.11518928901200369 9819.0 192989.0
0.11530470914127423 9819.0 192989.0
0.11542012927054478 9819.0 192989.0
0.11553554939981532 9819.0 192989.0
0.11565096952908588 9820.0 193102.0
0.11576638965835642 9827.0 196893.0
0.11668975069252077 9833.0 204870.0
0.11922899353647276 9741.0 149306.0
0.11969067405355494 9757.0 153961.0
0.11980609418282548 9757.0 153961.0
0.12003693444136658 9757.0 154024.0
0.1226915974145891 9764.0 124307.0
0.12280701754385964 9764.0 124309.0
0.1229224376731302 9764.0 124326.0
0.12303785780240074 9764.0 124326.0
0.12315327793167129 9764.0 124367.0
0.12407663896583564 9764.0 124428.0
0.12442289935364728 9764.0 124444.0
0.12453831948291783 9765.0 124452.0
0.12534626038781163 9762.0 163328.0
0.12546168051708217 9762.0 163328.0
0.12569252077562326 9761.0 158018.0
0.1258079409048938 9761.0 158028.0
0.12592336103416435 9761.0 158028.0
0.1260387811634349 9761.0 158036.0
0.12626962142197598 9761.0 158069.0
0.12638504155124652 9761.0 158077.0
0.12823176361957525 9764.0 159122.0
0.1283471837488458 9764.0 159124.0
0.12846260387811634 9764.0 159127.0
0.12857802400738688 9764.0 159127.0
0.12938596491228072 9770.0 164677.0
0.1296168051708218 9770.0 164677.0
0.13215604801477376 9772.0 165862.0
0.13227146814404434 9772.0 165862.0
0.13238688827331488 9772.0 165883.0
0.13250230840258542 9773.0 165888.0
0.13261772853185597 9773.0 165888.0
0.13307940904893814 9773.0 165951.0
0.13331024930747923 9773.0 165980.0
0.1419667590027701 9783.0 146882.0
0.14265927977839335 9783.0 147541.0
0.14289012003693444 9783.0 147564.0
0.14323638042474607 9783.0 147568.0
0.16712834718374883 9838.0 240312.0
0.17070637119113574 9811.0 223789.0
0.17197599261311172 9811.0 224386.0
0.17209141274238227 9811.0 224386.0
0.17289935364727607 9811.0 225768.0
0.17359187442289936 9811.0 225874.0
0.17428439519852262 9811.0 226008.0
0.17439981532779317 9813.0 226096.0
0.1745152354570637 9813.0 226124.0
0.17463065558633425 9813.0 226124.0
0.1747460757156048 9813.0 226126.0
0.17497691597414589 9813.0 226138.0
0.17509233610341643 9813.0 226138.0
0.17520775623268697 9813.0 226737.0
0.17532317636195752 9813.0 226745.0
0.17566943674976915 9814.0 228417.0
0.1762465373961219 9814.0 228478.0
0.17647737765466298 9814.0 228546.0
0.17659279778393353 9814.0 228731.0
0.17716989843028624 9814.0 228860.0
0.17740073868882733 9814.0 228861.0
0.17751615881809787 9814.0 228861.0
0.17763157894736842 9814.0 228861.0
0.17774699907663896 9814.0 229258.0
0.1778624192059095 9814.0 229259.0
0.17843951985226222 9815.0 230098.0
0.1819021237303786 9816.0 231092.0
0.26188827331486614 9908.0 325107.0
0.26200369344413665 9908.0 325108.0
0.2630424746075716 9908.0 325148.0
0.26361957525392427 9908.0 326612.0
0.2639658356417359 9908.0 326652.0
0.26408125577100644 9908.0 326652.0
0.26477377654662976 9908.0 326720.0
0.2736611265004617 9911.0 330003.0
0.2838180978762696 9958.0 445182.0
0.28474145891043395 9958.0 448012.0
0.2999769159741459 9973.0 515955.0
0.3092105263157895 9929.0 357895.0
0.40951061865189287 10022.0 711902.0
0.49111265004616805 9984.0 588987.0
0.508887349953832 10060.0 866446.0
1.0 10112.0 1455433.0
