10335
0.00011542012927054478 642.7046398891966 0.0
0.00023084025854108956 1032.076385857704 0.0
0.00034626038781163435 1454.909009009009 0.0
0.0004616805170821791 1785.6484375 0.0
0.0005771006463527239 2040.8969298245613 0.0
0.0006925207756232687 2305.359331476323 0.0
0.0008079409048938135 2564.2337164750957 0.0
0.0009233610341643582 2626.7489539748954 0.0
0.001038781163434903 2750.266304347826 0.0
0.0011542012927054479 3014.9473684210525 0.0
0.0012696214219759926 3091.75 0.0
0.0013850415512465374 3234.1875 0.0
0.0015004616805170822 3494.0833333333335 0.0
0.001615881809787627 3502.8526315789472 0.0
0.0017313019390581717 3635.328767123288 0.0
0.0018467220683287165 3652.9032258064517 0.0
0.0019621421975992612 3845.0461538461536 0.0
0.002077562326869806 3918.157894736842 0.0
0.0021929824561403508 4120.642857142857 0.0
0.0023084025854108957 4157.018518518518 0.0
0.0024238227146814403 4316.446428571428 0.0
0.0025392428439519853 4247.116279069767 0.0
0.00265466297322253 4543.837209302325 0.0
0.002770083102493075 4568.5675675675675 0.0
0.0028855032317636198 4726.46875 0.0
0.0030009233610341643 4885.607142857143 0.0
0.0031163434903047093 4735.466666666666 0.0
0.003231763619575254 4956.242424242424 0.0
0.003347183748845799 4806.1875 0.0
0.0034626038781163434 4815.35294117647 0.0
0.0035780240073868884 5156.888888888889 0.0
0.003693444136657433 5187.736842105263 0.0
0.003808864265927978 5193.642857142857 0.0
0.0039242843951985225 5341.379310344828 0.0
0.004039704524469067 5291.307692307692 0.0
0.004155124653739612 5508.666666666667 0.0
0.004270544783010157 5500.608695652174 0.0
0.0043859649122807015 5580.384615384615 0.0
0.004501385041551247 5425.071428571428 0.0
0.0046168051708217915 5504.36 0.0
0.004732225300092336 5410.421052631579 0.0
0.004847645429362881 5350.526315789473 0.0
0.004963065558633426 5515.9 0.0
0.0050784856879039705 5344.066666666667 0.0
0.005193905817174515 5755.0625 0.0
0.00530932594644506 5398.681818181818 0.0
0.005424746075715605 5558.875 0.0
0.00554016620498615 5765.347826086957 0.0
0.005655586334256694 5855.857142857143 0.0
0.0057710064635272396 5781.5 0.0
0.005886426592797784 6089.384615384615 0.0
0.006001846722068329 5837.416666666667 0.0
0.006117266851338873 5986.461538461538 0.0
0.006232686980609419 5861.1 0.0
0.006348107109879963 5966.058823529412 0.0
0.006463527239150508 6008.375 0.0
0.006578947368421052 6116.941176470588 0.0
0.006694367497691598 6235.777777777777 0.0
0.006809787626962142 6436.363636363636 0.0
0.006925207756232687 6391.9 0.0
0.007040627885503232 6233.076923076923 0.0
0.007156048014773777 6269.933333333333 0.0
0.007271468144044321 6490.076923076923 0.0
0.007386888273314866 6667.777777777777 0.0
0.007502308402585411 6812.0 0.0
0.007617728531855956 6709.384615384615 0.0
0.0077331486611265 6685.428571428572 0.0
0.007848568790397045 6595.0 0.0
0.00796398891966759 6602.857142857143 0.0
0.008079409048938134 6805.125 0.0
0.00819482917820868 6610.25 0.0
0.008310249307479225 6368.857142857143 0.0
0.008425669436749769 6543.0 0.0
0.008541089566020314 6679.6 0.0
0.00865650969529086 6757.285714285715 0.0
0.008771929824561403 6742.777777777777 0.0
0.008887349953831948 6793.5 0.0
0.009002770083102494 6459.666666666667 0.0
0.009118190212373038 6635.777777777777 0.0
0.009233610341643583 6867.545454545455 0.0
0.009349030470914127 6717.25 0.0
0.009464450600184672 6777.928571428572 0.0
0.009579870729455217 6920.5 0.0
0.009695290858725761 6948.2 0.0
0.009810710987996307 6875.636363636364 0.0
0.009926131117266852 6950.888888888889 0.0
0.010041551246537396 7435.2 0.0
0.010156971375807941 6967.75 0.0
0.010272391505078486 7169.6 0.0
0.01038781163434903 6879.857142857143 0.0
0.010503231763619576 7168.333333333333 0.0
0.01061865189289012 7097.5 0.0
0.010734072022160665 6713.0 0.0
0.01084949215143121 7053.75 0.0
0.010964912280701754 7545.0 0.0
0.0110803324099723 7270.75 0.0
0.011195752539242845 7120.333333333333 0.0
0.011311172668513388 7051.5 0.0
0.011426592797783934 7628.4 0.0
0.011542012927054479 7605.25 0.0
0.011657433056325023 7682.75 0.0
0.011772853185595568 7853.0 0.0
0.011888273314866112 7100.0 0.0
0.012003693444136657 7180.75 0.0
0.012119113573407203 7117.5 0.0
0.012234533702677746 7425.0 0.0
0.012349953831948292 7376.5 0.0
0.012465373961218837 7595.0 0.0
0.012580794090489381 7264.0 0.0
0.012696214219759926 7100.0 0.0
0.012811634349030472 7428.5 0.0
0.012927054478301015 7544.0 0.0
0.01304247460757156 7544.0 0.0
0.013157894736842105 7515.0 0.0
0.01327331486611265 7745.2 0.0
0.013388734995383195 7759.5 0.0
0.013504155124653739 8064.0 0.0
0.013619575253924284 7693.666666666667 0.0
0.01373499538319483 7705.8 0.0
0.013850415512465374 7680.2 0.0
0.013965835641735919 7616.25 0.0
0.014081255771006464 7630.0 0.0
0.014196675900277008 7440.0 0.0
0.014312096029547553 7191.0 0.0
0.014427516158818097 7900.0 0.0
0.014542936288088643 7451.0 0.0
0.014658356417359188 7451.0 0.0
0.014773776546629732 7478.0 0.0
0.014889196675900277 7558.0 0.0
0.015004616805170823 7289.666666666667 0.0
0.015120036934441366 7465.0 0.0
0.015235457063711912 7237.0 0.0
0.015350877192982455 7482.0 0.0
0.015466297322253 7692.0 0.0
0.015581717451523546 7683.2 0.0
0.01569713758079409 7494.25 0.0
0.015812557710064637 7580.333333333333 0.0
0.01592797783933518 7574.833333333333 0.0
0.016043397968605724 7945.0 0.0
0.016158818097876268 7934.666666666667 0.0
0.016274238227146815 7821.625 0.0
0.01638965835641736 8015.333333333333 0.0
0.016505078485687903 7721.0 0.0
0.01662049861495845 7536.0 0.0
0.016735918744228993 7483.333333333333 0.0
0.016851338873499537 7678.5 0.0
0.016966759002770084 7753.0 0.0
0.017082179132040628 7780.0 0.0
0.01719759926131117 7771.5 0.0
0.01731301939058172 7396.0 0.0
0.017428439519852262 7545.666666666667 0.0
0.017543859649122806 8033.0 0.0
0.017659279778393353 7722.333333333333 0.0
0.017774699907663897 7827.2 0.0
0.01789012003693444 7941.0 0.0
0.018005540166204988 8075.666666666667 0.0
0.01812096029547553 8006.666666666667 0.0
0.018236380424746075 7991.666666666667 0.0
0.018351800554016622 8022.428571428572 0.0
0.018467220683287166 7950.142857142857 0.0
0.01858264081255771 7994.25 0.0
0.018698060941828253 7925.0 0.0
0.0188134810710988 7832.75 0.0
0.018928901200369344 7805.75 0.0
0.019044321329639888 8188.0 0.0
0.01927516158818098 7918.5 0.0
0.019390581717451522 8152.75 0.0
0.01950600184672207 8180.666666666667 0.0
0.019621421975992613 7986.0 0.0
0.019736842105263157 7987.5 0.0
0.019852262234533704 7984.25 0.0
0.019967682363804248 8012.333333333333 0.0
0.02008310249307479 8104.5 0.0
0.02019852262234534 7886.5 0.0
0.020313942751615882 8062.0 0.0
0.020429362880886426 8165.5 0.0
0.020544783010156973 8176.333333333333 0.0
0.020660203139427517 8179.4 0.0
0.02077562326869806 8028.75 0.0
0.020891043397968604 7882.0 0.0
0.02100646352723915 8053.25 0.0
0.021121883656509695 8446.0 0.0
0.02123730378578024 8131.0 0.0
0.021352723915050786 8109.666666666667 0.0
0.02146814404432133 8184.0 0.0
0.021583564173591873 7691.0 0.0
0.02169898430286242 8069.0 0.0
0.022045244690674055 7714.0 0.0
0.0221606648199446 7844.0 0.0
0.022276084949215142 8013.5 0.0
0.02239150507848569 8092.0 0.0
0.022737765466297324 8434.5 0.0
0.022853185595567867 8216.25 0.0
0.02296860572483841 8281.666666666666 0.0
0.023084025854108958 8153.666666666667 0.0
0.023199445983379502 8332.666666666666 0.0
0.023314866112650046 8011.0 0.0
0.02343028624192059 8323.0 0.0
0.023545706371191136 7986.0 0.0
0.02366112650046168 8409.0 0.0
0.023776546629732224 8422.0 0.0
0.02389196675900277 8687.0 0.0
0.024007386888273315 8558.0 0.0
0.02412280701754386 8690.0 0.0
0.024238227146814405 8593.0 0.0
0.02435364727608495 8561.0 0.0
0.024469067405355493 8481.5 0.0
0.02458448753462604 8510.0 0.0
0.024699907663896584 8510.0 0.0
0.024815327793167127 8101.0 0.0
0.024930747922437674 8518.5 0.0
0.025161588180978762 8544.0 0.0
0.02527700831024931 8544.0 0.0
0.025392428439519853 8743.0 0.0
0.025507848568790396 8373.0 0.0
0.025623268698060944 8576.0 0.0
0.025969529085872575 8392.5 0.0
0.02608494921514312 8254.0 0.0
0.026200369344413665 8472.333333333334 0.0
0.02631578947368421 8569.666666666666 0.0
0.0265466297322253 8476.0 0.0
0.026662049861495844 8424.0 0.0
0.02677746999076639 8378.5 0.0
0.026892890120036934 8496.666666666666 0.0
0.027008310249307478 8590.5 0.0
0.027123730378578025 8625.0 0.0
0.02723915050784857 8604.0 0.0
0.027354570637119113 8543.666666666666 0.0
0.02746999076638966 8523.0 0.0
0.027700831024930747 8325.0 0.0
0.027816251154201294 8653.0 0.0
0.027931671283471838 8339.0 0.0
0.02804709141274238 8343.0 0.0
0.02816251154201293 8395.5 0.0
0.028277931671283472 8700.0 0.0
0.028393351800554016 8479.0 0.0
0.02850877192982456 8345.0 0.0
0.028624192059095107 8555.333333333334 0.0
0.02873961218836565 8552.2 0.0
0.028855032317636194 8578.0 0.0
0.02897045244690674 8500.0 0.0
0.029085872576177285 8614.333333333334 0.0
0.02920129270544783 8638.0 0.0
0.029316712834718376 8611.5 0.0
0.02943213296398892 8624.0 0.0
0.029547553093259463 8601.0 0.0
0.02966297322253001 8514.0 0.0
0.029778393351800554 8515.25 0.0
0.029893813481071098 8643.5 0.0
0.030009233610341645 8595.666666666666 0.0
0.03012465373961219 8576.0 0.0
0.030240073868882732 8394.0 0.0
0.030586334256694367 8617.0 0.0
0.03070175438596491 8397.0 0.0
0.030817174515235458 8182.0 0.0
0.030932594644506 8630.0 0.0
0.031048014773776545 8780.0 0.0
0.031163434903047092 8710.0 0.0
0.031278855032317636 8602.333333333334 0.0
0.03139427516158818 8585.5 0.0
0.03150969529085872 8622.333333333334 0.0
0.031625115420129274 8630.5 0.0
0.03174053554939982 8788.0 0.0
0.031971375807940905 8723.0 0.0
0.03208679593721145 8617.0 0.0
0.03220221606648199 8724.25 0.0
0.032317636195752536 8593.0 0.0
0.03243305632502309 8732.0 0.0
0.032663896583564174 8786.0 0.0
0.03277931671283472 8735.0 0.0
0.033010156971375805 8676.0 0.0
0.033125577100646356 8704.0 0.0
0.0332409972299169 8554.0 0.0
0.03335641735918744 8609.333333333334 0.0
0.03347183748845799 8610.0 0.0
0.03358725761772853 8632.5 0.0
0.033702677746999074 8656.333333333334 0.0
0.033818097876269625 8709.0 0.0
0.03393351800554017 8647.0 0.0
0.03404893813481071 8666.0 0.0
0.034164358264081256 8711.0 0.0
0.034856879039704525 8731.5 0.0
0.03497229916897507 8715.0 0.0
0.03508771929824561 8693.0 0.0
0.035203139427516156 8715.0 0.0
0.035318559556786706 8686.0 0.0
0.03543397968605725 8740.5 0.0
0.03566481994459834 8712.666666666666 0.0
0.03578024007386888 8795.0 0.0
0.035895660203139425 8798.0 0.0
0.036011080332409975 8806.0 0.0
0.03612650046168052 8806.0 0.0
0.03624192059095106 8683.666666666666 0.0
0.03647276084949215 8344.0 0.0
0.036588180978762694 8712.0 0.0
0.036703601108033244 8809.5 0.0
0.03681902123730379 8656.333333333334 0.0
0.03693444136657433 8902.0 0.0
0.037049861495844875 8811.5 0.0
0.03716528162511542 8662.0 0.0
0.03728070175438596 8664.0 0.0
0.037396121883656507 8634.0 0.0
0.03751154201292706 8639.0 0.0
0.037742382271468145 8657.0 0.0
0.03785780240073869 8884.5 0.0
0.03797322253000923 8769.0 0.0
0.038088642659279776 8775.333333333334 0.0
0.038204062788550326 8735.5 0.0
0.03831948291782087 8657.0 0.0
0.038434903047091414 8659.5 0.0
0.03855032317636196 8960.0 0.0
0.0386657433056325 8679.5 0.0
0.038781163434903045 8961.0 0.0
0.038896583564173595 8961.0 0.0
0.03901200369344414 8961.0 0.0
0.03912742382271468 9076.0 0.0
0.039242843951985226 8906.666666666666 0.0
0.03935826408125577 8823.2 0.0
0.039473684210526314 8823.0 0.0
0.03958910433979686 8706.333333333334 0.0
0.03970452446906741 8854.0 0.0
0.03981994459833795 9079.0 0.0
0.039935364727608495 9079.0 0.0
0.04016620498614958 9080.0 0.0
0.04039704524469068 8990.0 0.0
0.04074330563250231 8991.0 0.0
0.040974145891043395 9005.0 0.0
0.041089566020313946 9005.0 0.0
0.04132040627885503 8952.0 0.0
0.041666666666666664 9031.0 0.0
0.04189750692520776 8877.0 0.0
0.042128347183748846 9009.0 0.0
0.04224376731301939 8655.0 0.0
0.04259002770083103 8717.0 0.0
0.04270544783010157 8927.0 0.0
0.046168051708217916 9023.0 0.0
0.04628347183748846 8941.0 0.0
0.046398891966759004 8941.0 0.0
0.04651431209602955 9027.0 0.0
0.046745152354570635 8860.0 0.0
0.04686057248384118 8861.0 0.0
0.04697599261311173 8861.0 0.0
0.04709141274238227 9033.5 0.0
0.04720683287165282 9206.0 0.0
0.04732225300092336 8868.0 0.0
0.04755309325946445 9214.0 0.0
0.047668513388735 9045.0 0.0
0.047899353647276086 9131.0 0.0
0.04801477377654663 9070.75 0.0
0.04813019390581717 8891.333333333334 0.0
0.04836103416435827 8963.5 0.0
0.04847645429362881 9054.0 0.0
0.048591874422899355 9137.5 0.0
0.0487072945521699 9058.0 0.0
0.04882271468144044 8967.0 0.0
0.049284395198522624 8879.0 0.0
0.04939981532779317 8880.0 0.0
0.049630655586334255 8882.0 0.0
0.04986149584487535 9221.0 0.0
0.05055401662049862 8887.0 0.0
0.05066943674976916 8892.0 0.0
0.05101569713758079 8894.0 0.0
0.05124653739612189 8940.5 0.0
0.05136195752539243 8987.0 0.0
0.05159279778393352 8940.5 0.0
0.05216989843028624 9005.0 0.0
0.05228531855955679 8905.0 0.0
0.05274699907663897 9016.0 0.0
0.05286241920590951 9051.0 0.0
0.05343951985226224 8910.0 0.0
0.05378578024007387 8915.0 0.0
0.05390120036934441 8923.0 0.0
0.054016620498614956 9084.0 0.0
0.0541320406278855 9016.0 0.0
0.054362880886426594 9088.0 0.0
0.05447830101569714 9088.0 0.0
0.05459372114496768 9088.0 0.0
0.05528624192059095 9157.0 0.0
0.055401662049861494 9107.0 0.0
0.05551708217913204 9107.0 0.0
0.05563250230840259 9107.0 0.0
0.05574792243767313 9211.0 0.0
0.055863342566943676 9275.0 0.0
0.05597876269621422 9275.0 0.0
0.05609418282548476 9275.0 0.0
0.05620960295475531 9275.0 0.0
0.05632502308402586 9244.5 0.0
0.056555863342566945 9214.0 0.0
0.057248384118190214 9112.0 0.0
0.05736380424746076 9138.0 0.0
0.0574792243767313 9139.0 0.0
0.057594644506001845 9144.0 0.0
0.05851800554016621 9158.0 0.0
0.05863342566943675 9084.0 0.0
0.058748845798707296 9159.0 0.0
0.05886426592797784 9159.0 0.0
0.05897968605724838 9128.0 0.0
0.05909510618651893 9105.0 0.0
0.05921052631578947 9131.5 0.0
0.05932594644506002 9183.0 0.0
0.059441366574330565 9135.0 0.0
0.05955678670360111 9188.5 0.0
0.05967220683287165 9238.0 0.0
0.059787626962142196 9140.0 0.0
0.05990304709141274 9132.0 0.0
0.06001846722068329 9132.0 0.0
0.06024930747922438 9132.0 0.0
0.06036472760849492 9220.0 0.0
0.060480147737765465 9220.0 0.0
0.06071098799630656 9221.0 0.0
0.060941828254847646 9198.5 0.0
0.06105724838411819 9221.0 0.0
0.061172668513388734 9181.0 0.0
0.06128808864265928 9159.0 0.0
0.06140350877192982 9142.0 0.0
0.06151892890120037 9143.0 0.0
0.061634349030470915 9143.0 0.0
0.06174976915974146 9185.0 0.0
0.061980609418282546 9233.0 0.0
0.06267313019390582 9319.0 0.0
0.06336565096952909 9324.0 0.0
0.06348107109879964 9324.0 0.0
0.06371191135734072 9324.0 0.0
0.06382733148661127 9248.0 0.0
0.06394275161588181 9148.0 0.0
0.06405817174515235 9149.0 0.0
0.0641735918744229 9157.333333333334 0.0
0.06428901200369344 9150.0 0.0
0.06440443213296398 9162.0 0.0
0.06451985226223453 9163.5 0.0
0.06463527239150507 9140.5 0.0
0.06486611265004617 9254.0 0.0
0.06498153277931672 9230.5 0.0
0.06509695290858726 9208.0 0.0
0.0652123730378578 9208.0 0.0
0.06532779316712835 9208.0 0.0
0.06544321329639889 9208.0 0.0
0.06567405355493998 9209.0 0.0
0.06578947368421052 9209.0 0.0
0.06636657433056325 9083.0 0.0
0.06659741458910434 9212.0 0.0
0.06671283471837489 9129.5 0.0
0.06682825484764543 9172.0 0.0
0.06694367497691597 9172.0 0.0
0.06705909510618652 9172.0 0.0
0.06717451523545706 9114.0 0.0
0.0672899353647276 9143.0 0.0
0.06740535549399815 9143.0 0.0
0.06752077562326869 9115.0 0.0
0.06763619575253925 9173.0 0.0
0.06775161588180979 9335.0 0.0
0.06809787626962142 9139.0 0.0
0.06821329639889197 9140.0 0.0
0.0685595567867036 9142.0 0.0
0.06867497691597414 9142.0 0.0
0.06879039704524469 9163.0 0.0
0.07029085872576177 9243.0 0.0
0.07040627885503231 9356.0 0.0
0.07052169898430287 9357.0 0.0
0.07075253924284396 9243.0 0.0
0.0708679593721145 9369.0 0.0
0.07109879963065559 9278.5 0.0
0.07121421975992613 9371.0 0.0
0.07132963988919667 9371.0 0.0
0.07144506001846722 9371.0 0.0
0.07179132040627885 9196.0 0.0
0.07202216066481995 9196.0 0.0
0.07248384118190213 9377.0 0.0
0.07444598337950138 9402.0 0.0
0.07467682363804247 9402.0 0.0
0.07502308402585411 9403.0 0.0
0.07513850415512466 9404.0 0.0
0.0752539242843952 9404.0 0.0
0.07536934441366575 9404.0 0.0
0.07548476454293629 9305.0 0.0
0.07560018467220683 9206.0 0.0
0.07571560480147738 9207.0 0.0
0.07594644506001846 9207.0 0.0
0.07617728531855955 9217.0 0.0
0.07686980609418283 9219.0 0.0
0.07756232686980609 9219.0 0.0
0.07779316712834719 9219.0 0.0
0.07837026777469991 9207.0 0.0
0.07848568790397045 9216.0 0.0
0.07871652816251154 9224.0 0.0
0.08021698984302862 9249.0 0.0
0.08033240997229917 9249.0 0.0
0.08044783010156971 9250.0 0.0
0.08067867036011081 9250.0 0.0
0.08079409048938135 9252.0 0.0
0.08125577100646353 9264.0 0.0
0.08148661126500462 9264.0 0.0
0.08668051708217914 9306.0 0.0
0.08748845798707294 9339.0 0.0
0.08760387811634349 9339.0 0.0
0.08910433979686057 9344.0 0.0
0.08991228070175439 9346.0 0.0
0.09418282548476455 9350.0 0.0
0.1005309325946445 9375.0 0.0
0.10191597414589104 9487.0 0.0
0.10214681440443213 9487.0 0.0
0.10272391505078486 9488.0 0.0
0.1028393351800554 9488.0 0.0
0.10295475530932595 9488.0 0.0
0.10307017543859649 9488.0 0.0
0.10318559556786704 9488.0 0.0
0.10422437673130194 9495.0 0.0
0.10433979686057249 9495.0 0.0
0.10445521698984303 9496.0 0.0
0.10468605724838412 9496.0 0.0
0.10480147737765466 9496.0 0.0
0.10503231763619575 9497.0 0.0
0.12096029547553093 9531.0 0.0
0.12107571560480147 9531.0 0.0
0.12142197599261312 9531.0 0.0
0.12153739612188366 9531.0 0.0
0.12176823638042475 9534.0 0.0
0.1304247460757156 9577.0 0.0
0.13054016620498615 9577.0 0.0
0.13077100646352724 9578.0 0.0
0.13123268698060941 9578.0 0.0
0.14369806094182824 9585.0 0.0
0.17105263157894737 9654.0 0.0
0.1731301939058172 9675.0 0.0
0.17439981532779317 9660.0 0.0
0.1745152354570637 9660.0 0.0
0.17463065558633425 9660.0 0.0
0.1747460757156048 9660.0 0.0
0.17509233610341643 9661.0 0.0
0.17520775623268697 9672.5 0.0
0.17647737765466298 9685.0 0.0
0.17970914127423823 9666.0 0.0
0.1814404432132964 9693.0 0.0
0.18178670360110805 9693.0 0.0
0.1827100646352724 9693.0 0.0
0.18294090489381348 9693.0 0.0
0.18328716528162511 9693.0 0.0
0.1835180055401662 9674.0 0.0
0.1837488457987073 9674.0 0.0
0.18409510618651892 9675.0 0.0
0.18421052631578946 9675.0 0.0
0.18432594644506 9675.0 0.0
0.18444136657433055 9675.0 0.0
0.18698060941828254 9703.0 0.0
0.18709602954755308 9703.0 0.0
0.19171283471837489 9711.0 0.0
0.19182825484764543 9711.0 0.0
0.19194367497691597 9711.0 0.0
0.19205909510618652 9711.0 0.0
0.19217451523545706 9711.0 0.0
0.1922899353647276 9711.0 0.0
0.19263619575253924 9711.0 0.0
0.19275161588180978 9711.0 0.0
0.19286703601108032 9712.0 0.0
0.19298245614035087 9712.0 0.0
0.1930978762696214 9712.0 0.0
0.19367497691597416 9712.0 0.0
0.19725300092336104 9780.0 0.0
0.19783010156971376 9781.0 0.0
0.1979455216989843 9781.0 0.0
0.1992151431209603 9781.0 0.0
0.19933056325023085 9781.0 0.0
0.20198522622345336 9719.0 0.0
0.20210064635272393 9719.0 0.0
0.20221606648199447 9719.0 0.0
0.20233148661126502 9720.0 0.0
0.2025623268698061 9720.0 0.0
0.20267774699907665 9745.0 0.0
0.20614035087719298 9717.0 0.0
0.20648661126500462 9717.0 0.0
0.20660203139427516 9717.0 0.0
0.20764081255771005 9717.0 0.0
0.2077562326869806 9717.0 0.0
0.20787165281625117 9717.0 0.0
0.2079870729455217 9717.0 0.0
0.20810249307479226 9717.0 0.0
0.20833333333333334 9717.0 0.0
0.2084487534626039 9717.0 0.0
0.20856417359187443 9717.0 0.0
0.20867959372114497 9717.0 0.0
0.20879501385041552 9717.0 0.0
0.20891043397968606 9717.0 0.0
0.2090258541089566 9717.0 0.0
0.20914127423822715 9717.0 0.0
0.20937211449676824 9717.0 0.0
0.21144967682363805 9719.0 0.0
0.21168051708217914 9719.0 0.0
0.22807017543859648 9820.0 0.0
0.22818559556786702 9820.0 0.0
0.22864727608494922 9822.0 0.0
0.251269621421976 9779.0 0.0
0.283471837488458 9846.0 0.0
0.3425669436749769 9916.0 0.0
0.34360572483841184 9934.0 0.0
0.4441366574330563 10015.0 0.0
0.44967682363804246 10017.0 0.0
0.45244690674053556 10026.0 0.0
0.46075715604801476 10028.0 0.0
0.6634349030470914 10151.0 0.0
0.6690904893813481 10153.0 0.0
0.6747460757156049 10172.0 0.0
0.6771698984302862 10174.0 0.0
0.9058171745152355 10282.0 0.0
1.0 10335.0 0.0
