5099
0.0001 561 76 0
0.0001 889 145 0
0.0002 1245 249 0
0.0003 1501 294 0
0.0003 1710 451 0
0.0004 1871 357 0
0.0005 2040 454 0
0.0006 2138 542 0
0.0006 2275 612 0
0.0007 2403 710 0
0.0008 2458 616 0
0.0008 2605 860 0
0.0009 2621 846 0
0.0010 2670 803 0
0.0010 2850 1037 0
0.0011 2930 1116 0
0.0012 2938 1059 0
0.0012 2954 1025 0
0.0013 2984 1154 0
0.0014 3071 1123 0
0.0015 3129 1199 0
0.0015 3177 1313 0
0.0016 3263 1454 0
0.0017 3352 1685 0
0.0017 3369 1683 0
0.0018 3402 1902 0
0.0019 3445 1744 0
0.0019 3471 2425 0
0.0020 3537 1408 0
0.0021 3509 1660 0
0.0021 3577 2056 0
0.0022 3633 1996 0
0.0023 3635 1746 0
0.0024 3637 2128 0
0.0024 3654 1924 0
0.0025 3681 2331 0
0.0026 3700 2098 0
0.0026 3722 2107 0
0.0027 3736 2263 0
0.0028 3795 3007 0
0.0028 3858 2971 0
0.0029 3871 2969 0
0.0030 3844 2123 0
0.0030 3829 4198 0
0.0031 3899 4827 0
0.0032 3886 3573 0
0.0033 3932 3056 0
0.0033 3883 2978 0
0.0034 3997 3175 0
0.0035 3983 3208 0
0.0035 3999 3212 0
0.0036 4054 3759 0
0.0037 4062 3099 0
0.0037 3999 2111 0
0.0038 4095 6604 0
0.0039 4060 3234 0
0.0039 3973 2284 0
0.0040 4026 7087 0
0.0041 4059 7716 0
0.0042 4141 4313 0
0.0042 4135 9366 0
0.0043 4206 12266 0
0.0044 4113 5004 0
0.0044 4060 9220 0
0.0045 4122 6131 0
0.0046 4134 5180 0
0.0046 4142 8184 0
0.0047 4114 6874 0
0.0048 4158 9136 0
0.0048 4219 3991 0
0.0049 4200 4296 0
0.0050 4159 3626 0
0.0051 4210 3778 0
0.0051 4197 4075 0
0.0052 4191 3824 0
0.0053 4248 3625 0
0.0053 4238 3777 0
0.0054 4349 4908 0
0.0055 4282 4816 0
0.0055 4232 3443 0
0.0056 4286 4100 0
0.0057 4292 4854 0
0.0057 4291 4645 0
0.0058 4185 3131 0
0.0059 4329 6493 0
0.0060 4400 6767 0
0.0060 4268 4784 0
0.0061 4314 3763 0
0.0062 4376 4932 0
0.0062 4422 7356 0
0.0063 4519 8949 0
0.0064 4258 5220 0
0.0064 4376 6793 0
0.0065 4447 6218 0
0.0066 4076 1812 0
0.0067 4305 3869 0
0.0067 4408 5843 0
0.0068 4386 4556 0
0.0069 4366 5539 0
0.0069 4345 4254 0
0.0070 4403 4391 0
0.0071 4507 5289 0
0.0071 4376 7651 0
0.0072 4526 6431 0
0.0073 4487 9174 0
0.0073 4491 9319 0
0.0074 4547 7933 0
0.0075 4617 5112 0
0.0076 4591 6273 0
0.0076 4419 7285 0
0.0077 4583 11331 0
0.0078 4662 13042 0
0.0078 4492 5869 0
0.0079 4463 6215 0
0.0080 4495 12351 0
0.0080 4546 10469 0
0.0081 4585 8546 0
0.0082 4527 9351 0
0.0083 4510 5668 0
0.0084 4452 5482 0
0.0085 4553 13137 0
0.0085 4526 7135 0
0.0086 4631 9915 0
0.0087 4636 11654 0
0.0087 4648 12391 0
0.0088 4451 6825 0
0.0089 4545 8149 0
0.0089 4543 7194 0
0.0090 4600 9072 0
0.0091 4618 8431 0
0.0092 4556 6518 0
0.0093 4557 9417 0
0.0094 4702 12808 0
0.0094 4633 7859 0
0.0095 4736 9414 0
0.0096 4737 9509 0
0.0096 4614 7805 0
0.0097 4426 5483 0
0.0098 4667 9746 0
0.0098 4606 7878 0
0.0099 4535 7916 0
0.0100 4576 6367 0
0.0100 4552 9158 0
0.0101 4519 6420 0
0.0102 4671 11855 0
0.0103 4654 9605 0
0.0103 4583 9819 0
0.0104 4649 7345 0
0.0105 4575 7179 0
0.0106 4619 11723 0
0.0107 4622 10656 0
0.0107 4657 12356 0
0.0108 4694 8119 0
0.0109 4669 14634 0
0.0110 4626 10916 0
0.0111 4644 10101 0
0.0112 4593 6871 0
0.0112 4627 9300 0
0.0113 4694 16477 0
0.0114 4728 14704 0
0.0114 4643 8986 0
0.0116 4728 14836 0
0.0118 4623 10994 0
0.0118 4588 6387 0
0.0120 4700 14776 0
0.0121 4610 8815 0
0.0121 4705 32068 0
0.0122 4678 31092 0
0.0124 4654 14168 0
0.0125 4596 4395 0
0.0125 4751 15293 0
0.0126 4677 9583 0
0.0127 4625 9588 0
0.0127 4728 10196 0
0.0129 4655 8737 0
0.0130 4676 10333 0
0.0131 4634 11226 0
0.0132 4695 9593 0
0.0133 4654 11670 0
0.0134 4740 14372 0
0.0134 4628 8940 0
0.0139 4745 10690 0
0.0139 4631 15055 0
0.0141 4678 10466 0
0.0141 4657 10224 0
0.0143 4692 9038 0
0.0145 4660 15569 0
0.0146 4708 9882 0
0.0147 4776 13815 0
0.0150 4754 11893 0
0.0150 4715 9729 0
0.0151 4704 11305 0
0.0153 4782 16382 0
0.0155 4639 10493 0
0.0156 4717 11823 0
0.0157 4783 20798 0
0.0159 4691 17193 0
0.0160 4685 9367 0
0.0163 4773 17419 0
0.0164 4814 50316 0
0.0166 4708 16409 0
0.0168 4703 22557 0
0.0170 4785 13639 0
0.0172 4676 8922 0
0.0175 4735 22449 0
0.0177 4745 29318 0
0.0179 4758 51235 0
0.0181 4767 10454 0
0.0182 4800 17045 0
0.0184 4851 84956 0
0.0185 4803 14500 0
0.0186 4820 15014 0
0.0188 4825 17228 0
0.0190 4751 24748 0
0.0191 4772 11135 0
0.0192 4734 21357 0
0.0193 4781 53612 0
0.0194 4791 22788 0
0.0198 4756 24972 0
0.0200 4733 12170 0
0.0201 4812 14696 0
0.0202 4786 58172 0
0.0206 4817 17813 0
0.0211 4799 23457 0
0.0214 4823 15266 0
0.0218 4747 12535 0
0.0219 4779 18035 0
0.0221 4758 12803 0
0.0227 4816 70766 0
0.0228 4843 24646 0
0.0229 4776 25606 0
0.0237 4845 28884 0
0.0246 4807 35720 0
0.0247 4870 20814 0
0.0248 4818 17099 0
0.0252 4871 20899 0
0.0255 4802 15945 0
0.0256 4806 13287 0
0.0261 4876 21751 0
0.0264 4829 19436 0
0.0266 4844 72516 0
0.0268 4850 81436 0
0.0269 4916 91356 0
0.0270 4860 28253 0
0.0273 4810 18210 0
0.0275 4815 23848 0
0.0276 4860 81820 0
0.0276 4826 25707 0
0.0278 4814 28074 0
0.0278 4885 30798 0
0.0279 4883 21597 0
0.0280 4830 25691 0
0.0285 4858 23680 0
0.0285 4887 30861 0
0.0286 4899 24071 0
0.0287 4921 94175 0
0.0287 4889 85900 0
0.0290 4867 30146 0
0.0292 4892 31447 0
0.0296 4879 19859 0
0.0301 4835 27180 0
0.0303 4838 23754 0
0.0305 4908 25027 0
0.0307 4926 94613 0
0.0308 4859 31411 0
0.0308 4845 28273 0
0.0310 4866 20819 0
0.0312 4899 31834 0
0.0312 4853 28799 0
0.0317 4859 29216 0
0.0317 4889 23517 0
0.0318 4875 29020 0
0.0326 4869 28652 0
0.0328 4867 31425 0
0.0329 4890 39165 0
0.0330 4916 29262 0
0.0331 4891 65002 0
0.0332 4870 28690 0
0.0335 4896 22298 0
0.0337 4847 27386 0
0.0344 4881 35939 0
0.0349 4900 24940 0
0.0352 4863 27971 0
0.0353 4878 30906 0
0.0353 4872 31224 0
0.0354 4885 30732 0
0.0357 4859 25384 0
0.0362 4874 21316 0
0.0369 4906 38556 0
0.0369 4888 31947 0
0.0372 4881 46307 0
0.0373 4881 34101 0
0.0375 4898 43283 0
0.0375 4896 37324 0
0.0378 4943 101820 0
0.0388 4902 32388 0
0.0392 4923 33825 0
0.0393 4931 93705 0
0.0398 4880 34161 0
0.0399 4906 45585 0
0.0400 4925 45672 0
0.0404 4904 48444 0
0.0407 4924 34254 0
0.0409 4939 42530 0
0.0413 4951 102926 0
0.0416 4871 32520 0
0.0423 4918 27673 0
0.0423 4940 47744 0
0.0426 4888 35511 0
0.0432 4906 36222 0
0.0435 4946 43448 0
0.0436 4905 35744 0
0.0441 4936 80308 0
0.0444 4908 36670 0
0.0445 4934 35265 0
0.0449 4888 35176 0
0.0451 4918 37213 0
0.0452 4900 28516 0
0.0452 4905 36735 0
0.0453 4936 35524 0
0.0456 4897 37156 0
0.0463 4906 32521 0
0.0468 4913 39020 0
0.0471 4918 38396 0
0.0486 4916 34170 0
0.0488 4904 40056 0
0.0491 4912 48015 0
0.0499 4932 64130 0
0.0500 4935 52588 0
0.1000 5007 94627 0
0.1500 5029 154950 0
0.1999 5043 261387 0
0.2499 5057 306192 0
0.2999 5065 349365 0
0.3500 5068 387430 0
0.4000 5071 435732 0
0.4500 5076 479199 0
0.5000 5082 542950 0
0.5500 5087 582700 0
0.6000 5090 633517 0
0.6500 5092 672308 0
0.7001 5093 741819 0
0.7501 5095 851814 0
0.8001 5095 891606 0
0.8501 5096 944285 0
0.9000 5096 995777 0
0.9501 5098 1059662 0
1.0000 5099 1097932 0
