10097
0.0001 711 4 0
0.0001 1158 8 0
0.0002 1635 14 0
0.0003 1958 13 0
0.0003 2245 17 0
0.0004 2556 19 0
0.0005 2786 22 0
0.0006 3048 31 0
0.0006 3173 43 0
0.0007 3355 47 0
0.0008 3590 57 0
0.0008 3644 56 0
0.0009 3843 38 0
0.0010 3889 55 0
0.0010 4151 70 0
0.0011 4266 49 0
0.0012 4435 63 0
0.0012 4447 91 0
0.0013 4586 65 0
0.0014 4706 56 0
0.0015 4706 60 0
0.0015 4862 76 0
0.0016 4821 60 0
0.0017 4986 66 0
0.0017 4992 70 0
0.0018 5251 113 0
0.0019 5307 116 0
0.0019 5439 131 0
0.0020 5491 142 0
0.0021 5516 150 0
0.0021 5598 134 0
0.0022 5761 142 0
0.0023 5731 166 0
0.0024 5805 167 0
0.0024 5884 223 0
0.0025 5948 301 0
0.0026 5850 115 0
0.0026 6023 137 0
0.0027 5919 118 0
0.0028 6203 152 0
0.0028 6357 104 0
0.0029 6200 239 0
0.0030 6549 178 0
0.0030 6365 163 0
0.0031 6408 135 0
0.0032 6365 316 0
0.0033 6539 174 0
0.0033 6576 199 0
0.0034 6706 267 0
0.0035 6797 286 0
0.0035 6785 289 0
0.0036 6897 378 0
0.0037 6819 414 0
0.0037 6816 426 0
0.0038 6457 343 0
0.0039 6647 323 0
0.0039 6704 166 0
0.0040 6540 141 0
0.0041 6852 132 0
0.0042 6762 140 0
0.0042 6969 183 0
0.0043 7135 219 0
0.0044 6973 214 0
0.0044 6943 161 0
0.0045 7065 332 0
0.0046 7072 166 0
0.0046 7202 175 0
0.0047 7146 187 0
0.0048 7280 182 0
0.0048 6562 196 0
0.0049 6882 233 0
0.0050 7213 132 0
0.0051 7420 215 0
0.0051 7250 196 0
0.0052 7510 260 0
0.0053 7278 229 0
0.0053 7356 182 0
0.0054 7221 162 0
0.0055 7411 162 0
0.0055 7423 190 0
0.0056 7449 199 0
0.0057 7742 69 0
0.0057 7778 172 0
0.0058 7318 95 0
0.0059 7427 373 0
0.0060 7476 2560 0
0.0060 7275 779 0
0.0061 7666 278 0
0.0062 7166 1400 0
0.0062 7393 978 0
0.0063 7560 172 0
0.0064 7403 7 0
0.0064 7679 584 0
0.0065 7749 103 0
0.0066 7571 162 0
0.0067 7823 156 0
0.0067 8031 245 0
0.0068 7669 112 0
0.0069 8483 980 0
0.0069 7739 234 0
0.0070 7233 2621 0
0.0071 7914 1120 0
0.0072 8022 185 0
0.0073 8516 1090 0
0.0074 8057 225 0
0.0076 8154 266 0
0.0078 7619 58 0
0.0078 8239 41 0
0.0079 8239 41 0
0.0080 8087 292 0
0.0080 8226 186 0
0.0081 8119 819 0
0.0082 8315 549 0
0.0082 8322 549 0
0.0083 8359 510 0
0.0085 8627 631 0
0.0085 8518 41 0
0.0086 8264 189 0
0.0087 8126 656 0
0.0087 7963 537 0
0.0088 8360 404 0
0.0089 8713 272 0
0.0092 8657 647 0
0.0093 8216 569 0
0.0094 8538 283 0
0.0094 8127 59 0
0.0096 8063 213 0
0.0096 8334 403 0
0.0097 8051 335 0
0.0098 8213 373 0
0.0099 8325 280 0
0.0100 8345 432 0
0.0101 8616 608 0
0.0105 8475 260 0
0.0105 8872 649 0
0.0107 8766 1760 0
0.0108 8373 446 0
0.0111 8865 2075 0
0.0112 8052 473 0
0.0112 8251 321 0
0.0113 8460 593 0
0.0117 8923 703 0
0.0118 8470 349 0
0.0119 8808 1449 0
0.0120 8565 69 0
0.0121 8912 344 0
0.0122 8579 449 0
0.0123 8336 665 0
0.0123 8584 812 0
0.0124 8247 877 0
0.0125 8766 1063 0
0.0125 8436 400 0
0.0127 8660 670 0
0.0129 8943 1571 0
0.0130 8611 1018 0
0.0131 8848 515 0
0.0132 8633 423 0
0.0136 8647 403 0
0.0139 8659 547 0
0.0139 8639 918 0
0.0142 8800 404 0
0.0143 8755 417 0
0.0144 8563 784 0
0.0145 8989 349 0
0.0147 8862 446 0
0.0148 8818 2134 0
0.0149 8634 527 0
0.0152 9047 3787 0
0.0153 8683 1250 0
0.0156 8855 568 0
0.0163 8846 368 0
0.0165 9178 409 0
0.0166 9071 1591 0
0.0168 8979 889 0
0.0168 9179 2167 0
0.0172 8894 452 0
0.0173 8984 550 0
0.0174 9174 461 0
0.0175 8906 574 0
0.0176 9162 999 0
0.0179 8494 804 0
0.0179 8979 2642 0
0.0180 9085 621 0
0.0182 8761 941 0
0.0183 9006 1046 0
0.0185 9174 1238 0
0.0186 9047 1050 0
0.0188 9129 1592 0
0.0188 9102 649 0
0.0190 9180 3976 0
0.0191 8868 961 0
0.0193 8969 968 0
0.0196 9058 545 0
0.0197 9054 1569 0
0.0198 9113 649 0
0.0200 8935 961 0
0.0204 9235 4020 0
0.0207 9065 557 0
0.0208 9102 936 0
0.0209 9067 222 0
0.0211 9126 679 0
0.0211 9279 1696 0
0.0215 9164 651 0
0.0218 9076 614 0
0.0219 9138 2645 0
0.0220 9302 417 0
0.0222 9150 1780 0
0.0226 8907 1197 0
0.0229 9340 1613 0
0.0231 9044 1101 0
0.0233 9250 2584 0
0.0237 9281 734 0
0.0239 9395 3026 0
0.0241 9215 670 0
0.0243 9267 6072 0
0.0248 9344 443 0
0.0258 9179 813 0
0.0258 9191 2437 0
0.0262 9384 1781 0
0.0265 9257 1124 0
0.0265 9258 922 0
0.0266 9267 1152 0
0.0269 9350 1847 0
0.0269 9220 302 0
0.0272 9256 704 0
0.0274 9196 831 0
0.0281 9334 2640 0
0.0283 9367 1140 0
0.0283 9180 1674 0
0.0285 9371 4179 0
0.0289 9201 1674 0
0.0290 9251 533 0
0.0291 9333 2763 0
0.0292 9297 719 0
0.0295 9215 1562 0
0.0298 9367 597 0
0.0299 9263 1562 0
0.0299 9327 6138 0
0.0303 9366 1235 0
0.0309 9309 716 0
0.0310 9434 4291 0
0.0311 9458 494 0
0.0312 9370 6233 0
0.0314 9281 1563 0
0.0315 9317 1707 0
0.0316 9293 1043 0
0.0317 9372 1510 0
0.0317 9328 803 0
0.0319 9298 1113 0
0.0320 9400 3210 0
0.0325 9409 1833 0
0.0326 9315 854 0
0.0326 9370 2749 0
0.0328 9345 2373 0
0.0331 9354 652 0
0.0332 9353 1760 0
0.0334 9491 5302 0
0.0339 9291 462 0
0.0340 9422 833 0
0.0342 9388 1750 0
0.0349 9412 1519 0
0.0356 9519 812 0
0.0359 9418 1519 0
0.0362 9518 3451 0
0.0364 9376 908 0
0.0365 9453 1529 0
0.0367 9371 1631 0
0.0368 9418 2819 0
0.0369 9521 759 0
0.0369 9411 2757 0
0.0371 9530 5463 0
0.0371 9550 1940 0
0.0375 9440 3969 0
0.0377 9446 924 0
0.0378 9547 4627 0
0.0381 9488 2948 0
0.0382 9429 2821 0
0.0382 9380 1205 0
0.0386 9500 6419 0
0.0387 9406 1841 0
0.0389 9348 502 0
0.0390 9466 1551 0
0.0400 9409 846 0
0.0401 9490 1643 0
0.0405 9396 1680 0
0.0407 9496 2972 0
0.0409 9447 3676 0
0.0414 9452 2827 0
0.0417 9482 1801 0
0.0419 9402 1712 0
0.0429 9438 875 0
0.0432 9466 3687 0
0.0434 9531 6627 0
0.0438 9485 3108 0
0.0438 9529 3655 0
0.0442 9686 6412 0
0.0446 9458 1783 0
0.0450 9512 1749 0
0.0452 9431 564 0
0.0458 9693 6420 0
0.0463 9624 4059 0
0.0463 9506 910 0
0.0470 9489 3918 0
0.0474 9531 2488 0
0.0483 9441 1719 0
0.0499 9531 1824 0
0.0500 9573 3303 0
0.1000 9764 3031 0
0.1500 9842 5142 0
0.2001 9884 7049 0
0.2501 9914 11030 0
0.3000 9945 12989 0
0.3500 9974 14654 0
0.4000 9991 16250 0
0.4501 10009 21035 0
0.5000 10027 23751 0
0.5500 10038 29441 0
0.6000 10048 32679 0
0.6500 10054 34690 0
0.7000 10059 36241 0
0.7500 10064 42945 0
0.8000 10069 47656 0
0.8500 10080 52048 0
0.9000 10087 58507 0
0.9501 10092 59544 0
1.0000 10097 60156 0
