1105469
0.0001 926 0 0
0.0001 1459 0 0
0.0002 2286 0 0
0.0003 2692 0 0
0.0003 3351 0 0
0.0004 3886 0 0
0.0005 4214 0 0
0.0006 4527 0 0
0.0006 4939 0 0
0.0007 5245 0 0
0.0008 5642 2 0
0.0008 6165 2 0
0.0009 6571 0 0
0.0010 6798 0 0
0.0010 6700 0 0
0.0011 7772 0 0
0.0012 7688 0 0
0.0012 8016 0 0
0.0013 8774 0 0
0.0014 9301 0 0
0.0015 9070 5 0
0.0015 9258 0 0
0.0016 9947 0 0
0.0017 10266 1 0
0.0017 10750 1 0
0.0018 11101 0 0
0.0019 10628 0 0
0.0019 10709 0 0
0.0020 10569 0 0
0.0021 11147 0 0
0.0021 11171 0 0
0.0022 12737 0 0
0.0023 11959 1 0
0.0024 12173 1 0
0.0024 12353 2 0
0.0025 12358 2 0
0.0026 13301 3 0
0.0026 13627 4 0
0.0027 15431 3 0
0.0028 13533 1 0
0.0028 13615 4 0
0.0029 14118 3 0
0.0030 13832 1 0
0.0030 14877 4 0
0.0031 13691 1 0
0.0032 14746 3 0
0.0033 14393 1 0
0.0033 15211 4 0
0.0034 15298 5 0
0.0035 14901 4 0
0.0035 14501 6 0
0.0036 16293 3 0
0.0037 16699 3 0
0.0037 18545 1 0
0.0038 17468 1 0
0.0039 17302 5 0
0.0039 17517 5 0
0.0040 16495 6 0
0.0041 19706 1 0
0.0042 18693 4 0
0.0042 18614 2 0
0.0043 18197 4 0
0.0044 17466 3 0
0.0044 16911 7 0
0.0045 18024 0 0
0.0046 17214 6 0
0.0046 19884 1 0
0.0047 19706 12 0
0.0048 18139 8 0
0.0048 19050 63 0
0.0049 21252 0 0
0.0050 17871 6 0
0.0051 20719 1 0
0.0051 20619 0 0
0.0052 23062 6 0
0.0053 21809 1 0
0.0053 19741 0 0
0.0054 21350 2 0
0.0055 20447 5 0
0.0055 27313 2 0
0.0056 23517 0 0
0.0057 21578 0 0
0.0057 23189 0 0
0.0058 19160 0 0
0.0059 24523 100 0
0.0060 25644 3 0
0.0060 20959 146 0
0.0061 22191 2 0
0.0062 19908 1 0
0.0062 25680 15 0
0.0063 27360 3 0
0.0064 26360 15 0
0.0064 29939 12 0
0.0065 19977 0 0
0.0066 21395 0 0
0.0067 28298 295 0
0.0067 21220 1 0
0.0068 28283 0 0
0.0069 21975 18 0
0.0069 26605 12 0
0.0070 27000 12 0
0.0071 24181 2 0
0.0071 27122 24 0
0.0072 26272 0 0
0.0073 32526 4 0
0.0073 26287 8 0
0.0074 22566 2 0
0.0075 22737 8 0
0.0076 22808 0 0
0.0076 40728 16 0
0.0077 27444 0 0
0.0078 39459 0 0
0.0078 20449 1 0
0.0079 22132 0 0
0.0080 25516 0 0
0.0080 20691 11 0
0.0081 24731 0 0
0.0082 33688 31 0
0.0082 28782 34 0
0.0083 25481 1 0
0.0084 23885 0 0
0.0085 32005 0 0
0.0086 33228 2 0
0.0087 25472 3 0
0.0087 31301 3 0
0.0088 31886 23 0
0.0089 21500 1 0
0.0089 40615 12 0
0.0090 41063 0 0
0.0091 35221 0 0
0.0094 49397 0 0
0.0099 27538 24 0
0.0100 48508 14 0
0.0103 29851 0 0
0.0105 35872 0 0
0.0106 29940 6 0
0.0107 28403 24 0
0.0107 45995 8 0
0.0109 28462 5 0
0.0110 21259 0 0
0.0111 45349 6 0
0.0113 21886 0 0
0.0116 30358 25 0
0.0118 45897 0 0
0.0119 35239 1 0
0.0121 34870 0 0
0.0121 36980 52 0
0.0123 36910 3 0
0.0124 36263 31 0
0.0125 38725 40 0
0.0128 30148 5 0
0.0132 37304 31 0
0.0134 43524 0 0
0.0135 39668 1 0
0.0136 58965 5 0
0.0139 48747 31 0
0.0139 31068 5 0
0.0141 39715 15 0
0.0141 56242 0 0
0.0145 35299 25 0
0.0145 49752 0 0
0.0146 46299 0 0
0.0148 49466 0 0
0.0149 54504 5 0
0.0150 67116 4 0
0.0154 46413 31 0
0.0155 41631 52 0
0.0157 38516 5 0
0.0159 42876 4 0
0.0163 50434 57 0
0.0163 85281 0 0
0.0164 36934 25 0
0.0166 42634 17 0
0.0168 40799 0 0
0.0171 44623 40 0
0.0175 48343 1 0
0.0176 44992 6 0
0.0178 52242 5 0
0.0179 84637 4 0
0.0187 52350 0 0
0.0188 57331 0 0
0.0188 47523 12 0
0.0189 54615 31 0
0.0190 69097 8 0
0.0191 54716 0 0
0.0192 61178 62 0
0.0195 58354 1 0
0.0195 60282 0 0
0.0197 90358 0 0
0.0200 58010 31 0
0.0200 56521 6 0
0.0202 61261 0 0
0.0213 60333 0 0
0.0213 56751 28 0
0.0214 41820 25 0
0.0218 53176 6 0
0.0220 94687 0 0
0.0227 58750 30 0
0.0229 83258 6 0
0.0230 70170 2 0
0.0231 45344 0 0
0.0233 57883 5 0
0.0234 75355 3 0
0.0238 104882 0 0
0.0238 66971 0 0
0.0239 114805 0 0
0.0242 70096 76 0
0.0245 74671 13 0
0.0245 54651 17 0
0.0251 64798 1 0
0.0257 90462 5 0
0.0258 57598 17 0
0.0261 94565 4 0
0.0263 68789 62 0
0.0266 66962 17 0
0.0267 60255 17 0
0.0269 66636 61 0
0.0270 82156 27 0
0.0273 78870 97 0
0.0274 72664 31 0
0.0274 100872 5 0
0.0276 58581 25 0
0.0278 60051 1 0
0.0283 58174 8 0
0.0284 52411 40 0
0.0286 67237 31 0
0.0287 99347 7 0
0.0288 67273 5 0
0.0296 89904 20 0
0.0299 69214 17 0
0.0302 75071 61 0
0.0303 83492 3 0
0.0303 70640 27 0
0.0308 71127 17 0
0.0310 67459 16 0
0.0311 98540 4 0
0.0320 81983 13 0
0.0321 75681 66 0
0.0324 88730 27 0
0.0326 98310 37 0
0.0327 73981 1 0
0.0329 77422 16 0
0.0332 78526 31 0
0.0335 73640 17 0
0.0336 103905 7 0
0.0337 53925 0 0
0.0338 73465 40 0
0.0346 112142 78 0
0.0346 85758 98 0
0.0353 113347 7 0
0.0353 87274 61 0
0.0359 107944 12 0
0.0360 69239 1 0
0.0360 59720 0 0
0.0361 97960 20 0
0.0364 80784 66 0
0.0365 92966 13 0
0.0367 78356 50 0
0.0369 84949 31 0
0.0371 61125 0 0
0.0375 103593 40 0
0.0376 98012 3 0
0.0381 107109 4 0
0.0382 83290 15 0
0.0389 119392 78 0
0.0399 101287 3 0
0.0403 101977 34 0
0.0411 82494 50 0
0.0418 86180 35 0
0.0424 93576 29 0
0.0425 148309 585 0
0.0427 128881 4 0
0.0427 125021 45 0
0.0432 98962 98 0
0.0436 112252 11 0
0.0438 99016 63 0
0.0439 78140 1 0
0.0442 87296 30 0
0.0443 106316 14 0
0.0445 89695 66 0
0.0446 99696 8 0
0.0447 216792 586 0
0.0453 108488 43 0
0.0456 106938 3 0
0.0459 114062 34 0
0.0473 116725 23 0
0.0474 94032 30 0
0.0499 130034 42 0
0.0500 123224 82 0
0.1000 203534 126 0
0.1500 259881 196 0
0.2001 315838 229 0
0.2501 368305 244 0
0.3001 413126 322 0
0.3501 472580 337 0
0.4001 512835 361 0
0.4501 558131 459 0
0.5001 612399 478 0
0.5502 650953 574 0
0.6002 693824 608 0
0.6501 798988 630 0
0.7001 849373 660 0
0.7501 879409 663 0
0.8001 952727 1252 0
0.8501 990806 1289 0
0.9000 1029886 1332 0
0.9500 1048643 1405 0
1.0000 1105469 1483 0
