5132
0.00011542012927054478 902.9287857802401 167.9862650046168
0.00023084025854108956 1372.683092948718 269.15825320512823
0.00034626038781163435 1889.6420118343194 478.3293885601578
0.0004616805170821791 2180.314241486068 693.625386996904
0.0005771006463527239 2450.243956043956 749.9538461538461
0.0006925207756232687 2626.8508771929824 999.5350877192982
0.0008079409048938135 2836.1721854304637 1049.5066225165563
0.0009233610341643582 3065.7162162162163 917.2387387387388
0.001038781163434903 3102.2204301075267 1305.736559139785
0.0011542012927054479 3299.79375 1714.94375
0.0012696214219759926 3323.886524822695 1512.7163120567375
0.0013850415512465374 3483.6220472440946 1767.267716535433
0.0015004616805170822 3563.0520833333335 2102.03125
0.001615881809787627 3625.5824175824177 2016.1648351648353
0.0017313019390581717 3694.956043956044 2095.6043956043954
0.0018467220683287165 3734.3623188405795 2162.217391304348
0.0019621421975992612 3789.1971830985917 2436.718309859155
0.002077562326869806 3847.593220338983 3042.9830508474574
0.0021929824561403508 3913.3333333333335 3840.176470588235
0.0023084025854108957 3865.48 2062.3
0.0024238227146814403 4014.8627450980393 3865.4117647058824
0.0025392428439519853 4090.8444444444444 3900.2444444444445
0.00265466297322253 4151.104166666667 3241.0416666666665
0.002770083102493075 4185.21568627451 4069.078431372549
0.0028855032317636198 4068.5641025641025 3887.871794871795
0.0030009233610341643 4215.051282051282 3657.5384615384614
0.0031163434903047093 4245.738095238095 4038.1190476190477
0.003231763619575254 4135.0 2998.590909090909
0.003347183748845799 4294.34375 4503.625
0.0034626038781163434 4352.354838709677 5589.322580645161
0.0035780240073868884 4406.75 6111.392857142857
0.003693444136657433 4348.064516129032 5446.774193548387
0.003808864265927978 4393.727272727273 4502.636363636364
0.0039242843951985225 4371.903225806452 5614.129032258064
0.004039704524469067 4373.473684210527 5310.9473684210525
0.004155124653739612 4339.5 5237.909090909091
0.004270544783010157 4477.0 6917.652173913043
0.0043859649122807015 4430.36 6836.32
0.004501385041551247 4404.2307692307695 5960.115384615385
0.0046168051708217915 4448.36 6989.28
0.004732225300092336 4497.478260869565 7323.04347826087
0.004847645429362881 4494.666666666667 7330.333333333333
0.004963065558633426 4455.411764705882 7614.058823529412
0.0050784856879039705 4488.88 7467.08
0.005193905817174515 4490.142857142857 5283.761904761905
0.00530932594644506 4469.0 9428.235294117647
0.005424746075715605 4519.214285714285 8129.785714285715
0.00554016620498615 4519.0 7073.5
0.005655586334256694 4569.357142857143 7466.428571428572
0.0057710064635272396 4581.6875 11653.6875
0.005886426592797784 4629.388888888889 9355.722222222223
0.006001846722068329 4534.058823529412 7335.705882352941
0.006117266851338873 4620.9375 10736.4375
0.006232686980609419 4682.666666666667 11971.722222222223
0.006348107109879963 4607.153846153846 9366.615384615385
0.006463527239150508 4600.888888888889 8789.444444444445
0.006578947368421052 4612.7692307692305 6231.0
0.006694367497691598 4612.833333333333 4262.333333333333
0.006809787626962142 4654.928571428572 8146.857142857143
0.006925207756232687 4616.307692307692 9166.307692307691
0.007040627885503232 4635.785714285715 8679.785714285714
0.007156048014773777 4660.714285714285 7487.857142857143
0.007271468144044321 4639.0 6821.714285714285
0.007386888273314866 4661.8 9165.1
0.007502308402585411 4608.545454545455 6947.545454545455
0.007617728531855956 4714.857142857143 9496.42857142857
0.0077331486611265 4689.25 7941.0
0.007848568790397045 4637.125 8976.375
0.00796398891966759 4670.4 9659.0
0.008079409048938134 4690.857142857143 9586.142857142857
0.00819482917820868 4721.75 8558.75
0.008310249307479225 4577.875 7597.0
0.008425669436749769 4599.666666666667 8732.666666666666
0.008541089566020314 4638.9 8477.8
0.00865650969529086 4607.333333333333 7045.777777777777
0.008771929824561403 4701.846153846154 10293.0
0.008887349953831948 4690.1 10119.3
0.009002770083102494 4587.0 9964.166666666666
0.009118190212373038 4697.333333333333 9943.777777777777
0.009233610341643583 4714.5 9820.5
0.009349030470914127 4791.375 12458.75
0.009464450600184672 4783.2 16150.4
0.009579870729455217 4741.7 13813.0
0.009695290858725761 4770.125 11103.375
0.009810710987996307 4760.833333333333 11488.166666666666
0.009926131117266852 4787.428571428572 16340.857142857143
0.010041551246537396 4774.0 14184.333333333334
0.010156971375807941 4768.0 12173.0
0.010272391505078486 4823.0 18317.333333333332
0.01038781163434903 4795.666666666667 12118.666666666666
0.010503231763619576 4773.5 11321.25
0.01061865189289012 4800.0 11051.5
0.010734072022160665 4773.666666666667 10105.666666666666
0.01084949215143121 4822.666666666667 13980.666666666666
0.010964912280701754 4734.0 6947.8
0.0110803324099723 4833.5 18122.25
0.011195752539242845 4805.333333333333 11511.666666666666
0.011311172668513388 4814.5 16574.0
0.011426592797783934 4833.0 7204.0
0.011772853185595568 4794.0 11760.5
0.011888273314866112 4703.5 7475.5
0.012003693444136657 4869.0 31164.0
0.012119113573407203 4810.25 12746.0
0.012234533702677746 4779.666666666667 17796.666666666668
0.012349953831948292 4791.5 21664.25
0.012465373961218837 4727.0 7121.0
0.012580794090489381 4856.25 23066.5
0.012696214219759926 4820.25 11269.75
0.012811634349030472 4827.833333333333 15885.333333333334
0.012927054478301015 4846.25 16062.75
0.01304247460757156 4796.285714285715 11293.0
0.013157894736842105 4797.333333333333 13011.666666666666
0.01327331486611265 4823.4 12028.6
0.013388734995383195 4874.0 19139.5
0.013504155124653739 4835.333333333333 15537.0
0.013619575253924284 4832.0 12828.0
0.01373499538319483 4868.0 14803.666666666666
0.013850415512465374 4795.5 9048.5
0.013965835641735919 4876.25 18683.25
0.014081255771006464 4840.0 21920.0
0.014196675900277008 4904.0 18821.666666666668
0.014312096029547553 4869.0 22040.6
0.014427516158818097 4840.75 19432.25
0.014542936288088643 4825.4 11753.6
0.014658356417359188 4825.6 11754.4
0.015004616805170823 4902.0 28107.0
0.015120036934441366 4768.0 15971.666666666666
0.015235457063711912 4757.666666666667 10002.333333333334
0.015350877192982455 4807.6 13382.2
0.015466297322253 4831.714285714285 15442.285714285714
0.015581717451523546 4817.8 14967.8
0.01569713758079409 4849.5 16923.75
0.015812557710064637 4822.833333333333 14063.5
0.01592797783933518 4823.5 16196.25
0.016043397968605724 4868.6 17565.8
0.016158818097876268 4872.833333333333 17872.166666666668
0.016274238227146815 4882.5 19122.25
0.01638965835641736 4912.0 17601.0
0.016505078485687903 4895.0 18824.0
0.01662049861495845 4921.0 25367.0
0.016735918744228993 4882.0 16967.0
0.016851338873499537 4924.0 22382.5
0.016966759002770084 4899.0 18597.0
0.01719759926131117 4861.0 18257.0
0.01731301939058172 4863.0 18297.0
0.017428439519852262 4894.0 20537.0
0.017543859649122806 4900.0 17540.0
0.017659279778393353 4913.5 25024.0
0.01789012003693444 4873.0 16097.0
0.018005540166204988 4849.0 11514.0
0.018351800554016622 4925.0 33478.0
0.01858264081255771 4910.0 26982.0
0.018698060941828253 4931.0 33535.0
0.0188134810710988 4759.0 8889.0
0.018928901200369344 4891.0 23727.0
0.019044321329639888 4910.0 29056.0
0.019159741458910435 4778.0 9140.0
0.019390581717451522 4882.0 20341.0
0.01950600184672207 4911.0 29781.0
0.019621421975992613 4911.0 29792.0
0.019736842105263157 4923.0 31249.5
0.019852262234533704 4935.0 32732.0
0.019967682363804248 4911.333333333333 25857.0
0.02008310249307479 4938.0 32863.0
0.020313942751615882 4920.5 22741.0
0.020429362880886426 4879.0 12166.5
0.020660203139427517 4924.5 31489.0
0.02077562326869806 4907.0 25744.666666666668
0.020891043397968604 4867.0 14217.0
0.02100646352723915 4914.0 27869.5
0.021121883656509695 4907.5 28498.0
0.02123730378578024 4901.666666666667 26902.0
0.021352723915050786 4927.0 23792.0
0.02146814404432133 4922.0 15377.0
0.021583564173591873 4939.0 32901.5
0.02169898430286242 4947.0 33453.0
0.021814404432132964 4931.0 32431.0
0.021929824561403508 4933.0 29209.0
0.0221606648199446 4899.0 33597.0
0.022276084949215142 4910.0 25411.0
0.02239150507848569 4927.0 22516.5
0.022506925207756233 4924.0 17361.0
0.022622345337026777 4916.5 27648.0
0.022737765466297324 4931.0 18029.0
0.02296860572483841 4874.0 19837.0
0.023084025854108958 4901.5 23494.25
0.023199445983379502 4918.0 34286.0
0.023314866112650046 4918.8 27724.8
0.023545706371191136 4928.0 29188.5
0.02366112650046168 4944.5 30344.0
0.023776546629732224 4877.0 19906.0
0.02389196675900277 4906.5 26016.0
0.024007386888273315 4943.0 29411.0
0.024238227146814405 4916.0 24717.0
0.02435364727608495 4926.5 28178.0
0.024469067405355493 4954.0 27727.0
0.024699907663896584 4934.666666666667 32854.0
0.024815327793167127 4917.0 36194.0
0.024930747922437674 4922.666666666667 24388.666666666668
0.025046168051708218 4937.0 27738.75
0.025161588180978762 4939.666666666667 35873.333333333336
0.025507848568790396 4924.0 30589.5
0.025623268698060944 4929.0 35269.0
0.025738688827331487 4926.0 30477.0
0.026200369344413665 4939.0 36391.0
0.02631578947368421 4954.0 29905.0
0.026431209602954756 4939.0 36392.0
0.0265466297322253 4950.333333333333 34729.0
0.026662049861495844 4940.5 31259.5
0.02677746999076639 4947.0 34263.5
0.026892890120036934 4947.333333333333 36397.666666666664
0.027008310249307478 4948.333333333333 29004.0
0.027123730378578025 4956.333333333333 40717.666666666664
0.027354570637119113 4947.333333333333 33646.666666666664
0.027585410895660203 4962.5 41301.5
0.027816251154201294 4967.0 50366.0
0.027931671283471838 4964.5 36781.0
0.02804709141274238 4966.666666666667 41494.333333333336
0.02816251154201293 4970.25 37949.0
0.028277931671283472 4975.5 39089.0
0.028393351800554016 4961.0 27339.0
0.028624192059095107 4952.0 36873.0
0.02873961218836565 4961.0 33551.5
0.028855032317636194 4961.0 33554.0
0.02897045244690674 4953.0 37006.0
0.029085872576177285 4918.0 20064.0
0.02920129270544783 4936.5 28555.5
0.029316712834718376 4955.0 37006.0
0.02943213296398892 4966.0 37947.5
0.029547553093259463 4949.5 29811.0
0.029778393351800554 4967.0 38032.0
0.030009233610341645 4967.0 38033.5
0.03012465373961219 4957.0 37075.0
0.03035549399815328 4962.0 37571.0
0.030470914127423823 4969.5 38333.0
0.030586334256694367 4918.0 24064.0
0.030817174515235458 4940.0 24809.0
0.030932594644506 4960.0 31984.0
0.031163434903047092 4974.0 31514.0
0.031278855032317636 4957.5 28437.0
0.03139427516158818 4978.5 40040.5
0.03150969529085872 4961.0 31849.666666666668
0.031625115420129274 4968.0 38694.0
0.03174053554939982 4975.0 31607.0
0.03208679593721145 4976.0 35039.0
0.032317636195752536 4960.5 30263.0
0.03243305632502309 4966.0 30854.0
0.03254847645429363 4945.0 25487.0
0.03277931671283472 4956.0 35002.0
0.03289473684210526 4964.333333333333 46965.666666666664
0.033125577100646356 4956.0 35835.0
0.0332409972299169 4956.0 36000.0
0.03347183748845799 4989.0 46201.0
0.03358725761772853 4989.0 46201.0
0.033702677746999074 4969.25 38071.75
0.03393351800554017 4978.0 32628.0
0.034164358264081256 4978.0 32634.0
0.0342797783933518 4978.0 32634.0
0.03451061865189289 4965.0 47795.0
0.034856879039704525 4980.0 32677.0
0.03497229916897507 4986.5 39563.0
0.035203139427516156 4986.333333333333 49435.666666666664
0.035318559556786706 4980.0 32678.0
0.03543397968605725 4993.0 46455.0
0.03566481994459834 4983.0 50996.0
0.03578024007386888 4986.0 69389.0
0.036703601108033244 4997.0 62560.0
0.03681902123730379 4979.0 38431.0
0.03693444136657433 4983.0 54388.5
0.037049861495844875 4984.0 51421.0
0.03716528162511542 4982.0 33302.0
0.03728070175438596 5000.0 47797.0
0.037396121883656507 4986.0 69560.0
0.03751154201292706 4984.0 51439.5
0.0376269621421976 4986.0 69560.0
0.037742382271468145 4984.0 51501.0
0.03797322253000923 4982.0 33447.0
0.038088642659279776 4993.5 58877.5
0.038204062788550326 4986.0 69609.0
0.03831948291782087 4986.0 69808.0
0.038434903047091414 4993.5 59133.0
0.03855032317636196 4986.0 69975.0
0.0386657433056325 4995.0 47125.0
0.038896583564173595 4987.0 70017.0
0.03901200369344414 4988.0 70044.0
0.03912742382271468 4995.0 60117.5
0.039242843951985226 4995.0 60156.5
0.03935826408125577 5005.0 51446.0
0.039473684210526314 4997.0 60763.0
0.03958910433979686 4999.5 80246.0
0.03970452446906741 4981.666666666667 59191.0
0.03981994459833795 4994.666666666667 66885.0
0.039935364727608495 4981.0 40049.0
0.04005078485687904 4981.0 40049.0
0.04016620498614958 4991.0 70138.0
0.04039704524469068 4981.0 40186.0
0.040627885503231764 4993.0 71330.0
0.04143582640812558 5016.0 91059.0
0.04155124653739612 5016.0 91059.0
0.041666666666666664 5016.0 91059.0
0.0420129270544783 5016.0 91066.0
0.042128347183748846 4995.0 72850.0
0.04247460757156048 5018.0 91314.0
0.04259002770083103 5015.0 86166.0
0.04270544783010157 5018.0 91778.0
0.042820867959372115 5018.0 91778.0
0.04293628808864266 5018.0 92232.0
0.04420590951061865 4986.0 43378.0
0.0443213296398892 4986.0 43378.0
0.04443674976915974 4986.0 43378.0
0.044552169898430284 4986.0 43567.0
0.04478301015697138 4987.0 44496.0
0.0453601108033241 5019.0 81752.0
0.04628347183748846 4997.0 48725.0
0.046398891966759004 4997.0 48725.0
0.04709141274238227 5019.0 97500.0
0.04720683287165282 5008.0 73234.5
0.04732225300092336 4997.0 49193.0
0.04778393351800554 4999.0 50652.0
0.047899353647276086 4999.0 50654.0
0.04801477377654663 4999.0 50701.0
0.04813019390581717 4999.0 50701.0
0.04824561403508772 4999.0 50701.0
0.04836103416435827 4999.0 50701.0
0.04847645429362881 4999.5 50554.5
0.048591874422899355 5000.0 50920.5
0.0487072945521699 5001.0 51109.0
0.04882271468144044 5003.0 51192.0
0.04916897506925208 5002.0 51233.0
0.04939981532779317 5003.0 51270.0
0.04951523545706371 5003.0 51296.0
0.0497460757156048 5003.0 51296.0
0.04986149584487535 5003.0 51607.0
0.04997691597414589 5003.0 51607.0
0.05020775623268698 5003.0 52672.0
0.05170821791320406 5007.0 56393.0
0.05193905817174515 5007.0 56398.0
0.05343951985226224 5032.0 85488.0
0.05355493998153278 5032.0 85489.0
0.053670360110803325 5032.0 85489.0
0.05378578024007387 5032.0 85494.0
0.05390120036934441 5032.0 85952.0
0.054016620498614956 5032.0 85952.0
0.054362880886426594 5008.0 59204.0
0.05459372114496768 5008.0 63631.0
0.054709141274238225 5009.0 64130.0
0.05482456140350877 5009.0 64130.0
0.05493998153277932 5024.5 67017.0
0.05505540166204986 5021.0 75168.5
0.05517082179132041 5018.0 68271.0
0.05528624192059095 5009.0 64282.0
0.055401662049861494 5012.5 56092.0
0.05563250230840259 5035.0 89413.0
0.05574792243767313 5016.0 47903.0
0.055863342566943676 5035.0 89418.0
0.05609418282548476 5035.0 89507.0
0.05632502308402586 5035.0 89706.0
0.057594644506001845 5015.0 59889.0
0.05771006463527239 5016.0 62821.0
0.05794090489381348 5017.0 49172.0
0.05817174515235457 5015.0 60722.0
0.05840258541089566 5021.0 79541.0
0.058748845798707296 5017.0 49273.0
0.05886426592797784 5017.0 49273.0
0.05897968605724838 5017.0 49653.0
0.05967220683287165 5038.0 93721.0
0.059787626962142196 5019.0 65789.0
0.060133887349953834 5038.0 94034.0
0.06036472760849492 5018.0 50143.0
0.060480147737765465 5019.0 66199.0
0.06059556786703601 5028.0 72097.0
0.06071098799630656 5038.0 94051.0
0.060941828254847646 5020.0 66262.0
0.06105724838411819 5020.0 66339.0
0.061172668513388734 5020.0 66537.0
0.06128808864265928 5039.0 94603.0
0.06140350877192982 5020.0 66563.0
0.06151892890120037 5029.5 80583.0
0.061634349030470915 5020.0 66999.0
0.06336565096952909 5039.0 94696.0
0.06348107109879964 5039.0 94747.0
0.06394275161588181 5039.0 94810.0
0.0641735918744229 5039.0 94831.0
0.06509695290858726 5022.0 51196.0
0.06532779316712835 5022.0 51247.0
0.06544321329639889 5025.0 51431.0
0.06555863342566944 5039.0 94954.0
0.06567405355493998 5033.0 73864.5
0.06613573407202217 5027.0 51931.0
0.06636657433056325 5039.0 95935.0
0.06659741458910434 5039.0 95969.0
0.06682825484764543 5039.0 95973.0
0.06694367497691597 5039.0 96125.0
0.06705909510618652 5039.0 97459.0
0.06717451523545706 5039.0 97802.0
0.0672899353647276 5039.0 97828.0
0.06740535549399815 5039.0 98088.0
0.06763619575253925 5039.0 98101.0
0.06775161588180979 5039.0 98101.0
0.06786703601108034 5039.0 98109.0
0.06821329639889197 5039.0 98335.0
0.06832871652816251 5039.0 98540.0
0.0685595567867036 5040.0 98540.0
0.07225300092336104 5013.0 92944.0
0.07259926131117267 5014.0 93521.0
0.07271468144044321 5014.0 93527.0
0.07283010156971376 5014.0 93542.0
0.0729455216989843 5014.0 93560.0
0.07317636195752539 5014.0 93664.0
0.07329178208679593 5014.0 93664.0
0.07340720221606649 5014.0 93664.0
0.07352262234533703 5016.0 94291.0
0.0742151431209603 5017.0 94406.0
0.07456140350877193 5017.0 94436.0
0.07536934441366575 5048.0 138071.0
0.07617728531855955 5048.0 138649.0
0.07663896583564174 5028.0 101781.0
0.07675438596491228 5028.0 101781.0
0.07894736842105263 5053.0 141611.0
0.07917820867959371 5053.0 141611.0
0.07929362880886427 5053.0 141612.0
0.07940904893813482 5053.0 141612.0
0.0796398891966759 5053.0 142363.0
0.07975530932594645 5053.0 142363.0
0.08010156971375808 5053.0 142364.0
0.08414127423822715 5041.0 116967.0
0.08506463527239151 5041.0 117521.0
0.08518005540166206 5041.0 117523.0
0.0861034164358264 5046.0 120924.0
0.08633425669436749 5046.0 120924.0
0.08644967682363804 5046.0 121164.0
0.08668051708217914 5046.0 121214.0
0.08679593721144968 5046.0 121336.0
0.0873730378578024 5046.0 122994.0
0.08748845798707294 5046.0 122994.0
0.08783471837488457 5043.5 111236.5
0.08795013850415513 5041.0 99418.0
0.08818097876269622 5041.0 99474.0
0.0884118190212373 5046.0 123082.0
0.08852723915050785 5046.0 123084.0
0.08887349953831948 5047.0 124833.0
0.08910433979686057 5047.0 124879.0
0.08921975992613111 5047.0 124883.0
0.08956602031394276 5043.0 99939.0
0.0896814404432133 5043.0 99939.0
0.08991228070175439 5043.0 109142.5
0.09002770083102493 5043.0 109145.0
0.09025854108956602 5044.0 101189.0
0.0904893813481071 5044.0 101271.0
0.09083564173591874 5043.0 118499.0
0.09129732225300093 5047.0 127685.0
0.09164358264081256 5047.0 105745.0
0.09187442289935364 5047.0 128236.0
0.09256694367497692 5047.0 129582.0
0.09314404432132964 5048.0 131208.0
0.09325946445060018 5048.0 131208.0
0.09337488457987073 5047.5 118633.0
0.09349030470914127 5047.0 106058.0
0.09372114496768236 5048.0 131898.0
0.09383656509695291 5048.0 131898.0
0.09395198522622346 5048.0 131898.0
0.094067405355494 5048.0 132346.0
0.09418282548476455 5047.5 129062.5
0.09441366574330563 5047.5 129572.5
0.09475992613111726 5052.0 134892.0
0.09487534626038781 5052.0 134992.0
0.09499076638965835 5050.0 133404.0
0.09522160664819945 5053.0 136287.0
0.09533702677747 5050.0 121468.0
0.09545244690674054 5047.0 106923.0
0.09568328716528163 5047.0 107017.0
0.09579870729455217 5047.0 107036.0
0.09602954755309326 5047.0 107038.0
0.09672206832871653 5050.0 133491.0
0.09683748845798708 5050.0 133493.0
0.09695290858725762 5047.0 107656.0
0.09706832871652817 5048.5 120591.5
0.09718374884579871 5048.5 120591.5
0.09729916897506925 5050.0 122377.5
0.0974145891043398 5050.0 122377.5
0.09753000923361034 5047.0 107721.0
0.09776084949215143 5050.0 133930.0
0.09787626962142197 5050.0 133930.0
0.09799168975069251 5050.0 133939.0
0.09810710987996306 5050.0 133939.0
0.09833795013850416 5050.0 133967.0
0.09960757156048015 5051.0 134986.0
0.09983841181902124 5051.0 135111.0
0.09995383194829179 5051.0 135155.0
0.10006925207756233 5051.0 135155.0
0.10064635272391505 5047.0 108624.0
0.10110803324099724 5052.0 135372.0
0.10122345337026778 5052.0 135374.0
0.10307017543859649 5052.0 135874.0
0.10341643582640812 5060.0 145998.0
0.10353185595567867 5052.0 135883.0
0.1074561403508772 5053.0 137323.0
0.10918744228993536 5053.0 137572.0
0.11011080332409973 5056.0 137632.0
0.1105724838411819 5056.0 137925.0
0.11080332409972299 5056.0 137935.0
0.11091874422899353 5056.0 137935.0
0.11149584487534626 5067.0 183806.0
0.11172668513388735 5056.0 137939.0
0.1118421052631579 5057.0 138721.0
0.11195752539242844 5057.0 138741.0
0.1185364727608495 5070.0 188682.0
0.11865189289012004 5070.0 188682.0
0.11876731301939059 5070.0 188772.0
0.1316943674976916 5073.0 172941.0
0.13192520775623268 5073.0 175130.0
0.13204062788550322 5073.0 175161.0
0.13250230840258542 5073.0 175768.0
0.14127423822714683 5074.0 180324.0
0.1415050784856879 5074.0 180379.0
0.14162049861495846 5074.0 180410.0
0.14219759926131118 5074.0 180957.0
0.14231301939058172 5074.0 180964.0
0.14265927977839335 5074.0 180965.0
0.1427746999076639 5074.0 180967.0
0.14289012003693444 5074.0 180967.0
0.14323638042474607 5074.0 181106.0
0.1433518005540166 5074.0 181106.0
0.14346722068328716 5074.0 181197.0
0.1435826408125577 5074.0 181197.0
0.1438134810710988 5074.0 181204.0
0.1440443213296399 5074.0 181227.0
0.14415974145891045 5074.0 181227.0
0.144275161588181 5074.0 181228.0
0.14473684210526316 5074.0 181235.0
0.1448522622345337 5074.0 181248.0
0.1450831024930748 5074.0 181248.0
0.14519852262234534 5074.0 181254.0
0.14531394275161588 5074.0 181254.0
0.14542936288088643 5074.0 181254.0
0.14554478301015697 5074.0 181263.0
0.1456602031394275 5074.0 181263.0
0.14577562326869806 5074.0 181274.0
0.1466989843028624 5074.0 181465.0
0.14681440443213298 5074.0 181658.0
0.14692982456140352 5080.0 221831.0
0.14773776546629733 5080.0 222778.0
0.14808402585410896 5074.0 181731.0
0.1481994459833795 5074.0 181731.0
0.1484302862419206 5080.0 222802.0
0.14866112650046168 5080.0 222836.0
0.14889196675900276 5080.0 223118.0
0.1490073868882733 5080.0 223118.0
0.14912280701754385 5080.0 223210.0
0.1505078485687904 5080.0 223401.0
0.15062326869806095 5080.0 223401.0
0.1507386888273315 5080.0 223420.0
0.1515466297322253 5080.0 225936.0
0.15223915050784856 5080.0 226570.0
0.15246999076638965 5080.0 226588.0
0.15477839335180055 5081.0 228251.0
0.15512465373961218 5081.0 228302.0
0.15524007386888272 5081.0 228310.0
0.15535549399815327 5081.0 228310.0
0.1554709141274238 5081.0 228316.0
0.15581717451523547 5081.0 228333.0
0.1561634349030471 5081.0 228501.0
0.1563942751615882 5081.0 228506.0
0.15650969529085873 5081.0 228506.0
0.15674053554939982 5081.0 228528.0
0.1569713758079409 5081.0 228532.0
0.15708679593721145 5081.0 228534.0
0.157202216066482 5081.0 228534.0
0.15731763619575254 5081.0 228534.0
0.15743305632502308 5081.0 228547.0
0.15754847645429362 5081.0 228629.0
0.16124192059095105 5084.0 239441.0
0.16204986149584488 5086.0 306900.0
0.16920590951061865 5075.0 207164.0
0.1693213296398892 5075.0 207167.0
0.1703601108033241 5076.0 207349.0
0.17047553093259465 5076.0 207445.0
0.1705909510618652 5076.0 207787.0
0.17070637119113574 5076.0 207787.0
0.1866343490304709 5082.0 230022.0
0.186865189289012 5082.0 230047.0
0.18698060941828254 5082.0 230115.0
0.18721144967682363 5082.0 230176.0
0.1891735918744229 5083.0 232675.0
0.18951985226223453 5083.0 232689.0
0.22587719298245615 5082.0 262153.0
0.2259926131117267 5082.0 262158.0
0.22876269621421977 5082.0 274230.0
0.2288781163434903 5082.0 274232.0
0.22899353647276086 5082.0 274572.0
0.22922437673130194 5082.0 274575.0
0.2293397968605725 5082.0 274583.0
0.22945521698984303 5082.0 274902.0
0.23499538319482918 5083.0 298571.0
0.24007386888273316 5084.0 299041.0
0.301477377654663 5094.0 371430.0
0.30170821791320407 5094.0 371460.0
0.30193905817174516 5094.0 371479.0
0.30216989843028624 5094.0 371516.0
0.3029778393351801 5094.0 371758.0
0.30505540166204986 5094.0 378057.0
0.3062096029547553 5090.0 350972.0
0.30840258541089566 5090.0 352340.0
0.30932594644506 5090.0 353449.0
0.3094413665743306 5090.0 353474.0
0.31001846722068327 5090.0 353984.0
0.31048014773776544 5090.0 353985.0
0.3108264081255771 5090.0 354692.0
0.31532779316712833 5092.0 359626.0
0.31682825484764543 5094.0 386972.0
0.3187903970452447 5094.0 387875.0
0.3191366574330563 5094.0 389050.0
0.31948291782086796 5094.0 393649.0
0.3206371191135734 5094.0 402499.0
0.3253693444136657 5095.0 404724.0
0.3497229916897507 5096.0 426848.0
0.3778855032317636 5102.0 473190.0
0.4360572483841182 5107.0 533912.0
0.43640350877192985 5109.0 549937.0
0.4370960295475531 5109.0 577268.0
0.4824561403508772 5112.0 659020.0
0.48822714681440443 5114.0 721685.0
0.6502770083102493 5126.0 1028585.0
1.0 5132.0 1455433.0
