5983
0.00011542012927054478 561.792243767313 0.0
0.00023084025854108956 770.8278481012658 0.0
0.00034626038781163435 893.0459272097054 0.0
0.0004616805170821791 967.5253077975376 0.0
0.0005771006463527239 1020.6402569593148 0.0
0.0006925207756232687 1052.3381088825215 0.0
0.0008079409048938135 1081.5174825174824 0.0
0.0009233610341643582 1092.6803652968038 0.0
0.001038781163434903 1096.7261904761904 0.0
0.0011542012927054479 1108.7256097560976 0.0
0.0012696214219759926 1127.2627737226278 0.0
0.0013850415512465374 1142.8396946564885 0.0
0.0015004616805170822 1134.5339805825242 0.0
0.001615881809787627 1142.5670103092784 0.0
0.0017313019390581717 1185.3529411764705 0.0
0.0018467220683287165 1188.6842105263158 0.0
0.0019621421975992612 1168.7702702702702 0.0
0.002077562326869806 1209.5283018867924 0.0
0.0021929824561403508 1187.7142857142858 0.0
0.0023084025854108957 1228.5087719298247 0.0
0.0024238227146814403 1223.6153846153845 0.0
0.0025392428439519853 1208.9649122807018 0.0
0.00265466297322253 1198.1458333333333 0.0
0.002770083102493075 1194.9565217391305 0.0
0.0028855032317636198 1222.5416666666667 0.0
0.0030009233610341643 1287.4444444444443 0.0
0.0031163434903047093 1248.9473684210527 0.0
0.003231763619575254 1271.2380952380952 0.0
0.003347183748845799 1220.2307692307693 0.0
0.0034626038781163434 1253.2 0.0
0.0035780240073868884 1237.6666666666667 0.0
0.003693444136657433 1274.8181818181818 0.0
0.003808864265927978 1186.857142857143 0.0
0.0039242843951985225 1236.0 0.0
0.004039704524469067 1292.8275862068965 0.0
0.004155124653739612 1331.5675675675675 0.0
0.004270544783010157 1305.25 0.0
0.0043859649122807015 1346.3235294117646 0.0
0.004501385041551247 1375.24 0.0
0.0046168051708217915 1382.090909090909 0.0
0.004732225300092336 1365.25 0.0
0.004847645429362881 1347.892857142857 0.0
0.004963065558633426 1335.05 0.0
0.0050784856879039705 1337.5 0.0
0.005193905817174515 1322.65 0.0
0.00530932594644506 1320.6 0.0
0.005424746075715605 1387.0 0.0
0.00554016620498615 1458.5 0.0
0.005655586334256694 1493.6666666666667 0.0
0.0057710064635272396 1400.3333333333333 0.0
0.005886426592797784 1453.9411764705883 0.0
0.006001846722068329 1358.9333333333334 0.0
0.006117266851338873 1377.2142857142858 0.0
0.006232686980609419 1296.5333333333333 0.0
0.006348107109879963 1332.0666666666666 0.0
0.006463527239150508 1472.642857142857 0.0
0.006578947368421052 1485.7368421052631 0.0
0.006694367497691598 1367.0 0.0
0.006809787626962142 1402.0714285714287 0.0
0.006925207756232687 1434.142857142857 0.0
0.007040627885503232 1330.5454545454545 0.0
0.007156048014773777 1400.5 0.0
0.007271468144044321 1419.3846153846155 0.0
0.007386888273314866 1459.8333333333333 0.0
0.007502308402585411 1458.7272727272727 0.0
0.007617728531855956 1621.0 0.0
0.0077331486611265 1513.4 0.0
0.007848568790397045 1510.3333333333333 0.0
0.00796398891966759 1590.0 0.0
0.008079409048938134 1502.5454545454545 0.0
0.00819482917820868 1497.7777777777778 0.0
0.008310249307479225 1550.5 0.0
0.008425669436749769 1595.6 0.0
0.008541089566020314 1480.8666666666666 0.0
0.00865650969529086 1470.923076923077 0.0
0.008771929824561403 1461.7857142857142 0.0
0.008887349953831948 1448.1818181818182 0.0
0.009002770083102494 1555.3076923076924 0.0
0.009118190212373038 1544.909090909091 0.0
0.009233610341643583 1569.4285714285713 0.0
0.009349030470914127 1648.7 0.0
0.009464450600184672 1552.2727272727273 0.0
0.009579870729455217 1392.9166666666667 0.0
0.009695290858725761 1418.111111111111 0.0
0.009810710987996307 1514.625 0.0
0.009926131117266852 1539.7777777777778 0.0
0.010041551246537396 1508.2857142857142 0.0
0.010156971375807941 1764.0 0.0
0.010272391505078486 1600.75 0.0
0.01038781163434903 1556.75 0.0
0.010503231763619576 1499.625 0.0
0.01061865189289012 1198.0 0.0
0.010734072022160665 1453.3333333333333 0.0
0.01084949215143121 1593.3333333333333 0.0
0.010964912280701754 1606.875 0.0
0.0110803324099723 1535.8333333333333 0.0
0.011195752539242845 1275.6666666666667 0.0
0.011311172668513388 1383.0 0.0
0.011426592797783934 1734.4 0.0
0.011542012927054479 1713.2 0.0
0.011657433056325023 1612.142857142857 0.0
0.011772853185595568 1576.2857142857142 0.0
0.011888273314866112 1613.0 0.0
0.012003693444136657 1489.5 0.0
0.012119113573407203 1532.1666666666667 0.0
0.012234533702677746 1598.8 0.0
0.012349953831948292 1627.4285714285713 0.0
0.012465373961218837 1723.25 0.0
0.012580794090489381 1445.5 0.0
0.012696214219759926 1437.75 0.0
0.012811634349030472 1592.8 0.0
0.012927054478301015 1636.2 0.0
0.01304247460757156 1798.0 0.0
0.013157894736842105 1645.3333333333333 0.0
0.01327331486611265 1654.0 0.0
0.013388734995383195 1746.0 0.0
0.013504155124653739 1773.6666666666667 0.0
0.013619575253924284 1820.5 0.0
0.01373499538319483 1580.0 0.0
0.013850415512465374 1685.0 0.0
0.013965835641735919 1792.3333333333333 0.0
0.014081255771006464 1796.0 0.0
0.014196675900277008 2066.5 0.0
0.014312096029547553 1916.75 0.0
0.014427516158818097 1794.5 0.0
0.014542936288088643 1948.0 0.0
0.014658356417359188 1797.0 0.0
0.014773776546629732 1778.0 0.0
0.014889196675900277 1867.3333333333333 0.0
0.015004616805170823 1962.3333333333333 0.0
0.015120036934441366 1953.0 0.0
0.015235457063711912 1968.4 0.0
0.015350877192982455 2054.75 0.0
0.015466297322253 1691.0 0.0
0.015581717451523546 2018.0 0.0
0.01569713758079409 1787.0 0.0
0.015812557710064637 1727.75 0.0
0.01592797783933518 1824.6666666666667 0.0
0.016043397968605724 1899.6666666666667 0.0
0.016158818097876268 1835.0 0.0
0.016274238227146815 2329.0 0.0
0.01638965835641736 2036.0 0.0
0.01662049861495845 1675.0 0.0
0.016735918744228993 2070.0 0.0
0.016966759002770084 1439.0 0.0
0.017082179132040628 1665.0 0.0
0.01719759926131117 1890.5 0.0
0.01731301939058172 1641.0 0.0
0.017428439519852262 1861.0 0.0
0.017543859649122806 1804.8333333333333 0.0
0.017659279778393353 1787.4 0.0
0.017774699907663897 1653.0 0.0
0.01789012003693444 1626.25 0.0
0.018005540166204988 1695.75 0.0
0.01812096029547553 1496.0 0.0
0.018236380424746075 1873.5 0.0
0.018351800554016622 1930.0 0.0
0.018467220683287166 1794.5 0.0
0.01858264081255771 2065.0 0.0
0.018698060941828253 2044.3333333333333 0.0
0.0188134810710988 1511.0 0.0
0.018928901200369344 1829.3333333333333 0.0
0.019044321329639888 1869.6666666666667 0.0
0.019159741458910435 1782.5 0.0
0.01927516158818098 1981.6666666666667 0.0
0.019390581717451522 2037.4 0.0
0.01950600184672207 1764.6666666666667 0.0
0.019621421975992613 2013.75 0.0
0.019736842105263157 1887.5 0.0
0.019852262234533704 1887.5 0.0
0.02008310249307479 1893.0 0.0
0.02019852262234534 2051.0 0.0
0.020313942751615882 1617.0 0.0
0.020544783010156973 1671.0 0.0
0.020660203139427517 2051.0 0.0
0.02077562326869806 1733.3333333333333 0.0
0.020891043397968604 1672.0 0.0
0.02100646352723915 1913.75 0.0
0.021121883656509695 1728.0 0.0
0.02123730378578024 2453.0 0.0
0.021352723915050786 1794.0 0.0
0.02146814404432133 1728.5 0.0
0.021929824561403508 2020.5 0.0
0.022045244690674055 2047.0 0.0
0.0221606648199446 2372.0 0.0
0.022276084949215142 2372.0 0.0
0.02239150507848569 1481.5 0.0
0.022506925207756233 1745.75 0.0
0.022622345337026777 1896.3333333333333 0.0
0.022737765466297324 1896.6666666666667 0.0
0.022853185595567867 1896.6666666666667 0.0
0.02296860572483841 1795.3333333333333 0.0
0.023084025854108958 2080.0 0.0
0.023199445983379502 1964.6666666666667 0.0
0.023314866112650046 1845.75 0.0
0.02343028624192059 1342.0 0.0
0.023545706371191136 1853.0 0.0
0.02366112650046168 2083.0 0.0
0.023776546629732224 1892.3333333333333 0.0
0.02389196675900277 1940.5 0.0
0.024007386888273315 1937.0 0.0
0.02412280701754386 1853.0 0.0
0.024238227146814405 2029.6666666666667 0.0
0.02435364727608495 1642.0 0.0
0.024469067405355493 2028.0 0.0
0.02458448753462604 2028.0 0.0
0.024699907663896584 1553.0 0.0
0.024815327793167127 2227.0 0.0
0.025046168051708218 2031.0 0.0
0.025161588180978762 1796.0 0.0
0.02527700831024931 2083.5 0.0
0.025392428439519853 2031.0 0.0
0.025507848568790396 1974.6666666666667 0.0
0.025623268698060944 2163.5 0.0
0.025738688827331487 1974.6666666666667 0.0
0.02585410895660203 2163.3333333333335 0.0
0.025969529085872575 1946.5 0.0
0.02608494921514312 1597.0 0.0
0.026200369344413665 1814.0 0.0
0.02631578947368421 1814.5 0.0
0.026431209602954756 1923.0 0.0
0.0265466297322253 1897.5 0.0
0.026662049861495844 1837.5 0.0
0.02677746999076639 1759.0 0.0
0.026892890120036934 1622.0 0.0
0.027008310249307478 2080.0 0.0
0.02723915050784857 1602.0 0.0
0.02746999076638966 1917.5 0.0
0.027585410895660203 1602.0 0.0
0.027700831024930747 2598.0 0.0
0.027816251154201294 2177.0 0.0
0.027931671283471838 1845.0 0.0
0.02804709141274238 1920.6666666666667 0.0
0.02816251154201293 1938.5 0.0
0.028277931671283472 1938.5 0.0
0.028393351800554016 2044.6666666666667 0.0
0.02850877192982456 1950.5 0.0
0.02873961218836565 2234.0 0.0
0.028855032317636194 1648.0 0.0
0.029085872576177285 1815.0 0.0
0.029316712834718376 1649.0 0.0
0.02943213296398892 1815.0 0.0
0.029547553093259463 1815.0 0.0
0.030470914127423823 1563.0 0.0
0.030586334256694367 1563.0 0.0
0.030932594644506 1563.0 0.0
0.031048014773776545 2337.0 0.0
0.031163434903047092 2343.0 0.0
0.031278855032317636 2343.0 0.0
0.03174053554939982 2545.0 0.0
0.03185595567867036 2545.0 0.0
0.03220221606648199 1665.0 0.0
0.032317636195752536 1822.0 0.0
0.03254847645429363 1822.0 0.0
0.032663896583564174 1822.0 0.0
0.03277931671283472 1822.0 0.0
0.03289473684210526 1822.0 0.0
0.033010156971375805 1822.0 0.0
0.0332409972299169 1701.0 0.0
0.03335641735918744 1823.0 0.0
0.03393351800554017 1823.0 0.0
0.03404893813481071 1823.0 0.0
0.03508771929824561 2718.5 0.0
0.035203139427516156 2718.5 0.0
0.035318559556786706 2718.5 0.0
0.03543397968605725 2646.0 0.0
0.035549399815327794 1828.0 0.0
0.03566481994459834 2237.0 0.0
0.036011080332409975 2646.0 0.0
0.03612650046168052 2343.0 0.0
0.03624192059095106 2284.0 0.0
0.036357340720221606 2273.0 0.0
0.036588180978762694 2343.0 0.0
0.036703601108033244 2242.5 0.0
0.03681902123730379 1829.0 0.0
0.03716528162511542 1829.0 0.0
0.03728070175438596 2238.0 0.0
0.037396121883656507 2672.0 0.0
0.03751154201292706 2672.0 0.0
0.0376269621421976 2672.0 0.0
0.037742382271468145 2507.5 0.0
0.03785780240073869 2343.0 0.0
0.038204062788550326 2625.6666666666665 0.0
0.03831948291782087 2670.0 0.0
0.038434903047091414 2004.0 0.0
0.03855032317636196 2004.0 0.0
0.0386657433056325 2330.0 0.0
0.038781163434903045 2278.6666666666665 0.0
0.038896583564173595 2281.0 0.0
0.03901200369344414 2684.0 0.0
0.03912742382271468 2624.0 0.0
0.04039704524469068 2775.0 0.0
0.04155124653739612 2719.0 0.0
0.041666666666666664 1830.0 0.0
0.04178208679593721 1830.0 0.0
0.04189750692520776 2312.3333333333335 0.0
0.04247460757156048 2262.0 0.0
0.042820867959372115 2721.0 0.0
0.0430517082179132 2434.0 0.0
0.043167128347183746 2775.0 0.0
0.0432825484764543 2434.0 0.0
0.04339796860572484 2604.5 0.0
0.043513388734995384 2434.0 0.0
0.043859649122807015 2775.0 0.0
0.043975069252077566 2775.0 0.0
0.04409048938134811 2343.5 0.0
0.04420590951061865 2606.0 0.0
0.0443213296398892 2434.0 0.0
0.04443674976915974 2834.0 0.0
0.044552169898430284 2525.6666666666665 0.0
0.04466759002770083 2333.5 0.0
0.04478301015697138 1909.0 0.0
0.04489843028624192 2779.0 0.0
0.045013850415512466 2344.0 0.0
0.04512927054478301 2334.5 0.0
0.04524469067405355 2443.0 0.0
0.0453601108033241 2116.5 0.0
0.045706371191135735 1959.5 0.0
0.04582179132040628 2167.0 0.0
0.04593721144967682 2102.0 0.0
0.046052631578947366 2102.0 0.0
0.046168051708217916 1959.5 0.0
0.046398891966759004 2010.0 0.0
0.04651431209602955 2801.0 0.0
0.04662973222530009 2011.0 0.0
0.046745152354570635 2199.0 0.0
0.04686057248384118 2426.75 0.0
0.04697599261311173 2259.5 0.0
0.04709141274238227 2011.0 0.0
0.04732225300092336 2016.0 0.0
0.047437673130193904 2016.0 0.0
0.04755309325946445 2016.0 0.0
0.047668513388735 2508.0 0.0
0.047899353647276086 2401.3333333333335 0.0
0.04801477377654663 2387.0 0.0
0.04813019390581717 2408.5 0.0
0.04824561403508772 2888.0 0.0
0.04836103416435827 2888.0 0.0
0.04847645429362881 2943.0 0.0
0.048591874422899355 2888.0 0.0
0.0487072945521699 2201.5 0.0
0.04882271468144044 2016.0 0.0
0.048938134810710986 2016.0 0.0
0.04916897506925208 2723.0 0.0
0.049284395198522624 2016.0 0.0
0.04939981532779317 2016.0 0.0
0.0497460757156048 2016.0 0.0
0.04986149584487535 2016.0 0.0
0.05020775623268698 1918.0 0.0
0.050323176361957524 1918.0 0.0
0.05043859649122807 1918.0 0.0
0.05193905817174515 1923.0 0.0
0.052977839335180056 1926.0 0.0
0.0541320406278855 2392.0 0.0
0.05447830101569714 1926.0 0.0
0.054709141274238225 1926.0 0.0
0.05678670360110803 2508.0 0.0
0.05713296398891967 2508.0 0.0
0.057248384118190214 2508.0 0.0
0.05736380424746076 2508.0 0.0
0.05805632502308403 2519.0 0.0
0.05967220683287165 2520.0 0.0
0.06625115420129271 2778.0 0.0
0.06636657433056325 2778.0 0.0
0.0664819944598338 2778.0 0.0
0.06659741458910434 2779.0 0.0
0.06671283471837489 2779.0 0.0
0.06694367497691597 2779.0 0.0
0.06717451523545706 2780.0 0.0
0.0672899353647276 2780.0 0.0
0.06740535549399815 2780.0 0.0
0.06786703601108034 2780.0 0.0
0.06798245614035088 2780.0 0.0
0.06809787626962142 3065.5 0.0
0.06821329639889197 3351.0 0.0
0.06832871652816251 3351.0 0.0
0.06844413665743306 2780.0 0.0
0.0685595567867036 2780.0 0.0
0.06867497691597414 2780.0 0.0
0.06948291782086796 2389.0 0.0
0.0695983379501385 2389.0 0.0
0.06971375807940905 3351.0 0.0
0.0698291782086796 3351.0 0.0
0.06994459833795014 3379.0 0.0
0.07075253924284396 3379.0 0.0
0.07098337950138504 3379.0 0.0
0.0719067405355494 3379.0 0.0
0.07225300092336104 3379.0 0.0
0.07248384118190213 3379.0 0.0
0.07271468144044321 3379.0 0.0
0.07283010156971376 2784.0 0.0
0.0729455216989843 3081.5 0.0
0.07306094182825484 2784.0 0.0
0.07317636195752539 2784.0 0.0
0.07340720221606649 2784.0 0.0
0.07352262234533703 2787.0 0.0
0.07363804247460758 2787.0 0.0
0.07375346260387812 2787.0 0.0
0.07456140350877193 2397.0 0.0
0.07467682363804247 2397.0 0.0
0.07536934441366575 2951.0 0.0
0.07548476454293629 2952.0 0.0
0.07583102493074792 2674.5 0.0
0.07594644506001846 2953.0 0.0
0.0762927054478301 2397.0 0.0
0.07675438596491228 3419.0 0.0
0.07756232686980609 2957.0 0.0
0.07767774699907663 2957.0 0.0
0.07790858725761773 2957.0 0.0
0.07837026777469991 2957.0 0.0
0.078601108033241 2957.0 0.0
0.07906278855032317 2957.0 0.0
0.08102493074792244 2436.0 0.0
0.0829870729455217 2436.0 0.0
0.08344875346260387 2436.0 0.0
0.08356417359187442 2436.0 0.0
0.08367959372114497 2436.0 0.0
0.08379501385041552 2436.0 0.0
0.0840258541089566 2436.0 0.0
0.08425669436749769 2436.0 0.0
0.08494921514312095 2436.0 0.0
0.08506463527239151 2436.0 0.0
0.08518005540166206 2436.0 0.0
0.08541089566020314 2436.0 0.0
0.08564173591874423 2443.0 0.0
0.08621883656509695 2443.0 0.0
0.08633425669436749 2443.0 0.0
0.08644967682363804 2443.0 0.0
0.0865650969529086 2443.0 0.0
0.0886426592797784 2471.0 0.0
0.08887349953831948 2471.0 0.0
0.08898891966759002 2471.0 0.0
0.09083564173591874 2471.0 0.0
0.0909510618651893 3048.0 0.0
0.09106648199445984 2471.0 0.0
0.09129732225300093 2472.0 0.0
0.09141274238227147 2472.0 0.0
0.09152816251154201 2472.0 0.0
0.09222068328716528 2472.0 0.0
0.09233610341643583 2472.0 0.0
0.09268236380424746 2472.0 0.0
0.09279778393351801 2472.0 0.0
0.09291320406278855 2472.0 0.0
0.09325946445060018 3018.0 0.0
0.09337488457987073 3018.0 0.0
0.09360572483841181 3018.0 0.0
0.09395198522622346 3018.0 0.0
0.094067405355494 3018.0 0.0
0.09429824561403509 3018.0 0.0
0.09452908587257618 3018.0 0.0
0.09487534626038781 2494.0 0.0
0.09822253000923362 3063.0 0.0
0.09833795013850416 3063.0 0.0
0.09914589104339797 3063.0 0.0
0.09926131117266851 3065.0 0.0
0.09937673130193905 3065.0 0.0
0.10030009233610342 3066.0 0.0
0.10353185595567867 3085.0 0.0
0.1041089566020314 3085.0 0.0
0.10468605724838412 3085.0 0.0
0.10480147737765466 3085.0 0.0
0.1049168975069252 3085.0 0.0
0.10503231763619575 3085.0 0.0
0.10526315789473684 3085.0 0.0
0.1053785780240074 3085.0 0.0
0.10549399815327794 3085.0 0.0
0.10584025854108957 3085.0 0.0
0.10607109879963066 3085.0 0.0
0.10687903970452448 2620.0 0.0
0.10734072022160665 3085.0 0.0
0.1074561403508772 3085.0 0.0
0.10757156048014774 3085.0 0.0
0.1084949215143121 2751.0 0.0
0.11161126500461681 3087.0 0.0
0.11172668513388735 3087.0 0.0
0.1118421052631579 3087.0 0.0
0.11195752539242844 3087.0 0.0
0.11207294552169898 2751.0 0.0
0.11230378578024007 3087.0 0.0
0.11334256694367498 3087.0 0.0
0.11345798707294552 3087.0 0.0
0.11357340720221606 3087.0 0.0
0.11380424746075715 3087.0 0.0
0.1139196675900277 3087.0 0.0
0.11403508771929824 3087.0 0.0
0.1141505078485688 3087.0 0.0
0.11772853185595568 3096.0 0.0
0.1206140350877193 3096.0 0.0
0.12072945521698984 3096.0 0.0
0.12107571560480147 3096.0 0.0
0.12199907663896584 3738.0 0.0
0.12211449676823638 3738.0 0.0
0.12222991689750692 3738.0 0.0
0.12453831948291783 3808.0 0.0
0.12465373961218837 3808.0 0.0
0.12488457987072946 3808.0 0.0
0.12534626038781163 3107.0 0.0
0.12546168051708217 3107.0 0.0
0.12846260387811634 3114.0 0.0
0.12880886426592797 3114.0 0.0
0.1296168051708218 3114.0 0.0
0.13007848568790398 3114.0 0.0
0.13019390581717452 3114.0 0.0
0.13030932594644506 3114.0 0.0
0.1304247460757156 3114.0 0.0
0.13054016620498615 3114.0 0.0
0.13111726685133887 3114.0 0.0
0.13123268698060941 3114.0 0.0
0.13157894736842105 3114.0 0.0
0.13180978762696213 3114.0 0.0
0.13192520775623268 3114.0 0.0
0.13342566943674977 3179.0 0.0
0.13354108956602032 3149.0 0.0
0.13365650969529086 3119.0 0.0
0.1337719298245614 3557.0 0.0
0.13388734995383195 3119.0 0.0
0.13411819021237303 3119.0 0.0
0.13423361034164358 3559.5 0.0
0.13434903047091412 3559.5 0.0
0.13446445060018467 3559.5 0.0
0.1345798707294552 4000.0 0.0
0.13469529085872575 3559.5 0.0
0.13504155124653738 4000.0 0.0
0.13515697137580793 4000.0 0.0
0.1352723915050785 3559.5 0.0
0.13538781163434904 3559.5 0.0
0.13550323176361959 3559.5 0.0
0.13561865189289013 4000.0 0.0
0.1368882733148661 3180.0 0.0
0.13723453370267774 3187.0 0.0
0.13734995383194828 3187.0 0.0
0.13746537396121883 3187.0 0.0
0.13758079409048937 3187.0 0.0
0.13815789473684212 3187.0 0.0
0.13827331486611266 3187.0 0.0
0.1383887349953832 3187.0 0.0
0.13885041551246538 3187.0 0.0
0.13931209602954756 3187.0 0.0
0.1394275161588181 3187.0 0.0
0.13954293628808864 3187.0 0.0
0.1396583564173592 3187.0 0.0
0.13977377654662973 3187.0 0.0
0.14012003693444136 3187.0 0.0
0.14035087719298245 3188.0 0.0
0.14092797783933517 3188.0 0.0
0.14104339796860574 3596.5 0.0
0.14115881809787628 3596.5 0.0
0.14138965835641737 3188.0 0.0
0.14185133887349954 4005.0 0.0
0.1419667590027701 4005.0 0.0
0.14219759926131118 4005.0 0.0
0.14231301939058172 4005.0 0.0
0.14242843951985226 4005.0 0.0
0.14289012003693444 4005.0 0.0
0.14300554016620498 4005.0 0.0
0.14312096029547552 4005.0 0.0
0.14323638042474607 4005.0 0.0
0.1433518005540166 4005.0 0.0
0.14346722068328716 4005.0 0.0
0.14369806094182824 4005.0 0.0
0.1438134810710988 4005.0 0.0
0.14415974145891045 4005.0 0.0
0.144275161588181 3156.0 0.0
0.14439058171745153 3156.0 0.0
0.1450831024930748 3156.0 0.0
0.14600646352723914 3275.0 0.0
0.1461218836565097 3275.0 0.0
0.14623730378578023 3275.0 0.0
0.14808402585410896 3275.0 0.0
0.1481994459833795 3275.0 0.0
0.14866112650046168 3278.0 0.0
0.17105263157894737 3343.0 0.0
0.17128347183748846 3343.0 0.0
0.171398891966759 3343.0 0.0
0.17151431209602955 3343.0 0.0
0.1731301939058172 3353.0 0.0
0.17324561403508773 3353.0 0.0
0.17336103416435827 3353.0 0.0
0.17347645429362882 3354.0 0.0
0.1762465373961219 3355.0 0.0
0.17647737765466298 3355.0 0.0
0.17659279778393353 3355.0 0.0
0.17670821791320407 3384.0 0.0
0.1768236380424746 3384.0 0.0
0.17693905817174516 3370.0 0.0
0.1770544783010157 3385.0 0.0
0.17843951985226222 3355.0 0.0
0.17855493998153277 3355.0 0.0
0.19956140350877194 3484.0 0.0
0.19967682363804248 3484.0 0.0
0.20002308402585411 3484.0 0.0
0.20013850415512466 3484.0 0.0
0.20117728531855955 3484.0 0.0
0.20140812557710064 3484.0 0.0
0.20152354570637118 3484.0 0.0
0.20290858725761773 3484.0 0.0
0.20383194829178208 3484.0 0.0
0.22622345337026778 4151.0 0.0
0.2433056325023084 4173.0 0.0
0.24342105263157895 4173.0 0.0
0.2435364727608495 4173.0 0.0
0.24365189289012004 4173.0 0.0
0.24376731301939059 4173.0 0.0
0.24526777469990765 4173.0 0.0
0.24803785780240073 4252.0 0.0
0.2583102493074792 4256.0 0.0
0.26188827331486614 4257.0 0.0
0.28289473684210525 4264.0 0.0
0.28451061865189287 4270.0 0.0
0.28543397968605727 4273.0 0.0
0.31567405355494 4465.0 0.0
0.3157894736842105 4465.0 0.0
0.3159048938134811 3764.0 0.0
0.31659741458910434 3766.0 0.0
0.3171745152354571 3766.0 0.0
0.31763619575253926 4314.0 0.0
0.32871652816251157 4501.0 0.0
0.32906278855032317 4501.0 0.0
0.336449676823638 3773.0 0.0
0.3371421975992613 4501.0 0.0
0.34522160664819945 3773.0 0.0
0.6547783933518005 5621.0 0.0
1.0 5983.0 0.0
