1141
0.00011542012927054478 570.8696906740536 183.908702677747
0.00023084025854108956 759.5120451050743 378.80522808815994
0.00034626038781163435 875.6453333333334 479.192
0.0004616805170821791 950.5602240896359 670.2226890756302
0.0005771006463527239 987.3213572854291 757.0718562874251
0.0006925207756232687 1008.4958217270195 940.9554317548747
0.0008079409048938135 1029.0076335877864 1099.7099236641222
0.0009233610341643582 1038.8987341772151 1343.3839662447258
0.001038781163434903 1050.483412322275 1480.8056872037914
0.0011542012927054479 1056.0391061452515 1761.4189944134077
0.0012696214219759926 1065.1897810218977 1838.3795620437957
0.0013850415512465374 1067.7796610169491 1962.8898305084747
0.0015004616805170822 1066.049019607843 1316.2843137254902
0.001615881809787627 1072.021978021978 2316.2747252747254
0.0017313019390581717 1073.4222222222222 2474.1111111111113
0.0018467220683287165 1080.1511627906978 2240.8488372093025
0.0019621421975992612 1083.974025974026 2687.311688311688
0.002077562326869806 1083.2923076923078 2498.0461538461536
0.0021929824561403508 1087.6833333333334 2849.75
0.0023084025854108957 1090.1525423728813 3494.3050847457625
0.0024238227146814403 1092.9423076923076 3498.25
0.0025392428439519853 1093.7727272727273 3643.431818181818
0.00265466297322253 1091.948717948718 3101.948717948718
0.002770083102493075 1089.4791666666667 2615.2291666666665
0.0028855032317636198 1091.9756097560976 3369.8048780487807
0.0030009233610341643 1096.1538461538462 3360.974358974359
0.0031163434903047093 1097.1777777777777 4015.4
0.003231763619575254 1097.611111111111 4120.777777777777
0.003347183748845799 1098.2631578947369 4066.1052631578946
0.0034626038781163434 1097.516129032258 3553.935483870968
0.0035780240073868884 1100.6 4710.6
0.003693444136657433 1099.9130434782608 6567.086956521739
0.003808864265927978 1102.1363636363637 7435.636363636364
0.0039242843951985225 1100.857142857143 5428.214285714285
0.004039704524469067 1100.375 5202.958333333333
0.004155124653739612 1102.25 5786.5
0.004270544783010157 1099.25 5262.571428571428
0.0043859649122807015 1100.9032258064517 5464.032258064516
0.004501385041551247 1100.6875 7341.5
0.0046168051708217915 1103.875 7537.75
0.004732225300092336 1103.8846153846155 7298.5
0.004847645429362881 1104.75 7900.0
0.004963065558633426 1104.3684210526317 6246.263157894737
0.0050784856879039705 1103.4545454545455 7045.227272727273
0.005193905817174515 1102.8823529411766 7738.882352941177
0.00530932594644506 1102.6315789473683 7320.578947368421
0.005424746075715605 1104.3157894736842 7069.263157894737
0.00554016620498615 1105.6521739130435 8989.304347826086
0.005655586334256694 1106.3478260869565 8643.217391304348
0.0057710064635272396 1104.4761904761904 7513.952380952381
0.005886426592797784 1103.4761904761904 6898.523809523809
0.006001846722068329 1104.6666666666667 7828.380952380952
0.006117266851338873 1105.65 11485.35
0.006232686980609419 1102.3125 6632.375
0.006348107109879963 1105.7142857142858 10401.42857142857
0.006463527239150508 1103.0 6734.357142857143
0.006578947368421052 1104.076923076923 7340.538461538462
0.006694367497691598 1104.4117647058824 7001.823529411765
0.006809787626962142 1105.142857142857 7585.214285714285
0.006925207756232687 1104.842105263158 7029.578947368421
0.007040627885503232 1108.1818181818182 9781.363636363636
0.007156048014773777 1106.4545454545455 11159.636363636364
0.007271468144044321 1107.5 9099.785714285714
0.007386888273314866 1106.7692307692307 10094.923076923076
0.007502308402585411 1109.1666666666667 16385.0
0.007617728531855956 1107.6 9824.1
0.0077331486611265 1109.2857142857142 11242.42857142857
0.007848568790397045 1109.2857142857142 8773.857142857143
0.00796398891966759 1110.125 9933.125
0.008079409048938134 1109.111111111111 11415.111111111111
0.00819482917820868 1108.076923076923 11385.615384615385
0.008310249307479225 1107.6153846153845 12639.23076923077
0.008425669436749769 1110.5 17069.25
0.008541089566020314 1110.75 14445.75
0.00865650969529086 1109.5 12216.25
0.008771929824561403 1110.3333333333333 13735.666666666666
0.008887349953831948 1109.6 12847.0
0.009002770083102494 1107.0 7858.0
0.009118190212373038 1109.5 14088.75
0.009233610341643583 1111.0 12690.666666666666
0.009349030470914127 1111.1666666666667 14672.166666666666
0.009464450600184672 1109.0 14647.5
0.009579870729455217 1108.3333333333333 13702.5
0.009695290858725761 1110.0 14385.333333333334
0.009810710987996307 1108.75 10263.75
0.009926131117266852 1112.3333333333333 12868.333333333334
0.010041551246537396 1115.0 13226.0
0.010156971375807941 1110.5 9274.5
0.010272391505078486 1108.5 10445.5
0.01038781163434903 1108.25 9481.25
0.010503231763619576 1110.0 11088.666666666666
0.01061865189289012 1112.25 14335.5
0.010734072022160665 1110.2 10289.2
0.01084949215143121 1110.5 12561.5
0.010964912280701754 1113.0 14201.0
0.0110803324099723 1110.2 15418.8
0.011195752539242845 1108.4 11765.8
0.011311172668513388 1109.4285714285713 13342.714285714286
0.011426592797783934 1109.5 14925.5
0.011542012927054479 1111.0 20556.0
0.011657433056325023 1107.6666666666667 15174.666666666666
0.011772853185595568 1110.3333333333333 11150.0
0.011888273314866112 1109.5 8355.5
0.012003693444136657 1111.6 14556.0
0.012119113573407203 1113.0 17619.0
0.012234533702677746 1110.0 10451.5
0.012349953831948292 1111.8 17814.6
0.012465373961218837 1112.2 20069.8
0.012580794090489381 1113.6666666666667 26139.0
0.012696214219759926 1112.0 17097.75
0.012811634349030472 1110.0 12235.5
0.012927054478301015 1110.75 15869.75
0.01304247460757156 1107.5 8321.0
0.013157894736842105 1109.6 9552.6
0.01327331486611265 1111.5 11640.5
0.013388734995383195 1111.6666666666667 14915.666666666666
0.013504155124653739 1112.0 18609.166666666668
0.013619575253924284 1111.8333333333333 17068.166666666668
0.01373499538319483 1111.0 5826.0
0.013850415512465374 1108.5 19144.5
0.013965835641735919 1105.0 9747.0
0.014081255771006464 1111.0 13942.0
0.014196675900277008 1109.6666666666667 13501.0
0.014312096029547553 1111.6666666666667 19363.166666666668
0.014427516158818097 1110.6666666666667 13454.0
0.014542936288088643 1110.6666666666667 19742.333333333332
0.014658356417359188 1111.5 15512.0
0.014773776546629732 1112.6666666666667 20270.333333333332
0.014889196675900277 1110.5 14713.0
0.015004616805170823 1112.75 21999.25
0.015120036934441366 1112.6666666666667 22932.0
0.015235457063711912 1112.6666666666667 25986.0
0.015350877192982455 1111.5 19523.0
0.015466297322253 1110.5 14906.0
0.015581717451523546 1113.0 19765.0
0.01569713758079409 1112.4 21981.2
0.015812557710064637 1112.75 20313.25
0.01592797783933518 1112.4 20091.0
0.016043397968605724 1111.857142857143 19797.285714285714
0.016158818097876268 1111.6 15910.0
0.016274238227146815 1113.4 26311.8
0.01638965835641736 1111.4 21460.8
0.016505078485687903 1112.25 15661.75
0.01662049861495845 1112.0 29660.666666666668
0.016735918744228993 1114.6666666666667 37050.0
0.016851338873499537 1112.6666666666667 25111.5
0.016966759002770084 1113.4 18651.8
0.017082179132040628 1114.3333333333333 25698.0
0.01719759926131117 1114.6666666666667 20890.0
0.01731301939058172 1112.25 28250.5
0.017428439519852262 1111.5 29140.25
0.017543859649122806 1112.8 29288.6
0.017659279778393353 1112.0 10753.0
0.017774699907663897 1112.0 42447.5
0.01789012003693444 1114.0 41677.0
0.018005540166204988 1114.0 36546.0
0.01812096029547553 1114.5 20252.0
0.018236380424746075 1115.0 35060.0
0.018351800554016622 1115.4 33438.8
0.018467220683287166 1115.5 38382.5
0.01858264081255771 1111.5 22983.5
0.018698060941828253 1112.6666666666667 23954.666666666668
0.0188134810710988 1111.4 24464.8
0.018928901200369344 1113.142857142857 24432.714285714286
0.019044321329639888 1111.4 24575.2
0.019159741458910435 1113.25 26471.25
0.01927516158818098 1112.625 27616.25
0.019390581717451522 1112.5 19133.75
0.01950600184672207 1112.6666666666667 19475.0
0.019621421975992613 1112.6666666666667 23317.333333333332
0.019736842105263157 1111.5 18883.0
0.019852262234533704 1111.0 17588.5
0.019967682363804248 1111.3333333333333 26747.666666666668
0.02008310249307479 1112.5 27762.0
0.02019852262234534 1112.3333333333333 22604.666666666668
0.020313942751615882 1112.3333333333333 20546.666666666668
0.020429362880886426 1117.5 29939.5
0.020544783010156973 1112.0 23852.0
0.020660203139427517 1111.0 18540.0
0.02077562326869806 1110.5 21682.0
0.020891043397968604 1111.8 23579.2
0.02100646352723915 1113.25 26616.25
0.021121883656509695 1115.5 29440.5
0.02123730378578024 1116.0 25821.5
0.021352723915050786 1113.3333333333333 28152.666666666668
0.02146814404432133 1115.0 30236.5
0.021583564173591873 1116.0 29261.25
0.02169898430286242 1117.0 30312.0
0.021929824561403508 1117.0 31626.0
0.022045244690674055 1117.0 34177.0
0.0221606648199446 1115.5 31537.25
0.022276084949215142 1114.3333333333333 29242.666666666668
0.02239150507848569 1113.0 25958.0
0.022506925207756233 1113.0 27534.333333333332
0.022622345337026777 1115.0 26446.0
0.022853185595567867 1113.8 27682.0
0.02296860572483841 1113.0 22413.0
0.023084025854108958 1114.0 22647.25
0.023199445983379502 1113.6666666666667 22861.0
0.023314866112650046 1115.75 30210.0
0.02343028624192059 1116.0 33168.666666666664
0.023545706371191136 1117.5 36871.0
0.02366112650046168 1111.0 29689.0
0.023776546629732224 1114.0 27693.0
0.02389196675900277 1113.0 31345.0
0.024007386888273315 1112.6666666666667 30839.333333333332
0.02412280701754386 1112.0 33072.0
0.02435364727608495 1113.0 33722.0
0.024469067405355493 1112.0 32340.5
0.02458448753462604 1112.0 32345.5
0.024699907663896584 1112.6666666666667 29434.333333333332
0.024815327793167127 1112.6666666666667 31379.0
0.024930747922437674 1112.6666666666667 31380.666666666668
0.025046168051708218 1113.0 29820.5
0.02527700831024931 1112.5 27615.0
0.025392428439519853 1112.0 14761.0
0.025507848568790396 1112.6666666666667 23339.333333333332
0.025623268698060944 1114.6666666666667 43211.0
0.025738688827331487 1112.0 34546.0
0.02585410895660203 1112.5 34738.0
0.025969529085872575 1112.5 32746.0
0.02608494921514312 1111.6666666666667 32217.0
0.026200369344413665 1112.75 33728.25
0.02631578947368421 1113.6666666666667 33353.333333333336
0.026431209602954756 1115.3333333333333 49530.333333333336
0.0265466297322253 1114.2 40436.6
0.026662049861495844 1113.6666666666667 31234.0
0.02677746999076639 1113.3333333333333 27552.0
0.026892890120036934 1111.5 26561.5
0.027008310249307478 1113.5 32431.0
0.027123730378578025 1113.1666666666667 30058.0
0.02723915050784857 1114.6666666666667 33925.0
0.027354570637119113 1113.5 32742.0
0.02746999076638966 1113.0 33506.0
0.027585410895660203 1114.0 31517.5
0.027700831024930747 1117.5 41305.0
0.027816251154201294 1115.0 24331.0
0.027931671283471838 1113.0 23008.0
0.02804709141274238 1113.0 25398.5
0.02816251154201293 1113.0 27774.0
0.028277931671283472 1113.0 27788.0
0.028393351800554016 1118.0 78004.0
0.02850877192982456 1118.0 78123.0
0.028624192059095107 1116.0 53158.5
0.02873961218836565 1116.0 53276.5
0.028855032317636194 1114.0 28385.0
0.02920129270544783 1118.0 61762.0
0.029316712834718376 1116.3333333333333 50995.666666666664
0.02943213296398892 1116.3333333333333 52152.0
0.029547553093259463 1118.5 65568.5
0.02966297322253001 1117.4 39514.6
0.029778393351800554 1117.3333333333333 37869.0
0.029893813481071098 1118.0 52475.2
0.030009233610341645 1118.0 56891.333333333336
0.03012465373961219 1119.0 65531.5
0.030240073868882732 1118.0 57275.0
0.030470914127423823 1115.75 39283.5
0.030586334256694367 1115.6 49693.0
0.03070175438596491 1113.6 38593.4
0.030817174515235458 1115.3333333333333 35394.0
0.030932594644506 1115.3333333333333 35413.333333333336
0.031048014773776545 1115.0 40519.0
0.031163434903047092 1113.5 39606.0
0.031278855032317636 1115.0 35520.0
0.03139427516158818 1116.3333333333333 39606.333333333336
0.03150969529085872 1115.3333333333333 41114.0
0.031625115420129274 1113.6666666666667 36248.0
0.03174053554939982 1116.3333333333333 38415.666666666664
0.031971375807940905 1117.3333333333333 55366.333333333336
0.03208679593721145 1116.5 54792.25
0.03220221606648199 1116.6666666666667 58651.0
0.032317636195752536 1116.5 50367.75
0.03243305632502309 1115.0 47183.5
0.03254847645429363 1117.0 46582.0
0.032663896583564174 1116.5 45345.5
0.03277931671283472 1116.0 43971.0
0.03289473684210526 1115.5 48091.0
0.033010156971375805 1117.0 47015.0
0.033125577100646356 1116.0 43977.0
0.0332409972299169 1119.0 79226.0
0.03335641735918744 1117.5 61606.5
0.03347183748845799 1116.0 44030.0
0.03358725761772853 1116.6666666666667 61290.0
0.033702677746999074 1115.3333333333333 59594.0
0.033818097876269625 1115.0 60404.0
0.03393351800554017 1116.6666666666667 61356.666666666664
0.03404893813481071 1115.5 52352.5
0.034164358264081256 1117.0 63153.666666666664
0.0342797783933518 1117.25 52879.0
0.03439519852262234 1117.3333333333333 57782.0
0.03451061865189289 1119.0 80098.0
0.03462603878116344 1117.0 74261.5
0.03474145891043398 1118.0 66223.0
0.034856879039704525 1119.0 83253.0
0.03497229916897507 1115.0 75667.0
0.03508771929824561 1119.0 83278.0
0.035203139427516156 1119.0 83280.0
0.035318559556786706 1119.0 83280.0
0.03543397968605725 1119.0 83353.0
0.035549399815327794 1119.0 83376.0
0.03566481994459834 1119.0 83376.0
0.03647276084949215 1115.0 32433.0
0.036703601108033244 1115.0 33317.0
0.03728070175438596 1112.0 50735.0
0.037396121883656507 1115.0 33507.0
0.03785780240073869 1116.0 79106.0
0.038204062788550326 1117.0 54486.0
0.03831948291782087 1117.0 54486.0
0.038434903047091414 1117.0 54493.0
0.038781163434903045 1117.0 55071.0
0.038896583564173595 1117.0 55508.0
0.039242843951985226 1116.0 80329.0
0.03935826408125577 1116.0 80911.0
0.039473684210526314 1117.0 55789.0
0.03958910433979686 1116.0 80922.0
0.04039704524469068 1116.0 87355.0
0.04051246537396122 1116.0 87871.0
0.04120498614958449 1116.0 88156.0
0.04143582640812558 1116.0 89517.0
0.04189750692520776 1119.0 86982.0
0.0420129270544783 1119.0 86982.0
0.042128347183748846 1116.0 35734.0
0.04224376731301939 1116.0 36945.0
0.04247460757156048 1116.0 36957.0
0.04259002770083103 1116.0 44404.0
0.04270544783010157 1116.0 44422.0
0.042820867959372115 1119.0 90666.0
0.04293628808864266 1119.0 90666.0
0.0430517082179132 1117.3333333333333 65103.666666666664
0.043167128347183746 1116.5 52317.5
0.04374422899353647 1119.0 90737.0
0.0443213296398892 1116.0 45794.0
0.04443674976915974 1116.5 52647.5
0.044552169898430284 1116.0 48502.0
0.04489843028624192 1117.0 59543.0
0.045013850415512466 1116.0 48595.0
0.04512927054478301 1117.0 65290.0
0.04524469067405355 1116.5 57346.0
0.0453601108033241 1116.0 48681.0
0.04547553093259465 1116.5 57401.5
0.046052631578947366 1116.0 48996.0
0.046398891966759004 1116.0 49471.0
0.04651431209602955 1116.0 49475.0
0.04686057248384118 1116.0 49882.0
0.04697599261311173 1116.0 49882.0
0.05066943674976916 1112.0 57310.0
0.05090027700831025 1112.0 57419.0
0.051477377654662974 1118.0 49337.0
0.05159279778393352 1118.0 49337.0
0.0520544783010157 1118.0 49429.0
0.05286241920590951 1117.0 110260.0
0.052977839335180056 1117.0 110265.0
0.053208679593721143 1117.0 110266.0
0.05332409972299169 1117.0 110543.0
0.05343951985226224 1117.0 110544.0
0.05355493998153278 1117.0 110558.0
0.05424746075715605 1117.0 111365.0
0.054362880886426594 1117.0 111380.0
0.055401662049861494 1118.0 49993.0
0.05563250230840259 1118.0 49993.0
0.05632502308402586 1118.0 50010.0
0.0564404432132964 1118.0 50010.0
0.056555863342566945 1118.0 50010.0
0.057248384118190214 1116.0 81135.0
0.05771006463527239 1117.0 65940.0
0.05782548476454294 1118.0 50373.0
0.05794090489381348 1120.0 61022.0
0.059441366574330565 1120.0 61771.0
0.05955678670360111 1120.0 61791.0
0.05967220683287165 1120.0 61795.0
0.060480147737765465 1116.0 82019.0
0.06174976915974146 1120.0 96385.0
0.06440443213296398 1120.0 64390.0
0.06567405355493998 1116.0 66782.0
0.06578947368421052 1112.0 68868.0
0.06590489381348107 1112.0 69820.0
0.06636657433056325 1120.0 65385.0
0.0664819944598338 1116.0 68432.5
0.06659741458910434 1112.0 71488.0
0.06671283471837489 1112.0 71491.0
0.06682825484764543 1112.0 71496.0
0.06694367497691597 1120.0 65428.0
0.06705909510618652 1119.5 103306.5
0.06717451523545706 1119.5 103311.0
0.06763619575253925 1112.0 76972.0
0.06775161588180979 1112.0 76972.0
0.06786703601108034 1112.0 77022.0
0.06798245614035088 1115.5 91519.5
0.06809787626962142 1119.5 88891.5
0.06821329639889197 1119.5 88891.5
0.0685595567867036 1119.3333333333333 108206.33333333333
0.06867497691597414 1120.0 120853.0
0.06879039704524469 1122.0 110260.0
0.06890581717451523 1122.0 110287.0
0.06902123730378577 1120.0 72421.0
0.0695983379501385 1122.0 110324.0
0.06994459833795014 1120.0 85729.0
0.07006001846722068 1120.5 108515.0
0.07029085872576177 1122.0 110572.0
0.07283010156971376 1112.0 81314.0
0.0729455216989843 1112.0 81327.0
0.07306094182825484 1112.0 81334.0
0.07329178208679593 1112.0 81488.0
0.07352262234533703 1119.0 111141.0
0.07363804247460758 1119.0 111162.0
0.07409972299168975 1119.0 111384.0
0.0742151431209603 1119.0 111384.0
0.07444598337950138 1118.5 103136.0
0.07456140350877193 1118.0 95401.0
0.07467682363804247 1118.0 95636.0
0.07479224376731301 1119.0 111401.0
0.07490766389658357 1119.0 111401.0
0.07502308402585411 1119.0 111403.0
0.07513850415512466 1119.0 111403.0
0.0752539242843952 1119.0 111425.0
0.07583102493074792 1119.0 111989.0
0.07594644506001846 1119.0 111991.0
0.07617728531855955 1119.0 111991.0
0.0762927054478301 1119.0 112337.0
0.07698522622345337 1119.0 113192.0
0.07710064635272391 1118.5 105022.0
0.07744690674053555 1118.0 96852.0
0.07767774699907663 1118.0 96853.0
0.07790858725761773 1118.0 97653.0
0.07894736842105263 1118.0 99630.0
0.07906278855032317 1118.0 99961.0
0.07917820867959371 1118.0 99961.0
0.07929362880886427 1118.0 126110.0
0.07940904893813482 1122.0 106486.0
0.07975530932594645 1118.0 126118.0
0.07998614958448753 1118.0 126127.0
0.08137119113573407 1118.0 128454.0
0.08379501385041552 1118.0 131360.0
0.08518005540166206 1118.0 133996.0
0.0852954755309326 1118.0 134000.0
0.08633425669436749 1118.0 134675.0
0.08644967682363804 1118.0 134694.0
0.0865650969529086 1118.0 134715.0
0.08679593721144968 1118.0 134739.0
0.08691135734072022 1118.0 134747.0
0.08702677746999077 1118.0 135094.0
0.08725761772853186 1118.0 135094.0
0.09014312096029548 1118.0 136309.0
0.09025854108956602 1118.0 136478.0
0.09060480147737765 1118.0 136481.0
0.09083564173591874 1118.0 136486.0
0.09106648199445984 1118.0 136486.0
0.09729916897506925 1118.0 138592.0
0.0974145891043398 1118.0 138633.0
0.09753000923361034 1118.0 138828.0
0.09764542936288088 1118.0 138828.0
0.09776084949215143 1118.0 138828.0
0.09787626962142197 1118.0 138833.0
0.09799168975069251 1118.0 138851.0
0.09810710987996306 1118.0 138910.0
0.09822253000923362 1118.0 138932.0
0.09926131117266851 1120.0 233541.0
0.09983841181902124 1120.0 233554.0
0.10110803324099724 1120.0 235787.0
0.10399353647276086 1123.0 149576.0
0.10595567867036011 1123.0 150709.0
0.10814866112650046 1120.0 156151.0
0.1105724838411819 1113.0 132223.0
0.11068790397045244 1113.0 132251.0
0.11091874422899353 1120.0 243290.0
0.11103416435826408 1120.0 243301.0
0.11114958448753462 1121.0 244814.0
0.11126500461680518 1121.0 244886.0
0.11138042474607572 1123.0 151430.0
0.11161126500461681 1121.0 244897.0
0.11172668513388735 1121.0 244897.0
0.1118421052631579 1121.0 244996.0
0.11207294552169898 1121.0 245242.0
0.11218836565096953 1121.0 245825.0
0.11230378578024007 1121.0 245832.0
0.11241920590951061 1121.0 245832.0
0.11253462603878116 1121.0 245876.0
0.1128808864265928 1121.0 246574.0
0.11403508771929824 1121.0 247421.0
0.1141505078485688 1121.0 247421.0
0.11876731301939059 1113.0 146393.0
0.12142197599261312 1113.0 150424.0
0.12153739612188366 1113.0 150427.0
0.1216528162511542 1113.0 150471.0
0.12176823638042475 1113.0 150560.0
0.12188365650969529 1113.0 150561.0
0.12257617728531855 1113.0 150730.0
0.1226915974145891 1113.0 150852.0
0.12280701754385964 1113.0 151346.0
0.1229224376731302 1113.0 151353.0
0.12303785780240074 1113.0 152655.0
0.12315327793167129 1113.0 152656.0
0.12338411819021237 1113.0 152713.0
0.12349953831948292 1117.0 203615.5
0.123730378578024 1121.0 254520.0
0.12384579870729455 1121.0 254520.0
0.12396121883656509 1113.0 157377.0
0.12430747922437674 1113.0 157378.0
0.12442289935364728 1113.0 157456.0
0.1258079409048938 1113.0 157624.0
0.12592336103416435 1113.0 157624.0
0.1260387811634349 1113.0 157624.0
0.12615420129270544 1113.0 163402.0
0.12638504155124652 1113.0 163408.0
0.12707756232686981 1122.0 186343.0
0.12719298245614036 1122.0 186343.0
0.1273084025854109 1122.0 186458.0
0.127539242843952 1122.0 186833.0
0.12765466297322253 1122.0 187586.0
0.12823176361957525 1122.0 187693.0
0.1283471837488458 1122.0 187698.0
0.12857802400738688 1122.0 187729.0
0.13007848568790398 1122.0 187876.0
0.13019390581717452 1122.0 189233.0
0.13030932594644506 1122.0 189233.0
0.13123268698060941 1122.0 189435.0
0.13227146814404434 1122.0 190201.0
0.13238688827331488 1122.0 190209.0
0.13584949215143122 1121.0 266934.0
0.13596491228070176 1121.0 266971.0
0.1360803324099723 1121.0 267032.0
0.13665743305632502 1121.0 267207.0
0.13677285318559557 1121.0 267207.0
0.1371191135734072 1121.0 267218.0
0.13723453370267774 1121.0 267218.0
0.13734995383194828 1121.0 267342.0
0.13769621421975992 1121.0 267343.0
0.137927054478301 1121.0 267433.0
0.13804247460757155 1121.0 267433.0
0.13815789473684212 1121.0 267436.0
0.139196675900277 1121.0 267695.0
0.1394275161588181 1123.0 174458.0
0.13954293628808864 1121.0 267834.0
0.1396583564173592 1121.0 267834.0
0.14000461680517082 1123.0 174461.0
0.14012003693444136 1123.0 174469.0
0.1402354570637119 1123.0 174470.0
0.14058171745152354 1123.0 174472.0
0.14069713758079408 1123.0 174484.0
0.14081255771006462 1123.0 174489.0
0.14092797783933517 1123.0 174489.0
0.14104339796860574 1123.0 174489.0
0.14127423822714683 1123.0 174694.0
0.14138965835641737 1123.0 174806.0
0.1415050784856879 1123.0 174806.0
0.14162049861495846 1123.0 174817.0
0.141735918744229 1123.0 174818.0
0.1419667590027701 1121.0 270435.0
0.14208217913204063 1122.0 222752.0
0.14219759926131118 1121.0 270640.0
0.14231301939058172 1122.0 256856.5
0.1425438596491228 1121.0 270655.0
0.14265927977839335 1121.0 270659.0
0.1427746999076639 1121.0 270688.0
0.14289012003693444 1121.0 270691.0
0.14300554016620498 1121.0 270691.0
0.14369806094182824 1121.0 270781.0
0.16378116343490304 1128.0 237979.0
0.16389658356417358 1128.0 237979.0
0.16401200369344412 1128.0 238001.0
0.16551246537396122 1128.0 246283.0
0.1665512465373961 1128.0 246402.0
0.16759002770083103 1128.0 247486.0
0.16770544783010158 1128.0 247492.0
0.16782086795937212 1128.0 247492.0
0.16793628808864267 1128.0 247493.0
0.16897506925207756 1128.0 249568.0
0.17186057248384118 1117.0 229427.0
0.17255309325946444 1117.0 230118.0
0.17266851338873498 1117.0 230129.0
0.17324561403508773 1117.0 231753.0
0.17336103416435827 1117.0 231755.0
0.17347645429362882 1117.0 231763.0
0.17359187442289936 1117.0 231763.0
0.1737072945521699 1117.0 231763.0
0.17405355493998154 1117.0 234534.0
0.17636195752539244 1128.0 254819.0
0.17647737765466298 1128.0 254819.0
0.17670821791320407 1128.0 254819.0
0.17716989843028624 1128.0 254967.0
0.1772853185595568 1128.0 255197.0
0.1778624192059095 1128.0 255287.0
0.1780932594644506 1128.0 255287.0
0.1791320406278855 1128.0 255505.0
0.2002539242843952 1117.0 270567.0
0.2004847645429363 1117.0 270587.0
0.20060018467220683 1117.0 270587.0
0.20140812557710064 1117.0 270693.0
0.20152354570637118 1117.0 270720.0
0.20302400738688828 1117.0 271301.0
0.22172206832871652 1125.0 349548.0
0.24676823638042475 1121.0 362038.0
0.2468836565096953 1121.0 362038.0
0.24734533702677747 1121.0 362076.0
0.24826869806094182 1121.0 362237.0
0.24861495844875348 1121.0 362251.0
0.2489612188365651 1121.0 362308.0
0.24907663896583565 1121.0 362310.0
0.24930747922437674 1121.0 362366.0
0.2504616805170822 1121.0 362410.0
0.25069252077562326 1121.0 362410.0
0.25092336103416435 1121.0 362499.0
0.2510387811634349 1121.0 362499.0
0.25115420129270544 1121.0 362548.0
0.25242382271468145 1121.0 363521.0
0.25253924284395196 1121.0 363525.0
0.2528855032317636 1121.0 363724.0
0.2531163434903047 1121.0 363724.0
0.2532317636195753 1121.0 363724.0
0.2535780240073869 1121.0 363897.0
0.2543859649122807 1121.0 363930.0
0.25450138504155123 1121.0 363930.0
0.2546168051708218 1121.0 363930.0
0.2547322253000923 1121.0 363930.0
0.2548476454293629 1121.0 363930.0
0.255078485687904 1121.0 363946.0
0.2554247460757156 1121.0 363950.0
0.25554016620498615 1121.0 364056.0
0.25565558633425667 1121.0 364143.0
0.28797322253000923 1123.0 389657.0
0.2953601108033241 1123.0 396624.0
0.32283010156971376 1130.0 526286.0
0.33114035087719296 1130.0 551649.0
0.33125577100646353 1130.0 551650.0
0.33137119113573404 1130.0 551691.0
0.3314866112650046 1130.0 551691.0
0.3317174515235457 1130.0 551714.0
0.3318328716528163 1130.0 551716.0
0.3319482917820868 1130.0 552090.0
0.33206371191135736 1130.0 552150.0
0.3321791320406279 1130.0 552150.0
0.33229455216989845 1130.0 552486.0
0.3347183748845799 1132.0 568062.0
0.40131578947368424 1129.0 547333.0
0.405932594644506 1129.0 550079.0
0.40627885503231764 1129.0 570196.0
0.41574330563250234 1129.0 590579.0
0.42059095106186517 1129.0 597170.0
0.4257848568790397 1129.0 615658.0
0.4283240997229917 1129.0 628646.0
0.5564404432132964 1138.0 917610.0
0.9847645429362881 1141.0 1546256.0
0.9990766389658357 1141.0 1593023.0
1.0 1141.0 1593385.0
