1007773
0.0001 1095 32 0
0.0001 1680 45 0
0.0002 2566 109 0
0.0003 3040 116 0
0.0003 3494 190 0
0.0004 4095 150 0
0.0005 4590 263 0
0.0006 5022 308 0
0.0006 5505 401 0
0.0007 6119 339 0
0.0008 6259 421 0
0.0008 6605 324 0
0.0009 7265 316 0
0.0010 7468 319 0
0.0010 8403 375 0
0.0011 8778 522 0
0.0012 8530 419 0
0.0012 9035 438 0
0.0013 9413 486 0
0.0014 9409 589 0
0.0015 10012 662 0
0.0015 10152 694 0
0.0016 11134 619 0
0.0017 10096 1007 0
0.0017 11118 738 0
0.0018 11483 858 0
0.0019 11282 794 0
0.0019 11877 880 0
0.0020 12054 1308 0
0.0021 12728 1273 0
0.0021 12888 1208 0
0.0022 13593 1025 0
0.0023 12640 585 0
0.0024 14353 1089 0
0.0024 13414 1029 0
0.0025 12972 1308 0
0.0026 15192 815 0
0.0026 12987 982 0
0.0027 13588 678 0
0.0028 14244 977 0
0.0028 13898 1538 0
0.0029 13558 1364 0
0.0030 14614 1434 0
0.0030 18184 938 0
0.0031 14865 1313 0
0.0032 14459 1349 0
0.0033 16091 1883 0
0.0033 15690 1040 0
0.0034 16480 794 0
0.0035 15391 2390 0
0.0035 15636 2865 0
0.0036 15421 1029 0
0.0037 16422 3051 0
0.0037 16442 1122 0
0.0038 16165 3211 0
0.0039 19672 3328 0
0.0039 16780 593 0
0.0040 17223 759 0
0.0041 17605 1338 0
0.0042 16994 913 0
0.0042 17377 890 0
0.0043 18099 1500 0
0.0044 17968 1868 0
0.0044 19467 3322 0
0.0045 18747 2021 0
0.0046 20075 2443 0
0.0046 19504 1651 0
0.0047 21981 2403 0
0.0048 24467 2046 0
0.0048 18214 1307 0
0.0049 22871 1261 0
0.0050 23097 1308 0
0.0051 25447 1734 0
0.0051 23851 1176 0
0.0052 28067 2107 0
0.0053 25384 1577 0
0.0053 19212 1243 0
0.0054 21909 1695 0
0.0055 21056 2940 0
0.0055 21272 2481 0
0.0056 20102 1012 0
0.0057 23246 1440 0
0.0057 25420 2360 0
0.0058 31300 2122 0
0.0059 23935 5233 0
0.0060 22446 6528 0
0.0060 29591 2905 0
0.0061 24719 853 0
0.0062 38202 1506 0
0.0062 21857 3325 0
0.0064 24478 5295 0
0.0064 25553 1998 0
0.0065 19274 663 0
0.0066 23042 1105 0
0.0067 41472 1126 0
0.0067 22007 1843 0
0.0068 29642 3364 0
0.0069 25294 2172 0
0.0069 20320 3343 0
0.0070 23621 2134 0
0.0071 23305 1234 0
0.0071 31533 3497 0
0.0072 25917 1291 0
0.0073 21028 4256 0
0.0073 25399 1851 0
0.0074 25946 4608 0
0.0075 33474 1839 0
0.0076 26099 8809 0
0.0076 22293 8196 0
0.0077 29199 3651 0
0.0078 26229 3819 0
0.0078 21288 1582 0
0.0079 34301 3825 0
0.0080 47988 4755 0
0.0080 41193 10442 0
0.0081 29937 7231 0
0.0082 32026 1775 0
0.0083 31929 6098 0
0.0084 26993 3356 0
0.0085 26657 1444 0
0.0085 29709 4237 0
0.0086 35312 2220 0
0.0087 36275 20509 0
0.0088 30697 8548 0
0.0089 22285 615 0
0.0090 44571 2907 0
0.0091 40298 1622 0
0.0091 35746 2841 0
0.0092 36676 20520 0
0.0093 31956 1901 0
0.0094 29268 7745 0
0.0095 25529 1069 0
0.0096 37167 16965 0
0.0097 25715 1069 0
0.0098 25146 2722 0
0.0099 27831 558 0
0.0100 35824 1533 0
0.0100 30511 18783 0
0.0101 45461 2117 0
0.0102 36488 18797 0
0.0103 27443 1086 0
0.0104 32000 4845 0
0.0105 38669 881 0
0.0105 46730 3179 0
0.0106 55236 2667 0
0.0107 34365 2848 0
0.0107 37140 18864 0
0.0109 41625 4795 0
0.0109 39285 20739 0
0.0110 34363 7623 0
0.0111 40569 20856 0
0.0112 27606 2444 0
0.0113 45304 6041 0
0.0114 47560 10779 0
0.0114 73862 8144 0
0.0116 34568 4182 0
0.0116 34579 4182 0
0.0118 29809 624 0
0.0119 37656 9598 0
0.0121 30135 624 0
0.0121 48431 2292 0
0.0123 29788 1700 0
0.0126 59133 5709 0
0.0127 39051 18917 0
0.0133 90674 12162 0
0.0137 74097 16221 0
0.0139 45143 4009 0
0.0141 47382 17186 0
0.0143 43239 4683 0
0.0144 44844 7828 0
0.0145 41505 1960 0
0.0147 46781 1611 0
0.0148 43558 21140 0
0.0148 49675 4887 0
0.0150 75983 2029 0
0.0152 35663 1867 0
0.0155 39255 9447 0
0.0157 42873 25356 0
0.0157 49130 2677 0
0.0159 62717 3596 0
0.0162 35584 17272 0
0.0164 48298 2068 0
0.0165 49625 15990 0
0.0167 48275 7915 0
0.0172 43497 25406 0
0.0174 46929 2246 0
0.0176 51950 25409 0
0.0179 43269 17295 0
0.0179 49805 8160 0
0.0180 55592 3442 0
0.0181 52405 1664 0
0.0182 66757 3997 0
0.0184 55721 3431 0
0.0185 45821 3964 0
0.0186 51072 2385 0
0.0188 67524 3979 0
0.0190 50622 6276 0
0.0191 61548 17300 0
0.0194 45408 4429 0
0.0198 67996 7791 0
0.0200 98530 13058 0
0.0200 57147 17610 0
0.0202 78010 4293 0
0.0208 45879 4672 0
0.0210 68674 17447 0
0.0211 46694 5104 0
0.0214 59248 1747 0
0.0215 61095 6527 0
0.0218 66700 4472 0
0.0219 99867 13073 0
0.0220 56765 25934 0
0.0222 64053 4308 0
0.0222 64886 4991 0
0.0225 52250 48574 0
0.0228 67077 4472 0
0.0229 76944 4811 0
0.0230 56787 21409 0
0.0231 91324 20720 0
0.0231 102083 5077 0
0.0232 54149 22446 0
0.0233 62554 8717 0
0.0237 49649 5509 0
0.0238 81214 5007 0
0.0242 69397 9027 0
0.0242 50748 5510 0
0.0243 61503 17436 0
0.0246 50806 5510 0
0.0249 58746 49719 0
0.0251 107621 13101 0
0.0256 75683 5317 0
0.0258 73330 18721 0
0.0264 84514 5272 0
0.0266 71260 19463 0
0.0274 79074 10138 0
0.0276 67570 6549 0
0.0276 82553 7691 0
0.0278 73944 3907 0
0.0282 78060 18789 0
0.0283 74745 16726 0
0.0283 83053 22099 0
0.0285 83367 5923 0
0.0286 98519 21382 0
0.0288 117442 13435 0
0.0290 105096 5395 0
0.0291 82460 11637 0
0.0292 167896 8824 0
0.0296 82634 11637 0
0.0298 83156 4801 0
0.0301 73602 7613 0
0.0302 65963 27899 0
0.0305 80712 18321 0
0.0308 91513 6979 0
0.0311 86898 15287 0
0.0313 82688 12211 0
0.0317 76339 30867 0
0.0321 76273 27520 0
0.0323 71760 23310 0
0.0325 101080 21775 0
0.0327 87599 16700 0
0.0331 113212 5933 0
0.0341 138182 14275 0
0.0343 174060 9602 0
0.0347 99264 7034 0
0.0363 91939 23787 0
0.0365 75922 7164 0
0.0366 81904 29878 0
0.0366 92734 8481 0
0.0368 93703 10054 0
0.0369 96746 15813 0
0.0373 108300 22947 0
0.0373 92556 13065 0
0.0377 80863 21244 0
0.0380 85644 8579 0
0.0381 120891 29752 0
0.0388 120686 9823 0
0.0391 106636 16505 0
0.0396 87750 21781 0
0.0398 85200 30154 0
0.0406 96175 6547 0
0.0407 99881 9594 0
0.0409 89520 13951 0
0.0415 102433 27046 0
0.0417 108344 17690 0
0.0420 79548 51026 0
0.0426 99307 10359 0
0.0432 105637 16899 0
0.0432 101540 15984 0
0.0433 108105 27220 0
0.0434 133519 9350 0
0.0436 115372 46627 0
0.0437 87886 32563 0
0.0439 94667 22588 0
0.0440 130609 15836 0
0.0443 95901 29413 0
0.0448 86332 8652 0
0.0454 89357 51161 0
0.0455 96789 21703 0
0.0461 91318 8734 0
0.0468 95233 32807 0
0.0474 129238 12397 0
0.0499 109197 19176 0
0.0500 127161 24238 0
0.1000 205890 40424 0
0.1500 271802 68909 0
0.2000 330592 79609 0
0.2499 373462 109080 0
0.2999 430779 126494 0
0.3500 485198 145420 0
0.4000 525540 155681 0
0.4500 576915 176421 0
0.5000 653907 192214 0
0.5499 692324 207644 0
0.6000 730336 254698 0
0.6500 757910 287782 0
0.7000 799755 327132 0
0.7500 871088 338562 0
0.8000 896031 360402 0
0.8500 927892 374116 0
0.9000 961106 383017 0
0.9500 982287 434860 0
1.0000 1007773 464524 0
