678918
0.00011542012927054478 1177.8551477377655 183.908702677747
0.00023084025854108956 1767.5964768537485 306.4227775501844
0.00034626038781163435 2735.8645833333335 500.2239583333333
0.0004616805170821791 3298.175149700599 649.8892215568862
0.0005771006463527239 3915.7901498929336 931.4496788008565
0.0006925207756232687 4309.779369627508 1178.1289398280803
0.0008079409048938135 4761.067924528302 1185.2490566037736
0.0009233610341643582 5237.693779904306 1447.3684210526317
0.001038781163434903 5953.04255319149 1622.6648936170213
0.0011542012927054479 6439.4625 1804.025
0.0012696214219759926 6885.664335664335 1816.7762237762238
0.0013850415512465374 8052.370078740158 2459.3622047244094
0.0015004616805170822 8136.971153846154 2868.326923076923
0.001615881809787627 9084.087912087913 2380.802197802198
0.0017313019390581717 8613.35 3220.3
0.0018467220683287165 8963.207317073171 2839.987804878049
0.0019621421975992612 8684.888888888889 2809.4444444444443
0.002077562326869806 9309.166666666666 2947.597222222222
0.0021929824561403508 10953.683333333332 4088.65
0.0023084025854108957 11199.360655737704 3998.6393442622953
0.0024238227146814403 10506.979591836734 4103.755102040816
0.0025392428439519853 9681.327586206897 3012.137931034483
0.00265466297322253 10946.685185185184 4360.259259259259
0.002770083102493075 10652.69387755102 3151.6326530612246
0.0028855032317636198 10970.8 3707.733333333333
0.0030009233610341643 11590.386363636364 3335.5454545454545
0.0031163434903047093 11200.263157894737 3692.2631578947367
0.003231763619575254 12678.108108108108 3587.189189189189
0.003347183748845799 13097.926829268292 4475.4390243902435
0.0034626038781163434 13784.9 4933.0
0.0035780240073868884 14816.6875 7067.96875
0.003693444136657433 13046.891891891892 4932.864864864865
0.003808864265927978 12816.304347826086 5911.0
0.0039242843951985225 13651.045454545454 4465.909090909091
0.004039704524469067 12758.90909090909 4840.5
0.004155124653739612 13830.51724137931 5815.137931034483
0.004270544783010157 16688.82608695652 6603.086956521739
0.0043859649122807015 14674.772727272728 6195.545454545455
0.004501385041551247 15636.85 6111.4
0.0046168051708217915 14279.423076923076 6140.807692307692
0.004732225300092336 14152.964285714286 5416.107142857143
0.004847645429362881 15359.0 6947.739130434783
0.004963065558633426 15974.42857142857 6266.0952380952385
0.0050784856879039705 15845.222222222223 5509.166666666667
0.005193905817174515 16864.352941176472 7442.882352941177
0.00530932594644506 17721.7 9114.1
0.005424746075715605 17577.272727272728 7743.318181818182
0.00554016620498615 16383.0 6757.0
0.005655586334256694 17465.4 6207.333333333333
0.0057710064635272396 16083.357142857143 9555.857142857143
0.005886426592797784 19862.571428571428 11469.714285714286
0.006001846722068329 21672.941176470587 10008.176470588236
0.006117266851338873 17335.125 6568.3125
0.006232686980609419 21365.04 9197.52
0.006348107109879963 20931.8 9056.666666666666
0.006463527239150508 19826.8 9331.533333333333
0.006578947368421052 23605.785714285714 9699.07142857143
0.006694367497691598 21333.4 11497.0
0.006809787626962142 22797.0 9768.45
0.006925207756232687 26011.571428571428 12974.785714285714
0.007040627885503232 24472.714285714286 12567.42857142857
0.007156048014773777 23233.2 12547.8
0.007271468144044321 21423.76923076923 13840.23076923077
0.007386888273314866 21318.5 11842.833333333334
0.007502308402585411 21376.9 11361.5
0.007617728531855956 24906.777777777777 13795.333333333334
0.0077331486611265 23143.777777777777 7272.333333333333
0.007848568790397045 22166.4 12266.3
0.00796398891966759 20571.0 12527.5
0.008079409048938134 21549.25 8912.416666666666
0.00819482917820868 23549.5 13874.25
0.008310249307479225 24514.333333333332 15926.5
0.008425669436749769 22671.14285714286 15148.285714285714
0.008541089566020314 21960.076923076922 9953.0
0.00865650969529086 24966.75 10540.0
0.008771929824561403 23369.666666666668 10119.5
0.008887349953831948 29193.333333333332 14236.333333333334
0.009002770083102494 20499.714285714286 8814.714285714286
0.009118190212373038 23989.666666666668 14928.333333333334
0.009233610341643583 30278.428571428572 13933.42857142857
0.009349030470914127 24640.166666666668 9881.833333333334
0.009464450600184672 24238.88888888889 10191.444444444445
0.009579870729455217 28185.5 16372.0
0.009695290858725761 20460.666666666668 12801.0
0.009810710987996307 21630.25 16718.25
0.009926131117266852 18348.666666666668 3827.0
0.010041551246537396 22251.333333333332 11149.666666666666
0.010156971375807941 26850.666666666668 13874.833333333334
0.010272391505078486 30377.4 21556.6
0.01038781163434903 30436.8 23689.8
0.010503231763619576 30409.833333333332 20142.666666666668
0.01061865189289012 25848.666666666668 18645.833333333332
0.010734072022160665 23115.0 16085.0
0.01084949215143121 26714.0 15674.4
0.010964912280701754 25820.0 14969.6
0.0110803324099723 22710.0 12893.5
0.011195752539242845 23517.333333333332 10276.666666666666
0.011311172668513388 35270.0 13398.666666666666
0.011426592797783934 33937.5 17340.25
0.011542012927054479 32275.4 19818.2
0.011657433056325023 28563.5 23671.5
0.011772853185595568 31757.25 19974.5
0.011888273314866112 30114.375 17188.0
0.012003693444136657 36707.0 18880.333333333332
0.012119113573407203 28256.6 16771.8
0.012234533702677746 24807.0 9684.333333333334
0.012349953831948292 23556.0 15040.0
0.012465373961218837 23326.714285714286 14399.0
0.012580794090489381 26224.0 18270.25
0.012696214219759926 30491.85714285714 16015.42857142857
0.012811634349030472 28041.375 19016.125
0.012927054478301015 28652.571428571428 23359.0
0.01304247460757156 28554.25 21795.875
0.013157894736842105 28220.714285714286 19190.14285714286
0.01327331486611265 28664.2 19166.8
0.013388734995383195 27785.5 18044.666666666668
0.013504155124653739 32188.833333333332 21116.166666666668
0.013619575253924284 27076.8 18328.0
0.01373499538319483 31690.5 19960.333333333332
0.013850415512465374 28774.0 19414.0
0.013965835641735919 29460.666666666668 16511.666666666668
0.014081255771006464 24783.6 13594.0
0.014196675900277008 25966.5 11254.5
0.014312096029547553 30914.2 24726.2
0.014427516158818097 29634.8 23930.2
0.014542936288088643 25455.0 16827.333333333332
0.014658356417359188 17948.0 9269.0
0.014773776546629732 29440.333333333332 20504.166666666668
0.014889196675900277 32778.4 26802.8
0.015004616805170823 23288.25 16808.0
0.015120036934441366 34621.0 30489.5
0.015235457063711912 31114.5 23230.833333333332
0.015350877192982455 29410.25 22791.75
0.015466297322253 31530.25 25540.0
0.015581717451523546 31867.166666666668 21513.166666666668
0.01569713758079409 30502.333333333332 26959.666666666668
0.015812557710064637 25797.714285714286 28027.428571428572
0.01592797783933518 27686.0 15586.2
0.016043397968605724 20022.0 12761.0
0.016158818097876268 24036.0 15419.0
0.016274238227146815 27993.333333333332 17908.0
0.01638965835641736 33206.0 26025.0
0.016505078485687903 39370.0 25632.666666666668
0.01662049861495845 43170.5 33955.0
0.016735918744228993 44448.333333333336 39532.333333333336
0.016851338873499537 30106.0 30364.666666666668
0.016966759002770084 24428.5 11887.5
0.017082179132040628 36875.666666666664 38373.666666666664
0.01719759926131117 22773.5 12223.0
0.01731301939058172 26359.0 17132.25
0.017428439519852262 24332.0 17310.5
0.017543859649122806 40883.5 31157.0
0.017659279778393353 37341.5 29664.5
0.017774699907663897 39893.833333333336 29813.333333333332
0.01789012003693444 31683.0 19176.25
0.018005540166204988 36635.2 20608.8
0.01812096029547553 29572.5 18532.75
0.018236380424746075 38429.5 24754.75
0.018351800554016622 36269.5 22553.25
0.018467220683287166 29673.0 17974.5
0.01858264081255771 30337.25 15104.25
0.018698060941828253 31640.666666666668 18916.833333333332
0.0188134810710988 27166.666666666668 17389.666666666668
0.018928901200369344 36152.166666666664 21415.0
0.019044321329639888 35039.666666666664 18786.333333333332
0.019159741458910435 32782.2 20986.6
0.01927516158818098 32522.0 27003.333333333332
0.019390581717451522 32734.0 23196.5
0.01950600184672207 32763.0 23199.5
0.019621421975992613 36200.0 22442.0
0.019736842105263157 31694.666666666668 20731.0
0.019852262234533704 29621.5 17574.0
0.019967682363804248 29682.0 18573.666666666668
0.02008310249307479 37326.666666666664 43995.333333333336
0.02019852262234534 34448.5 22450.5
0.020313942751615882 34642.75 23598.75
0.020429362880886426 40917.333333333336 27660.333333333332
0.020544783010156973 35192.6 22329.8
0.020660203139427517 39344.5 28665.0
0.02077562326869806 36839.666666666664 23589.0
0.020891043397968604 24369.0 15454.0
0.02100646352723915 24414.0 15454.0
0.021121883656509695 41585.0 30538.0
0.02123730378578024 35800.0 27051.0
0.021352723915050786 25362.0 10545.0
0.02146814404432133 31967.0 16005.0
0.021583564173591873 33313.333333333336 25548.333333333332
0.02169898430286242 31795.0 17000.5
0.021814404432132964 34795.0 25918.5
0.021929824561403508 38863.0 23640.0
0.022045244690674055 44270.333333333336 26084.5
0.0221606648199446 42435.0 27392.0
0.022276084949215142 40298.0 18560.0
0.02239150507848569 35618.5 26205.5
0.022506925207756233 29174.5 20037.5
0.022622345337026777 67249.5 30758.0
0.022737765466297324 39816.0 24604.0
0.02296860572483841 34900.0 24993.0
0.023084025854108958 42309.5 33122.0
0.023199445983379502 48174.5 28036.0
0.023314866112650046 35411.0 25495.0
0.02343028624192059 34934.0 19818.666666666668
0.023545706371191136 39089.0 28865.5
0.02366112650046168 35181.333333333336 20934.333333333332
0.023776546629732224 42302.0 36356.0
0.02389196675900277 40368.5 34401.5
0.024007386888273315 50011.5 37491.0
0.02412280701754386 61321.5 43273.5
0.024238227146814405 54032.0 44297.5
0.02435364727608495 47449.333333333336 37327.333333333336
0.024469067405355493 30651.0 26881.0
0.02458448753462604 30659.0 26881.0
0.024699907663896584 47801.5 33636.0
0.024815327793167127 47525.0 37492.0
0.024930747922437674 54166.0 43799.0
0.025046168051708218 65173.0 40714.0
0.025161588180978762 48362.666666666664 36182.333333333336
0.02527700831024931 47607.333333333336 39121.333333333336
0.025392428439519853 59072.333333333336 44733.0
0.025507848568790396 52459.0 32784.333333333336
0.025623268698060944 41360.333333333336 34353.666666666664
0.025738688827331487 38850.5 31284.0
0.025969529085872575 63437.0 52320.0
0.02608494921514312 63438.0 52329.0
0.026200369344413665 63441.0 52329.0
0.02631578947368421 65445.0 40984.0
0.026431209602954756 54036.0 38364.333333333336
0.0265466297322253 49610.5 39943.5
0.026662049861495844 65475.0 41062.0
0.02677746999076639 65504.0 41066.0
0.027008310249307478 65568.0 41153.0
0.027123730378578025 65589.0 41153.0
0.027354570637119113 69524.0 58321.0
0.02746999076638966 69577.0 59658.0
0.027585410895660203 65173.0 29902.0
0.027700831024930747 53245.0 37422.5
0.027816251154201294 67447.5 44812.5
0.027931671283471838 50106.0 42681.0
0.02804709141274238 33642.0 28726.0
0.02816251154201293 49852.333333333336 33919.333333333336
0.028277931671283472 60293.0 51442.5
0.028393351800554016 43994.0 35563.0
0.02850877192982456 44152.0 35824.5
0.028624192059095107 44163.0 35825.5
0.02873961218836565 44536.5 35883.5
0.028855032317636194 60793.0 64111.0
0.02897045244690674 52376.666666666664 34550.333333333336
0.029085872576177285 60579.333333333336 42130.0
0.02920129270544783 51759.0 57900.0
0.029316712834718376 63754.666666666664 54259.0
0.02943213296398892 63886.666666666664 54783.0
0.029547553093259463 60775.5 36879.5
0.02966297322253001 70319.5 52734.5
0.029778393351800554 64320.0 55002.0
0.029893813481071098 36511.0 24008.0
0.030470914127423823 41911.0 43983.0
0.030586334256694367 49014.5 43906.0
0.03070175438596491 55752.333333333336 58230.666666666664
0.030817174515235458 42075.0 44530.0
0.030932594644506 70009.0 27581.0
0.03150969529085872 59367.0 34725.0
0.031625115420129274 70299.0 27634.0
0.03174053554939982 70851.0 28089.0
0.03185595567867036 42508.0 46482.0
0.031971375807940905 42550.0 46759.0
0.03243305632502309 43397.0 49585.0
0.033010156971375805 43592.0 50061.0
0.033125577100646356 74670.0 143866.0
0.0332409972299169 43807.0 50080.0
0.03393351800554017 50069.5 37026.0
0.034164358264081256 48800.0 54935.0
0.0342797783933518 48868.0 56753.0
0.03439519852262234 48875.0 56753.0
0.03451061865189289 48910.0 56760.0
0.03462603878116344 48923.0 56884.0
0.03474145891043398 79672.0 67504.0
0.034856879039704525 79827.0 67612.0
0.03508771929824561 107624.0 92333.0
0.035203139427516156 75920.0 78369.0
0.03543397968605725 75932.0 78370.0
0.03612650046168052 83529.0 102871.0
0.03681902123730379 84134.0 105117.0
0.037049861495844875 44054.0 34186.0
0.037396121883656507 40909.0 32597.0
0.03751154201292706 44199.0 34216.0
0.037742382271468145 38691.0 31182.0
0.03785780240073869 38716.0 31186.0
0.03797322253000923 44815.0 34709.0
0.038088642659279776 38765.0 31286.0
0.038204062788550326 38830.0 31340.0
0.038434903047091414 64772.5 70108.0
0.038896583564173595 78422.0 89801.0
0.03912742382271468 69124.0 83737.0
0.039242843951985226 73828.0 86793.0
0.03935826408125577 61522.5 75013.0
0.04005078485687904 79460.0 64985.0
0.04016620498614958 65266.333333333336 62530.666666666664
0.040281625115420126 74457.5 74568.5
0.04039704524469068 79571.0 64998.0
0.04051246537396122 79615.0 65113.0
0.04074330563250231 79685.0 65140.0
0.040974145891043395 79725.0 65154.0
0.041089566020313946 74633.0 74713.0
0.04120498614958449 74641.0 74720.0
0.04132040627885503 67742.0 76963.5
0.04143582640812558 71801.33333333333 73107.66666666667
0.04155124653739612 66085.0 69854.0
0.04189750692520776 64443.0 44003.0
0.042128347183748846 49608.0 39816.0
0.04235918744228993 73300.5 68290.0
0.04270544783010157 80961.0 48901.0
0.0430517082179132 81159.0 49128.0
0.04374422899353647 51770.0 43004.0
0.043859649122807015 51835.0 43012.0
0.043975069252077566 51840.0 43012.0
0.04409048938134811 51864.0 43012.0
0.045013850415512466 52144.0 43232.0
0.04512927054478301 52157.0 43418.0
0.04524469067405355 60620.0 65177.0
0.04547553093259465 77012.0 90647.0
0.04559095106186519 61126.0 65424.0
0.045706371191135735 77261.5 90825.5
0.04582179132040628 93414.0 116096.0
0.047668513388735 61705.0 67124.0
0.04778393351800554 61730.0 67229.0
0.04801477377654663 95474.0 117826.0
0.04836103416435827 78810.0 93485.0
0.0487072945521699 96754.5 86636.5
0.04882271468144044 97843.0 53815.0
0.04905355493998153 97958.0 54396.0
0.05055401662049862 63940.0 70231.0
0.05066943674976916 63941.0 70231.0
0.050784856879039705 63972.0 70268.0
0.051823638042474605 86377.0 56885.0
0.0520544783010157 86421.0 56909.0
0.05216989843028624 86425.0 56909.0
0.05228531855955679 86580.0 57220.0
0.05240073868882733 86725.0 57465.0
0.052516158818097874 86739.0 57465.0
0.05263157894736842 86789.0 57472.0
0.05274699907663897 86807.0 57476.0
0.05343951985226224 65713.0 71926.0
0.05355493998153278 65723.0 71931.0
0.053670360110803325 86942.0 57944.0
0.05378578024007387 86943.0 57944.0
0.05390120036934441 86945.0 57944.0
0.054016620498614956 87022.0 58013.0
0.054362880886426594 76561.5 65455.0
0.055863342566943676 101682.0 59470.0
0.05609418282548476 101703.0 59470.0
0.05620960295475531 104338.0 59545.0
0.056555863342566945 184729.0 95603.0
0.060480147737765465 106948.0 63474.0
0.06105724838411819 108414.0 63723.0
0.061172668513388734 108420.0 63725.0
0.06140350877192982 108483.0 63769.0
0.061865189289012 108772.0 63915.0
0.06209602954755309 108897.0 64309.0
0.062326869806094184 108976.0 64320.0
0.06313481071098799 90861.0 131240.0
0.06348107109879964 90940.0 131353.0
0.06359649122807018 90961.0 131361.0
0.06371191135734072 90965.0 131361.0
0.06382733148661127 90965.0 131361.0
0.06463527239150507 100050.0 185684.0
0.06486611265004617 108305.0 75093.0
0.06509695290858726 108321.0 75128.0
0.0652123730378578 108343.0 75129.0
0.06578947368421052 108511.0 76015.0
0.06613573407202217 108607.0 76093.0
0.06625115420129271 108608.0 76093.0
0.06752077562326869 102416.0 133017.0
0.06821329639889197 110382.0 84185.0
0.06936749769159742 81929.0 85526.0
0.0716759002770083 84137.0 91019.0
0.0719067405355494 120111.0 91732.0
0.07306094182825484 85292.0 92426.0
0.07329178208679593 99213.0 141984.0
0.07363804247460758 85617.0 93510.0
0.07398430286241921 85691.0 93535.0
0.07409972299168975 85801.0 93596.0
0.0742151431209603 85829.0 93596.0
0.07433056325023084 85831.0 93596.0
0.07444598337950138 85916.0 93622.0
0.07456140350877193 85919.0 93622.0
0.07479224376731301 85942.0 93622.0
0.07490766389658357 99703.0 142438.0
0.07583102493074792 86158.0 94229.0
0.07594644506001846 98681.5 115820.5
0.07606186518928901 98688.5 115822.5
0.07617728531855955 111240.0 137423.0
0.0762927054478301 111242.0 137423.0
0.09672206832871653 106121.0 144141.0
0.10006925207756233 109535.0 147096.0
0.10018467220683287 109547.0 147284.0
0.10376269621421975 125106.5 128948.0
0.1038781163434903 102892.0 109394.0
0.10457063711911357 103021.0 109499.0
0.10514773776546629 103208.0 109671.0
0.12361495844875346 158139.0 261896.0
0.1383887349953832 123934.0 178624.0
0.13908125577100647 121452.5 157937.5
0.13931209602954756 124294.0 181002.0
0.14092797783933517 124922.0 182660.0
0.14104339796860574 124923.0 182660.0
0.15096952908587258 128039.0 185577.0
0.15108494921514312 128047.0 185577.0
0.15120036934441367 128077.0 185914.0
0.1659741458910434 197233.0 327196.0
0.1745152354570637 200101.0 336966.0
0.1747460757156048 200146.0 336971.0
0.17520775623268697 200317.0 337038.0
0.17670821791320407 157555.0 216442.0
0.18005540166204986 208899.0 285957.0
0.1801708217913204 208906.0 285959.0
0.2069482917820868 232495.0 365127.0
0.21618190212373037 259861.0 374996.0
0.24480609418282548 254630.0 471643.0
0.24861495844875348 226722.0 308174.0
0.2755078485687904 278418.0 557132.0
0.41458910433979684 331979.0 692026.0
0.4647968605724838 389637.0 683170.0
0.4711449676823638 433780.0 787629.0
0.4937673130193906 397465.0 713423.0
0.5288550323176362 432495.0 805756.0
1.0 678918.0 1593385.0
