6719
0.00011542012927054478 577.682594644506 0.0
0.00023084025854108956 782.8758592802265 0.0
0.00034626038781163435 906.3582230623819 0.0
0.0004616805170821791 977.0377358490566 0.0
0.0005771006463527239 1017.9751693002257 0.0
0.0006925207756232687 1051.1585014409222 0.0
0.0008079409048938135 1070.0265151515152 0.0
0.0009233610341643582 1083.4405286343613 0.0
0.001038781163434903 1115.198795180723 0.0
0.0011542012927054479 1131.623287671233 0.0
0.0012696214219759926 1144.014705882353 0.0
0.0013850415512465374 1189.8878504672898 0.0
0.0015004616805170822 1174.6195652173913 0.0
0.001615881809787627 1164.4795918367347 0.0
0.0017313019390581717 1207.8817204301076 0.0
0.0018467220683287165 1206.857142857143 0.0
0.0019621421975992612 1195.7105263157894 0.0
0.002077562326869806 1191.0441176470588 0.0
0.0021929824561403508 1195.2295081967213 0.0
0.0023084025854108957 1205.0 0.0
0.0024238227146814403 1205.469387755102 0.0
0.0025392428439519853 1213.4468085106382 0.0
0.00265466297322253 1229.2083333333333 0.0
0.002770083102493075 1215.8709677419354 0.0
0.0028855032317636198 1218.5813953488373 0.0
0.0030009233610341643 1229.219512195122 0.0
0.0031163434903047093 1273.0 0.0
0.003231763619575254 1212.25 0.0
0.003347183748845799 1302.3902439024391 0.0
0.0034626038781163434 1240.945945945946 0.0
0.0035780240073868884 1261.8666666666666 0.0
0.003693444136657433 1280.2857142857142 0.0
0.003808864265927978 1280.576923076923 0.0
0.0039242843951985225 1338.2692307692307 0.0
0.004039704524469067 1388.0 0.0
0.004155124653739612 1373.157894736842 0.0
0.004270544783010157 1399.4 0.0
0.0043859649122807015 1356.3666666666666 0.0
0.004501385041551247 1358.6315789473683 0.0
0.0046168051708217915 1358.0 0.0
0.004732225300092336 1416.4736842105262 0.0
0.004847645429362881 1360.4705882352941 0.0
0.004963065558633426 1333.6363636363637 0.0
0.0050784856879039705 1327.0 0.0
0.005193905817174515 1398.1333333333334 0.0
0.00530932594644506 1451.3333333333333 0.0
0.005424746075715605 1430.9333333333334 0.0
0.00554016620498615 1404.1 0.0
0.005655586334256694 1425.1052631578948 0.0
0.0057710064635272396 1446.642857142857 0.0
0.005886426592797784 1365.4 0.0
0.006001846722068329 1378.7 0.0
0.006117266851338873 1469.923076923077 0.0
0.006232686980609419 1429.3846153846155 0.0
0.006348107109879963 1457.8333333333333 0.0
0.006463527239150508 1573.2222222222222 0.0
0.006578947368421052 1459.3636363636363 0.0
0.006694367497691598 1419.8181818181818 0.0
0.006809787626962142 1445.625 0.0
0.006925207756232687 1505.8666666666666 0.0
0.007040627885503232 1492.1538461538462 0.0
0.007156048014773777 1674.142857142857 0.0
0.007271468144044321 1554.111111111111 0.0
0.007386888273314866 1556.0 0.0
0.007502308402585411 1492.5 0.0
0.007617728531855956 1591.8 0.0
0.0077331486611265 1452.5 0.0
0.007848568790397045 1695.0 0.0
0.00796398891966759 1644.1666666666667 0.0
0.008079409048938134 1593.2222222222222 0.0
0.00819482917820868 1608.1666666666667 0.0
0.008310249307479225 1403.0 0.0
0.008425669436749769 1485.5714285714287 0.0
0.008541089566020314 1448.8 0.0
0.00865650969529086 1609.4 0.0
0.008771929824561403 1686.5 0.0
0.008887349953831948 1649.5 0.0
0.009002770083102494 1674.4 0.0
0.009118190212373038 1643.3333333333333 0.0
0.009233610341643583 1549.6666666666667 0.0
0.009349030470914127 1603.142857142857 0.0
0.009464450600184672 2049.0 0.0
0.009579870729455217 1817.1666666666667 0.0
0.009695290858725761 1529.25 0.0
0.009810710987996307 1808.1 0.0
0.009926131117266852 1869.0 0.0
0.010041551246537396 2003.75 0.0
0.010156971375807941 1761.3333333333333 0.0
0.010272391505078486 1446.5 0.0
0.01038781163434903 1525.3333333333333 0.0
0.010503231763619576 1593.2 0.0
0.01061865189289012 1775.6666666666667 0.0
0.010734072022160665 1862.8333333333333 0.0
0.01084949215143121 1788.6 0.0
0.010964912280701754 1947.5 0.0
0.0110803324099723 1868.8 0.0
0.011195752539242845 1815.8 0.0
0.011311172668513388 1615.6 0.0
0.011426592797783934 1916.3333333333333 0.0
0.011542012927054479 1920.4285714285713 0.0
0.011657433056325023 2042.8 0.0
0.011772853185595568 1854.0 0.0
0.011888273314866112 1838.8 0.0
0.012003693444136657 1810.0 0.0
0.012119113573407203 1602.6 0.0
0.012234533702677746 2028.0 0.0
0.012349953831948292 1782.0 0.0
0.012465373961218837 1801.8 0.0
0.012580794090489381 1365.6666666666667 0.0
0.012696214219759926 1364.0 0.0
0.012811634349030472 1386.6666666666667 0.0
0.012927054478301015 2047.3333333333333 0.0
0.01304247460757156 1800.6 0.0
0.013157894736842105 2102.5 0.0
0.01327331486611265 1680.0 0.0
0.013388734995383195 1832.1 0.0
0.013504155124653739 1797.0 0.0
0.013619575253924284 1840.5454545454545 0.0
0.01373499538319483 2292.5 0.0
0.013850415512465374 1753.142857142857 0.0
0.013965835641735919 1843.2857142857142 0.0
0.014081255771006464 1694.6666666666667 0.0
0.014196675900277008 1813.0 0.0
0.014312096029547553 1995.3333333333333 0.0
0.014427516158818097 2256.0 0.0
0.014542936288088643 2076.0 0.0
0.014658356417359188 2203.6666666666665 0.0
0.014773776546629732 2346.0 0.0
0.014889196675900277 2158.0 0.0
0.015004616805170823 2352.6666666666665 0.0
0.015120036934441366 2132.5 0.0
0.015235457063711912 1915.3333333333333 0.0
0.015350877192982455 1947.0 0.0
0.015466297322253 1860.0 0.0
0.015581717451523546 2161.0 0.0
0.01569713758079409 1860.5 0.0
0.015812557710064637 1962.6666666666667 0.0
0.01592797783933518 1468.0 0.0
0.016043397968605724 2001.0 0.0
0.016158818097876268 1918.5 0.0
0.016274238227146815 1856.2 0.0
0.01638965835641736 1869.0 0.0
0.016505078485687903 2042.75 0.0
0.01662049861495845 2041.5 0.0
0.016735918744228993 1890.5 0.0
0.016851338873499537 1899.0 0.0
0.016966759002770084 1954.25 0.0
0.017082179132040628 2025.3333333333333 0.0
0.01719759926131117 1959.25 0.0
0.01731301939058172 1933.3333333333333 0.0
0.017428439519852262 2049.8 0.0
0.017543859649122806 2187.3333333333335 0.0
0.017774699907663897 2050.0 0.0
0.01789012003693444 2155.5 0.0
0.018005540166204988 2257.0 0.0
0.01812096029547553 1758.3333333333333 0.0
0.018236380424746075 1850.3333333333333 0.0
0.018351800554016622 1914.2 0.0
0.018467220683287166 1812.5 0.0
0.01858264081255771 2040.3333333333333 0.0
0.018698060941828253 1829.0 0.0
0.0188134810710988 1766.0 0.0
0.018928901200369344 1814.5 0.0
0.019044321329639888 1814.5 0.0
0.019159741458910435 1804.6666666666667 0.0
0.01927516158818098 2079.0 0.0
0.019390581717451522 1772.3333333333333 0.0
0.019621421975992613 1817.75 0.0
0.019736842105263157 1942.75 0.0
0.019852262234533704 2050.6666666666665 0.0
0.019967682363804248 2119.3333333333335 0.0
0.02008310249307479 2156.0 0.0
0.02019852262234534 2024.25 0.0
0.020313942751615882 1949.5 0.0
0.020429362880886426 2259.0 0.0
0.020544783010156973 1856.0 0.0
0.020660203139427517 1922.6666666666667 0.0
0.021583564173591873 1644.0 0.0
0.02169898430286242 1645.0 0.0
0.021814404432132964 1645.0 0.0
0.021929824561403508 1645.0 0.0
0.022045244690674055 2381.0 0.0
0.0221606648199446 1619.0 0.0
0.02239150507848569 2025.0 0.0
0.022506925207756233 2156.0 0.0
0.022622345337026777 1994.6666666666667 0.0
0.022737765466297324 2047.5 0.0
0.022853185595567867 2120.3333333333335 0.0
0.023084025854108958 1910.3333333333333 0.0
0.023199445983379502 2385.0 0.0
0.023314866112650046 2040.0 0.0
0.02343028624192059 2280.6666666666665 0.0
0.023545706371191136 2234.5 0.0
0.02366112650046168 2387.0 0.0
0.023776546629732224 2349.25 0.0
0.02389196675900277 1939.0 0.0
0.024007386888273315 1934.3333333333333 0.0
0.02412280701754386 2179.25 0.0
0.024238227146814405 2317.5 0.0
0.02435364727608495 2272.0 0.0
0.024469067405355493 2367.3333333333335 0.0
0.02458448753462604 2095.0 0.0
0.024699907663896584 2169.0 0.0
0.024930747922437674 2467.5 0.0
0.025046168051708218 2095.0 0.0
0.025161588180978762 2840.0 0.0
0.02527700831024931 2461.5 0.0
0.025392428439519853 2160.0 0.0
0.025507848568790396 2160.0 0.0
0.025623268698060944 2840.0 0.0
0.025738688827331487 2840.0 0.0
0.025969529085872575 2213.0 0.0
0.02608494921514312 2235.0 0.0
0.026200369344413665 1928.0 0.0
0.02631578947368421 1956.6666666666667 0.0
0.026431209602954756 1914.3333333333333 0.0
0.0265466297322253 1960.0 0.0
0.026662049861495844 2110.0 0.0
0.02677746999076639 1899.0 0.0
0.027123730378578025 1959.3333333333333 0.0
0.02723915050784857 1743.0 0.0
0.027354570637119113 1835.5 0.0
0.02746999076638966 1928.0 0.0
0.027816251154201294 1992.0 0.0
0.027931671283471838 1744.0 0.0
0.02804709141274238 1992.0 0.0
0.02816251154201293 2240.0 0.0
0.028277931671283472 2115.75 0.0
0.028393351800554016 2090.0 0.0
0.02850877192982456 1972.25 0.0
0.028624192059095107 1856.0 0.0
0.02873961218836565 2090.2 0.0
0.028855032317636194 2038.0 0.0
0.029085872576177285 1801.5 0.0
0.02920129270544783 1801.5 0.0
0.029316712834718376 1856.0 0.0
0.02943213296398892 1973.0 0.0
0.02966297322253001 1802.5 0.0
0.029778393351800554 1856.0 0.0
0.029893813481071098 2185.0 0.0
0.030009233610341645 2304.0 0.0
0.03012465373961219 1856.0 0.0
0.03035549399815328 2063.0 0.0
0.030586334256694367 2096.5 0.0
0.03070175438596491 2091.0 0.0
0.030817174515235458 2077.5 0.0
0.030932594644506 2104.0 0.0
0.031048014773776545 2525.0 0.0
0.031163434903047092 1996.3333333333333 0.0
0.031278855032317636 2299.0 0.0
0.03139427516158818 2345.0 0.0
0.03150969529085872 2064.0 0.0
0.031625115420129274 2064.0 0.0
0.03174053554939982 2008.5 0.0
0.03185595567867036 1625.0 0.0
0.031971375807940905 2161.0 0.0
0.03208679593721145 2285.5 0.0
0.03220221606648199 1859.0 0.0
0.032317636195752536 2167.3333333333335 0.0
0.03243305632502309 2111.0 0.0
0.03254847645429363 2322.5 0.0
0.032663896583564174 2410.0 0.0
0.03277931671283472 2297.6666666666665 0.0
0.03289473684210526 2411.0 0.0
0.03347183748845799 2067.0 0.0
0.03358725761772853 2630.0 0.0
0.033702677746999074 2067.0 0.0
0.033818097876269625 2067.0 0.0
0.03393351800554017 2067.0 0.0
0.03404893813481071 2069.0 0.0
0.03439519852262234 2076.0 0.0
0.03451061865189289 2076.0 0.0
0.03462603878116344 2253.5 0.0
0.03474145891043398 2253.5 0.0
0.03508771929824561 2431.0 0.0
0.035203139427516156 2164.0 0.0
0.035318559556786706 2297.5 0.0
0.03543397968605725 2633.0 0.0
0.035549399815327794 2532.0 0.0
0.03578024007386888 2398.5 0.0
0.035895660203139425 2414.0 0.0
0.036011080332409975 2165.0 0.0
0.03612650046168052 1860.0 0.0
0.03624192059095106 2434.0 0.0
0.036357340720221606 2434.0 0.0
0.036588180978762694 1861.0 0.0
0.036703601108033244 1861.0 0.0
0.03751154201292706 2505.0 0.0
0.0376269621421976 2506.0 0.0
0.037742382271468145 2572.0 0.0
0.03797322253000923 2581.0 0.0
0.038204062788550326 3079.0 0.0
0.03831948291782087 2830.0 0.0
0.03855032317636196 2079.0 0.0
0.038781163434903045 2581.0 0.0
0.04051246537396122 1878.0 0.0
0.040627885503231764 2053.0 0.0
0.04074330563250231 1976.0 0.0
0.04085872576177285 2053.0 0.0
0.040974145891043395 2053.0 0.0
0.041089566020313946 2053.0 0.0
0.04120498614958449 2860.0 0.0
0.04132040627885503 2053.0 0.0
0.04155124653739612 2053.0 0.0
0.0420129270544783 2860.0 0.0
0.04247460757156048 2792.0 0.0
0.04259002770083103 2792.0 0.0
0.04270544783010157 2832.5 0.0
0.042820867959372115 2873.0 0.0
0.04293628808864266 2873.0 0.0
0.0430517082179132 2874.0 0.0
0.04489843028624192 2094.0 0.0
0.045013850415512466 2887.0 0.0
0.04512927054478301 2098.0 0.0
0.04547553093259465 2887.0 0.0
0.04559095106186519 2099.0 0.0
0.046052631578947366 2989.0 0.0
0.046168051708217916 2989.0 0.0
0.04720683287165282 2989.0 0.0
0.04732225300092336 3222.0 0.0
0.047437673130193904 2989.0 0.0
0.04755309325946445 1721.0 0.0
0.047668513388735 2661.5 0.0
0.04778393351800554 3223.0 0.0
0.047899353647276086 2661.5 0.0
0.04801477377654663 2100.0 0.0
0.04824561403508772 2661.5 0.0
0.04836103416435827 2678.0 0.0
0.048591874422899355 3229.0 0.0
0.0487072945521699 3229.0 0.0
0.04882271468144044 2101.0 0.0
0.048938134810710986 2771.0 0.0
0.04905355493998153 2314.0 0.0
0.049630655586334255 3229.0 0.0
0.04986149584487535 2728.0 0.0
0.04997691597414589 2728.0 0.0
0.050092336103416436 2728.0 0.0
0.05020775623268698 2728.0 0.0
0.05043859649122807 2728.0 0.0
0.05066943674976916 2728.0 0.0
0.05124653739612189 3229.0 0.0
0.05274699907663897 3157.0 0.0
0.052977839335180056 3013.0 0.0
0.0530932594644506 3013.0 0.0
0.05332409972299169 3016.0 0.0
0.05355493998153278 3019.0 0.0
0.05424746075715605 3019.0 0.0
0.05447830101569714 3019.0 0.0
0.05459372114496768 3026.0 0.0
0.05551708217913204 2146.0 0.0
0.05563250230840259 2466.0 0.0
0.05574792243767313 2786.0 0.0
0.055863342566943676 2786.0 0.0
0.05597876269621422 2786.0 0.0
0.05609418282548476 2588.0 0.0
0.05620960295475531 2146.0 0.0
0.05632502308402586 2588.0 0.0
0.0564404432132964 2588.0 0.0
0.05667128347183749 2146.0 0.0
0.05678670360110803 2588.0 0.0
0.056902123730378576 2146.0 0.0
0.05701754385964912 2146.0 0.0
0.05713296398891967 2146.0 0.0
0.05794090489381348 3030.0 0.0
0.05805632502308403 2146.0 0.0
0.05863342566943675 2147.0 0.0
0.058748845798707296 2588.5 0.0
0.05909510618651893 3030.0 0.0
0.05932594644506002 3030.0 0.0
0.059441366574330565 3030.0 0.0
0.05955678670360111 3030.0 0.0
0.05967220683287165 2591.5 0.0
0.05990304709141274 3030.0 0.0
0.06071098799630656 3030.0 0.0
0.0608264081255771 3030.0 0.0
0.06105724838411819 3030.0 0.0
0.06128808864265928 2164.0 0.0
0.061634349030470915 2166.0 0.0
0.06174976915974146 2166.0 0.0
0.06209602954755309 3030.0 0.0
0.06221144967682364 2166.0 0.0
0.062326869806094184 3030.0 0.0
0.0629039704524469 3038.0 0.0
0.06301939058171745 3038.0 0.0
0.06313481071098799 2181.0 0.0
0.06336565096952909 2609.5 0.0
0.06348107109879964 3038.0 0.0
0.06371191135734072 3038.0 0.0
0.06405817174515235 2823.0 0.0
0.0641735918744229 2823.0 0.0
0.06428901200369344 2823.0 0.0
0.06475069252077563 3177.0 0.0
0.06486611265004617 3177.0 0.0
0.06567405355493998 3177.0 0.0
0.06578947368421052 2823.0 0.0
0.06590489381348107 3000.0 0.0
0.06602031394275161 2824.0 0.0
0.06613573407202217 3187.0 0.0
0.06625115420129271 3187.0 0.0
0.06682825484764543 2824.0 0.0
0.06694367497691597 2824.0 0.0
0.06705909510618652 2824.0 0.0
0.06740535549399815 2824.0 0.0
0.06752077562326869 2824.0 0.0
0.06763619575253925 3094.0 0.0
0.06775161588180979 3094.0 0.0
0.06798245614035088 3364.0 0.0
0.06809787626962142 3364.0 0.0
0.06821329639889197 2824.0 0.0
0.06832871652816251 3364.0 0.0
0.06913665743305633 3364.0 0.0
0.0695983379501385 3113.0 0.0
0.06971375807940905 3113.0 0.0
0.0698291782086796 3402.0 0.0
0.06994459833795014 3404.0 0.0
0.07052169898430287 2824.0 0.0
0.0708679593721145 2824.0 0.0
0.07363804247460758 3044.0 0.0
0.07467682363804247 3050.0 0.0
0.07479224376731301 3050.0 0.0
0.07813942751615882 3057.0 0.0
0.07825484764542937 3057.0 0.0
0.07929362880886427 3057.0 0.0
0.07940904893813482 3057.0 0.0
0.07952446906740536 2889.0 0.0
0.0796398891966759 2889.0 0.0
0.07975530932594645 2889.0 0.0
0.07998614958448753 2916.0 0.0
0.08010156971375808 2916.0 0.0
0.0817174515235457 3574.0 0.0
0.08206371191135733 2954.0 0.0
0.08252539242843952 3574.0 0.0
0.08344875346260387 2491.0 0.0
0.08356417359187442 3058.0 0.0
0.08367959372114497 3178.0 0.0
0.08414127423822715 3178.0 0.0
0.08425669436749769 3178.0 0.0
0.08437211449676824 3179.0 0.0
0.08448753462603878 3179.0 0.0
0.08460295475530932 3180.0 0.0
0.0861034164358264 3586.0 0.0
0.08633425669436749 3587.0 0.0
0.08668051708217914 2941.0 0.0
0.08679593721144968 2941.0 0.0
0.08691135734072022 2941.0 0.0
0.08702677746999077 2941.0 0.0
0.0873730378578024 2941.0 0.0
0.08748845798707294 2941.0 0.0
0.08760387811634349 2941.0 0.0
0.08806555863342568 2941.0 0.0
0.08818097876269622 2941.0 0.0
0.08829639889196676 2983.0 0.0
0.08875807940904894 2962.0 0.0
0.08887349953831948 2962.0 0.0
0.08898891966759002 2983.0 0.0
0.08933518005540166 2983.0 0.0
0.08945060018467221 2983.0 0.0
0.08956602031394276 2984.0 0.0
0.09025854108956602 2984.0 0.0
0.09037396121883656 2984.0 0.0
0.0904893813481071 2985.0 0.0
0.09060480147737765 2985.0 0.0
0.0907202216066482 2994.0 0.0
0.09106648199445984 3919.0 0.0
0.09118190212373038 3919.0 0.0
0.09129732225300093 3919.0 0.0
0.09164358264081256 3919.0 0.0
0.0917590027700831 3919.0 0.0
0.09198984302862419 3919.0 0.0
0.09233610341643583 2947.0 0.0
0.09268236380424746 3919.0 0.0
0.09279778393351801 3919.0 0.0
0.09291320406278855 3919.0 0.0
0.0930286241920591 3919.0 0.0
0.09314404432132964 3919.0 0.0
0.09325946445060018 3297.6666666666665 0.0
0.09337488457987073 2947.0 0.0
0.09349030470914127 3919.0 0.0
0.09372114496768236 3919.0 0.0
0.09383656509695291 3433.0 0.0
0.09568328716528163 2976.0 0.0
0.09591412742382271 3032.0 0.0
0.09602954755309326 2978.0 0.0
0.09637580794090489 3032.0 0.0
0.09672206832871653 3032.0 0.0
0.09683748845798708 3032.0 0.0
0.09695290858725762 3046.0 0.0
0.09995383194829179 3839.0 0.0
0.10076177285318559 3442.5 0.0
0.10087719298245613 3046.0 0.0
0.10099261311172668 3839.0 0.0
0.10110803324099724 3442.5 0.0
0.10122345337026778 3839.0 0.0
0.10145429362880887 3839.0 0.0
0.10156971375807941 3839.0 0.0
0.10168513388734995 3839.0 0.0
0.1018005540166205 3843.0 0.0
0.10237765466297322 3047.0 0.0
0.10249307479224377 3047.0 0.0
0.10272391505078486 3445.0 0.0
0.10295475530932595 3047.0 0.0
0.10307017543859649 3843.0 0.0
0.10330101569713758 3047.0 0.0
0.10341643582640812 3047.0 0.0
0.1038781163434903 3844.0 0.0
0.10399353647276086 3844.0 0.0
0.10422437673130194 3047.0 0.0
0.10433979686057249 3047.0 0.0
0.10457063711911357 3047.0 0.0
0.10468605724838412 3047.0 0.0
0.10480147737765466 3047.0 0.0
0.1049168975069252 3047.0 0.0
0.10549399815327794 3047.0 0.0
0.10630193905817174 3047.0 0.0
0.10641735918744229 3047.0 0.0
0.10676361957525392 3221.0 0.0
0.1072253000923361 3221.0 0.0
0.10803324099722991 3113.0 0.0
0.10814866112650046 3113.0 0.0
0.10837950138504156 3113.0 0.0
0.10861034164358264 3113.0 0.0
0.10907202216066482 3113.0 0.0
0.1097645429362881 3114.0 0.0
0.11022622345337027 3117.0 0.0
0.11034164358264081 3117.0 0.0
0.11045706371191136 3117.0 0.0
0.11126500461680518 3117.0 0.0
0.11138042474607572 3117.0 0.0
0.11149584487534626 3117.0 0.0
0.11161126500461681 3117.0 0.0
0.11322714681440443 4047.0 0.0
0.11345798707294552 4050.0 0.0
0.11357340720221606 4050.0 0.0
0.12361495844875346 4174.0 0.0
0.123730378578024 4174.0 0.0
0.12384579870729455 4174.0 0.0
0.12453831948291783 4174.0 0.0
0.12615420129270544 4174.0 0.0
0.12626962142197598 4174.0 0.0
0.12638504155124652 4174.0 0.0
0.1265004616805171 4174.0 0.0
0.1273084025854109 4174.0 0.0
0.12742382271468145 4174.0 0.0
0.127539242843952 4174.0 0.0
0.12765466297322253 4174.0 0.0
0.12788550323176362 4174.0 0.0
0.12800092336103416 4174.0 0.0
0.1281163434903047 4174.0 0.0
0.12823176361957525 4174.0 0.0
0.1283471837488458 4174.0 0.0
0.12846260387811634 4174.0 0.0
0.12857802400738688 4175.0 0.0
0.12869344413665743 4175.0 0.0
0.1289242843951985 4175.0 0.0
0.1291551246537396 4175.0 0.0
0.12938596491228072 4175.0 0.0
0.12973222530009235 4175.0 0.0
0.13088642659279778 4175.0 0.0
0.13100184672206833 4175.0 0.0
0.13123268698060941 4175.0 0.0
0.1314635272391505 4175.0 0.0
0.13261772853185597 4176.0 0.0
0.1327331486611265 4176.0 0.0
0.13977377654662973 3492.0 0.0
0.14012003693444136 3492.0 0.0
0.1435826408125577 3494.0 0.0
0.14369806094182824 3494.0 0.0
0.1438134810710988 3494.0 0.0
0.14392890120036936 3494.0 0.0
0.14439058171745153 3494.0 0.0
0.14462142197599262 3494.0 0.0
0.1448522622345337 3494.0 0.0
0.14496768236380425 3494.0 0.0
0.1450831024930748 3494.0 0.0
0.1682825484764543 4337.0 0.0
0.16839796860572484 4337.0 0.0
0.16851338873499538 4337.0 0.0
0.16897506925207756 4337.0 0.0
0.1690904893813481 4337.0 0.0
0.16920590951061865 4337.0 0.0
0.1693213296398892 4337.0 0.0
0.17359187442289936 3654.0 0.0
0.17382271468144045 3654.0 0.0
0.17405355493998154 4361.0 0.0
0.20060018467220683 3699.0 0.0
0.20071560480147738 3699.0 0.0
0.20302400738688828 3699.0 0.0
0.20429362880886426 3699.0 0.0
0.20452446906740535 3699.0 0.0
0.2046398891966759 3699.0 0.0
0.20487072945521698 3699.0 0.0
0.20498614958448755 3699.0 0.0
0.2051015697137581 3699.0 0.0
0.20521698984302864 3699.0 0.0
0.20602493074792244 3699.0 0.0
0.20660203139427516 3699.0 0.0
0.2090258541089566 3699.0 0.0
0.20914127423822715 3702.0 0.0
0.21098799630655588 3702.0 0.0
0.21560480147737765 4267.0 0.0
0.21733610341643583 4268.0 0.0
0.21745152354570638 4268.0 0.0
0.217797783933518 4268.0 0.0
0.2180286241920591 4268.0 0.0
0.21825946445060018 4268.0 0.0
0.21837488457987073 4268.0 0.0
0.24342105263157895 4347.0 0.0
0.2435364727608495 4347.0 0.0
0.24365189289012004 4347.0 0.0
0.24376731301939059 4347.0 0.0
0.27435364727608497 4431.0 0.0
0.2765466297322253 4431.0 0.0
0.27666204986149584 4431.0 0.0
0.2768928901200369 4431.0 0.0
0.2772391505078486 4431.0 0.0
0.2773545706371191 4431.0 0.0
0.27770083102493076 4431.0 0.0
0.27943213296398894 4431.0 0.0
0.27977839335180055 4432.0 0.0
0.2817405355493998 4444.0 0.0
0.28185595567867033 4444.0 0.0
0.2820867959372115 4451.0 0.0
0.282202216066482 4451.0 0.0
0.2894736842105263 4468.0 0.0
0.28981994459833793 4468.0 0.0
0.2899353647276085 4468.0 0.0
0.290050784856879 4468.0 0.0
0.2901662049861496 4468.0 0.0
0.29374422899353647 4470.0 0.0
0.29385964912280704 4470.0 0.0
0.33541089566020316 4503.0 0.0
0.3355263157894737 4503.0 0.0
0.33564173591874424 4503.0 0.0
0.33575715604801476 4503.0 0.0
0.33598799630655585 4503.0 0.0
0.336449676823638 4504.0 0.0
0.3850415512465374 5043.0 0.0
0.4198984302862419 4715.0 0.0
0.4549861495844875 5681.0 0.0
0.45914127423822715 5681.0 0.0
0.5437442289935365 5877.0 0.0
0.5482456140350878 5882.0 0.0
0.9681440443213296 6716.0 0.0
1.0 6719.0 0.0
