978089
0.0001 1078 8 0
0.0001 1686 14 0
0.0002 2513 29 0
0.0003 3120 43 0
0.0003 3720 45 0
0.0004 3985 56 0
0.0005 4733 75 0
0.0006 4962 47 0
0.0006 5472 70 0
0.0007 5981 94 0
0.0008 5813 113 0
0.0008 6228 117 0
0.0009 6715 102 0
0.0010 6734 112 0
0.0010 7748 146 0
0.0011 7405 109 0
0.0012 8150 118 0
0.0012 7766 136 0
0.0013 8762 197 0
0.0014 8729 236 0
0.0015 8493 162 0
0.0015 9270 185 0
0.0016 9870 250 0
0.0017 10358 243 0
0.0017 10660 161 0
0.0018 10384 248 0
0.0019 10000 265 0
0.0019 11353 266 0
0.0020 11245 266 0
0.0021 12055 230 0
0.0021 11660 227 0
0.0022 11567 270 0
0.0023 12886 225 0
0.0024 13862 235 0
0.0024 12859 339 0
0.0025 13330 341 0
0.0026 13604 374 0
0.0026 13323 264 0
0.0027 13507 197 0
0.0028 13522 254 0
0.0028 12769 250 0
0.0029 13915 207 0
0.0030 14396 208 0
0.0030 15054 199 0
0.0031 16304 249 0
0.0032 14273 304 0
0.0033 15471 505 0
0.0033 16668 585 0
0.0034 14692 553 0
0.0035 15956 434 0
0.0035 15221 362 0
0.0036 15920 556 0
0.0037 15492 471 0
0.0037 16429 356 0
0.0038 17053 507 0
0.0039 15159 490 0
0.0039 15556 509 0
0.0040 17100 819 0
0.0041 16243 594 0
0.0042 17152 632 0
0.0042 20929 637 0
0.0043 18805 1019 0
0.0044 18931 940 0
0.0044 17242 863 0
0.0045 18941 521 0
0.0046 18986 569 0
0.0046 22675 646 0
0.0047 21078 271 0
0.0048 18135 419 0
0.0048 20318 554 0
0.0049 17302 584 0
0.0050 19511 982 0
0.0051 19796 527 0
0.0051 20576 911 0
0.0052 18191 451 0
0.0053 22196 1063 0
0.0053 18109 686 0
0.0054 19865 373 0
0.0055 21440 658 0
0.0055 18495 289 0
0.0056 20566 615 0
0.0057 23535 1600 0
0.0057 19083 488 0
0.0058 23202 619 0
0.0059 24130 540 0
0.0060 21064 345 0
0.0060 20777 532 0
0.0061 18199 359 0
0.0062 21168 510 0
0.0062 25746 280 0
0.0063 20305 883 0
0.0064 24948 250 0
0.0064 35796 1382 0
0.0065 27645 663 0
0.0066 24491 592 0
0.0067 21749 209 0
0.0067 24365 131 0
0.0068 22300 337 0
0.0069 25115 185 0
0.0069 26188 664 0
0.0070 23652 231 0
0.0071 27375 546 0
0.0071 23693 247 0
0.0072 23261 289 0
0.0073 25439 876 0
0.0074 21385 508 0
0.0075 21418 508 0
0.0076 25453 504 0
0.0076 68244 992 0
0.0077 24904 226 0
0.0078 27689 1053 0
0.0078 25133 1020 0
0.0079 25234 954 0
0.0080 26045 1098 0
0.0080 31298 1262 0
0.0081 28452 683 0
0.0082 29930 719 0
0.0082 28206 704 0
0.0084 26614 628 0
0.0085 25525 1111 0
0.0085 24973 820 0
0.0086 23773 565 0
0.0087 31247 2721 0
0.0087 22032 2125 0
0.0088 23142 1642 0
0.0089 26548 1104 0
0.0089 26246 1256 0
0.0090 26257 1256 0
0.0091 37120 283 0
0.0091 29513 1433 0
0.0094 34624 880 0
0.0094 32560 1582 0
0.0095 31376 2234 0
0.0096 22875 2162 0
0.0096 37793 351 0
0.0097 83784 6803 0
0.0098 34739 698 0
0.0099 34567 457 0
0.0100 38197 443 0
0.0101 35575 1127 0
0.0103 30623 490 0
0.0105 32879 1343 0
0.0105 42767 1666 0
0.0106 116364 522 0
0.0107 36437 4151 0
0.0108 34292 2776 0
0.0109 35741 2388 0
0.0110 46998 1818 0
0.0111 36861 4406 0
0.0112 39747 1867 0
0.0113 24722 700 0
0.0114 40239 644 0
0.0118 27693 1924 0
0.0119 25795 700 0
0.0120 37029 1583 0
0.0121 88981 7217 0
0.0126 46679 2269 0
0.0127 34142 591 0
0.0128 48618 1981 0
0.0129 39496 599 0
0.0131 39701 2279 0
0.0132 43170 624 0
0.0133 44458 1046 0
0.0134 50464 4582 0
0.0136 39929 1034 0
0.0138 37298 702 0
0.0139 42550 1854 0
0.0140 31433 2450 0
0.0141 47395 1754 0
0.0142 52664 2808 0
0.0143 61205 781 0
0.0145 38095 1110 0
0.0146 54242 4701 0
0.0149 34172 2387 0
0.0150 43750 929 0
0.0152 40267 1944 0
0.0153 44940 3684 0
0.0154 49171 1284 0
0.0156 31676 984 0
0.0157 48208 2880 0
0.0157 64508 5558 0
0.0159 49792 1770 0
0.0159 48430 841 0
0.0160 93668 9351 0
0.0161 48050 995 0
0.0162 51267 1964 0
0.0163 64851 5617 0
0.0163 44509 925 0
0.0164 124443 979 0
0.0165 57071 1460 0
0.0169 65954 5619 0
0.0170 48398 4365 0
0.0172 53246 1532 0
0.0173 126189 1004 0
0.0174 56014 2918 0
0.0175 33341 1009 0
0.0179 52364 3419 0
0.0181 57218 4686 0
0.0181 57094 1396 0
0.0182 50491 1090 0
0.0184 49883 3194 0
0.0186 45163 2132 0
0.0193 58470 1760 0
0.0193 40451 1031 0
0.0194 61880 2633 0
0.0196 58350 1011 0
0.0197 70447 1285 0
0.0202 52895 3202 0
0.0204 56073 1351 0
0.0207 74081 1999 0
0.0208 51386 1215 0
0.0209 59827 3137 0
0.0210 55521 1277 0
0.0211 130955 1093 0
0.0217 82751 6427 0
0.0218 64554 2702 0
0.0218 60247 1973 0
0.0219 68291 5174 0
0.0220 54370 3372 0
0.0229 59956 4897 0
0.0232 57718 2546 0
0.0233 75110 2966 0
0.0242 70936 5073 0
0.0242 62860 1990 0
0.0246 71209 3433 0
0.0251 63309 2439 0
0.0251 64315 1745 0
0.0252 70918 2442 0
0.0259 78679 3047 0
0.0263 59985 2582 0
0.0269 67993 2442 0
0.0270 60159 1356 0
0.0272 65493 1877 0
0.0275 75200 2404 0
0.0276 85365 9275 0
0.0278 73309 2445 0
0.0279 138244 1293 0
0.0281 109690 9741 0
0.0283 97299 2728 0
0.0283 76591 3618 0
0.0284 69298 1877 0
0.0287 71649 5690 0
0.0292 79585 5313 0
0.0296 85449 3702 0
0.0296 88256 3181 0
0.0301 86541 3728 0
0.0303 70550 1589 0
0.0304 103702 2384 0
0.0306 77556 2366 0
0.0309 74227 5350 0
0.0311 64591 1578 0
0.0313 72130 3035 0
0.0314 79672 2601 0
0.0317 79818 5209 0
0.0321 76794 1580 0
0.0322 73853 3097 0
0.0325 90904 3496 0
0.0329 120824 9807 0
0.0334 118457 7469 0
0.0335 82893 5427 0
0.0337 89753 6091 0
0.0337 94660 2463 0
0.0338 78451 6164 0
0.0341 91216 4067 0
0.0350 84077 6004 0
0.0355 82876 2765 0
0.0359 75119 3761 0
0.0360 154893 10078 0
0.0362 82258 2180 0
0.0364 104394 5719 0
0.0369 94969 7082 0
0.0371 88288 9576 0
0.0376 94059 2254 0
0.0380 92072 7165 0
0.0387 95311 4451 0
0.0394 81007 3161 0
0.0399 157377 2404 0
0.0400 111989 3844 0
0.0401 104316 4609 0
0.0404 97031 6226 0
0.0407 105388 3582 0
0.0418 95315 3177 0
0.0420 125726 8398 0
0.0422 88915 7184 0
0.0435 99413 9696 0
0.0441 89200 4090 0
0.0445 119740 4091 0
0.0452 86651 3351 0
0.0453 116345 3351 0
0.0499 114642 6168 0
0.0500 120990 6470 0
0.1000 200278 8489 0
0.1500 248365 16085 0
0.2001 299985 19060 0
0.2501 340454 24169 0
0.3001 387635 36655 0
0.3501 475306 50877 0
0.4000 514410 59653 0
0.4501 557679 66230 0
0.5001 590954 70105 0
0.5501 621500 74203 0
0.6001 658029 84992 0
0.6501 726055 89283 0
0.7001 757211 93249 0
0.7501 797715 98315 0
0.8001 837992 102602 0
0.8501 871097 107418 0
0.9000 895452 112276 0
0.9501 941563 121455 0
1.0000 978089 128208 0
