5408
0.00011542012927054478 600.893351800554 0.0
0.00023084025854108956 947.9323956442831 0.0
0.00034626038781163435 1274.3021582733813 0.0
0.0004616805170821791 1564.6786248131539 0.0
0.0005771006463527239 1796.843891402715 0.0
0.0006925207756232687 2002.1420765027322 0.0
0.0008079409048938135 2104.948275862069 0.0
0.0009233610341643582 2261.2155963302753 0.0
0.001038781163434903 2359.7619047619046 0.0
0.0011542012927054479 2436.108280254777 0.0
0.0012696214219759926 2526.151724137931 0.0
0.0013850415512465374 2687.9541984732823 0.0
0.0015004616805170822 2698.5206611570247 0.0
0.001615881809787627 2870.71 0.0
0.0017313019390581717 2831.448275862069 0.0
0.0018467220683287165 2946.5538461538463 0.0
0.0019621421975992612 3038.549019607843 0.0
0.002077562326869806 3080.6666666666665 0.0
0.0021929824561403508 3114.7966101694915 0.0
0.0023084025854108957 3100.2 0.0
0.0024238227146814403 3220.5849056603774 0.0
0.0025392428439519853 3237.4150943396226 0.0
0.00265466297322253 3326.9375 0.0
0.002770083102493075 3321.5 0.0
0.0028855032317636198 3424.2051282051284 0.0
0.0030009233610341643 3442.075 0.0
0.0031163434903047093 3362.7714285714287 0.0
0.003231763619575254 3524.7894736842104 0.0
0.003347183748845799 3444.720930232558 0.0
0.0034626038781163434 3584.472222222222 0.0
0.0035780240073868884 3588.7631578947367 0.0
0.003693444136657433 3644.0 0.0
0.003808864265927978 3566.457142857143 0.0
0.0039242843951985225 3713.457142857143 0.0
0.004039704524469067 3652.72 0.0
0.004155124653739612 3804.9583333333335 0.0
0.004270544783010157 3818.285714285714 0.0
0.0043859649122807015 3840.5 0.0
0.004501385041551247 3768.0833333333335 0.0
0.0046168051708217915 3810.782608695652 0.0
0.004732225300092336 3920.1428571428573 0.0
0.004847645429362881 3847.6363636363635 0.0
0.004963065558633426 3910.590909090909 0.0
0.0050784856879039705 3905.230769230769 0.0
0.005193905817174515 3796.5454545454545 0.0
0.00530932594644506 3903.1875 0.0
0.005424746075715605 3876.5384615384614 0.0
0.00554016620498615 3929.1052631578946 0.0
0.005655586334256694 3880.6 0.0
0.0057710064635272396 4011.5882352941176 0.0
0.005886426592797784 3959.1111111111113 0.0
0.006001846722068329 4077.3846153846152 0.0
0.006117266851338873 4161.111111111111 0.0
0.006232686980609419 4198.727272727273 0.0
0.006348107109879963 4189.3 0.0
0.006463527239150508 4234.666666666667 0.0
0.006578947368421052 4208.923076923077 0.0
0.006694367497691598 4224.181818181818 0.0
0.006809787626962142 4401.857142857143 0.0
0.006925207756232687 4214.363636363636 0.0
0.007040627885503232 4209.666666666667 0.0
0.007156048014773777 4294.0 0.0
0.007271468144044321 4336.0 0.0
0.007386888273314866 4244.636363636364 0.0
0.007502308402585411 4116.6 0.0
0.007617728531855956 4111.0 0.0
0.0077331486611265 4045.4285714285716 0.0
0.007848568790397045 4122.545454545455 0.0
0.00796398891966759 4293.0 0.0
0.008079409048938134 4270.7 0.0
0.00819482917820868 4155.125 0.0
0.008310249307479225 4304.818181818182 0.0
0.008425669436749769 4368.75 0.0
0.008541089566020314 4497.2 0.0
0.00865650969529086 4364.0 0.0
0.008771929824561403 4374.083333333333 0.0
0.008887349953831948 4430.125 0.0
0.009002770083102494 4286.181818181818 0.0
0.009118190212373038 4387.222222222223 0.0
0.009233610341643583 4337.0 0.0
0.009349030470914127 4373.916666666667 0.0
0.009464450600184672 4379.75 0.0
0.009579870729455217 4370.9 0.0
0.009695290858725761 4478.857142857143 0.0
0.009810710987996307 4367.75 0.0
0.009926131117266852 4350.333333333333 0.0
0.010041551246537396 4502.0 0.0
0.010156971375807941 4417.714285714285 0.0
0.010272391505078486 4448.2 0.0
0.01038781163434903 4469.777777777777 0.0
0.010503231763619576 4448.0 0.0
0.01061865189289012 4490.4 0.0
0.010734072022160665 4538.4 0.0
0.01084949215143121 4467.0 0.0
0.010964912280701754 4475.5 0.0
0.0110803324099723 4335.0 0.0
0.011311172668513388 4479.25 0.0
0.011426592797783934 4554.0 0.0
0.011542012927054479 4410.833333333333 0.0
0.011657433056325023 4513.0 0.0
0.011772853185595568 4293.0 0.0
0.011888273314866112 4418.25 0.0
0.012003693444136657 4483.8 0.0
0.012119113573407203 4510.333333333333 0.0
0.012234533702677746 4557.4 0.0
0.012349953831948292 4533.5 0.0
0.012465373961218837 4593.5 0.0
0.012580794090489381 4571.0 0.0
0.012696214219759926 4570.0 0.0
0.012811634349030472 4568.5 0.0
0.012927054478301015 4576.0 0.0
0.01304247460757156 4612.5 0.0
0.013157894736842105 4593.666666666667 0.0
0.01327331486611265 4628.25 0.0
0.013388734995383195 4621.75 0.0
0.013504155124653739 4592.333333333333 0.0
0.013619575253924284 4646.5 0.0
0.01373499538319483 4669.333333333333 0.0
0.013850415512465374 4627.0 0.0
0.014081255771006464 4627.0 0.0
0.014196675900277008 4644.25 0.0
0.014427516158818097 4753.0 0.0
0.014542936288088643 4645.5 0.0
0.014658356417359188 4596.75 0.0
0.014773776546629732 4686.666666666667 0.0
0.014889196675900277 4624.333333333333 0.0
0.015004616805170823 4631.5 0.0
0.015120036934441366 4698.5 0.0
0.015350877192982455 4569.0 0.0
0.015581717451523546 4580.5 0.0
0.01569713758079409 4643.4 0.0
0.015812557710064637 4602.25 0.0
0.01592797783933518 4658.666666666667 0.0
0.016043397968605724 4603.0 0.0
0.016158818097876268 4624.2 0.0
0.016274238227146815 4627.6 0.0
0.01638965835641736 4642.166666666667 0.0
0.016505078485687903 4625.833333333333 0.0
0.01662049861495845 4655.4 0.0
0.016735918744228993 4624.0 0.0
0.016851338873499537 4595.5 0.0
0.016966759002770084 4601.5 0.0
0.017082179132040628 4578.333333333333 0.0
0.01719759926131117 4669.333333333333 0.0
0.01731301939058172 4634.833333333333 0.0
0.017428439519852262 4669.0 0.0
0.017543859649122806 4673.0 0.0
0.017659279778393353 4635.833333333333 0.0
0.017774699907663897 4652.333333333333 0.0
0.01789012003693444 4619.5 0.0
0.018005540166204988 4666.5 0.0
0.01812096029547553 4482.0 0.0
0.018351800554016622 4620.0 0.0
0.018467220683287166 4665.75 0.0
0.01858264081255771 4657.333333333333 0.0
0.018698060941828253 4652.75 0.0
0.0188134810710988 4651.666666666667 0.0
0.018928901200369344 4645.0 0.0
0.019044321329639888 4646.5 0.0
0.01927516158818098 4663.0 0.0
0.01950600184672207 4614.0 0.0
0.019621421975992613 4616.0 0.0
0.019736842105263157 4656.0 0.0
0.019852262234533704 4656.0 0.0
0.02019852262234534 4673.0 0.0
0.020313942751615882 4633.0 0.0
0.020544783010156973 4621.0 0.0
0.020660203139427517 4624.0 0.0
0.02077562326869806 4691.0 0.0
0.020891043397968604 4626.333333333333 0.0
0.02100646352723915 4629.5 0.0
0.021121883656509695 4705.0 0.0
0.02123730378578024 4778.0 0.0
0.021352723915050786 4632.0 0.0
0.02146814404432133 4666.0 0.0
0.021583564173591873 4681.0 0.0
0.02169898430286242 4580.666666666667 0.0
0.021814404432132964 4643.0 0.0
0.021929824561403508 4563.0 0.0
0.022045244690674055 4640.0 0.0
0.022276084949215142 4787.0 0.0
0.02239150507848569 4706.5 0.0
0.022506925207756233 4717.0 0.0
0.022622345337026777 4670.0 0.0
0.022737765466297324 4748.0 0.0
0.02296860572483841 4701.0 0.0
0.023084025854108958 4759.0 0.0
0.023199445983379502 4759.0 0.0
0.023314866112650046 4709.0 0.0
0.02343028624192059 4666.0 0.0
0.023545706371191136 4648.5 0.0
0.02366112650046168 4614.0 0.0
0.023776546629732224 4614.5 0.0
0.024007386888273315 4734.0 0.0
0.024238227146814405 4684.0 0.0
0.02435364727608495 4785.0 0.0
0.02458448753462604 4791.0 0.0
0.024930747922437674 4793.0 0.0
0.02527700831024931 4676.5 0.0
0.025392428439519853 4572.0 0.0
0.025623268698060944 4783.0 0.0
0.025969529085872575 4785.0 0.0
0.02631578947368421 4687.0 0.0
0.0265466297322253 4589.0 0.0
0.026662049861495844 4696.5 0.0
0.02677746999076639 4789.0 0.0
0.026892890120036934 4789.0 0.0
0.027008310249307478 4756.0 0.0
0.027123730378578025 4863.0 0.0
0.02723915050784857 4756.0 0.0
0.027354570637119113 4790.0 0.0
0.02746999076638966 4810.0 0.0
0.027585410895660203 4789.5 0.0
0.027700831024930747 4689.666666666667 0.0
0.027816251154201294 4762.25 0.0
0.027931671283471838 4677.25 0.0
0.02804709141274238 4717.333333333333 0.0
0.02816251154201293 4706.0 0.0
0.028277931671283472 4704.666666666667 0.0
0.028393351800554016 4630.0 0.0
0.02850877192982456 4792.666666666667 0.0
0.028624192059095107 4794.666666666667 0.0
0.02873961218836565 4753.0 0.0
0.028855032317636194 4783.5 0.0
0.02897045244690674 4747.25 0.0
0.029085872576177285 4697.5 0.0
0.02920129270544783 4799.0 0.0
0.029316712834718376 4821.0 0.0
0.02943213296398892 4816.0 0.0
0.029547553093259463 4789.0 0.0
0.02966297322253001 4720.5 0.0
0.029893813481071098 4704.0 0.0
0.030009233610341645 4725.5 0.0
0.03012465373961219 4662.0 0.0
0.030240073868882732 4820.0 0.0
0.03035549399815328 4752.0 0.0
0.030470914127423823 4722.333333333333 0.0
0.03070175438596491 4778.0 0.0
0.030817174515235458 4782.333333333333 0.0
0.030932594644506 4754.5 0.0
0.031048014773776545 4836.0 0.0
0.031278855032317636 4791.0 0.0
0.03139427516158818 4791.0 0.0
0.03150969529085872 4748.0 0.0
0.031625115420129274 4793.0 0.0
0.03174053554939982 4793.5 0.0
0.03185595567867036 4817.5 0.0
0.031971375807940905 4804.0 0.0
0.03208679593721145 4791.0 0.0
0.03220221606648199 4804.0 0.0
0.032317636195752536 4781.0 0.0
0.03243305632502309 4804.0 0.0
0.03254847645429363 4764.0 0.0
0.032663896583564174 4793.0 0.0
0.03277931671283472 4737.0 0.0
0.03289473684210526 4737.0 0.0
0.033010156971375805 4769.0 0.0
0.033125577100646356 4740.0 0.0
0.03335641735918744 4802.5 0.0
0.03347183748845799 4805.0 0.0
0.03358725761772853 4804.5 0.0
0.033702677746999074 4854.0 0.0
0.033818097876269625 4804.0 0.0
0.034164358264081256 4741.0 0.0
0.03439519852262234 4742.0 0.0
0.03451061865189289 4742.0 0.0
0.03474145891043398 4744.0 0.0
0.03681902123730379 4790.5 0.0
0.03693444136657433 4815.0 0.0
0.037049861495844875 4815.0 0.0
0.03716528162511542 4816.0 0.0
0.03751154201292706 4819.0 0.0
0.0376269621421976 4806.0 0.0
0.037742382271468145 4815.5 0.0
0.03785780240073869 4837.0 0.0
0.03797322253000923 4817.5 0.0
0.03831948291782087 4820.0 0.0
0.038434903047091414 4811.5 0.0
0.03855032317636196 4813.5 0.0
0.0386657433056325 4927.0 0.0
0.038896583564173595 4841.0 0.0
0.03901200369344414 4929.0 0.0
0.03912742382271468 4929.0 0.0
0.039242843951985226 4830.0 0.0
0.039473684210526314 4866.5 0.0
0.03958910433979686 4817.5 0.0
0.03970452446906741 4805.0 0.0
0.039935364727608495 4867.0 0.0
0.04005078485687904 4888.0 0.0
0.04016620498614958 4847.0 0.0
0.040627885503231764 4929.0 0.0
0.04074330563250231 4930.0 0.0
0.04085872576177285 4930.0 0.0
0.040974145891043395 4930.0 0.0
0.041089566020313946 4930.0 0.0
0.04120498614958449 4933.0 0.0
0.041666666666666664 4905.0 0.0
0.04178208679593721 4858.5 0.0
0.04189750692520776 4858.5 0.0
0.0420129270544783 4931.0 0.0
0.042128347183748846 4931.0 0.0
0.04224376731301939 4935.0 0.0
0.04235918744228993 4905.0 0.0
0.04259002770083103 4906.0 0.0
0.042820867959372115 4920.0 0.0
0.04293628808864266 4816.0 0.0
0.0430517082179132 4875.0 0.0
0.043167128347183746 4816.0 0.0
0.0432825484764543 4934.0 0.0
0.04362880886426593 4817.0 0.0
0.04374422899353647 4880.5 0.0
0.043859649122807015 4818.0 0.0
0.043975069252077566 4818.0 0.0
0.04443674976915974 4934.0 0.0
0.04466759002770083 4944.0 0.0
0.04478301015697138 4939.0 0.0
0.04489843028624192 4944.0 0.0
0.045013850415512466 4934.0 0.0
0.04559095106186519 4935.0 0.0
0.045706371191135735 4935.0 0.0
0.04582179132040628 4961.0 0.0
0.04593721144967682 4961.0 0.0
0.046745152354570635 4964.0 0.0
0.04697599261311173 4955.0 0.0
0.04709141274238227 4879.0 0.0
0.04732225300092336 4880.0 0.0
0.047437673130193904 4915.0 0.0
0.04755309325946445 4834.0 0.0
0.047668513388735 4835.0 0.0
0.04778393351800554 4889.333333333333 0.0
0.047899353647276086 4947.0 0.0
0.04801477377654663 4947.0 0.0
0.04813019390581717 4948.0 0.0
0.04836103416435827 4839.0 0.0
0.04847645429362881 4839.0 0.0
0.048591874422899355 4910.5 0.0
0.0487072945521699 4873.0 0.0
0.04882271468144044 4874.0 0.0
0.048938134810710986 4874.0 0.0
0.04905355493998153 4913.5 0.0
0.04916897506925208 4953.0 0.0
0.049284395198522624 4921.666666666667 0.0
0.04951523545706371 4875.0 0.0
0.049630655586334255 4972.0 0.0
0.0497460757156048 4923.5 0.0
0.04986149584487535 4875.0 0.0
0.04997691597414589 4896.333333333333 0.0
0.050092336103416436 4897.0 0.0
0.05020775623268698 4875.0 0.0
0.050323176361957524 4973.0 0.0
0.05043859649122807 4843.0 0.0
0.05055401662049862 4844.0 0.0
0.05066943674976916 4973.0 0.0
0.050784856879039705 4918.0 0.0
0.05090027700831025 4975.0 0.0
0.05101569713758079 4975.0 0.0
0.051131117266851336 4976.0 0.0
0.05124653739612189 4927.5 0.0
0.05136195752539243 4879.0 0.0
0.051477377654662974 4879.0 0.0
0.05159279778393352 4927.5 0.0
0.05170821791320406 4879.0 0.0
0.051823638042474605 4880.0 0.0
0.05216989843028624 4880.0 0.0
0.052977839335180056 4980.0 0.0
0.054016620498614956 4982.0 0.0
0.0541320406278855 4982.0 0.0
0.05424746075715605 4982.0 0.0
0.05447830101569714 4982.0 0.0
0.057248384118190214 4956.0 0.0
0.05771006463527239 4916.0 0.0
0.05782548476454294 4956.0 0.0
0.05794090489381348 4937.0 0.0
0.05805632502308403 4917.0 0.0
0.05840258541089566 4927.0 0.0
0.05886426592797784 4983.0 0.0
0.059441366574330565 4921.0 0.0
0.05967220683287165 4923.0 0.0
0.059787626962142196 4923.0 0.0
0.05990304709141274 4923.0 0.0
0.06001846722068329 4923.0 0.0
0.06024930747922438 4923.0 0.0
0.06036472760849492 4923.0 0.0
0.06071098799630656 4984.0 0.0
0.0608264081255771 4984.0 0.0
0.060941828254847646 4984.0 0.0
0.06151892890120037 5009.0 0.0
0.061634349030470915 5010.0 0.0
0.06174976915974146 5010.0 0.0
0.061980609418282546 5010.0 0.0
0.06209602954755309 4986.0 0.0
0.06221144967682364 4986.0 0.0
0.062326869806094184 4999.0 0.0
0.06244228993536473 5012.0 0.0
0.06255771006463527 4999.0 0.0
0.0629039704524469 5012.0 0.0
0.06301939058171745 4999.0 0.0
0.06313481071098799 4999.0 0.0
0.06325023084025855 5012.0 0.0
0.06336565096952909 5012.0 0.0
0.06348107109879964 4960.0 0.0
0.06359649122807018 4934.0 0.0
0.06371191135734072 4934.0 0.0
0.06382733148661127 4961.0 0.0
0.06463527239150507 5013.0 0.0
0.06475069252077563 4988.0 0.0
0.06486611265004617 4988.0 0.0
0.06509695290858726 4988.0 0.0
0.0652123730378578 4988.0 0.0
0.06555863342566944 4988.0 0.0
0.06682825484764543 4991.0 0.0
0.06786703601108034 4991.0 0.0
0.06798245614035088 4991.0 0.0
0.06809787626962142 4991.0 0.0
0.06821329639889197 4991.0 0.0
0.06832871652816251 4991.0 0.0
0.06867497691597414 5018.0 0.0
0.06936749769159742 5030.0 0.0
0.06948291782086796 5018.0 0.0
0.0695983379501385 4978.5 0.0
0.06971375807940905 4978.5 0.0
0.0698291782086796 4978.5 0.0
0.06994459833795014 4939.0 0.0
0.07006001846722068 4978.5 0.0
0.07017543859649122 5019.0 0.0
0.07040627885503231 5019.0 0.0
0.07052169898430287 5019.0 0.0
0.0708679593721145 5019.0 0.0
0.0716759002770083 4944.0 0.0
0.07179132040627885 4944.0 0.0
0.0719067405355494 4945.0 0.0
0.0721375807940905 4945.0 0.0
0.07225300092336104 4945.0 0.0
0.07236842105263158 4985.0 0.0
0.07248384118190213 5020.0 0.0
0.07317636195752539 5036.0 0.0
0.07409972299168975 5036.0 0.0
0.0742151431209603 5036.0 0.0
0.07433056325023084 5037.0 0.0
0.07490766389658357 5023.0 0.0
0.07502308402585411 5030.5 0.0
0.07513850415512466 5037.0 0.0
0.07594644506001846 4940.0 0.0
0.07606186518928901 4940.0 0.0
0.07617728531855955 4940.0 0.0
0.07640812557710065 4940.0 0.0
0.0765235457063712 4940.0 0.0
0.07710064635272391 5041.0 0.0
0.07767774699907663 4940.0 0.0
0.07779316712834719 5042.0 0.0
0.07802400738688828 5042.0 0.0
0.07825484764542937 5042.0 0.0
0.07837026777469991 5042.0 0.0
0.07871652816251154 5001.0 0.0
0.07883194829178208 5001.0 0.0
0.08021698984302862 5045.0 0.0
0.08668051708217914 5030.0 0.0
0.08679593721144968 5032.0 0.0
0.0873730378578024 4978.0 0.0
0.08829639889196676 4979.0 0.0
0.0884118190212373 4979.0 0.0
0.0886426592797784 4979.0 0.0
0.08875807940904894 4979.0 0.0
0.09360572483841181 5017.0 0.0
0.09372114496768236 5021.0 0.0
0.09383656509695291 5021.0 0.0
0.09395198522622346 5021.0 0.0
0.09429824561403509 5021.0 0.0
0.09441366574330563 5021.0 0.0
0.09452908587257618 5021.0 0.0
0.09602954755309326 4987.0 0.0
0.0961449676823638 4987.0 0.0
0.09626038781163435 4987.0 0.0
0.0974145891043398 4987.0 0.0
0.10376269621421975 5033.0 0.0
0.1041089566020314 5033.0 0.0
0.10422437673130194 5033.0 0.0
0.10433979686057249 5033.0 0.0
0.10445521698984303 5033.0 0.0
0.10457063711911357 5033.0 0.0
0.10480147737765466 5014.0 0.0
0.1049168975069252 5014.5 0.0
0.10503231763619575 5014.5 0.0
0.10514773776546629 5033.0 0.0
0.10572483841181902 4996.0 0.0
0.10595567867036011 5033.0 0.0
0.10699445983379502 5033.0 0.0
0.10710987996306556 5033.0 0.0
0.1072253000923361 5033.0 0.0
0.1074561403508772 5033.0 0.0
0.10780240073868882 5033.0 0.0
0.10814866112650046 5001.0 0.0
0.1084949215143121 5002.0 0.0
0.10861034164358264 5002.0 0.0
0.10907202216066482 5059.0 0.0
0.10918744228993536 5030.5 0.0
0.1093028624192059 5030.5 0.0
0.10941828254847645 5002.0 0.0
0.109533702677747 5002.0 0.0
0.10964912280701754 5002.0 0.0
0.10987996306555864 5002.0 0.0
0.10999538319482918 5002.0 0.0
0.11045706371191136 5059.0 0.0
0.1105724838411819 5062.0 0.0
0.11207294552169898 5007.0 0.0
0.11230378578024007 5007.0 0.0
0.11241920590951061 5008.0 0.0
0.11253462603878116 5008.0 0.0
0.11426592797783934 5008.0 0.0
0.11438134810710988 5008.0 0.0
0.11449676823638043 5008.5 0.0
0.11461218836565097 5008.5 0.0
0.11472760849492152 5009.0 0.0
0.11484302862419206 5009.0 0.0
0.1149584487534626 5009.0 0.0
0.11530470914127423 5009.0 0.0
0.11542012927054478 5009.0 0.0
0.11565096952908588 5008.0 0.0
0.11576638965835642 5008.0 0.0
0.11738227146814405 5008.0 0.0
0.11749769159741459 5008.0 0.0
0.11761311172668514 5008.0 0.0
0.11772853185595568 5008.0 0.0
0.11784395198522622 5008.0 0.0
0.12511542012927054 5021.0 0.0
0.1252308402585411 5021.0 0.0
0.12534626038781163 5021.0 0.0
0.1283471837488458 5011.0 0.0
0.1291551246537396 5011.0 0.0
0.1296168051708218 5011.0 0.0
0.12973222530009235 5011.0 0.0
0.1304247460757156 5011.0 0.0
0.1306555863342567 5011.0 0.0
0.13077100646352724 5011.0 0.0
0.13088642659279778 5011.0 0.0
0.1314635272391505 5047.0 0.0
0.13157894736842105 5047.0 0.0
0.1316943674976916 5047.0 0.0
0.13180978762696213 5047.0 0.0
0.13238688827331488 5012.0 0.0
0.1327331486611265 5012.0 0.0
0.13284856879039705 5047.0 0.0
0.13319482917820868 5047.0 0.0
0.13331024930747923 5047.0 0.0
0.13354108956602032 5047.0 0.0
0.13365650969529086 5047.0 0.0
0.1340027700831025 5047.0 0.0
0.13504155124653738 5047.0 0.0
0.13550323176361959 5047.0 0.0
0.13584949215143122 5047.0 0.0
0.1360803324099723 5047.0 0.0
0.13619575253924285 5047.0 0.0
0.13665743305632502 5014.0 0.0
0.1368882733148661 5014.0 0.0
0.1371191135734072 5047.0 0.0
0.13734995383194828 5047.0 0.0
0.13746537396121883 5047.0 0.0
0.13758079409048937 5047.0 0.0
0.13827331486611266 5015.0 0.0
0.1383887349953832 5015.0 0.0
0.13850415512465375 5015.0 0.0
0.1386195752539243 5015.0 0.0
0.13873499538319484 5015.0 0.0
0.13908125577100647 5015.0 0.0
0.14000461680517082 5015.0 0.0
0.141735918744229 5015.0 0.0
0.14185133887349954 5015.0 0.0
0.14208217913204063 5015.0 0.0
0.14231301939058172 5016.0 0.0
0.14242843951985226 5016.0 0.0
0.1425438596491228 5016.0 0.0
0.14265927977839335 5016.0 0.0
0.14346722068328716 5016.0 0.0
0.14369806094182824 5016.0 0.0
0.14392890120036936 5016.0 0.0
0.1440443213296399 5016.0 0.0
0.14415974145891045 5016.0 0.0
0.14496768236380425 5049.0 0.0
0.14554478301015697 5050.0 0.0
0.14623730378578023 5050.0 0.0
0.14658356417359186 5050.0 0.0
0.14681440443213298 5050.0 0.0
0.14704524469067407 5050.0 0.0
0.1471606648199446 5050.0 0.0
0.1563942751615882 5053.0 0.0
0.15650969529085873 5053.0 0.0
0.15674053554939982 5053.0 0.0
0.1592797783933518 5031.0 0.0
0.15939519852262235 5031.0 0.0
0.1595106186518929 5031.0 0.0
0.15962603878116344 5031.0 0.0
0.1605493998153278 5055.0 0.0
0.16539704524469068 5062.0 0.0
0.17024469067405357 5064.0 0.0
0.1703601108033241 5064.0 0.0
0.1705909510618652 5064.0 0.0
0.17070637119113574 5064.0 0.0
0.17082179132040629 5064.0 0.0
0.17301477377654664 5064.0 0.0
0.17359187442289936 5064.0 0.0
0.1737072945521699 5064.0 0.0
0.17405355493998154 5064.0 0.0
0.1747460757156048 5064.0 0.0
0.1755540166204986 5064.0 0.0
0.17566943674976915 5064.0 0.0
0.1757848568790397 5064.0 0.0
0.1760156971375808 5064.0 0.0
0.17636195752539244 5064.0 0.0
0.17647737765466298 5064.0 0.0
0.17659279778393353 5064.0 0.0
0.17763157894736842 5097.0 0.0
0.17774699907663896 5097.0 0.0
0.17797783933518005 5064.0 0.0
0.17820867959372114 5097.0 0.0
0.17832409972299168 5097.0 0.0
0.17855493998153277 5097.0 0.0
0.1786703601108033 5097.0 0.0
0.1804016620498615 5135.0 0.0
0.18051708217913204 5100.0 0.0
0.18063250230840258 5135.0 0.0
0.18074792243767313 5100.0 0.0
0.18490304709141275 5136.0 0.0
0.1850184672206833 5136.0 0.0
0.18513388734995384 5136.0 0.0
0.18524930747922438 5136.0 0.0
0.18536472760849493 5136.0 0.0
0.18548014773776547 5136.0 0.0
0.21756694367497692 5087.0 0.0
0.23730378578024008 5147.0 0.0
0.23741920590951063 5147.0 0.0
0.23753462603878117 5147.0 0.0
0.24307479224376732 5148.0 0.0
0.24342105263157895 5148.0 0.0
0.2435364727608495 5148.0 0.0
0.24365189289012004 5148.0 0.0
0.24376731301939059 5148.0 0.0
0.24388273314866113 5148.0 0.0
0.2451523545706371 5149.0 0.0
0.24953831948291783 5151.0 0.0
0.2675438596491228 5142.0 0.0
0.268005540166205 5142.0 0.0
0.3108264081255771 5196.0 0.0
0.421398891966759 5264.0 0.0
0.45244690674053556 5273.0 0.0
0.46121883656509693 5273.0 0.0
0.47045244690674054 5276.0 0.0
0.4712603878116344 5276.0 0.0
0.47195290858725764 5276.0 0.0
0.4744921514312096 5276.0 0.0
0.5328947368421053 5285.0 0.0
0.7824330563250231 5366.0 0.0
1.0 5408.0 0.0
