1130397
0.00011542012927054478 1374.8654201292704 183.908702677747
0.00023084025854108956 2122.992561983471 272.25371900826445
0.00034626038781163435 3139.2724580454096 527.9881539980257
0.0004616805170821791 3616.701834862385 553.9235474006116
0.0005771006463527239 4544.119658119658 917.3333333333334
0.0006925207756232687 4835.757575757576 671.5939393939394
0.0008079409048938135 6090.444444444444 1095.2393162393162
0.0009233610341643582 6538.805970149254 1144.1791044776119
0.001038781163434903 8165.03488372093 2019.6511627906978
0.0011542012927054479 7644.851612903226 1691.0838709677419
0.0012696214219759926 7818.172185430463 2091.5562913907283
0.0013850415512465374 8956.179487179486 1828.4273504273503
0.0015004616805170822 8533.648648648648 1946.7117117117118
0.001615881809787627 9137.086021505376 2020.6774193548388
0.0017313019390581717 10158.602150537634 2534.956989247312
0.0018467220683287165 10102.831460674157 2710.0112359550562
0.0019621421975992612 9329.9375 2098.6875
0.002077562326869806 10811.45588235294 3604.5882352941176
0.0021929824561403508 13169.057971014492 4633.130434782609
0.0023084025854108957 13650.530612244898 4053.3673469387754
0.0024238227146814403 11914.96 3646.26
0.0025392428439519853 13260.06976744186 4012.4883720930234
0.00265466297322253 12498.595238095239 3616.5238095238096
0.002770083102493075 15498.871794871795 4916.794871794872
0.0028855032317636198 17526.21212121212 5305.363636363636
0.0030009233610341643 19177.382352941175 7907.676470588235
0.0031163434903047093 17471.571428571428 7184.428571428572
0.003231763619575254 18362.82857142857 7974.028571428571
0.003347183748845799 16656.82857142857 6175.628571428571
0.0034626038781163434 15425.3125 4700.96875
0.0035780240073868884 15589.3125 5588.65625
0.003693444136657433 16641.458333333332 5028.875
0.003808864265927978 16713.272727272728 5700.757575757576
0.0039242843951985225 17774.933333333334 6402.5
0.004039704524469067 20002.947368421053 7670.210526315789
0.004155124653739612 16561.478260869564 5990.304347826087
0.004270544783010157 17780.40740740741 6417.7037037037035
0.0043859649122807015 18233.76 6765.4
0.004501385041551247 15593.074074074075 5430.962962962963
0.0046168051708217915 17052.652173913044 5914.869565217391
0.004732225300092336 19011.176470588234 6372.823529411765
0.004847645429362881 16694.291666666668 6860.791666666667
0.004963065558633426 18931.8125 6288.5625
0.0050784856879039705 17942.41176470588 5737.176470588235
0.005193905817174515 20199.923076923078 4722.0
0.00530932594644506 19377.0 4868.727272727273
0.005424746075715605 22489.076923076922 8227.153846153846
0.00554016620498615 33469.61538461538 7294.461538461538
0.005655586334256694 23177.684210526317 7627.789473684211
0.0057710064635272396 22264.722222222223 7214.055555555556
0.005886426592797784 22937.70588235294 7906.529411764706
0.006001846722068329 21400.125 6170.875
0.006117266851338873 23257.0 10854.6
0.006232686980609419 20233.941176470587 5699.588235294118
0.006348107109879963 26431.272727272728 8019.818181818182
0.006463527239150508 24756.14285714286 7033.714285714285
0.006578947368421052 20992.153846153848 7875.0
0.006694367497691598 23116.0 7080.615384615385
0.006809787626962142 22406.5625 8004.0625
0.006925207756232687 24745.3 7155.1
0.007040627885503232 25252.53846153846 8441.23076923077
0.007156048014773777 26495.9 9785.3
0.007271468144044321 24986.0 7223.8
0.007386888273314866 29545.714285714286 9299.07142857143
0.007502308402585411 23352.727272727272 8192.545454545454
0.007617728531855956 34516.625 12813.0
0.0077331486611265 27070.625 10629.75
0.007848568790397045 25956.625 9003.25
0.00796398891966759 26549.0 10924.4
0.008079409048938134 25935.933333333334 10326.733333333334
0.00819482917820868 25469.625 13270.375
0.008310249307479225 28617.6 14070.9
0.008425669436749769 28989.88888888889 15708.777777777777
0.008541089566020314 26705.428571428572 15327.785714285714
0.00865650969529086 27209.666666666668 13052.083333333334
0.008771929824561403 29894.923076923078 12356.923076923076
0.008887349953831948 24587.9 10831.0
0.009002770083102494 24150.75 8338.5
0.009118190212373038 29091.25 12875.875
0.009233610341643583 29230.4 18500.2
0.009349030470914127 32107.14285714286 20439.285714285714
0.009464450600184672 33738.25 19707.625
0.009579870729455217 22957.0 22538.8
0.009695290858725761 27811.0 11710.857142857143
0.009810710987996307 28562.25 10957.75
0.009926131117266852 26754.222222222223 8903.666666666666
0.010041551246537396 26727.571428571428 13661.142857142857
0.010156971375807941 32333.25 13913.25
0.010272391505078486 27349.333333333332 12768.833333333334
0.01038781163434903 30144.2 11029.8
0.010503231763619576 31875.714285714286 11903.857142857143
0.01061865189289012 35560.42857142857 13195.42857142857
0.010734072022160665 30910.75 10883.125
0.01084949215143121 28123.833333333332 10788.166666666666
0.010964912280701754 33323.71428571428 11595.714285714286
0.0110803324099723 33129.0 12380.5
0.011195752539242845 33231.5 12141.5
0.011311172668513388 34676.0 15456.0
0.011426592797783934 29379.0 14814.333333333334
0.011542012927054479 32756.14285714286 14104.142857142857
0.011657433056325023 29158.0 12809.125
0.011772853185595568 32254.428571428572 14021.0
0.011888273314866112 38613.0 20264.2
0.012003693444136657 40605.5 20759.666666666668
0.012119113573407203 41226.5 21643.0
0.012234533702677746 37645.28571428572 16458.285714285714
0.012349953831948292 33103.5 9873.75
0.012465373961218837 40745.875 14104.125
0.012580794090489381 51419.666666666664 28764.5
0.012696214219759926 36895.875 14849.25
0.012811634349030472 37516.2 21754.6
0.012927054478301015 38879.166666666664 15618.666666666666
0.01304247460757156 32947.0 10751.666666666666
0.013157894736842105 40110.5 13976.75
0.01327331486611265 40441.0 16896.0
0.013388734995383195 60188.57142857143 29168.428571428572
0.013504155124653739 55072.0 27285.14285714286
0.013619575253924284 40784.666666666664 43880.333333333336
0.01373499538319483 49578.25 16553.75
0.013850415512465374 34438.4 14806.8
0.013965835641735919 37814.28571428572 15722.714285714286
0.014081255771006464 34737.6 17055.2
0.014196675900277008 30531.0 7315.5
0.014312096029547553 36184.4 15509.4
0.014427516158818097 42933.166666666664 34034.333333333336
0.014542936288088643 49976.0 17089.0
0.014658356417359188 81076.8 20383.8
0.014773776546629732 50325.0 38631.0
0.014889196675900277 53036.333333333336 47400.666666666664
0.015004616805170823 32140.5 9458.0
0.015120036934441366 45075.5 20766.25
0.015235457063711912 38682.0 20598.75
0.015350877192982455 58652.0 65250.5
0.015466297322253 60814.5 69724.5
0.015581717451523546 43493.5 21403.5
0.01569713758079409 62958.0 39954.75
0.015812557710064637 60881.666666666664 14682.0
0.01592797783933518 61146.75 17058.25
0.016043397968605724 50056.0 19613.333333333332
0.016158818097876268 49514.5 26168.0
0.016274238227146815 53477.333333333336 24373.333333333332
0.01638965835641736 34861.25 20591.75
0.016505078485687903 52849.0 20464.0
0.01662049861495845 46539.0 20891.666666666668
0.016735918744228993 55836.0 20719.0
0.016851338873499537 55135.0 27573.25
0.016966759002770084 53315.0 22799.5
0.017082179132040628 40834.0 21598.0
0.01719759926131117 56366.666666666664 20865.333333333332
0.01731301939058172 53601.0 23868.666666666668
0.017428439519852262 53878.166666666664 20049.833333333332
0.017543859649122806 57891.2 24061.8
0.017659279778393353 50073.5 16037.5
0.017774699907663897 56880.0 17290.8
0.01789012003693444 62302.75 24750.75
0.018005540166204988 53863.333333333336 25347.0
0.01812096029547553 43070.333333333336 20524.333333333332
0.018236380424746075 46981.0 13199.0
0.018351800554016622 46534.0 21574.0
0.018467220683287166 65983.0 30760.666666666668
0.01858264081255771 105601.0 59421.0
0.018698060941828253 68491.0 47600.75
0.0188134810710988 68526.0 22664.5
0.018928901200369344 72092.75 36878.75
0.019044321329639888 58883.333333333336 23730.833333333332
0.019159741458910435 65714.33333333333 26694.0
0.01927516158818098 48417.6 23788.2
0.019390581717451522 48605.333333333336 24850.833333333332
0.01950600184672207 50684.4 26858.4
0.019621421975992613 58957.0 23949.75
0.019736842105263157 47213.0 21227.333333333332
0.019852262234533704 47985.666666666664 26621.666666666668
0.019967682363804248 48963.5 20383.0
0.02008310249307479 46676.666666666664 24341.333333333332
0.02019852262234534 58005.333333333336 30473.666666666668
0.020313942751615882 49565.666666666664 19325.333333333332
0.020429362880886426 54995.333333333336 24761.666666666668
0.020544783010156973 56914.2 25464.6
0.020660203139427517 57128.0 25614.2
0.02077562326869806 64815.833333333336 34967.0
0.020891043397968604 67086.0 28846.0
0.02100646352723915 64217.75 34797.0
0.021121883656509695 63059.0 36767.0
0.02123730378578024 66194.5 35057.5
0.021352723915050786 73568.66666666667 41854.666666666664
0.02146814404432133 73127.0 36254.25
0.021583564173591873 72165.33333333333 30873.0
0.02169898430286242 76237.8 28957.4
0.021814404432132964 66892.66666666667 42034.666666666664
0.021929824561403508 48687.0 14938.0
0.022045244690674055 69325.25 38476.5
0.0221606648199446 59012.666666666664 29745.0
0.022276084949215142 43361.0 17316.0
0.02239150507848569 78539.0 37269.5
0.022506925207756233 72909.0 33544.0
0.022622345337026777 64341.333333333336 32975.666666666664
0.022737765466297324 71112.5 30445.0
0.022853185595567867 71120.5 30447.0
0.02296860572483841 53782.666666666664 23678.0
0.023084025854108958 67923.0 31706.75
0.023199445983379502 93241.0 45878.0
0.023314866112650046 69993.25 33422.25
0.02343028624192059 61995.833333333336 32268.833333333332
0.023545706371191136 70632.33333333333 34821.166666666664
0.02366112650046168 65238.833333333336 32298.0
0.023776546629732224 66500.33333333333 40076.666666666664
0.02389196675900277 46315.0 19514.0
0.024007386888273315 63063.666666666664 35024.666666666664
0.024238227146814405 60201.0 25556.0
0.02435364727608495 65864.33333333333 30782.0
0.024469067405355493 60403.0 26418.0
0.02458448753462604 67554.33333333333 31255.333333333332
0.024699907663896584 74056.66666666667 42525.666666666664
0.024815327793167127 69432.0 38288.25
0.024930747922437674 74143.0 42617.0
0.025046168051708218 78410.33333333333 37782.0
0.025161588180978762 76132.5 33416.0
0.02527700831024931 90131.33333333333 43898.0
0.025392428439519853 93647.75 42263.75
0.025507848568790396 83276.25 41141.25
0.025738688827331487 97422.5 39344.0
0.025969529085872575 75071.0 32103.0
0.02608494921514312 85346.0 44042.0
0.026200369344413665 50441.333333333336 25857.0
0.02631578947368421 48127.0 19944.5
0.026431209602954756 43345.0 27520.0
0.0265466297322253 59283.666666666664 36317.666666666664
0.026662049861495844 68463.25 39017.25
0.02677746999076639 74875.5 38321.75
0.026892890120036934 75504.0 45013.0
0.027008310249307478 79810.0 43593.333333333336
0.027123730378578025 82513.0 45840.333333333336
0.02723915050784857 44636.0 30051.0
0.02746999076638966 61608.0 36428.0
0.027585410895660203 69815.0 39519.333333333336
0.027700831024930747 62339.0 35259.25
0.027816251154201294 67935.5 40968.5
0.027931671283471838 45624.0 32307.0
0.02804709141274238 62778.0 33843.5
0.02816251154201293 62805.5 33846.5
0.028393351800554016 60302.0 32910.0
0.02850877192982456 75455.0 37445.0
0.028624192059095107 75480.0 37446.0
0.02873961218836565 73848.5 39397.5
0.028855032317636194 87249.0 44829.0
0.02897045244690674 105081.0 47215.5
0.029085872576177285 78320.5 44175.5
0.02920129270544783 80193.0 44454.5
0.02943213296398892 101449.0 46044.0
0.02966297322253001 88514.0 46636.666666666664
0.030240073868882732 123535.0 49809.0
0.03035549399815328 87465.0 41820.0
0.030470914127423823 78339.5 39907.0
0.030586334256694367 99313.5 52749.0
0.03070175438596491 99332.0 52808.5
0.030817174515235458 99808.66666666667 53169.0
0.030932594644506 94308.75 49471.75
0.031048014773776545 92119.0 44908.5
0.031163434903047092 93849.5 49526.333333333336
0.031278855032317636 97275.5 47495.75
0.03139427516158818 85813.4 45888.6
0.03150969529085872 81665.66666666667 45896.333333333336
0.031625115420129274 85214.0 49983.0
0.03174053554939982 89656.0 42644.0
0.03185595567867036 89675.0 42652.0
0.031971375807940905 86432.0 43913.5
0.03208679593721145 89714.0 42729.0
0.03220221606648199 78120.5 30927.5
0.03243305632502309 103217.0 48966.0
0.03254847645429363 77775.5 47204.5
0.032663896583564174 71594.0 37598.0
0.03277931671283472 71610.0 37622.0
0.03289473684210526 87007.0 43634.0
0.033010156971375805 102386.0 49603.0
0.033125577100646356 102840.0 50058.0
0.0332409972299169 67145.0 19213.0
0.03335641735918744 85617.0 34272.0
0.03347183748845799 67522.0 19300.0
0.03358725761772853 67533.0 19300.0
0.033702677746999074 86078.33333333333 40848.0
0.033818097876269625 67612.0 19302.0
0.034164358264081256 82606.0 53555.0
0.0342797783933518 67650.0 19347.0
0.03439519852262234 77305.0 64190.5
0.03451061865189289 99956.33333333333 69682.33333333333
0.03462603878116344 82872.0 53764.0
0.034856879039704525 108985.5 65769.0
0.03497229916897507 109020.0 65834.0
0.03508771929824561 129780.5 60691.0
0.035203139427516156 90897.0 45736.0
0.035549399815327794 93529.33333333333 42127.333333333336
0.03566481994459834 106130.5 53360.0
0.03578024007386888 98934.5 36350.5
0.035895660203139425 93730.0 42292.0
0.036011080332409975 68813.0 19980.0
0.03612650046168052 83342.0 54172.0
0.036588180978762694 96089.0 49402.0
0.036703601108033244 96096.0 49402.0
0.03681902123730379 96098.0 49402.0
0.037396121883656507 84617.0 54974.0
0.0376269621421976 96279.0 50023.0
0.037742382271468145 96351.0 50070.0
0.03785780240073869 96366.0 50256.0
0.03797322253000923 93065.0 58677.5
0.038088642659279776 70000.0 20909.0
0.03831948291782087 112295.0 136926.0
0.038434903047091414 112490.0 137146.0
0.038896583564173595 132492.0 70433.0
0.03901200369344414 132505.0 70433.0
0.03912742382271468 132520.0 70511.0
0.03935826408125577 102452.0 74164.0
0.039473684210526314 111380.0 66259.0
0.03958910433979686 118228.0 72871.0
0.03970452446906741 118246.0 72871.0
0.03981994459833795 120047.0 78691.0
0.039935364727608495 107719.0 65818.0
0.04016620498614958 110889.0 53747.0
0.04039704524469068 114200.5 96720.5
0.04051246537396122 103681.66666666667 79157.0
0.040627885503231764 107858.5 65885.0
0.04074330563250231 111064.0 53883.0
0.04085872576177285 111078.0 53885.0
0.040974145891043395 114433.5 98462.0
0.041089566020313946 99767.0 59952.0
0.04120498614958449 83353.0 47873.0
0.04132040627885503 111118.0 53890.0
0.04155124653739612 104913.0 78149.0
0.041666666666666664 104956.0 78177.0
0.04178208679593721 101734.0 57616.333333333336
0.04189750692520776 112044.0 53119.0
0.0420129270544783 109911.0 71888.0
0.04224376731301939 119207.0 146034.0
0.04235918744228993 119216.0 146041.0
0.04247460757156048 119218.0 146041.0
0.04259002770083103 119219.0 146041.0
0.0430517082179132 112278.0 53269.0
0.043167128347183746 112292.0 53291.0
0.04339796860572484 130813.5 54510.5
0.043513388734995384 148983.0 54189.0
0.043975069252077566 115622.0 55801.0
0.04409048938134811 115879.0 55830.0
0.04420590951061865 116489.0 56134.0
0.0443213296398892 116491.0 56134.0
0.04443674976915974 108777.66666666667 82589.66666666667
0.044552169898430284 120615.0 146549.0
0.04466759002770083 100249.33333333333 85812.33333333333
0.045013850415512466 91128.0 65859.0
0.04512927054478301 91179.0 65935.0
0.0453601108033241 117716.0 80905.0
0.04547553093259465 90905.0 45253.0
0.04593721144967682 91001.0 45300.0
0.04651431209602955 91167.0 45792.0
0.046745152354570635 89239.0 50623.0
0.04686057248384118 91188.0 45815.0
0.04755309325946445 87534.0 55552.0
0.047899353647276086 91842.0 46138.0
0.04801477377654663 91843.0 46138.0
0.04813019390581717 87666.0 55663.0
0.04824561403508772 105434.0 65195.5
0.04836103416435827 91873.0 46155.0
0.04847645429362881 89812.0 50924.0
0.048591874422899355 90027.5 51111.0
0.048938134810710986 165831.0 76779.0
0.04916897506925208 119305.0 84332.0
0.049284395198522624 103845.0 70253.0
0.04951523545706371 119337.0 84333.0
0.049630655586334255 103882.0 70256.0
0.04986149584487535 112190.0 58264.0
0.04997691597414589 112519.0 58846.0
0.050092336103416436 119676.0 84351.0
0.050323176361957524 102472.5 69157.0
0.05043859649122807 102497.5 69185.0
0.05066943674976916 116320.0 81672.0
0.05090027700831025 116366.0 81733.0
0.05101569713758079 116465.0 81919.0
0.05136195752539243 89261.0 57400.0
0.051823638042474605 91480.0 60165.0
0.05193905817174515 91490.0 60165.0
0.05228531855955679 123949.0 94260.0
0.05240073868882733 123970.0 94265.0
0.05263157894736842 123982.0 94266.0
0.05286241920590951 124109.0 94280.0
0.052977839335180056 110642.0 62894.0
0.0530932594644506 110829.0 63103.0
0.05332409972299169 110834.0 63103.0
0.05343951985226224 151257.5 111287.0
0.053670360110803325 110855.0 63104.0
0.05378578024007387 110857.0 63108.0
0.05390120036934441 110873.0 63118.0
0.054016620498614956 110902.0 63118.0
0.0541320406278855 117331.0 76303.5
0.05424746075715605 111949.0 64165.0
0.05505540166204986 126136.0 96792.0
0.05528624192059095 123378.0 90366.0
0.055401662049861494 120654.33333333333 82579.33333333333
0.05551708217913204 120688.5 81905.0
0.05563250230840259 126211.0 96822.0
0.05574792243767313 120733.0 81978.0
0.055863342566943676 115270.0 67079.0
0.05597876269621422 115363.0 67101.0
0.05609418282548476 128093.0 100705.0
0.057594644506001845 121235.0 84554.0
0.05771006463527239 121265.0 84562.0
0.05782548476454294 121956.0 84678.0
0.05897968605724838 126342.0 152517.0
0.05909510618651893 115241.0 70792.0
0.05921052631578947 126386.0 152521.0
0.05967220683287165 126465.0 152538.0
0.05990304709141274 126473.0 152546.0
0.06059556786703601 126556.0 152770.0
0.06071098799630656 126563.0 152774.0
0.060941828254847646 126582.0 152776.0
0.06105724838411819 126634.0 153004.0
0.061172668513388734 126643.0 153130.0
0.06151892890120037 217294.0 150460.0
0.061865189289012 185749.0 86274.0
0.06313481071098799 131850.0 93631.0
0.06602031394275161 146514.0 97447.0
0.06682825484764543 122904.0 77493.0
0.06717451523545706 122960.0 77515.0
0.06752077562326869 123007.0 77609.0
0.06775161588180979 123164.0 77923.0
0.06786703601108034 123705.0 78043.0
0.06821329639889197 149222.0 100143.0
0.06832871652816251 149231.0 100143.0
0.06925207756232687 149448.0 100593.0
0.06936749769159742 149501.0 100787.0
0.06948291782086796 149512.0 100791.0
0.0695983379501385 149527.0 100791.0
0.07317636195752539 155393.0 103382.0
0.07536934441366575 121717.0 58586.0
0.0765235457063712 332135.0 114382.0
0.07663896583564174 171075.0 98863.0
0.07675438596491228 171090.0 98874.0
0.07686980609418283 171106.0 98874.0
0.07710064635272391 171490.0 99316.0
0.07790858725761773 179687.0 104109.0
0.07871652816251154 175412.0 108364.0
0.08010156971375808 165538.0 120545.0
0.08021698984302862 165542.0 120545.0
0.08102493074792244 167662.0 120852.0
0.08714219759926131 167481.0 123481.0
0.08725761772853186 167534.0 123535.0
0.09083564173591874 168383.0 124489.0
0.09106648199445984 168464.0 124664.0
0.09118190212373038 168466.0 124664.0
0.09129732225300093 168476.0 124664.0
0.09152816251154201 168545.0 124694.0
0.09164358264081256 168565.0 124695.0
0.10249307479224377 203647.0 149570.0
0.11692059095106186 254631.0 173595.0
0.11703601108033242 254648.0 173613.0
0.11715143120960296 254747.0 174187.0
0.11738227146814405 254770.0 174331.0
0.1265004616805171 386222.0 173228.0
0.1345798707294552 282896.0 198898.0
0.14323638042474607 202202.0 136629.0
0.1433518005540166 222478.0 144367.0
0.14773776546629733 251975.0 225400.0
0.14808402585410896 252007.0 225416.0
0.16401200369344412 354109.0 300030.0
0.19575253924284394 345570.0 352028.0
0.2059095106186519 308076.0 310094.0
0.22126038781163435 336979.0 248476.0
0.2288781163434903 391260.0 402086.0
0.28231763619575256 491265.0 561557.0
0.4088180978762696 716279.0 734785.0
0.42716989843028624 536717.0 558570.0
0.5728301015697138 871050.0 1034815.0
1.0 1130397.0 1593385.0
