5110
0.00011542012927054478 600.7136426592798 85.49307479224376
0.00023084025854108956 916.5050741608119 136.59562841530055
0.00034626038781163435 1299.2692692692692 240.3083083083083
0.0004616805170821791 1503.7275541795666 320.561919504644
0.0005771006463527239 1713.5063559322034 307.8114406779661
0.0006925207756232687 1933.1197771587745 366.85515320334264
0.0008079409048938135 2010.4419475655432 406.4906367041198
0.0009233610341643582 2226.9583333333335 474.73148148148147
0.001038781163434903 2325.95 655.0611111111111
0.0011542012927054479 2434.4242424242425 865.5878787878788
0.0012696214219759926 2571.25 1231.3881578947369
0.0013850415512465374 2648.2741935483873 1371.241935483871
0.0015004616805170822 2896.878504672897 1876.1869158878505
0.001615881809787627 2840.5054945054944 1092.1868131868132
0.0017313019390581717 2893.1466666666665 1160.3733333333332
0.0018467220683287165 2983.1369863013697 1530.9041095890411
0.0019621421975992612 3127.6176470588234 1720.8529411764705
0.002077562326869806 3065.794520547945 1262.9178082191781
0.0021929824561403508 3156.9122807017543 1498.3157894736842
0.0023084025854108957 3153.0 1726.938775510204
0.0024238227146814403 3306.6666666666665 1622.9019607843138
0.0025392428439519853 3203.586956521739 2297.413043478261
0.00265466297322253 3388.3684210526317 2517.9473684210525
0.002770083102493075 3546.85 1870.225
0.0028855032317636198 3481.5238095238096 1749.0238095238096
0.0030009233610341643 3603.906976744186 2571.5116279069766
0.0031163434903047093 3463.0588235294117 1496.9705882352941
0.003231763619575254 3629.8275862068967 2996.310344827586
0.003347183748845799 3561.05 1911.0
0.0034626038781163434 3790.5652173913045 3485.7391304347825
0.0035780240073868884 3537.1304347826085 1870.8260869565217
0.003693444136657433 3652.2413793103447 2096.137931034483
0.003808864265927978 3695.9473684210525 2529.4210526315787
0.0039242843951985225 3691.5714285714284 2008.607142857143
0.004039704524469067 3801.391304347826 2277.0434782608695
0.004155124653739612 3780.0333333333333 3203.366666666667
0.004270544783010157 3804.0555555555557 3847.8333333333335
0.0043859649122807015 3690.9583333333335 3249.5833333333335
0.004501385041551247 3826.5 2924.125
0.0046168051708217915 3904.6190476190477 2952.5714285714284
0.004732225300092336 3948.3333333333335 3529.3333333333335
0.004847645429362881 3800.1875 2816.3125
0.004963065558633426 3818.5263157894738 3484.157894736842
0.0050784856879039705 3918.764705882353 3832.6470588235293
0.005193905817174515 3964.25 2546.1666666666665
0.00530932594644506 4034.4117647058824 3232.176470588235
0.005424746075715605 3927.277777777778 3228.277777777778
0.00554016620498615 3868.1875 2998.625
0.005655586334256694 3994.722222222222 3259.722222222222
0.0057710064635272396 4068.5 5421.625
0.005886426592797784 4015.181818181818 3019.090909090909
0.006001846722068329 4096.071428571428 3127.1428571428573
0.006117266851338873 4091.5 2810.6111111111113
0.006232686980609419 4169.285714285715 6373.571428571428
0.006348107109879963 4063.923076923077 5614.615384615385
0.006463527239150508 4172.625 3451.125
0.006578947368421052 4161.25 6210.5
0.006694367497691598 4147.75 6330.375
0.006809787626962142 4242.666666666667 7464.666666666667
0.006925207756232687 4286.8 6811.2
0.007040627885503232 4169.714285714285 5432.142857142857
0.007156048014773777 4155.3 4761.4
0.007271468144044321 4152.75 3401.875
0.007386888273314866 4143.75 3969.75
0.007502308402585411 4293.0 4653.714285714285
0.007617728531855956 3936.0 2958.6
0.0077331486611265 4109.692307692308 3981.6923076923076
0.007848568790397045 4188.555555555556 5778.666666666667
0.00796398891966759 4113.4 5251.0
0.008079409048938134 4182.090909090909 4211.818181818182
0.00819482917820868 4242.4 4061.4
0.008310249307479225 4262.923076923077 7411.923076923077
0.008425669436749769 4287.583333333333 9637.666666666666
0.008541089566020314 4305.714285714285 8853.142857142857
0.00865650969529086 4272.444444444444 7431.111111111111
0.008771929824561403 4311.777777777777 8772.0
0.008887349953831948 4277.923076923077 6501.615384615385
0.009002770083102494 4253.777777777777 3116.4444444444443
0.009118190212373038 4401.75 4741.375
0.009233610341643583 4404.714285714285 8490.285714285714
0.009349030470914127 4391.166666666667 5170.166666666667
0.009464450600184672 4367.857142857143 5530.714285714285
0.009579870729455217 4276.333333333333 3119.0
0.009695290858725761 4363.666666666667 5185.666666666667
0.009810710987996307 4124.75 4424.5
0.009926131117266852 4213.25 10057.5
0.010041551246537396 4367.5 4946.666666666667
0.010156971375807941 4214.0 3901.8
0.010272391505078486 4353.333333333333 6440.0
0.01038781163434903 4365.714285714285 4307.428571428572
0.010503231763619576 4338.777777777777 8761.888888888889
0.01061865189289012 4295.125 3637.125
0.010734072022160665 4369.5 5338.0
0.01084949215143121 4521.0 12022.0
0.010964912280701754 4364.0 17620.666666666668
0.0110803324099723 4384.333333333333 18333.0
0.011195752539242845 4425.75 13585.25
0.011311172668513388 4449.333333333333 5072.666666666667
0.011426592797783934 4441.0 4642.4
0.011542012927054479 4414.4 4328.4
0.011657433056325023 4327.5 2546.5
0.011772853185595568 4421.0 5066.5
0.011888273314866112 4568.0 6733.0
0.012003693444136657 4443.5 4007.5
0.012119113573407203 4582.25 6862.25
0.012234533702677746 4591.0 7098.75
0.012349953831948292 4550.0 7542.0
0.012465373961218837 4597.333333333333 7061.666666666667
0.012580794090489381 4507.333333333333 6417.333333333333
0.012696214219759926 4482.666666666667 19065.666666666668
0.012811634349030472 4458.0 3845.0
0.012927054478301015 4522.666666666667 14300.666666666666
0.01304247460757156 4541.0 25321.0
0.013388734995383195 4414.0 6289.0
0.013504155124653739 4524.0 9513.0
0.013619575253924284 4537.25 6647.75
0.01373499538319483 4611.0 8553.5
0.013850415512465374 4508.6 7599.4
0.013965835641735919 4553.4 6416.0
0.014081255771006464 4556.0 5849.0
0.014196675900277008 4494.0 6389.0
0.014312096029547553 4491.666666666667 5809.0
0.014427516158818097 4527.0 14914.666666666666
0.014542936288088643 4506.75 5450.0
0.014658356417359188 4627.0 8721.4
0.014773776546629732 4533.25 7603.5
0.014889196675900277 4611.0 10724.5
0.015004616805170823 4538.0 4355.0
0.015120036934441366 4649.0 8131.0
0.015235457063711912 4466.0 6337.0
0.015350877192982455 4460.333333333333 4028.3333333333335
0.015466297322253 4494.0 3588.5
0.015581717451523546 4441.0 3832.5
0.01569713758079409 4569.0 5122.0
0.015812557710064637 4523.0 7101.6
0.01592797783933518 4582.4 6502.2
0.016043397968605724 4557.333333333333 5945.0
0.016158818097876268 4624.0 9487.5
0.016274238227146815 4519.75 6652.0
0.01638965835641736 4569.833333333333 7107.0
0.016505078485687903 4555.75 12140.0
0.01662049861495845 4563.0 10820.6
0.016735918744228993 4616.0 13021.0
0.016851338873499537 4622.75 12639.25
0.016966759002770084 4580.833333333333 10313.833333333334
0.017082179132040628 4601.5 8821.0
0.01719759926131117 4603.75 8878.0
0.01731301939058172 4676.333333333333 12044.333333333334
0.017428439519852262 4633.333333333333 10148.333333333334
0.017543859649122806 4709.333333333333 18795.0
0.017659279778393353 4697.0 14392.5
0.01789012003693444 4702.25 14449.5
0.018005540166204988 4691.0 16579.5
0.01812096029547553 4549.5 4159.5
0.018236380424746075 4607.0 13215.0
0.018351800554016622 4737.0 27683.0
0.018467220683287166 4423.0 6487.333333333333
0.01858264081255771 4663.0 16001.666666666666
0.018698060941828253 4703.333333333333 16406.666666666668
0.0188134810710988 4548.5 8604.166666666666
0.018928901200369344 4526.75 7252.5
0.019044321329639888 4705.75 16178.75
0.019159741458910435 4629.333333333333 11534.666666666666
0.01927516158818098 4667.0 18228.8
0.019390581717451522 4660.6 17642.2
0.01950600184672207 4605.75 16421.25
0.019621421975992613 4596.5 23417.0
0.019736842105263157 4626.5 17735.0
0.019852262234533704 4641.5 6592.5
0.019967682363804248 4639.5 8953.75
0.02008310249307479 4647.25 11489.25
0.02019852262234534 4667.0 8886.0
0.020313942751615882 4692.5 10048.5
0.020429362880886426 4656.333333333333 9879.666666666666
0.020660203139427517 4728.0 18390.333333333332
0.02077562326869806 4687.0 14790.0
0.020891043397968604 4710.0 20729.0
0.02100646352723915 4706.25 18295.25
0.02123730378578024 4668.0 16098.0
0.021352723915050786 4740.5 20555.0
0.02146814404432133 4733.0 23743.0
0.021583564173591873 4741.0 20562.5
0.02169898430286242 4743.5 12231.0
0.021814404432132964 4648.5 9272.5
0.021929824561403508 4743.5 20646.0
0.022045244690674055 4697.0 9928.5
0.0221606648199446 4752.0 17343.0
0.022276084949215142 4705.333333333333 10032.0
0.02239150507848569 4798.5 23172.0
0.022506925207756233 4763.0 10647.0
0.022622345337026777 4767.0 17255.25
0.022737765466297324 4769.333333333333 19304.333333333332
0.022853185595567867 4711.0 12440.333333333334
0.02296860572483841 4683.333333333333 13333.0
0.023084025854108958 4693.0 13670.0
0.023199445983379502 4697.0 12582.666666666666
0.02343028624192059 4680.0 9557.0
0.023545706371191136 4730.0 14417.0
0.023776546629732224 4677.5 11765.5
0.02389196675900277 4677.5 11792.5
0.024007386888273315 4760.333333333333 20869.0
0.02412280701754386 4749.5 18482.5
0.024238227146814405 4738.5 14953.0
0.02435364727608495 4764.666666666667 16806.0
0.02458448753462604 4755.5 13672.5
0.024699907663896584 4818.0 20226.0
0.024815327793167127 4711.0 14072.0
0.024930747922437674 4781.5 23749.5
0.025046168051708218 4821.0 33047.0
0.025161588180978762 4713.5 14107.5
0.02527700831024931 4701.5 12248.5
0.025392428439519853 4741.666666666667 19223.666666666668
0.025507848568790396 4743.666666666667 19308.333333333332
0.025738688827331487 4719.666666666667 19419.666666666668
0.02585410895660203 4815.0 25442.5
0.025969529085872575 4822.0 33269.0
0.02608494921514312 4817.0 22467.0
0.026200369344413665 4772.666666666667 15939.333333333334
0.02631578947368421 4772.666666666667 15959.666666666666
0.026431209602954756 4774.666666666667 16609.0
0.026662049861495844 4747.5 13416.0
0.02677746999076639 4806.0 13273.0
0.026892890120036934 4785.5 12763.5
0.027008310249307478 4836.0 23163.0
0.027123730378578025 4738.5 15241.0
0.02723915050784857 4691.0 13693.0
0.027816251154201294 4692.0 13764.0
0.02804709141274238 4786.666666666667 18703.333333333332
0.02816251154201293 4823.5 15833.0
0.028277931671283472 4758.5 13768.0
0.028393351800554016 4825.0 14099.0
0.029085872576177285 4829.0 14124.0
0.029316712834718376 4830.0 14125.0
0.02943213296398892 4714.0 7648.0
0.029547553093259463 4774.0 7890.0
0.029893813481071098 4817.0 13159.0
0.030009233610341645 4829.0 20695.0
0.030240073868882732 4839.0 21116.0
0.030817174515235458 4674.0 7877.0
0.030932594644506 4676.0 7878.0
0.031048014773776545 4676.0 7878.0
0.031278855032317636 4678.0 8170.0
0.03139427516158818 4675.666666666667 9378.0
0.03150969529085872 4652.0 8491.0
0.031625115420129274 4678.0 8170.0
0.031971375807940905 4632.0 8847.0
0.03208679593721145 4746.0 12145.0
0.032317636195752536 4633.0 8866.0
0.03243305632502309 4885.0 19456.0
0.03254847645429363 4779.0 13371.0
0.032663896583564174 4739.5 11836.5
0.03277931671283472 4734.0 11062.5
0.03289473684210526 4760.666666666667 21026.666666666668
0.033010156971375805 4804.0 39467.0
0.0332409972299169 4805.0 39528.0
0.03335641735918744 4685.0 8402.0
0.03347183748845799 4690.0 12609.0
0.03404893813481071 4694.0 12611.0
0.0342797783933518 4694.0 12611.0
0.03439519852262234 4694.0 12611.0
0.03451061865189289 4707.0 13676.0
0.03462603878116344 4709.0 13676.0
0.03474145891043398 4709.0 13676.0
0.034856879039704525 4709.0 13678.0
0.03497229916897507 4812.0 15892.0
0.03508771929824561 4710.0 13691.0
0.035318559556786706 4895.0 27550.0
0.03543397968605725 4895.0 27592.0
0.035549399815327794 4722.0 12627.5
0.03566481994459834 4710.0 13693.0
0.036011080332409975 4813.0 15924.0
0.036357340720221606 4905.0 28183.0
0.03647276084949215 4858.0 21096.333333333332
0.036588180978762694 4828.0 18714.75
0.036703601108033244 4828.5 18942.75
0.03681902123730379 4816.666666666667 17834.0
0.03693444136657433 4778.5 13912.5
0.037049861495844875 4879.5 24015.5
0.03716528162511542 4885.5 25942.0
0.03728070175438596 4886.0 25949.0
0.037396121883656507 4863.0 22897.0
0.0376269621421976 4867.0 23073.0
0.03785780240073869 4889.0 26043.0
0.03797322253000923 4889.0 26049.0
0.038088642659279776 4889.0 26067.5
0.038204062788550326 4911.0 29052.0
0.038434903047091414 4867.0 23197.0
0.03855032317636196 4880.0 40342.0
0.0386657433056325 4881.0 40362.0
0.038896583564173595 4885.0 41329.0
0.03901200369344414 4885.0 41329.0
0.040281625115420126 4886.0 41418.0
0.04039704524469068 4887.0 41865.0
0.04120498614958449 4890.0 41910.0
0.04132040627885503 4890.0 41910.0
0.04178208679593721 4890.0 41912.0
0.042128347183748846 4835.0 27304.0
0.0430517082179132 4862.333333333333 24833.333333333332
0.043167128347183746 4876.0 23572.0
0.04339796860572484 4868.0 22528.0
0.043513388734995384 4896.0 27450.0
0.04362880886426593 4924.0 32372.0
0.04420590951061865 4926.0 32973.0
0.0443213296398892 4770.0 14585.0
0.04443674976915974 4848.5 24237.5
0.044552169898430284 4927.0 33874.0
0.04466759002770083 4784.0 16875.5
0.04489843028624192 4802.0 19518.0
0.04524469067405355 4777.0 14930.0
0.0453601108033241 4802.0 19607.0
0.04547553093259465 4802.0 19607.0
0.045706371191135735 4790.0 17279.0
0.04593721144967682 4806.0 19740.0
0.046052631578947366 4869.0 26980.5
0.046168051708217916 4856.5 24953.0
0.04628347183748846 4919.5 39791.5
0.046398891966759004 4794.0 17670.0
0.04662973222530009 4858.0 24967.5
0.04709141274238227 4872.0 27093.5
0.04720683287165282 4872.0 27093.5
0.04732225300092336 4872.0 27154.0
0.047437673130193904 4872.5 27226.0
0.04755309325946445 4933.0 34703.0
0.047668513388735 4933.0 34703.0
0.04778393351800554 4814.0 19771.0
0.047899353647276086 4881.0 49064.0
0.04801477377654663 4790.0 18561.0
0.04813019390581717 4881.0 49070.0
0.04824561403508772 4790.0 18610.0
0.04836103416435827 4790.0 18610.0
0.04905355493998153 4802.0 19781.0
0.049630655586334255 4887.0 51363.0
0.0497460757156048 4888.0 51374.0
0.05020775623268698 4888.0 51532.0
0.05090027700831025 4894.0 52014.0
0.05101569713758079 4894.0 52014.0
0.05193905817174515 4862.0 32578.0
0.0520544783010157 4862.0 32578.0
0.052516158818097874 4863.0 32585.0
0.05378578024007387 4917.0 47985.0
0.054016620498614956 4891.0 34875.5
0.05424746075715605 4918.0 48014.0
0.05447830101569714 4918.0 48031.0
0.054709141274238225 4918.0 48076.0
0.05493998153277932 4892.5 35210.0
0.05505540166204986 4867.0 22264.0
0.05517082179132041 4875.0 33459.0
0.05609418282548476 4844.0 25361.0
0.05620960295475531 4876.0 33562.0
0.05632502308402586 4876.0 33566.0
0.05736380424746076 4821.0 17268.0
0.05782548476454294 4824.0 17329.0
0.05794090489381348 4851.0 26448.5
0.05817174515235457 4881.0 36007.0
0.05840258541089566 4859.0 27428.5
0.05851800554016621 4895.0 37446.0
0.05863342566943675 4895.0 37446.0
0.05897968605724838 4898.0 38267.0
0.05955678670360111 4909.0 57751.0
0.05967220683287165 4909.0 57751.0
0.06001846722068329 4911.0 57758.0
0.06036472760849492 4912.0 57850.0
0.06071098799630656 4902.0 38636.0
0.06105724838411819 4906.0 27291.0
0.06128808864265928 4906.0 27291.0
0.061634349030470915 4907.0 27398.0
0.061865189289012 4881.333333333333 28005.333333333332
0.061980609418282546 4886.0 34700.333333333336
0.06221144967682364 4835.0 17891.0
0.06278855032317636 4910.0 27512.0
0.06301939058171745 4847.0 17984.0
0.06313481071098799 4911.0 27534.0
0.06325023084025855 4911.0 27534.0
0.06336565096952909 4911.0 27573.0
0.06348107109879964 4912.0 27573.0
0.06359649122807018 4912.0 28017.0
0.06371191135734072 4912.0 28027.0
0.06394275161588181 4912.0 28027.0
0.06405817174515235 4915.0 28076.0
0.06705909510618652 4933.0 32608.0
0.06821329639889197 4896.0 33517.0
0.06832871652816251 4896.0 33594.0
0.06948291782086796 4935.0 33692.0
0.0695983379501385 4935.0 33757.0
0.07075253924284396 4904.0 34754.0
0.07132963988919667 4891.5 27482.0
0.07144506001846722 4908.0 35217.0
0.07248384118190213 4910.0 35292.0
0.07306094182825484 4904.0 22670.0
0.07444598337950138 4936.5 36214.0
0.07456140350877193 4924.0 37384.0
0.07467682363804247 4925.0 37429.0
0.07479224376731301 4916.0 65636.0
0.07490766389658357 4920.5 51544.0
0.07502308402585411 4925.0 37452.0
0.07513850415512466 4921.5 51552.0
0.0752539242843952 4921.5 51554.5
0.07536934441366575 4923.5 51775.5
0.07548476454293629 4917.0 65729.0
0.07871652816251154 4951.0 37506.0
0.07894736842105263 4953.0 37514.0
0.07906278855032317 4953.0 37563.0
0.07917820867959371 4953.0 37566.0
0.08010156971375808 4956.0 52391.0
0.08691135734072022 4967.0 53003.0
0.08702677746999077 4967.0 53003.0
0.08771929824561403 4970.0 55118.0
0.08783471837488457 4970.0 55136.0
0.08829639889196676 4971.0 55136.0
0.0884118190212373 4971.0 55136.0
0.08852723915050785 4971.0 55142.0
0.08875807940904894 4971.0 55184.0
0.08887349953831948 4971.0 55184.0
0.08898891966759002 4971.0 55184.0
0.09233610341643583 4975.0 56095.0
0.09245152354570638 4976.0 56184.0
0.09279778393351801 4977.0 56453.0
0.0930286241920591 4977.0 56465.0
0.09325946445060018 4977.0 56467.0
0.09360572483841181 4977.0 56505.0
0.09372114496768236 4977.0 56505.0
0.0961449676823638 4979.0 61010.0
0.09637580794090489 4979.0 62058.0
0.09649122807017543 4979.0 62058.0
0.1038781163434903 4982.0 63240.0
0.10399353647276086 4982.0 63240.0
0.1041089566020314 4982.0 63562.0
0.10422437673130194 4982.0 63562.0
0.10433979686057249 4982.0 63633.0
0.10445521698984303 4982.0 63635.0
0.10549399815327794 4970.0 81327.0
0.10560941828254848 4970.0 81327.0
0.10653277931671283 4982.0 63838.0
0.10687903970452448 4975.0 70426.0
0.10757156048014774 4966.0 77002.0
0.1084949215143121 4969.0 79028.0
0.10861034164358264 4984.0 64466.0
0.10941828254847645 4984.0 64633.0
0.10964912280701754 4984.0 64634.0
0.1105724838411819 4984.0 64647.0
0.11068790397045244 4984.0 64664.0
0.11230378578024007 4977.0 85963.0
0.12015235457063712 4987.0 90478.0
0.12026777469990767 4987.0 90493.0
0.12038319482917821 4987.0 90493.0
0.1206140350877193 4990.0 92842.0
0.12072945521698984 4990.0 92842.0
0.12084487534626039 4990.0 92845.5
0.12096029547553093 4987.0 90503.0
0.12153739612188366 4988.0 90527.0
0.1216528162511542 4988.0 90609.0
0.12176823638042475 4988.0 90609.0
0.12188365650969529 4988.0 90609.0
0.12246075715604801 4988.0 90640.0
0.12257617728531855 4988.0 90640.0
0.12326869806094183 4989.0 90652.0
0.12453831948291783 4990.0 90677.0
0.12557710064635272 4990.0 90820.0
0.12615420129270544 4990.0 90989.0
0.12626962142197598 4990.0 91012.0
0.13007848568790398 4998.0 92875.0
0.13088642659279778 4999.0 93019.0
0.1329639889196676 5000.0 93777.0
0.13307940904893814 5000.0 93780.0
0.13331024930747923 4998.5 97972.5
0.1337719298245614 4997.0 102118.0
0.13723453370267774 4999.0 104236.0
0.13734995383194828 4999.0 104236.0
0.13758079409048937 4999.0 104242.0
0.13769621421975992 4999.0 104252.0
0.137927054478301 4999.0 104252.0
0.13804247460757155 4999.0 104252.0
0.13815789473684212 5001.0 104256.0
0.13885041551246538 5001.0 104371.0
0.13896583564173592 5001.0 104373.0
0.13954293628808864 5001.0 104374.0
0.1396583564173592 5001.0 104380.0
0.13977377654662973 5001.0 104382.0
0.13988919667590027 5001.0 104535.0
0.14000461680517082 5001.0 104538.0
0.14012003693444136 5001.0 104538.0
0.1402354570637119 5001.0 104540.0
0.140466297322253 5001.0 104558.0
0.15835641735918743 5006.0 100786.0
0.15858725761772854 5006.0 100794.0
0.15916435826408126 5009.0 102417.0
0.1592797783933518 5009.0 102418.0
0.1600877192982456 5009.0 102520.0
0.1603185595567867 5009.0 102520.0
0.17647737765466298 5025.0 118540.0
0.17659279778393353 5025.0 120661.0
0.17670821791320407 5020.0 113105.0
0.1768236380424746 5022.5 116883.0
0.18317174515235457 5020.0 116843.0
0.18328716528162511 5020.0 116843.0
0.1835180055401662 5020.0 117242.0
0.18363342566943675 5020.0 117264.0
0.1837488457987073 5020.0 117290.0
0.18386426592797783 5020.0 117290.0
0.23153277931671284 5037.0 151993.0
0.2316481994459834 5037.0 152003.0
0.23176361957525393 5037.0 152029.0
0.23187903970452448 5037.0 152031.0
0.23199445983379502 5037.0 152031.0
0.23210987996306556 5037.0 152031.0
0.23361034164358263 5038.0 152210.0
0.288550323176362 5052.0 200366.0
0.2888965835641736 5052.0 200447.0
0.30828716528162514 5056.0 217455.0
0.30851800554016623 5056.0 217458.0
0.3092105263157895 5056.0 217762.0
0.31001846722068327 5056.0 219558.0
0.31013388734995384 5056.0 219589.0
0.31024930747922436 5056.0 219602.0
0.31036472760849493 5058.0 223329.0
0.31048014773776544 5058.0 223329.0
0.3108264081255771 5058.0 223339.0
0.3172899353647276 5054.0 225219.0
0.3191366574330563 5054.0 225251.0
0.3193674976915974 5054.0 225255.0
0.3206371191135734 5054.0 226233.0
0.32075253924284397 5054.0 226233.0
0.32132963988919666 5054.0 226282.0
0.3231763619575254 5054.0 226465.0
0.324792243767313 5061.0 228088.0
0.32490766389658354 5061.0 228088.0
0.3250230840258541 5061.0 228088.0
0.3380655586334257 5064.0 253409.0
0.3381809787626962 5064.0 253409.0
0.33910433979686055 5055.0 230822.0
0.33933518005540164 5064.0 253534.0
0.33956602031394273 5056.0 231065.0
0.3401431209602955 5065.0 253728.0
0.34048938134810713 5065.0 253894.0
0.34060480147737765 5065.0 253904.0
0.3407202216066482 5065.0 253940.0
0.3689981532779317 5067.0 267723.0
0.3695752539242844 5067.0 267732.0
0.3698060941828255 5067.0 267738.0
0.37153739612188363 5067.0 268546.0
0.3716528162511542 5067.0 268552.0
0.3721144967682364 5069.0 271630.0
0.40454755309325946 5073.0 291086.0
0.4275161588180979 5075.0 307673.0
0.4322483841181902 5076.0 315570.0
0.44148199445983377 5080.0 327997.0
0.44806094182825484 5074.0 310093.0
0.452331486611265 5081.0 348134.0
0.46041089566020316 5083.0 359664.0
0.47483841181902126 5085.0 392628.0
0.5225069252077562 5081.0 345137.0
0.9973453370267775 5110.0 737765.0
0.9976915974145891 5110.0 737813.0
1.0 5110.0 740712.0
