504660
0.0001 597 0 0
0.0001 932 0 0
0.0002 1446 0 0
0.0003 1736 0 0
0.0003 1911 0 0
0.0004 2241 0 0
0.0005 2479 0 0
0.0006 2729 0 0
0.0006 2889 0 0
0.0007 3401 0 0
0.0008 3497 0 0
0.0008 3614 0 0
0.0009 3773 0 0
0.0010 3712 0 0
0.0010 3939 0 0
0.0011 4053 0 0
0.0012 4332 0 0
0.0012 4456 0 0
0.0013 4598 0 0
0.0014 4963 0 0
0.0015 5107 0 0
0.0015 4983 0 0
0.0016 5254 0 0
0.0017 5316 0 0
0.0017 5586 0 0
0.0018 5503 0 0
0.0019 6191 0 0
0.0019 6059 0 0
0.0020 5853 0 0
0.0021 6140 0 0
0.0021 7245 0 0
0.0022 6201 0 0
0.0023 6606 0 0
0.0024 6234 0 0
0.0024 6788 0 0
0.0025 6924 0 0
0.0026 6769 0 0
0.0026 7075 0 0
0.0027 7018 0 0
0.0028 7205 0 0
0.0028 7808 0 0
0.0029 7240 0 0
0.0030 7589 0 0
0.0030 8116 0 0
0.0031 7783 0 0
0.0032 7125 0 0
0.0033 7617 0 0
0.0033 8409 0 0
0.0034 8665 0 0
0.0035 8436 0 0
0.0035 8551 0 0
0.0036 8805 0 0
0.0037 8327 0 0
0.0037 8439 0 0
0.0038 8994 0 0
0.0039 8707 0 0
0.0039 8769 0 0
0.0040 8096 0 0
0.0041 9006 0 0
0.0042 8506 0 0
0.0042 8804 0 0
0.0043 8150 0 0
0.0044 9732 0 0
0.0044 14479 0 0
0.0045 9140 0 0
0.0046 8386 0 0
0.0046 9703 0 0
0.0047 9696 0 0
0.0048 10445 0 0
0.0048 9463 0 0
0.0049 9737 0 0
0.0050 8956 0 0
0.0051 9744 0 0
0.0051 10569 0 0
0.0052 9333 0 0
0.0053 9771 0 0
0.0053 9975 0 0
0.0054 11379 0 0
0.0055 10125 0 0
0.0055 9061 0 0
0.0056 10568 0 0
0.0057 9980 0 0
0.0057 11556 0 0
0.0058 12379 0 0
0.0059 12618 0 0
0.0060 13538 0 0
0.0060 12196 0 0
0.0061 11418 0 0
0.0062 12387 0 0
0.0062 11468 0 0
0.0063 11455 0 0
0.0064 11680 0 0
0.0064 12222 0 0
0.0065 11936 0 0
0.0066 10029 0 0
0.0067 8476 0 0
0.0067 10708 0 0
0.0068 11374 0 0
0.0069 12062 0 0
0.0069 13084 0 0
0.0070 12979 0 0
0.0071 12043 0 0
0.0071 11125 0 0
0.0072 11901 0 0
0.0073 13449 0 0
0.0073 12341 0 0
0.0074 12409 0 0
0.0075 14524 0 0
0.0076 12047 0 0
0.0076 11662 0 0
0.0077 13451 0 0
0.0078 12941 0 0
0.0078 15675 0 0
0.0079 14375 0 0
0.0080 15409 0 0
0.0080 13767 0 0
0.0081 16743 0 0
0.0082 12657 0 0
0.0082 13055 0 0
0.0083 11455 0 0
0.0085 16509 0 0
0.0085 16361 0 0
0.0086 14020 0 0
0.0087 12098 0 0
0.0087 11259 0 0
0.0088 17206 0 0
0.0089 14868 0 0
0.0091 18469 0 0
0.0092 48944 0 0
0.0093 14929 0 0
0.0094 14791 0 0
0.0094 18900 0 0
0.0095 17421 0 0
0.0096 12490 0 0
0.0097 14747 0 0
0.0098 16647 0 0
0.0099 14698 0 0
0.0101 16377 0 0
0.0105 14751 0 0
0.0106 16475 0 0
0.0107 17502 0 0
0.0109 19102 0 0
0.0111 43871 0 0
0.0112 20495 0 0
0.0114 15481 0 0
0.0114 21439 0 0
0.0115 14271 0 0
0.0116 18824 0 0
0.0116 21490 0 0
0.0117 19544 0 0
0.0118 15671 0 0
0.0119 24277 0 0
0.0120 25880 0 0
0.0121 14639 0 0
0.0122 15700 0 0
0.0123 21763 0 0
0.0125 23666 0 0
0.0127 29676 0 0
0.0129 22669 0 0
0.0130 19304 0 0
0.0131 19329 0 0
0.0136 16401 0 0
0.0136 22945 0 0
0.0137 91467 0 0
0.0138 15659 0 0
0.0139 27038 0 0
0.0141 25697 0 0
0.0143 16379 0 0
0.0151 29423 0 0
0.0157 18971 0 0
0.0159 23017 0 0
0.0160 30511 0 0
0.0161 24524 0 0
0.0162 29939 0 0
0.0163 19095 0 0
0.0163 25774 0 0
0.0165 26302 0 0
0.0166 24436 0 0
0.0168 22057 0 0
0.0172 24838 0 0
0.0173 28598 0 0
0.0174 22628 0 0
0.0175 27541 0 0
0.0175 32658 0 0
0.0177 27811 0 0
0.0179 30161 0 0
0.0180 21372 0 0
0.0182 19936 0 0
0.0186 26203 0 0
0.0187 31754 0 0
0.0188 28103 0 0
0.0188 96095 0 0
0.0189 32951 0 0
0.0192 23806 0 0
0.0193 32346 0 0
0.0197 42950 0 0
0.0204 28682 0 0
0.0206 30378 0 0
0.0211 36889 0 0
0.0212 30988 0 0
0.0213 24962 0 0
0.0214 60598 0 0
0.0215 22542 0 0
0.0218 34134 0 0
0.0219 31434 0 0
0.0220 34554 0 0
0.0222 30801 0 0
0.0224 44863 0 0
0.0226 35953 0 0
0.0227 46117 0 0
0.0231 33615 0 0
0.0238 46530 0 0
0.0241 31030 0 0
0.0242 32365 0 0
0.0244 105315 0 0
0.0247 30286 0 0
0.0247 31988 0 0
0.0253 23661 0 0
0.0254 38824 0 0
0.0255 38533 0 0
0.0256 38605 0 0
0.0260 34102 0 0
0.0260 31125 0 0
0.0266 36184 0 0
0.0269 36752 0 0
0.0272 48516 0 0
0.0278 34132 0 0
0.0278 36041 0 0
0.0282 33657 0 0
0.0283 40041 0 0
0.0283 36669 0 0
0.0285 41088 0 0
0.0287 38480 0 0
0.0288 37281 0 0
0.0297 34684 0 0
0.0299 27190 0 0
0.0301 42258 0 0
0.0302 38756 0 0
0.0303 43219 0 0
0.0308 30213 0 0
0.0312 40489 0 0
0.0313 47461 0 0
0.0318 42533 0 0
0.0319 37996 0 0
0.0320 44187 0 0
0.0321 39597 0 0
0.0323 50249 0 0
0.0328 40521 0 0
0.0328 38404 0 0
0.0330 38900 0 0
0.0330 41539 0 0
0.0341 110964 0 0
0.0344 52947 0 0
0.0345 51696 0 0
0.0347 40623 0 0
0.0348 45951 0 0
0.0358 45915 0 0
0.0361 41704 0 0
0.0364 34516 0 0
0.0373 48511 0 0
0.0376 40108 0 0
0.0378 57414 0 0
0.0382 40390 0 0
0.0384 52198 0 0
0.0389 47177 0 0
0.0393 47906 0 0
0.0394 46426 0 0
0.0396 44065 0 0
0.0401 49742 0 0
0.0402 118496 0 0
0.0404 50897 0 0
0.0409 45953 0 0
0.0411 45599 0 0
0.0411 48869 0 0
0.0417 44021 0 0
0.0418 44207 0 0
0.0420 52071 0 0
0.0423 48183 0 0
0.0424 46766 0 0
0.0425 39189 0 0
0.0425 64431 0 0
0.0431 58190 0 0
0.0440 46645 0 0
0.0445 48952 0 0
0.0452 47448 0 0
0.0455 51193 0 0
0.0460 50443 0 0
0.0463 56601 0 0
0.0464 57965 0 0
0.0467 51547 0 0
0.0483 70520 0 0
0.0486 52298 0 0
0.0499 59094 0 0
0.0500 61029 0 0
0.1000 92429 0 0
0.1500 116552 0 0
0.2000 143870 0 0
0.2500 177612 0 0
0.3000 215904 0 0
0.3500 236458 0 0
0.4000 251500 0 0
0.4501 283014 0 0
0.5001 298442 0 0
0.5500 313681 0 0
0.6000 341247 0 0
0.6500 352574 0 0
0.7001 369839 0 0
0.7501 386268 0 0
0.8001 443779 0 0
0.8501 458341 0 0
0.9001 472325 0 0
0.9501 488171 0 0
1.0000 504660 0 0
