5129
0.00011542012927054478 900.9336334256694 167.9862650046168
0.00023084025854108956 1386.2113537117905 271.67860262008736
0.00034626038781163435 1848.5640301318267 438.8361581920904
0.0004616805170821791 2199.5454545454545 557.7318181818182
0.0005771006463527239 2452.8813186813186 619.6681318681319
0.0006925207756232687 2665.276056338028 1294.5492957746478
0.0008079409048938135 2831.602787456446 1192.8397212543555
0.0009233610341643582 3053.5236051502147 1231.2875536480688
0.001038781163434903 3128.864406779661 1350.8248587570622
0.0011542012927054479 3257.8333333333335 1743.077380952381
0.0012696214219759926 3352.4333333333334 1528.46
0.0013850415512465374 3475.184 2432.304
0.0015004616805170822 3567.764150943396 1959.0566037735848
0.001615881809787627 3665.785714285714 2829.6326530612246
0.0017313019390581717 3708.2261904761904 2523.6785714285716
0.0018467220683287165 3795.5443037974683 2107.784810126582
0.0019621421975992612 3777.5172413793102 2204.5172413793102
0.002077562326869806 3912.3934426229507 3246.0
0.0021929824561403508 4039.4363636363637 3531.018181818182
0.0023084025854108957 3944.684210526316 2597.8596491228072
0.0024238227146814403 4019.015625 3965.984375
0.0025392428439519853 4022.9189189189187 3222.0
0.00265466297322253 4034.804347826087 2940.2608695652175
0.002770083102493075 4036.0285714285715 2450.2571428571428
0.0028855032317636198 4075.0 2779.6666666666665
0.0030009233610341643 4167.777777777777 3222.1666666666665
0.0031163434903047093 4135.212121212121 3267.878787878788
0.003231763619575254 4228.325 3370.45
0.003347183748845799 4245.72972972973 5159.648648648648
0.0034626038781163434 4253.041666666667 3467.2916666666665
0.0035780240073868884 4252.107142857143 4134.142857142857
0.003693444136657433 4317.068965517241 4371.482758620689
0.003808864265927978 4341.541666666667 4969.583333333333
0.0039242843951985225 4296.666666666667 5000.916666666667
0.004039704524469067 4402.5 4979.65
0.004155124653739612 4326.315789473684 4843.8421052631575
0.004270544783010157 4309.923076923077 4610.115384615385
0.0043859649122807015 4459.708333333333 5962.208333333333
0.004501385041551247 4460.933333333333 5850.3
0.0046168051708217915 4453.64 6368.84
0.004732225300092336 4397.333333333333 5613.666666666667
0.004847645429362881 4532.173913043478 6540.695652173913
0.004963065558633426 4606.421052631579 7784.526315789473
0.0050784856879039705 4532.266666666666 7229.6
0.005193905817174515 4591.611111111111 8449.555555555555
0.00530932594644506 4564.266666666666 7888.733333333334
0.005424746075715605 4579.785714285715 6788.928571428572
0.00554016620498615 4490.076923076923 5153.384615384615
0.005655586334256694 4517.882352941177 8299.058823529413
0.0057710064635272396 4605.307692307692 8494.76923076923
0.005886426592797784 4584.090909090909 6394.181818181818
0.006001846722068329 4558.529411764706 7509.64705882353
0.006117266851338873 4628.0 10319.166666666666
0.006232686980609419 4580.071428571428 12835.642857142857
0.006348107109879963 4677.076923076923 10750.076923076924
0.006463527239150508 4636.5625 7946.6875
0.006578947368421052 4645.0 8547.866666666667
0.006694367497691598 4631.916666666667 8968.0
0.006809787626962142 4689.142857142857 9740.0
0.006925207756232687 4596.533333333334 5781.133333333333
0.007040627885503232 4620.4 7669.866666666667
0.007156048014773777 4645.6 7941.066666666667
0.007271468144044321 4634.625 7066.25
0.007386888273314866 4690.3 5953.8
0.007502308402585411 4680.5 9054.785714285714
0.007617728531855956 4636.727272727273 6323.909090909091
0.0077331486611265 4675.916666666667 7572.0
0.007848568790397045 4717.25 6898.625
0.00796398891966759 4610.142857142857 7220.571428571428
0.008079409048938134 4636.916666666667 6847.333333333333
0.00819482917820868 4673.461538461538 8514.692307692309
0.008310249307479225 4661.571428571428 7275.857142857143
0.008425669436749769 4653.5 7660.666666666667
0.008541089566020314 4745.571428571428 9468.57142857143
0.00865650969529086 4726.125 9678.5
0.008771929824561403 4712.142857142857 7167.142857142857
0.008887349953831948 4733.1 9983.9
0.009002770083102494 4752.6 9219.2
0.009118190212373038 4788.857142857143 11717.57142857143
0.009233610341643583 4764.833333333333 11730.166666666666
0.009349030470914127 4636.333333333333 10318.666666666666
0.009464450600184672 4644.5 7730.375
0.009579870729455217 4632.285714285715 10539.142857142857
0.009695290858725761 4635.714285714285 9530.42857142857
0.009810710987996307 4698.5 12185.3
0.009926131117266852 4775.0 13188.444444444445
0.010041551246537396 4739.5 8147.5
0.010156971375807941 4718.0 6846.0
0.010272391505078486 4726.8 7753.4
0.01038781163434903 4752.75 8773.0
0.010503231763619576 4803.714285714285 10984.0
0.01061865189289012 4771.25 10636.25
0.010734072022160665 4746.25 9186.5
0.01084949215143121 4821.166666666667 11034.833333333334
0.010964912280701754 4791.2 8730.6
0.0110803324099723 4649.5 10468.75
0.011195752539242845 4810.2 9660.2
0.011311172668513388 4812.0 10319.0
0.011426592797783934 4820.2 12934.4
0.011542012927054479 4810.75 13013.5
0.011657433056325023 4700.571428571428 10063.57142857143
0.011772853185595568 4662.8 8714.2
0.011888273314866112 4760.0 11104.666666666666
0.012003693444136657 4785.142857142857 11388.42857142857
0.012119113573407203 4784.0 10176.0
0.012234533702677746 4801.75 11283.25
0.012349953831948292 4743.25 7852.75
0.012465373961218837 4781.833333333333 9815.0
0.012580794090489381 4830.5 11429.5
0.012696214219759926 4803.0 9689.166666666666
0.012811634349030472 4769.666666666667 8006.0
0.012927054478301015 4806.0 9648.6
0.01304247460757156 4787.75 10848.5
0.013157894736842105 4553.0 5980.0
0.01327331486611265 4849.333333333333 14503.666666666666
0.013388734995383195 4829.25 13403.75
0.013504155124653739 4778.857142857143 14866.57142857143
0.013619575253924284 4709.0 18162.666666666668
0.01373499538319483 4776.2 14659.4
0.013850415512465374 4751.75 13898.25
0.013965835641735919 4504.0 5156.0
0.014081255771006464 4763.0 9203.0
0.014196675900277008 4722.0 10861.666666666666
0.014312096029547553 4809.666666666667 17899.0
0.014427516158818097 4861.25 19970.75
0.014542936288088643 4864.75 19314.5
0.014658356417359188 4862.5 15862.5
0.014773776546629732 4892.0 16397.333333333332
0.014889196675900277 4873.2 17699.6
0.015004616805170823 4868.666666666667 16803.0
0.015120036934441366 4887.25 25894.75
0.015235457063711912 4847.8 19746.0
0.015350877192982455 4894.5 20881.75
0.015466297322253 4881.5 25263.5
0.015581717451523546 4902.666666666667 26029.0
0.01569713758079409 4871.333333333333 23135.666666666668
0.015812557710064637 4871.333333333333 23144.666666666668
0.01592797783933518 4842.25 18238.75
0.016043397968605724 4874.0 20949.8
0.016158818097876268 4868.333333333333 15441.0
0.016274238227146815 4865.0 21993.0
0.01638965835641736 4836.5 16555.0
0.016505078485687903 4893.5 20467.5
0.01662049861495845 4886.5 18853.0
0.016735918744228993 4886.5 18856.5
0.016851338873499537 4902.0 19027.25
0.016966759002770084 4891.666666666667 18060.333333333332
0.017082179132040628 4883.666666666667 15205.666666666666
0.01719759926131117 4896.5 19272.5
0.01731301939058172 4911.666666666667 23060.0
0.017428439519852262 4907.666666666667 21414.666666666668
0.017543859649122806 4908.0 21414.666666666668
0.017659279778393353 4887.5 13402.5
0.017774699907663897 4939.0 23523.0
0.01789012003693444 4867.5 26116.5
0.018005540166204988 4868.0 19651.0
0.01812096029547553 4869.0 19749.0
0.018236380424746075 4893.5 17722.0
0.018351800554016622 4923.0 26716.0
0.01858264081255771 4895.333333333333 22213.0
0.018698060941828253 4905.75 18217.25
0.0188134810710988 4943.0 23651.0
0.018928901200369344 4871.0 19811.0
0.019044321329639888 4923.75 30235.5
0.019159741458910435 4900.5 27502.5
0.01927516158818098 4933.0 37203.0
0.019390581717451522 4935.0 46008.0
0.01950600184672207 4931.0 28458.0
0.019621421975992613 4926.5 21887.5
0.019736842105263157 4931.0 28505.0
0.019852262234533704 4942.5 26333.0
0.019967682363804248 4913.0 28485.333333333332
0.02008310249307479 4904.0 28479.5
0.02019852262234534 4868.0 9424.0
0.020313942751615882 4869.0 9432.0
0.020429362880886426 4902.0 19043.5
0.020660203139427517 4935.0 33870.666666666664
0.02077562326869806 4938.5 41047.5
0.020891043397968604 4951.5 47213.5
0.02100646352723915 4944.0 53815.0
0.02123730378578024 4912.0 32706.0
0.021352723915050786 4949.0 54115.0
0.021583564173591873 4964.0 41134.0
0.02169898430286242 4949.0 54215.0
0.021814404432132964 4949.0 54223.0
0.021929824561403508 4939.0 32251.0
0.0221606648199446 4949.0 54943.0
0.022276084949215142 4941.0 33367.0
0.02239150507848569 4968.5 43542.0
0.022622345337026777 4987.0 32895.0
0.022737765466297324 4888.0 21987.0
0.02296860572483841 4901.5 22812.75
0.023084025854108958 4900.0 13772.0
0.023199445983379502 4962.5 37073.5
0.023314866112650046 4900.0 22770.25
0.02343028624192059 4931.0 23080.0
0.023545706371191136 4849.5 12685.5
0.02389196675900277 4903.0 21185.0
0.024007386888273315 4910.0 21369.0
0.02412280701754386 4803.0 11606.0
0.024469067405355493 4803.0 11631.0
0.02458448753462604 4806.0 11642.0
0.024699907663896584 4806.0 11642.0
0.024815327793167127 4914.0 21445.0
0.024930747922437674 4837.0 12509.0
0.025046168051708218 4932.0 20001.0
0.02527700831024931 4909.5 19204.5
0.025392428439519853 4966.0 36622.0
0.025507848568790396 4966.0 36622.0
0.025738688827331487 4935.5 25704.0
0.02585410895660203 4889.0 22687.0
0.025969529085872575 4849.0 13314.0
0.02631578947368421 4945.666666666667 31441.0
0.026431209602954756 4953.0 31127.0
0.0265466297322253 4959.0 29879.0
0.026662049861495844 4931.0 32107.0
0.026892890120036934 4932.0 32416.0
0.027008310249307478 4932.0 32416.0
0.027123730378578025 4934.0 32481.0
0.02723915050784857 4934.0 32673.0
0.02746999076638966 4934.0 32673.0
0.027585410895660203 4920.0 23806.0
0.027700831024930747 4921.0 23831.0
0.027931671283471838 4921.0 23842.0
0.02804709141274238 4937.0 32710.0
0.02850877192982456 4998.0 47715.0
0.028624192059095107 4938.0 33389.0
0.02897045244690674 4939.0 33421.0
0.02920129270544783 4998.0 48132.0
0.02943213296398892 5004.0 57874.0
0.029547553093259463 4988.5 49485.0
0.02966297322253001 5005.0 57889.0
0.029778393351800554 5005.0 57931.0
0.029893813481071098 5005.0 57932.0
0.030009233610341645 5005.0 57997.0
0.030817174515235458 4976.0 38970.0
0.031278855032317636 4974.333333333333 38993.666666666664
0.03139427516158818 4972.0 35179.0
0.03150969529085872 4973.5 38836.5
0.031625115420129274 4991.0 51439.0
0.03174053554939982 4973.5 38846.5
0.03185595567867036 4983.0 46425.6
0.031971375807940905 4983.8 46543.0
0.03208679593721145 4986.0 49294.333333333336
0.03220221606648199 4986.0 47744.5
0.032317636195752536 4978.0 52822.0
0.03243305632502309 4978.0 52828.0
0.03254847645429363 4980.0 52886.0
0.032663896583564174 4933.0 26059.0
0.03277931671283472 4933.0 26059.0
0.03289473684210526 4958.5 34338.0
0.0332409972299169 4984.0 42592.0
0.033702677746999074 4984.0 42607.0
0.033818097876269625 4998.5 52117.5
0.034164358264081256 4936.0 26164.0
0.0342797783933518 5000.0 61791.0
0.03439519852262234 5000.0 61791.0
0.03451061865189289 4936.0 26172.0
0.03497229916897507 4988.0 44627.0
0.03508771929824561 4988.0 44627.0
0.035203139427516156 4988.0 44627.0
0.035549399815327794 4989.0 44656.0
0.03566481994459834 4989.0 44812.0
0.03578024007386888 4989.0 44812.0
0.035895660203139425 4992.5 51389.5
0.036011080332409975 4989.0 44812.0
0.03612650046168052 4962.5 35786.5
0.03647276084949215 4996.0 58088.0
0.036588180978762694 4989.0 44847.0
0.03681902123730379 4997.0 56500.333333333336
0.03693444136657433 4996.0 58117.0
0.03716528162511542 4993.5 54489.5
0.03728070175438596 4995.0 54805.0
0.037396121883656507 4976.5 47254.0
0.03751154201292706 4976.5 47277.5
0.0376269621421976 4972.5 43416.5
0.037742382271468145 5003.0 52441.0
0.038204062788550326 4996.0 55488.5
0.03831948291782087 4993.0 52107.0
0.038434903047091414 5002.0 76559.5
0.03855032317636196 4999.0 59620.0
0.04016620498614958 4959.0 30855.0
0.04051246537396122 4959.0 30872.0
0.040627885503231764 4960.0 38137.0
0.04074330563250231 4964.0 39503.0
0.04085872576177285 4971.0 40077.0
0.040974145891043395 4971.0 40077.0
0.04235918744228993 4975.0 40416.0
0.04339796860572484 5023.0 67316.0
0.043513388734995384 5023.0 67322.0
0.04362880886426593 5023.0 67323.0
0.043859649122807015 5023.0 67418.0
0.04420590951061865 5023.0 67418.0
0.0443213296398892 5001.5 52133.0
0.044552169898430284 5023.0 67418.0
0.04466759002770083 4981.0 36849.0
0.04478301015697138 5002.0 52140.0
0.04489843028624192 4981.0 36853.0
0.045013850415512466 4982.0 36869.0
0.04512927054478301 5023.0 67640.0
0.04524469067405355 5002.5 52272.0
0.04547553093259465 5023.0 67675.0
0.04559095106186519 4963.0 33089.0
0.045706371191135735 4963.0 33397.0
0.04593721144967682 4963.0 33410.0
0.046052631578947366 4963.0 33635.0
0.04662973222530009 4964.0 33762.0
0.046745152354570635 4964.0 33769.0
0.04686057248384118 4964.0 33769.0
0.04801477377654663 4985.0 43147.0
0.04813019390581717 4985.0 43147.0
0.04905355493998153 4967.0 36316.0
0.049284395198522624 4993.0 43966.0
0.04939981532779317 4993.0 44010.0
0.04951523545706371 4993.0 44010.0
0.049630655586334255 4967.0 37147.0
0.0497460757156048 4993.0 44010.0
0.04986149584487535 4993.0 44020.0
0.04997691597414589 4995.0 44081.0
0.0520544783010157 5029.0 69308.0
0.05216989843028624 5029.0 69308.0
0.05228531855955679 4998.0 45986.0
0.05240073868882733 4998.0 46013.0
0.052516158818097874 4998.0 46037.0
0.05263157894736842 5029.0 69309.0
0.05274699907663897 5013.5 57678.5
0.052977839335180056 5029.0 69405.0
0.0530932594644506 5029.0 69410.0
0.053208679593721143 5029.0 69410.0
0.05332409972299169 5024.0 68918.0
0.05343951985226224 5019.0 68426.0
0.05355493998153278 5019.0 68426.0
0.053670360110803325 5022.5 67593.5
0.05378578024007387 5025.0 68225.0
0.05390120036934441 5026.0 66761.0
0.054016620498614956 5026.0 66766.0
0.05459372114496768 5021.0 90330.0
0.054709141274238225 5021.0 90408.0
0.05493998153277932 5025.0 92448.0
0.05517082179132041 5021.0 68935.0
0.055401662049861494 4993.0 44362.0
0.05551708217913204 4993.0 44362.0
0.05563250230840259 5009.0 64368.5
0.05574792243767313 5023.5 77265.0
0.055863342566943676 5025.0 84378.0
0.05597876269621422 4996.0 44393.0
0.05609418282548476 4996.0 44394.0
0.05620960295475531 4996.0 44463.0
0.05632502308402586 5020.0 71427.33333333333
0.0564404432132964 5027.0 84461.0
0.056555863342566945 5027.0 84462.0
0.05667128347183749 4996.0 44580.0
0.05678670360110803 5017.5 64986.0
0.056902123730378576 5039.0 85392.0
0.05701754385964912 5039.0 85392.0
0.057248384118190214 5034.0 80252.0
0.05736380424746076 5034.5 80265.0
0.0574792243767313 5026.0 72646.0
0.057594644506001845 5030.0 75130.0
0.05771006463527239 5030.0 75308.0
0.05782548476454294 4996.0 44945.0
0.05794090489381348 5017.5 65321.5
0.05805632502308403 4996.0 44945.0
0.05817174515235457 5011.0 51438.0
0.05840258541089566 5011.0 51447.0
0.05851800554016621 4997.0 45530.0
0.05863342566943675 5014.0 60590.0
0.05886426592797784 4997.0 45537.0
0.05897968605724838 5012.0 52259.0
0.05932594644506002 5032.0 75747.0
0.059787626962142196 5012.0 52503.0
0.06140350877192982 5022.0 70688.0
0.06151892890120037 5022.0 70688.0
0.061634349030470915 5022.0 70697.0
0.06174976915974146 5022.0 70697.0
0.061865189289012 5047.0 91979.0
0.06244228993536473 5023.0 70883.0
0.06255771006463527 5023.0 70889.0
0.06267313019390582 5023.0 70907.0
0.06278855032317636 5047.0 93051.0
0.0629039704524469 5047.0 93084.0
0.06301939058171745 5037.0 82041.0
0.06313481071098799 5047.0 93107.0
0.06325023084025855 5037.0 82081.5
0.06336565096952909 5033.5 83154.5
0.06348107109879964 5042.0 92054.66666666667
0.06359649122807018 5033.5 83164.0
0.06371191135734072 5040.0 95351.0
0.06405817174515235 5040.0 95352.0
0.0641735918744229 5044.0 95206.0
0.06428901200369344 5038.5 83425.0
0.06440443213296398 5029.0 71803.0
0.06463527239150507 5048.0 95122.0
0.06475069252077563 5042.0 81024.0
0.06486611265004617 5041.666666666667 94887.33333333333
0.06498153277931672 5041.666666666667 95009.66666666667
0.06509695290858726 5051.0 95534.0
0.0652123730378578 5038.333333333333 78197.0
0.06544321329639889 5034.0 67197.0
0.06578947368421052 5040.0 88609.0
0.06590489381348107 5035.0 80255.5
0.06602031394275161 5035.0 80256.5
0.06613573407202217 5040.0 88611.0
0.06625115420129271 5040.0 88614.0
0.06763619575253925 5031.0 72073.0
0.06775161588180979 5032.5 71719.5
0.06786703601108034 5035.333333333333 77653.33333333333
0.06798245614035088 5035.333333333333 77691.33333333333
0.06809787626962142 5035.0 71489.0
0.06821329639889197 5035.0 71647.0
0.06844413665743306 5035.0 71647.0
0.06867497691597414 5051.0 103523.0
0.06913665743305633 5041.5 87983.5
0.06925207756232687 5051.0 103643.0
0.07017543859649122 5026.0 96976.0
0.07029085872576177 5036.5 96982.5
0.07040627885503231 5026.5 79010.0
0.07052169898430287 5007.0 67508.0
0.07063711911357341 5029.666666666667 77033.33333333333
0.07075253924284396 5041.0 81808.5
0.0708679593721145 5007.0 67700.0
0.07098337950138504 5007.0 67702.0
0.07109879963065559 5029.333333333333 89359.0
0.07121421975992613 5026.0 97517.5
0.07132963988919667 5045.0 131652.0
0.07179132040627885 5008.0 68223.0
0.0719067405355494 5008.0 68453.0
0.07225300092336104 5010.0 70895.0
0.07236842105263158 5010.0 72027.0
0.07271468144044321 5022.0 52791.0
0.07283010156971376 5016.5 62452.5
0.0729455216989843 5010.0 72077.0
0.07306094182825484 5039.0 74637.0
0.07329178208679593 5010.0 72123.0
0.07340720221606649 5032.0 88251.0
0.07352262234533703 5052.0 104497.0
0.07409972299168975 5052.0 105487.0
0.0742151431209603 5052.0 105487.0
0.07433056325023084 5049.0 119696.0
0.07513850415512466 5041.0 75026.0
0.0752539242843952 5041.0 75032.0
0.07536934441366575 5041.0 75032.0
0.07560018467220683 5041.0 75032.0
0.07571560480147738 5046.0 135358.0
0.07583102493074792 5049.0 135358.0
0.07594644506001846 5041.0 75300.0
0.0762927054478301 5041.0 75300.0
0.0765235457063712 5042.0 75303.0
0.07663896583564174 5042.0 75358.0
0.07675438596491228 5047.5 109598.5
0.07686980609418283 5051.0 136053.0
0.077331486611265 5051.0 136135.0
0.07744690674053555 5052.0 136753.0
0.07779316712834719 5018.0 87651.0
0.07790858725761773 5018.0 87651.0
0.07813942751615882 5018.0 87652.0
0.07848568790397045 5019.0 87732.0
0.07883194829178208 5020.0 87996.0
0.07894736842105263 5020.0 88004.0
0.07906278855032317 5020.0 88004.0
0.08137119113573407 5024.0 54939.0
0.0817174515235457 5025.0 71379.0
0.08275623268698061 5026.0 71839.0
0.08379501385041552 5057.0 114289.0
0.0840258541089566 5057.0 114738.0
0.08425669436749769 5042.5 120872.0
0.08437211449676824 5042.5 120873.0
0.08460295475530932 5042.5 120894.5
0.09452908587257618 5036.0 139705.0
0.09568328716528163 5036.0 140403.0
0.09579870729455217 5037.0 140407.0
0.09591412742382271 5037.0 140407.0
0.09891505078485688 5038.0 145458.0
0.09903047091412742 5038.0 145458.0
0.1072253000923361 5041.0 154490.0
0.1074561403508772 5041.0 154615.0
0.10757156048014774 5041.0 154643.0
0.11138042474607572 5041.0 159421.0
0.11161126500461681 5041.0 159472.0
0.11265004616805172 5042.0 160023.0
0.1139196675900277 5043.0 161835.0
0.11403508771929824 5043.0 161835.0
0.11426592797783934 5045.0 167894.0
0.11438134810710988 5045.0 167899.0
0.11449676823638043 5048.0 170676.0
0.1149584487534626 5048.0 171227.0
0.11507386888273315 5048.0 171329.0
0.11518928901200369 5048.0 171329.0
0.11530470914127423 5048.0 171329.0
0.11542012927054478 5048.0 171329.0
0.11599722991689751 5048.0 171355.0
0.11611265004616805 5048.0 171379.0
0.1162280701754386 5048.0 171499.0
0.11634349030470914 5048.0 171499.0
0.11645891043397968 5048.0 171500.0
0.11657433056325023 5048.0 171973.0
0.11668975069252077 5048.0 171973.0
0.11680517082179132 5048.0 171985.0
0.11692059095106186 5048.0 171985.0
0.11819021237303785 5048.0 172741.0
0.13261772853185597 5069.0 167010.0
0.1327331486611265 5069.0 167122.0
0.13284856879039705 5069.0 167126.0
0.1329639889196676 5069.0 168486.0
0.13307940904893814 5069.0 168541.0
0.13319482917820868 5069.0 168541.0
0.13365650969529086 5069.0 168876.0
0.1337719298245614 5069.0 168879.0
0.13411819021237303 5069.0 169048.0
0.13423361034164358 5069.0 169048.0
0.13504155124653738 5069.0 169226.0
0.13515697137580793 5069.0 169226.0
0.1352723915050785 5069.0 169299.0
0.13550323176361959 5069.0 169301.0
0.13677285318559557 5074.0 212500.0
0.13769621421975992 5074.0 212596.0
0.137927054478301 5074.0 212734.0
0.13804247460757155 5074.0 212744.0
0.13815789473684212 5074.0 212744.0
0.13827331486611266 5074.0 214796.0
0.13954293628808864 5069.0 173863.0
0.14185133887349954 5069.0 174993.0
0.14312096029547552 5071.5 198874.0
0.14346722068328716 5074.0 221540.0
0.14369806094182824 5069.0 178083.0
0.1438134810710988 5069.0 178083.0
0.14392890120036936 5069.0 178085.0
0.14415974145891045 5069.0 178092.0
0.1448522622345337 5069.0 180143.0
0.14496768236380425 5069.0 180143.0
0.1456602031394275 5074.0 225649.0
0.14692982456140352 5074.0 227208.0
0.14704524469067407 5074.0 227214.0
0.1471606648199446 5074.0 227300.0
0.1473915050784857 5074.0 227302.0
0.1490073868882733 5074.0 227439.0
0.1507386888273315 5075.0 262024.0
0.15085410895660203 5075.0 262024.0
0.15096952908587258 5075.0 262024.0
0.1513157894736842 5072.0 225837.5
0.15166204986149584 5069.0 189371.0
0.15200831024930747 5069.0 189414.0
0.1523545706371191 5069.0 189415.0
0.15246999076638965 5069.0 189432.0
0.1525854108956602 5069.0 189432.0
0.15270083102493076 5069.0 189446.0
0.1528162511542013 5069.0 190115.0
0.1530470914127424 5076.0 262653.0
0.15327793167128348 5076.0 262677.0
0.15350877192982457 5076.0 262677.0
0.1536241920590951 5076.0 262677.0
0.15373961218836565 5076.0 262713.0
0.1538550323176362 5076.0 263028.0
0.1554709141274238 5076.0 263852.0
0.1577793167128347 5077.0 264476.0
0.15789473684210525 5077.0 264476.0
0.1580101569713758 5077.0 264483.0
0.15812557710064634 5077.0 264483.0
0.16020313942751616 5077.0 271416.0
0.1603185595567867 5077.0 271419.0
0.16043397968605724 5077.0 271419.0
0.16101108033240996 5077.0 271659.0
0.16124192059095105 5077.0 271871.0
0.16170360110803325 5069.0 196812.0
0.1618190212373038 5069.0 196904.0
0.16204986149584488 5069.0 196910.0
0.16216528162511543 5069.0 196910.0
0.1623961218836565 5069.0 196949.0
0.16251154201292706 5069.0 196949.0
0.1628578024007387 5077.0 272729.0
0.1674746075715605 5077.0 274662.0
0.16770544783010158 5077.0 274663.0
0.16782086795937212 5077.0 274663.0
0.1682825484764543 5078.0 274802.0
0.16839796860572484 5078.0 274805.0
0.16851338873499538 5078.0 274810.0
0.1690904893813481 5078.0 274916.0
0.1693213296398892 5078.0 275237.0
0.16955216989843028 5078.0 275247.0
0.17116805170821792 5079.0 275792.0
0.17128347183748846 5079.0 276752.0
0.171398891966759 5079.0 276757.0
0.17209141274238227 5079.0 277088.0
0.1722068328716528 5079.0 277276.0
0.1837488457987073 5079.0 289421.0
0.18386426592797783 5079.0 289421.0
0.1845567867036011 5080.0 293308.0
0.19090489381348108 5085.0 323209.0
0.2027931671283472 5078.0 287515.0
0.20290858725761773 5078.0 287515.0
0.20302400738688828 5078.0 287515.0
0.20313942751615882 5078.0 287612.0
0.20325484764542937 5078.0 287612.0
0.20348568790397045 5078.0 287613.0
0.2121421975992613 5073.0 234096.0
0.2126038781163435 5073.0 234102.0
0.21456602031394276 5073.0 234686.0
0.21987534626038782 5073.0 238546.0
0.2213758079409049 5079.0 325689.0
0.22149122807017543 5079.0 325689.0
0.22160664819944598 5079.0 326232.0
0.22172206832871652 5079.0 326612.0
0.22229916897506924 5079.0 326994.0
0.22310710987996307 5079.0 327147.0
0.22322253000923362 5079.0 327147.0
0.22553093259464452 5074.0 262695.0
0.22564635272391506 5074.0 262698.0
0.22587719298245615 5074.0 262702.0
0.22622345337026778 5074.0 262712.0
0.22633887349953832 5074.0 262712.0
0.2347645429362881 5075.0 270138.0
0.23487996306555864 5075.0 270138.0
0.23499538319482918 5075.0 270138.0
0.23511080332409973 5075.0 270185.0
0.23522622345337027 5075.0 270190.0
0.23672668513388734 5080.0 337218.0
0.23822714681440443 5080.0 339880.0
0.23949676823638041 5075.0 270482.0
0.23961218836565096 5075.0 270482.0
0.2397276084949215 5075.0 270863.0
0.23984302862419207 5075.0 270870.0
0.24053554939981533 5080.0 340492.0
0.24076638965835642 5080.0 340506.0
0.24088180978762697 5080.0 340585.0
0.2409972299168975 5080.0 340903.0
0.2412280701754386 5080.0 344258.0
0.24192059095106186 5080.0 344866.0
0.2516158818097876 5078.0 278482.0
0.2528855032317636 5079.0 279186.0
0.2585410895660203 5079.0 281641.0
0.2676592797783934 5096.0 406381.0
0.2738919667590028 5098.0 487230.0
0.28254847645429365 5099.0 512124.0
0.3126731301939058 5101.0 435517.0
0.3127885503231764 5101.0 435524.0
0.314404432132964 5102.0 438841.0
0.31486611265004616 5102.0 442774.0
0.3304478301015697 5106.0 465558.0
0.3412973222530009 5084.0 353480.0
0.3419898430286242 5087.0 369181.0
0.34856879039704525 5088.0 384252.0
0.38700369344413665 5094.0 477751.0
0.7174515235457064 5117.0 943309.0
1.0 5129.0 1455433.0
