9979
0.00011542012927054478 907.485918744229 0.0
0.00023084025854108956 1393.8597304128054 0.0
0.00034626038781163435 1904.3779599271402 0.0
0.0004616805170821791 2197.6 0.0
0.0005771006463527239 2412.0235042735044 0.0
0.0006925207756232687 2646.049132947977 0.0
0.0008079409048938135 2853.996062992126 0.0
0.0009233610341643582 3072.9241071428573 0.0
0.001038781163434903 3231.538860103627 0.0
0.0011542012927054479 3288.4615384615386 0.0
0.0012696214219759926 3480.8947368421054 0.0
0.0013850415512465374 3402.3055555555557 0.0
0.0015004616805170822 3584.5742574257424 0.0
0.001615881809787627 3717.36 0.0
0.0017313019390581717 3718.6979166666665 0.0
0.0018467220683287165 3907.521126760563 0.0
0.0019621421975992612 3872.176470588235 0.0
0.002077562326869806 3900.7450980392155 0.0
0.0021929824561403508 4043.7450980392155 0.0
0.0023084025854108957 4040.0819672131147 0.0
0.0024238227146814403 4206.38 0.0
0.0025392428439519853 4105.340909090909 0.0
0.00265466297322253 4298.045454545455 0.0
0.002770083102493075 4264.073170731707 0.0
0.0028855032317636198 4188.171428571429 0.0
0.0030009233610341643 4219.512195121952 0.0
0.0031163434903047093 4316.727272727273 0.0
0.003231763619575254 4410.0 0.0
0.003347183748845799 4461.275862068966 0.0
0.0034626038781163434 4438.307692307692 0.0
0.0035780240073868884 4540.28 0.0
0.003693444136657433 4483.172413793103 0.0
0.003808864265927978 4421.074074074074 0.0
0.0039242843951985225 4544.708333333333 0.0
0.004039704524469067 4510.190476190476 0.0
0.004155124653739612 4571.285714285715 0.0
0.004270544783010157 4625.086956521739 0.0
0.0043859649122807015 4630.85 0.0
0.004501385041551247 4668.2 0.0
0.0046168051708217915 4678.111111111111 0.0
0.004732225300092336 4686.454545454545 0.0
0.004847645429362881 4639.866666666667 0.0
0.004963065558633426 4675.066666666667 0.0
0.0050784856879039705 4716.7 0.0
0.005193905817174515 4677.8125 0.0
0.00530932594644506 4816.5 0.0
0.005424746075715605 4769.642857142857 0.0
0.00554016620498615 4620.666666666667 0.0
0.005655586334256694 4832.866666666667 0.0
0.0057710064635272396 4816.190476190476 0.0
0.005886426592797784 4736.333333333333 0.0
0.006001846722068329 4793.833333333333 0.0
0.006117266851338873 4930.357142857143 0.0
0.006232686980609419 5074.727272727273 0.0
0.006348107109879963 5025.5 0.0
0.006463527239150508 4947.0 0.0
0.006578947368421052 4887.142857142857 0.0
0.006694367497691598 4882.875 0.0
0.006809787626962142 4948.1 0.0
0.006925207756232687 4883.142857142857 0.0
0.007040627885503232 4869.333333333333 0.0
0.007156048014773777 5029.454545454545 0.0
0.007271468144044321 4896.5625 0.0
0.007386888273314866 4981.2307692307695 0.0
0.007502308402585411 4917.444444444444 0.0
0.007617728531855956 4937.846153846154 0.0
0.0077331486611265 4884.214285714285 0.0
0.007848568790397045 5028.333333333333 0.0
0.00796398891966759 4923.916666666667 0.0
0.008079409048938134 5003.333333333333 0.0
0.00819482917820868 5089.285714285715 0.0
0.008310249307479225 5016.7 0.0
0.008425669436749769 4947.0 0.0
0.008541089566020314 4872.8 0.0
0.00865650969529086 4855.25 0.0
0.008771929824561403 4874.375 0.0
0.008887349953831948 5129.0 0.0
0.009002770083102494 5082.25 0.0
0.009118190212373038 5109.714285714285 0.0
0.009233610341643583 5120.2 0.0
0.009349030470914127 5240.8 0.0
0.009464450600184672 5454.5 0.0
0.009579870729455217 5321.8 0.0
0.009695290858725761 5037.0 0.0
0.009810710987996307 5132.142857142857 0.0
0.009926131117266852 5112.0 0.0
0.010041551246537396 5212.5 0.0
0.010156971375807941 5446.2 0.0
0.010272391505078486 5106.571428571428 0.0
0.01038781163434903 5293.090909090909 0.0
0.010503231763619576 5170.0 0.0
0.01061865189289012 5282.3 0.0
0.010734072022160665 5284.375 0.0
0.01084949215143121 5227.0 0.0
0.010964912280701754 5124.333333333333 0.0
0.0110803324099723 5238.0 0.0
0.011195752539242845 5065.333333333333 0.0
0.011311172668513388 5041.4 0.0
0.011426592797783934 5115.75 0.0
0.011542012927054479 5012.0 0.0
0.011657433056325023 5090.166666666667 0.0
0.011772853185595568 5033.5 0.0
0.011888273314866112 5086.0 0.0
0.012003693444136657 5017.666666666667 0.0
0.012119113573407203 4926.0 0.0
0.012234533702677746 5142.0 0.0
0.012349953831948292 5137.5 0.0
0.012465373961218837 5502.5 0.0
0.012580794090489381 5126.666666666667 0.0
0.012696214219759926 5420.0 0.0
0.012811634349030472 5548.5 0.0
0.012927054478301015 5488.166666666667 0.0
0.01304247460757156 5180.666666666667 0.0
0.013157894736842105 5434.5 0.0
0.01327331486611265 5070.0 0.0
0.013388734995383195 5196.666666666667 0.0
0.013504155124653739 5415.0 0.0
0.013619575253924284 5288.0 0.0
0.01373499538319483 5351.666666666667 0.0
0.013850415512465374 5364.2 0.0
0.013965835641735919 5274.333333333333 0.0
0.014081255771006464 5373.333333333333 0.0
0.014196675900277008 5184.4 0.0
0.014312096029547553 5230.5 0.0
0.014427516158818097 5201.666666666667 0.0
0.014542936288088643 5197.25 0.0
0.014773776546629732 5645.75 0.0
0.014889196675900277 5511.0 0.0
0.015004616805170823 5647.5 0.0
0.015120036934441366 5742.666666666667 0.0
0.015235457063711912 5595.857142857143 0.0
0.015350877192982455 5323.75 0.0
0.015466297322253 5570.666666666667 0.0
0.015581717451523546 5208.25 0.0
0.01569713758079409 5767.0 0.0
0.015812557710064637 5359.0 0.0
0.01592797783933518 5326.5 0.0
0.016043397968605724 5454.666666666667 0.0
0.016158818097876268 5479.8 0.0
0.016274238227146815 5714.666666666667 0.0
0.01638965835641736 5604.4 0.0
0.016505078485687903 5294.0 0.0
0.01662049861495845 5853.333333333333 0.0
0.016735918744228993 5773.333333333333 0.0
0.016851338873499537 5525.25 0.0
0.016966759002770084 5802.0 0.0
0.017082179132040628 5721.6 0.0
0.01719759926131117 5326.0 0.0
0.01731301939058172 5350.5 0.0
0.017428439519852262 5273.0 0.0
0.017543859649122806 5236.666666666667 0.0
0.017659279778393353 5425.0 0.0
0.017774699907663897 5505.0 0.0
0.01789012003693444 5440.25 0.0
0.018005540166204988 5471.333333333333 0.0
0.01812096029547553 5472.333333333333 0.0
0.018236380424746075 5832.8 0.0
0.018351800554016622 5632.2 0.0
0.018467220683287166 5540.5 0.0
0.01858264081255771 5600.25 0.0
0.018698060941828253 5671.666666666667 0.0
0.0188134810710988 5467.666666666667 0.0
0.018928901200369344 5869.666666666667 0.0
0.019044321329639888 5509.333333333333 0.0
0.019159741458910435 5509.2 0.0
0.01927516158818098 5637.5 0.0
0.019390581717451522 6090.5 0.0
0.01950600184672207 5280.0 0.0
0.019621421975992613 5320.0 0.0
0.019736842105263157 5315.75 0.0
0.019852262234533704 5931.75 0.0
0.019967682363804248 5902.2 0.0
0.02008310249307479 5771.0 0.0
0.02019852262234534 5587.5 0.0
0.020313942751615882 5837.0 0.0
0.020429362880886426 5453.25 0.0
0.020544783010156973 5318.333333333333 0.0
0.020660203139427517 5469.0 0.0
0.02077562326869806 5584.25 0.0
0.020891043397968604 5781.833333333333 0.0
0.02100646352723915 5287.0 0.0
0.021121883656509695 5366.0 0.0
0.02123730378578024 5582.4 0.0
0.021352723915050786 5512.333333333333 0.0
0.02146814404432133 5370.5 0.0
0.021583564173591873 5403.25 0.0
0.02169898430286242 5412.0 0.0
0.021814404432132964 5376.0 0.0
0.021929824561403508 5440.0 0.0
0.022045244690674055 5578.333333333333 0.0
0.0221606648199446 5617.25 0.0
0.022276084949215142 5539.8 0.0
0.02239150507848569 5720.5 0.0
0.022506925207756233 5498.666666666667 0.0
0.022622345337026777 5579.5 0.0
0.022737765466297324 5472.0 0.0
0.022853185595567867 5972.0 0.0
0.02296860572483841 6230.0 0.0
0.023084025854108958 5972.8 0.0
0.023199445983379502 5386.0 0.0
0.023314866112650046 5854.25 0.0
0.02343028624192059 5813.666666666667 0.0
0.023545706371191136 5791.0 0.0
0.02366112650046168 5452.0 0.0
0.023776546629732224 5829.5 0.0
0.02389196675900277 5622.0 0.0
0.024007386888273315 5615.8 0.0
0.02412280701754386 5501.666666666667 0.0
0.024238227146814405 5345.0 0.0
0.02435364727608495 5758.333333333333 0.0
0.024469067405355493 5568.0 0.0
0.02458448753462604 5855.75 0.0
0.024699907663896584 6225.0 0.0
0.024815327793167127 6109.0 0.0
0.024930747922437674 5886.5 0.0
0.025161588180978762 5982.0 0.0
0.02527700831024931 5682.5 0.0
0.025623268698060944 5947.0 0.0
0.025738688827331487 5986.0 0.0
0.02585410895660203 5709.333333333333 0.0
0.025969529085872575 6125.0 0.0
0.02608494921514312 5726.333333333333 0.0
0.02631578947368421 5350.0 0.0
0.026431209602954756 5825.25 0.0
0.0265466297322253 5868.0 0.0
0.026662049861495844 6053.5 0.0
0.02677746999076639 6053.5 0.0
0.026892890120036934 5910.0 0.0
0.027008310249307478 5851.0 0.0
0.027123730378578025 6296.0 0.0
0.02723915050784857 6168.0 0.0
0.027354570637119113 5726.333333333333 0.0
0.02746999076638966 6084.0 0.0
0.027585410895660203 6075.0 0.0
0.027700831024930747 5873.0 0.0
0.027816251154201294 5914.571428571428 0.0
0.027931671283471838 5896.8 0.0
0.02804709141274238 5859.0 0.0
0.02816251154201293 5859.25 0.0
0.028277931671283472 5603.0 0.0
0.028393351800554016 5822.0 0.0
0.02850877192982456 6260.0 0.0
0.028855032317636194 5796.0 0.0
0.02897045244690674 5530.333333333333 0.0
0.029085872576177285 5722.5 0.0
0.02920129270544783 5731.2 0.0
0.029316712834718376 5714.5 0.0
0.02943213296398892 5717.0 0.0
0.029547553093259463 5390.0 0.0
0.02966297322253001 6206.0 0.0
0.029778393351800554 5390.0 0.0
0.029893813481071098 6047.0 0.0
0.03012465373961219 5722.0 0.0
0.030240073868882732 6154.0 0.0
0.03035549399815328 5870.666666666667 0.0
0.030470914127423823 6158.666666666667 0.0
0.030586334256694367 5623.0 0.0
0.03070175438596491 5521.0 0.0
0.030817174515235458 6586.0 0.0
0.031048014773776545 6587.0 0.0
0.031163434903047092 6587.0 0.0
0.031278855032317636 6587.0 0.0
0.03185595567867036 5516.0 0.0
0.03220221606648199 6588.0 0.0
0.032317636195752536 6588.0 0.0
0.03254847645429363 5732.0 0.0
0.032663896583564174 6061.5 0.0
0.03277931671283472 6588.0 0.0
0.03289473684210526 6052.5 0.0
0.033010156971375805 6588.0 0.0
0.033125577100646356 6052.5 0.0
0.0332409972299169 6588.0 0.0
0.03335641735918744 5526.5 0.0
0.033702677746999074 6419.0 0.0
0.033818097876269625 5451.0 0.0
0.03393351800554017 5451.0 0.0
0.03404893813481071 5494.5 0.0
0.034164358264081256 5494.5 0.0
0.0342797783933518 6596.0 0.0
0.03439519852262234 5861.666666666667 0.0
0.03451061865189289 5674.0 0.0
0.03462603878116344 5819.0 0.0
0.03474145891043398 5955.666666666667 0.0
0.034856879039704525 5955.666666666667 0.0
0.03497229916897507 6032.0 0.0
0.03508771929824561 5643.5 0.0
0.035203139427516156 6121.0 0.0
0.035318559556786706 6597.0 0.0
0.03543397968605725 5471.0 0.0
0.03578024007386888 6305.0 0.0
0.036011080332409975 5645.0 0.0
0.03612650046168052 5645.0 0.0
0.03624192059095106 5646.0 0.0
0.03647276084949215 5642.0 0.0
0.03716528162511542 5559.5 0.0
0.0376269621421976 5482.0 0.0
0.037742382271468145 6599.0 0.0
0.03785780240073869 5831.0 0.0
0.038204062788550326 5936.0 0.0
0.03831948291782087 5785.0 0.0
0.038434903047091414 5762.0 0.0
0.03855032317636196 6042.0 0.0
0.0386657433056325 5483.0 0.0
0.038896583564173595 5560.5 0.0
0.03901200369344414 5638.0 0.0
0.03912742382271468 6045.0 0.0
0.03935826408125577 5638.0 0.0
0.039473684210526314 5638.0 0.0
0.03958910433979686 5746.5 0.0
0.03970452446906741 6031.5 0.0
0.03981994459833795 5668.0 0.0
0.04005078485687904 6611.0 0.0
0.04016620498614958 6134.0 0.0
0.04039704524469068 5657.0 0.0
0.040627885503231764 5657.0 0.0
0.04074330563250231 6623.0 0.0
0.04085872576177285 6623.0 0.0
0.040974145891043395 6624.0 0.0
0.041089566020313946 5756.0 0.0
0.04120498614958449 5757.0 0.0
0.04143582640812558 5458.0 0.0
0.04155124653739612 6265.0 0.0
0.041666666666666664 5458.0 0.0
0.04178208679593721 5458.0 0.0
0.042128347183748846 5703.0 0.0
0.04339796860572484 6270.0 0.0
0.04374422899353647 5681.0 0.0
0.043975069252077566 6236.5 0.0
0.04409048938134811 6064.666666666667 0.0
0.04420590951061865 6064.666666666667 0.0
0.0443213296398892 5681.0 0.0
0.04443674976915974 5722.0 0.0
0.044552169898430284 5681.0 0.0
0.04466759002770083 6255.5 0.0
0.04478301015697138 5694.0 0.0
0.045013850415512466 6290.5 0.0
0.04512927054478301 6871.0 0.0
0.0453601108033241 5725.0 0.0
0.04547553093259465 6765.0 0.0
0.04559095106186519 6245.0 0.0
0.045706371191135735 6765.0 0.0
0.04582179132040628 5725.0 0.0
0.046052631578947366 6456.333333333333 0.0
0.046168051708217916 6456.333333333333 0.0
0.04628347183748846 5728.0 0.0
0.04651431209602955 6871.0 0.0
0.04662973222530009 6770.0 0.0
0.047899353647276086 6374.0 0.0
0.04813019390581717 6376.0 0.0
0.048591874422899355 6887.0 0.0
0.04882271468144044 6631.5 0.0
0.048938134810710986 6376.0 0.0
0.049284395198522624 6773.0 0.0
0.04939981532779317 6773.0 0.0
0.049630655586334255 6896.0 0.0
0.04986149584487535 6453.0 0.0
0.04997691597414589 6453.0 0.0
0.05020775623268698 6675.0 0.0
0.050323176361957524 6896.0 0.0
0.05043859649122807 6675.0 0.0
0.05101569713758079 6896.0 0.0
0.05124653739612189 6454.0 0.0
0.05193905817174515 6456.0 0.0
0.0520544783010157 6456.0 0.0
0.05263157894736842 6863.0 0.0
0.05274699907663897 6863.0 0.0
0.052977839335180056 6863.0 0.0
0.0530932594644506 6863.0 0.0
0.053670360110803325 6488.0 0.0
0.05378578024007387 6488.0 0.0
0.05390120036934441 6863.0 0.0
0.054016620498614956 6890.0 0.0
0.0541320406278855 6863.0 0.0
0.054709141274238225 6890.0 0.0
0.05563250230840259 6493.0 0.0
0.05574792243767313 6868.0 0.0
0.055863342566943676 6493.0 0.0
0.05597876269621422 6486.0 0.0
0.05609418282548476 6486.0 0.0
0.05632502308402586 6602.5 0.0
0.0564404432132964 6720.0 0.0
0.056555863342566945 6720.0 0.0
0.05678670360110803 6720.0 0.0
0.056902123730378576 6603.0 0.0
0.05701754385964912 6486.0 0.0
0.05713296398891967 6486.0 0.0
0.05736380424746076 6870.0 0.0
0.0574792243767313 6678.0 0.0
0.05771006463527239 6486.0 0.0
0.05782548476454294 6486.0 0.0
0.05805632502308403 6487.0 0.0
0.05817174515235457 6487.0 0.0
0.05840258541089566 6942.0 0.0
0.05851800554016621 6942.0 0.0
0.05863342566943675 6834.0 0.0
0.05990304709141274 6950.0 0.0
0.06024930747922438 6950.0 0.0
0.06036472760849492 6950.0 0.0
0.060480147737765465 6951.0 0.0
0.06336565096952909 6951.0 0.0
0.06348107109879964 6951.0 0.0
0.06532779316712835 6956.0 0.0
0.06544321329639889 6956.0 0.0
0.06567405355493998 6956.0 0.0
0.06590489381348107 6956.0 0.0
0.06602031394275161 6956.0 0.0
0.06636657433056325 6967.0 0.0
0.0664819944598338 6973.0 0.0
0.07710064635272391 6754.0 0.0
0.07721606648199446 6754.0 0.0
0.077331486611265 6754.0 0.0
0.07744690674053555 6754.0 0.0
0.08217913204062789 6776.0 0.0
0.08264081255771007 6776.0 0.0
0.08275623268698061 6776.0 0.0
0.08460295475530932 6107.0 0.0
0.08795013850415513 6116.0 0.0
0.09037396121883656 6128.0 0.0
0.0904893813481071 7030.0 0.0
0.09106648199445984 7030.0 0.0
0.09118190212373038 7030.0 0.0
0.09279778393351801 6868.0 0.0
0.09291320406278855 6868.0 0.0
0.09325946445060018 6868.0 0.0
0.09349030470914127 6868.0 0.0
0.09383656509695291 6871.0 0.0
0.094067405355494 6871.0 0.0
0.09429824561403509 6871.0 0.0
0.09452908587257618 6871.0 0.0
0.09475992613111726 6871.0 0.0
0.09487534626038781 6871.0 0.0
0.09499076638965835 6871.0 0.0
0.09568328716528163 6871.0 0.0
0.09579870729455217 6871.0 0.0
0.09591412742382271 6871.0 0.0
0.09602954755309326 6871.0 0.0
0.09995383194829179 6871.0 0.0
0.10006925207756233 6871.0 0.0
0.1005309325946445 6871.0 0.0
0.11149584487534626 7489.0 0.0
0.11161126500461681 7489.0 0.0
0.1118421052631579 7489.0 0.0
0.1128808864265928 7293.0 0.0
0.11368882733148661 7489.0 0.0
0.11715143120960296 7496.0 0.0
0.11819021237303785 7496.0 0.0
0.1183056325023084 7496.0 0.0
0.1185364727608495 7496.0 0.0
0.11922899353647276 7496.0 0.0
0.1193444136657433 6939.0 0.0
0.11945983379501385 7499.0 0.0
0.11957525392428439 7499.0 0.0
0.11992151431209604 7298.0 0.0
0.12003693444136658 7298.0 0.0
0.12015235457063712 7298.0 0.0
0.12026777469990767 7298.0 0.0
0.12038319482917821 7298.0 0.0
0.12049861495844875 7298.0 0.0
0.12107571560480147 7298.0 0.0
0.12119113573407202 7298.0 0.0
0.12188365650969529 7298.0 0.0
0.12211449676823638 7298.0 0.0
0.12246075715604801 7298.0 0.0
0.1229224376731302 7298.0 0.0
0.12315327793167129 7298.0 0.0
0.12326869806094183 7299.0 0.0
0.12338411819021237 7299.0 0.0
0.12349953831948292 7299.0 0.0
0.12973222530009235 7165.0 0.0
0.13088642659279778 7166.0 0.0
0.13111726685133887 7166.0 0.0
0.13134810710987996 7166.0 0.0
0.13192520775623268 7166.0 0.0
0.13284856879039705 7553.0 0.0
0.1329639889196676 7553.0 0.0
0.1352723915050785 6966.0 0.0
0.13573407202216067 7554.0 0.0
0.13596491228070176 7554.0 0.0
0.1360803324099723 7554.0 0.0
0.13642659279778394 7554.0 0.0
0.13654201292705448 6966.0 0.0
0.13665743305632502 7554.0 0.0
0.13677285318559557 7554.0 0.0
0.1383887349953832 7268.0 0.0
0.14058171745152354 7271.0 0.0
0.14081255771006462 7271.0 0.0
0.14462142197599262 7558.0 0.0
0.14704524469067407 7558.0 0.0
0.1471606648199446 7558.0 0.0
0.1473915050784857 7558.0 0.0
0.15604801477377656 7342.0 0.0
0.1561634349030471 7342.0 0.0
0.15650969529085873 7451.5 0.0
0.15662511542012927 7452.0 0.0
0.15674053554939982 7342.0 0.0
0.15685595567867036 7342.0 0.0
0.15708679593721145 7562.0 0.0
0.15743305632502308 7342.0 0.0
0.15812557710064634 7570.0 0.0
0.158471837488458 7570.0 0.0
0.15881809787626963 7570.0 0.0
0.15985687903970452 7352.0 0.0
0.1600877192982456 7352.0 0.0
0.1611265004616805 7352.0 0.0
0.16735918744228995 7572.0 0.0
0.1680517082179132 7369.0 0.0
0.16816712834718375 7369.0 0.0
0.1682825484764543 7369.0 0.0
0.16839796860572484 7369.0 0.0
0.18155586334256693 7069.0 0.0
0.18432594644506 7300.0 0.0
0.19436749769159742 7491.0 0.0
0.19448291782086796 7491.0 0.0
0.1945983379501385 7491.0 0.0
0.19552169898430286 7491.0 0.0
0.1956371191135734 7491.0 0.0
0.19667590027700832 7648.0 0.0
0.19702216066481995 7648.0 0.0
0.19736842105263158 7685.0 0.0
0.1977146814404432 7685.0 0.0
0.19783010156971376 7685.0 0.0
0.1979455216989843 7685.0 0.0
0.19967682363804248 7495.0 0.0
0.19979224376731303 7495.0 0.0
0.19990766389658357 7495.0 0.0
0.20002308402585411 7495.0 0.0
0.20013850415512466 7495.0 0.0
0.2002539242843952 7495.0 0.0
0.201061865189289 7686.0 0.0
0.20117728531855955 7686.0 0.0
0.2012927054478301 7686.0 0.0
0.2018698060941828 7686.0 0.0
0.20198522622345336 7686.0 0.0
0.20221606648199447 7686.0 0.0
0.20233148661126502 7686.0 0.0
0.20244690674053556 7686.0 0.0
0.2025623268698061 7686.0 0.0
0.20302400738688828 7686.0 0.0
0.20313942751615882 7686.0 0.0
0.2033702677746999 7686.0 0.0
0.20348568790397045 7686.0 0.0
0.203601108033241 7686.0 0.0
0.20429362880886426 7686.0 0.0
0.20452446906740535 7686.0 0.0
0.21398891966759004 7508.0 0.0
0.22795475530932593 7748.0 0.0
0.2293397968605725 7748.0 0.0
0.2546168051708218 7768.0 0.0
0.2549630655586334 7768.0 0.0
0.255078485687904 7768.0 0.0
0.25738688827331485 7871.0 0.0
0.2577331486611265 7882.0 0.0
0.2596952908587258 7831.0 0.0
0.2658125577100646 7836.0 0.0
0.26696675900277006 7836.0 0.0
0.26708217913204063 7836.0 0.0
0.26742843951985223 7836.0 0.0
0.2676592797783934 7836.0 0.0
0.2693905817174515 7836.0 0.0
0.2695060018467221 7836.0 0.0
0.27008310249307477 7836.0 0.0
0.2708910433979686 7836.0 0.0
0.27943213296398894 7844.0 0.0
0.300207756232687 8544.0 0.0
0.39058171745152354 8631.0 0.0
0.4420590951061865 8352.0 0.0
0.5579409048938134 9195.0 0.0
1.0 9979.0 0.0
