989313
0.00011542012927054478 1250.0684441366575 0.0
0.00023084025854108956 1890.6119402985075 0.0
0.00034626038781163435 3044.8824120603017 0.0
0.0004616805170821791 3501.4828101644243 0.0
0.0005771006463527239 4484.458333333333 0.0
0.0006925207756232687 4856.7959183673465 0.0
0.0008079409048938135 5629.355072463768 0.0
0.0009233610341643582 6493.489177489178 0.0
0.001038781163434903 6620.114130434783 0.0
0.0011542012927054479 6932.959770114942 0.0
0.0012696214219759926 7849.867132867133 0.0
0.0013850415512465374 8073.765151515152 0.0
0.0015004616805170822 7572.950980392156 0.0
0.001615881809787627 8942.533333333333 0.0
0.0017313019390581717 8409.068965517241 0.0
0.0018467220683287165 11047.426470588236 0.0
0.0019621421975992612 8893.524390243903 0.0
0.002077562326869806 9941.513888888889 0.0
0.0021929824561403508 11427.153846153846 0.0
0.0023084025854108957 11829.639344262296 0.0
0.0024238227146814403 11121.283333333333 0.0
0.0025392428439519853 11560.48076923077 0.0
0.00265466297322253 12739.90243902439 0.0
0.002770083102493075 12088.375 0.0
0.0028855032317636198 13811.567567567568 0.0
0.0030009233610341643 12854.64705882353 0.0
0.0031163434903047093 13802.0 0.0
0.003231763619575254 14255.735294117647 0.0
0.003347183748845799 15294.114285714286 0.0
0.0034626038781163434 17139.194444444445 0.0
0.0035780240073868884 15940.23076923077 0.0
0.003693444136657433 16323.555555555555 0.0
0.003808864265927978 16711.65 0.0
0.0039242843951985225 16639.5 0.0
0.004039704524469067 13955.227272727272 0.0
0.004155124653739612 18749.5 0.0
0.004270544783010157 18114.904761904763 0.0
0.0043859649122807015 17060.5 0.0
0.004501385041551247 20621.8125 0.0
0.0046168051708217915 20700.35714285714 0.0
0.004732225300092336 20894.894736842107 0.0
0.004847645429362881 21380.809523809523 0.0
0.004963065558633426 22276.823529411766 0.0
0.0050784856879039705 17652.41176470588 0.0
0.005193905817174515 19252.125 0.0
0.00530932594644506 16420.555555555555 0.0
0.005424746075715605 17453.0 0.0
0.00554016620498615 18638.545454545456 0.0
0.005655586334256694 18477.615384615383 0.0
0.0057710064635272396 18435.29411764706 0.0
0.005886426592797784 19519.9375 0.0
0.006001846722068329 23481.69230769231 0.0
0.006117266851338873 20387.571428571428 0.0
0.006232686980609419 18761.545454545456 0.0
0.006348107109879963 21479.285714285714 0.0
0.006463527239150508 21468.444444444445 0.0
0.006578947368421052 19522.4 0.0
0.006694367497691598 23012.25 0.0
0.006809787626962142 21018.333333333332 0.0
0.006925207756232687 23878.666666666668 0.0
0.007040627885503232 27733.0 0.0
0.007156048014773777 29493.714285714286 0.0
0.007271468144044321 26237.6 0.0
0.007386888273314866 23446.125 0.0
0.007502308402585411 24561.14285714286 0.0
0.007617728531855956 23619.666666666668 0.0
0.0077331486611265 20723.125 0.0
0.007848568790397045 21743.666666666668 0.0
0.00796398891966759 19037.75 0.0
0.008079409048938134 25727.0 0.0
0.00819482917820868 28916.0 0.0
0.008310249307479225 31095.0 0.0
0.008425669436749769 25601.466666666667 0.0
0.008541089566020314 32810.38461538462 0.0
0.00865650969529086 24606.222222222223 0.0
0.008771929824561403 22783.5 0.0
0.008887349953831948 24344.166666666668 0.0
0.009002770083102494 27891.333333333332 0.0
0.009118190212373038 37012.142857142855 0.0
0.009233610341643583 20790.285714285714 0.0
0.009349030470914127 27426.428571428572 0.0
0.009464450600184672 35132.0 0.0
0.009579870729455217 31388.666666666668 0.0
0.009695290858725761 28314.555555555555 0.0
0.009810710987996307 28198.25 0.0
0.009926131117266852 28253.5 0.0
0.010041551246537396 27240.2 0.0
0.010156971375807941 37453.0 0.0
0.010272391505078486 29515.444444444445 0.0
0.01038781163434903 35909.625 0.0
0.010503231763619576 30033.5 0.0
0.01061865189289012 30607.6 0.0
0.010734072022160665 32689.666666666668 0.0
0.01084949215143121 37276.142857142855 0.0
0.010964912280701754 28945.0 0.0
0.0110803324099723 35801.25 0.0
0.011195752539242845 32432.0 0.0
0.011311172668513388 26910.0 0.0
0.011426592797783934 26848.6 0.0
0.011542012927054479 35784.0 0.0
0.011657433056325023 25807.25 0.0
0.011772853185595568 35647.5 0.0
0.011888273314866112 37568.4 0.0
0.012003693444136657 50039.0 0.0
0.012119113573407203 35943.8 0.0
0.012234533702677746 46560.166666666664 0.0
0.012349953831948292 36374.5 0.0
0.012465373961218837 28041.0 0.0
0.012580794090489381 35934.5 0.0
0.012696214219759926 21830.0 0.0
0.012811634349030472 58355.666666666664 0.0
0.012927054478301015 46405.333333333336 0.0
0.01304247460757156 25668.666666666668 0.0
0.013157894736842105 34652.25 0.0
0.01327331486611265 42215.0 0.0
0.013388734995383195 40233.5 0.0
0.013504155124653739 44345.0 0.0
0.013619575253924284 52788.8 0.0
0.01373499538319483 67532.0 0.0
0.013850415512465374 48963.666666666664 0.0
0.013965835641735919 35074.2 0.0
0.014081255771006464 48979.166666666664 0.0
0.014196675900277008 50991.28571428572 0.0
0.014312096029547553 45157.625 0.0
0.014427516158818097 38384.71428571428 0.0
0.014542936288088643 54545.333333333336 0.0
0.014658356417359188 46769.125 0.0
0.014773776546629732 30265.4 0.0
0.014889196675900277 34643.0 0.0
0.015004616805170823 30113.5 0.0
0.015120036934441366 41766.0 0.0
0.015235457063711912 30158.5 0.0
0.015350877192982455 30129.0 0.0
0.015466297322253 33326.5 0.0
0.015581717451523546 48812.0 0.0
0.01569713758079409 49278.0 0.0
0.015812557710064637 47057.0 0.0
0.01592797783933518 47081.0 0.0
0.016043397968605724 42482.333333333336 0.0
0.016158818097876268 39689.0 0.0
0.016274238227146815 40396.0 0.0
0.01638965835641736 41565.5 0.0
0.016505078485687903 35786.833333333336 0.0
0.01662049861495845 38249.142857142855 0.0
0.016735918744228993 40122.5 0.0
0.016851338873499537 40300.333333333336 0.0
0.016966759002770084 36822.2 0.0
0.017082179132040628 39779.75 0.0
0.01719759926131117 46128.166666666664 0.0
0.01731301939058172 44196.42857142857 0.0
0.017428439519852262 42587.5 0.0
0.017543859649122806 47746.0 0.0
0.017659279778393353 46314.0 0.0
0.017774699907663897 47110.0 0.0
0.01789012003693444 39468.75 0.0
0.018005540166204988 53709.0 0.0
0.01812096029547553 38282.333333333336 0.0
0.018236380424746075 46910.666666666664 0.0
0.018351800554016622 40839.8 0.0
0.018467220683287166 44816.5 0.0
0.01858264081255771 44499.0 0.0
0.018698060941828253 38350.0 0.0
0.0188134810710988 43069.0 0.0
0.018928901200369344 46115.333333333336 0.0
0.019044321329639888 37286.0 0.0
0.019159741458910435 38656.5 0.0
0.01927516158818098 61869.5 0.0
0.019390581717451522 63685.5 0.0
0.01950600184672207 31578.0 0.0
0.019621421975992613 55359.5 0.0
0.019736842105263157 52873.0 0.0
0.019852262234533704 52874.0 0.0
0.019967682363804248 51695.5 0.0
0.02008310249307479 50628.6 0.0
0.02019852262234534 43987.333333333336 0.0
0.020313942751615882 56565.5 0.0
0.020429362880886426 45857.0 0.0
0.020544783010156973 48054.75 0.0
0.020660203139427517 52549.25 0.0
0.02077562326869806 55626.0 0.0
0.020891043397968604 54794.25 0.0
0.02100646352723915 51183.4 0.0
0.021121883656509695 56347.25 0.0
0.02123730378578024 51452.0 0.0
0.021352723915050786 51399.5 0.0
0.02146814404432133 54905.666666666664 0.0
0.021583564173591873 62861.0 0.0
0.02169898430286242 60055.5 0.0
0.021814404432132964 53410.666666666664 0.0
0.021929824561403508 73445.0 0.0
0.022045244690674055 55584.0 0.0
0.0221606648199446 59044.0 0.0
0.022276084949215142 54353.0 0.0
0.02239150507848569 66241.5 0.0
0.022506925207756233 66134.66666666667 0.0
0.022622345337026777 60094.75 0.0
0.022737765466297324 59026.0 0.0
0.022853185595567867 59519.5 0.0
0.02296860572483841 65441.666666666664 0.0
0.023084025854108958 64468.4 0.0
0.023199445983379502 57671.0 0.0
0.023314866112650046 54892.5 0.0
0.02343028624192059 67293.0 0.0
0.023545706371191136 54962.0 0.0
0.02366112650046168 61947.5 0.0
0.023776546629732224 56601.5 0.0
0.02389196675900277 59799.0 0.0
0.024007386888273315 54247.0 0.0
0.02412280701754386 59624.0 0.0
0.024238227146814405 60320.6 0.0
0.02435364727608495 60415.333333333336 0.0
0.024469067405355493 52349.333333333336 0.0
0.02458448753462604 66226.0 0.0
0.024699907663896584 54547.25 0.0
0.024815327793167127 62065.666666666664 0.0
0.024930747922437674 65923.75 0.0
0.025046168051708218 61618.0 0.0
0.025161588180978762 56034.166666666664 0.0
0.02527700831024931 52534.0 0.0
0.025392428439519853 45011.0 0.0
0.025507848568790396 58246.0 0.0
0.025623268698060944 37825.5 0.0
0.025738688827331487 43354.666666666664 0.0
0.02585410895660203 48800.5 0.0
0.025969529085872575 63692.5 0.0
0.02608494921514312 48270.0 0.0
0.026200369344413665 60649.333333333336 0.0
0.02631578947368421 61587.333333333336 0.0
0.026431209602954756 51254.25 0.0
0.0265466297322253 57611.0 0.0
0.026662049861495844 47557.666666666664 0.0
0.02677746999076639 58427.75 0.0
0.026892890120036934 62462.166666666664 0.0
0.027008310249307478 64194.5 0.0
0.027123730378578025 67254.14285714286 0.0
0.02723915050784857 61210.833333333336 0.0
0.027354570637119113 72271.4 0.0
0.02746999076638966 57516.5 0.0
0.027585410895660203 56011.0 0.0
0.027700831024930747 62825.0 0.0
0.027816251154201294 62961.0 0.0
0.027931671283471838 66716.5 0.0
0.02816251154201293 71629.5 0.0
0.028277931671283472 58833.0 0.0
0.028393351800554016 60060.0 0.0
0.02850877192982456 77586.0 0.0
0.028624192059095107 96345.0 0.0
0.02873961218836565 73438.33333333333 0.0
0.028855032317636194 77121.25 0.0
0.02897045244690674 77622.0 0.0
0.029085872576177285 87420.66666666667 0.0
0.02920129270544783 75370.0 0.0
0.02943213296398892 96600.0 0.0
0.029547553093259463 53080.0 0.0
0.02966297322253001 83202.0 0.0
0.029778393351800554 75200.5 0.0
0.029893813481071098 76107.0 0.0
0.030009233610341645 83583.0 0.0
0.03012465373961219 72496.0 0.0
0.030240073868882732 65870.5 0.0
0.030470914127423823 53256.0 0.0
0.030586334256694367 78322.0 0.0
0.030817174515235458 65826.5 0.0
0.030932594644506 84800.0 0.0
0.031048014773776545 86233.5 0.0
0.031278855032317636 85034.0 0.0
0.03139427516158818 63571.0 0.0
0.03150969529085872 55217.0 0.0
0.031625115420129274 70262.0 0.0
0.03174053554939982 73240.0 0.0
0.03185595567867036 64540.0 0.0
0.031971375807940905 62880.0 0.0
0.03220221606648199 85366.0 0.0
0.032317636195752536 75056.0 0.0
0.03243305632502309 84211.5 0.0
0.03254847645429363 90564.0 0.0
0.032663896583564174 123052.0 0.0
0.03277931671283472 62148.0 0.0
0.03289473684210526 62182.0 0.0
0.033125577100646356 62195.0 0.0
0.03347183748845799 54859.0 0.0
0.033818097876269625 73144.0 0.0
0.03393351800554017 73162.0 0.0
0.03404893813481071 67751.0 0.0
0.034164358264081256 67753.0 0.0
0.03462603878116344 67011.0 0.0
0.03474145891043398 65649.0 0.0
0.034856879039704525 69537.5 0.0
0.03497229916897507 141975.0 0.0
0.03508771929824561 80050.0 0.0
0.035203139427516156 64559.0 0.0
0.035318559556786706 66948.5 0.0
0.03543397968605725 64616.0 0.0
0.03566481994459834 86198.0 0.0
0.036011080332409975 102638.0 0.0
0.036357340720221606 86411.0 0.0
0.03647276084949215 86430.0 0.0
0.036588180978762694 90717.0 0.0
0.036703601108033244 86450.0 0.0
0.03681902123730379 95058.0 0.0
0.03693444136657433 91105.5 0.0
0.03716528162511542 87159.0 0.0
0.03728070175438596 73861.0 0.0
0.037396121883656507 73870.0 0.0
0.03751154201292706 88090.66666666667 0.0
0.0376269621421976 83903.0 0.0
0.037742382271468145 83945.75 0.0
0.03785780240073869 95318.5 0.0
0.03797322253000923 74003.0 0.0
0.038088642659279776 88535.0 0.0
0.038204062788550326 82891.0 0.0
0.03831948291782087 73362.0 0.0
0.038434903047091414 72652.0 0.0
0.03855032317636196 79591.5 0.0
0.0386657433056325 76908.5 0.0
0.038781163434903045 68908.5 0.0
0.038896583564173595 77815.0 0.0
0.03901200369344414 77873.33333333333 0.0
0.03912742382271468 85481.0 0.0
0.039242843951985226 78158.0 0.0
0.03935826408125577 73459.0 0.0
0.03958910433979686 93161.0 0.0
0.03970452446906741 114205.0 0.0
0.03981994459833795 114210.0 0.0
0.039935364727608495 93197.5 0.0
0.04005078485687904 88079.0 0.0
0.04016620498614958 114244.0 0.0
0.040281625115420126 94993.5 0.0
0.04039704524469068 85344.25 0.0
0.04051246537396122 81945.5 0.0
0.040627885503231764 75783.0 0.0
0.04074330563250231 76082.0 0.0
0.04085872576177285 114913.0 0.0
0.040974145891043395 114920.0 0.0
0.041089566020313946 105691.0 0.0
0.04120498614958449 110312.5 0.0
0.04132040627885503 105720.0 0.0
0.04143582640812558 110339.0 0.0
0.04155124653739612 105866.0 0.0
0.04189750692520776 114978.0 0.0
0.0420129270544783 98110.0 0.0
0.042128347183748846 98291.5 0.0
0.04224376731301939 98313.0 0.0
0.04235918744228993 117245.0 0.0
0.04247460757156048 103517.5 0.0
0.042820867959372115 89941.0 0.0
0.0430517082179132 90047.0 0.0
0.04420590951061865 107163.0 0.0
0.04443674976915974 102169.0 0.0
0.04478301015697138 102181.0 0.0
0.04489843028624192 107641.0 0.0
0.045013850415512466 107669.0 0.0
0.04512927054478301 91704.0 0.0
0.04524469067405355 75891.0 0.0
0.046398891966759004 76020.0 0.0
0.04651431209602955 76026.0 0.0
0.04697599261311173 127432.0 0.0
0.04720683287165282 127484.0 0.0
0.04732225300092336 101871.0 0.0
0.047437673130193904 128496.0 0.0
0.04755309325946445 104888.0 0.0
0.047668513388735 81272.0 0.0
0.04778393351800554 104999.0 0.0
0.047899353647276086 78952.5 0.0
0.04801477377654663 76766.0 0.0
0.04813019390581717 79149.5 0.0
0.04824561403508772 81565.0 0.0
0.04836103416435827 81570.0 0.0
0.048591874422899355 87040.0 0.0
0.0487072945521699 87047.0 0.0
0.04882271468144044 86114.5 0.0
0.048938134810710986 87067.0 0.0
0.04916897506925208 129458.0 0.0
0.04986149584487535 130119.0 0.0
0.05055401662049862 86814.0 0.0
0.05066943674976916 88701.0 0.0
0.050784856879039705 88731.5 0.0
0.051131117266851336 95157.0 0.0
0.05136195752539243 95237.0 0.0
0.05193905817174515 101620.5 0.0
0.0520544783010157 115143.0 0.0
0.05240073868882733 88785.0 0.0
0.052516158818097874 89022.0 0.0
0.05263157894736842 89036.0 0.0
0.05274699907663897 89134.0 0.0
0.05286241920590951 89140.0 0.0
0.0541320406278855 92936.0 0.0
0.0564404432132964 93520.0 0.0
0.056555863342566945 93535.0 0.0
0.05678670360110803 92745.5 0.0
0.056902123730378576 91951.0 0.0
0.05701754385964912 91955.0 0.0
0.05713296398891967 132809.5 0.0
0.057248384118190214 92104.0 0.0
0.0574792243767313 133227.0 0.0
0.057594644506001845 176020.0 0.0
0.05782548476454294 92130.0 0.0
0.05794090489381348 92164.0 0.0
0.058287165281625114 92202.0 0.0
0.05840258541089566 89659.0 0.0
0.05851800554016621 90946.0 0.0
0.05863342566943675 92248.0 0.0
0.058748845798707296 92303.0 0.0
0.05886426592797784 93641.0 0.0
0.05932594644506002 95900.0 0.0
0.059441366574330565 95910.0 0.0
0.05955678670360111 94910.5 0.0
0.05967220683287165 93934.0 0.0
0.06001846722068329 94680.0 0.0
0.060133887349953834 96107.0 0.0
0.06024930747922438 96156.0 0.0
0.06059556786703601 96189.0 0.0
0.06071098799630656 127719.5 0.0
0.060941828254847646 96342.0 0.0
0.06301939058171745 139855.0 0.0
0.06313481071098799 139885.0 0.0
0.06325023084025855 139923.0 0.0
0.06394275161588181 109154.0 0.0
0.06405817174515235 109163.0 0.0
0.06428901200369344 109177.0 0.0
0.06440443213296398 109181.0 0.0
0.06486611265004617 109206.0 0.0
0.06636657433056325 105641.0 0.0
0.06659741458910434 105689.0 0.0
0.06705909510618652 115224.0 0.0
0.06717451523545706 115294.0 0.0
0.0672899353647276 115297.5 0.0
0.06740535549399815 106320.0 0.0
0.06902123730378577 116788.0 0.0
0.07594644506001846 153907.0 0.0
0.07606186518928901 153912.0 0.0
0.07617728531855955 153919.0 0.0
0.07998614958448753 153729.0 0.0
0.0817174515235457 115515.0 0.0
0.08240997229916898 115993.0 0.0
0.08252539242843952 115993.0 0.0
0.08264081255771007 115994.0 0.0
0.08725761772853186 226420.0 0.0
0.09025854108956602 164413.0 0.0
0.09037396121883656 164438.0 0.0
0.09106648199445984 163789.0 0.0
0.09118190212373038 163865.0 0.0
0.09129732225300093 163866.0 0.0
0.09141274238227147 163890.0 0.0
0.09152816251154201 165173.0 0.0
0.09222068328716528 167206.0 0.0
0.09245152354570638 159416.0 0.0
0.09256694367497692 151602.0 0.0
0.09268236380424746 159501.0 0.0
0.09279778393351801 160318.5 0.0
0.09349030470914127 156045.0 0.0
0.09395198522622346 166486.0 0.0
0.09441366574330563 166512.0 0.0
0.09452908587257618 166522.0 0.0
0.09637580794090489 210099.0 0.0
0.09672206832871653 232666.0 0.0
0.09868421052631579 154814.0 0.0
0.09879963065558633 159870.0 0.0
0.10399353647276086 183307.0 0.0
0.15881809787626963 213144.0 0.0
0.15939519852262235 263566.0 0.0
0.1745152354570637 262917.0 0.0
0.1793628808864266 298902.0 0.0
0.19205909510618652 321498.0 0.0
0.24838411819021236 356223.0 0.0
0.29605263157894735 417643.0 0.0
0.3333333333333333 389157.0 0.0
0.42059095106186517 526123.0 0.0
0.45556325023084027 649858.0 0.0
0.5444367497691598 610739.0 0.0
1.0 989313.0 0.0
