587179
0.00011542012927054478 1067.6391966759002 0.0
0.00023084025854108956 1682.7607052896726 0.0
0.00034626038781163435 2407.9343780607246 0.0
0.0004616805170821791 2898.0401721664275 0.0
0.0005771006463527239 3451.6802575107295 0.0
0.0006925207756232687 4217.3805555555555 0.0
0.0008079409048938135 4105.911538461539 0.0
0.0009233610341643582 4267.334782608696 0.0
0.001038781163434903 4872.036269430052 0.0
0.0011542012927054479 5225.574074074074 0.0
0.0012696214219759926 5633.305343511451 0.0
0.0013850415512465374 5998.30701754386 0.0
0.0015004616805170822 6537.096153846154 0.0
0.001615881809787627 6629.036585365854 0.0
0.0017313019390581717 7535.878048780488 0.0
0.0018467220683287165 7130.0609756097565 0.0
0.0019621421975992612 8147.323529411765 0.0
0.002077562326869806 8268.933333333332 0.0
0.0021929824561403508 8222.875 0.0
0.0023084025854108957 8748.383333333333 0.0
0.0024238227146814403 9151.785714285714 0.0
0.0025392428439519853 9643.150943396226 0.0
0.00265466297322253 9218.62 0.0
0.002770083102493075 10213.68085106383 0.0
0.0028855032317636198 10702.205128205129 0.0
0.0030009233610341643 11366.083333333334 0.0
0.0031163434903047093 10012.35294117647 0.0
0.003231763619575254 11266.153846153846 0.0
0.003347183748845799 10899.777777777777 0.0
0.0034626038781163434 11850.58064516129 0.0
0.0035780240073868884 10798.088235294117 0.0
0.003693444136657433 10986.444444444445 0.0
0.003808864265927978 11199.21875 0.0
0.0039242843951985225 11828.5 0.0
0.004039704524469067 12014.151515151516 0.0
0.004155124653739612 12878.193548387097 0.0
0.004270544783010157 11390.0 0.0
0.0043859649122807015 12622.333333333334 0.0
0.004501385041551247 12692.76923076923 0.0
0.0046168051708217915 12620.206896551725 0.0
0.004732225300092336 13324.45 0.0
0.004847645429362881 12833.818181818182 0.0
0.004963065558633426 12683.727272727272 0.0
0.0050784856879039705 13192.736842105263 0.0
0.005193905817174515 13278.083333333334 0.0
0.00530932594644506 14268.166666666666 0.0
0.005424746075715605 16682.5625 0.0
0.00554016620498615 14238.863636363636 0.0
0.005655586334256694 15830.037037037036 0.0
0.0057710064635272396 14263.882352941177 0.0
0.005886426592797784 15228.42857142857 0.0
0.006001846722068329 14663.6875 0.0
0.006117266851338873 16291.5625 0.0
0.006232686980609419 16716.25 0.0
0.006348107109879963 15912.0 0.0
0.006463527239150508 17424.0 0.0
0.006578947368421052 19198.0 0.0
0.006694367497691598 14880.222222222223 0.0
0.006809787626962142 15219.1 0.0
0.006925207756232687 16161.2 0.0
0.007040627885503232 17108.444444444445 0.0
0.007156048014773777 17314.545454545456 0.0
0.007271468144044321 18089.214285714286 0.0
0.007386888273314866 18545.4 0.0
0.007502308402585411 17979.375 0.0
0.007617728531855956 18526.5 0.0
0.0077331486611265 20095.666666666668 0.0
0.007848568790397045 18510.454545454544 0.0
0.00796398891966759 20386.714285714286 0.0
0.008079409048938134 20110.428571428572 0.0
0.00819482917820868 20477.88888888889 0.0
0.008310249307479225 20049.923076923078 0.0
0.008425669436749769 20426.615384615383 0.0
0.008541089566020314 22595.88888888889 0.0
0.00865650969529086 21816.7 0.0
0.008771929824561403 18518.25 0.0
0.008887349953831948 17458.25 0.0
0.009002770083102494 22629.5 0.0
0.009118190212373038 24738.0 0.0
0.009233610341643583 21601.666666666668 0.0
0.009349030470914127 23315.5 0.0
0.009464450600184672 21074.85714285714 0.0
0.009579870729455217 21488.5 0.0
0.009695290858725761 21911.625 0.0
0.009810710987996307 23483.0 0.0
0.009926131117266852 19735.6 0.0
0.010041551246537396 19445.0 0.0
0.010156971375807941 16672.25 0.0
0.010272391505078486 18977.666666666668 0.0
0.01038781163434903 20913.4 0.0
0.010503231763619576 22662.5 0.0
0.01061865189289012 23661.6 0.0
0.010734072022160665 23889.5 0.0
0.01084949215143121 22080.166666666668 0.0
0.010964912280701754 21706.333333333332 0.0
0.0110803324099723 23296.125 0.0
0.011195752539242845 22436.2 0.0
0.011311172668513388 20982.428571428572 0.0
0.011426592797783934 19979.5 0.0
0.011542012927054479 24632.5 0.0
0.011657433056325023 21315.8 0.0
0.011772853185595568 26194.0 0.0
0.011888273314866112 22162.166666666668 0.0
0.012003693444136657 21058.85714285714 0.0
0.012119113573407203 22373.8 0.0
0.012234533702677746 18113.0 0.0
0.012349953831948292 26924.666666666668 0.0
0.012465373961218837 31287.0 0.0
0.012580794090489381 23320.666666666668 0.0
0.012696214219759926 26013.5 0.0
0.012811634349030472 25860.6 0.0
0.012927054478301015 22607.0 0.0
0.01304247460757156 18927.0 0.0
0.013157894736842105 26389.0 0.0
0.01327331486611265 22931.0 0.0
0.013388734995383195 26028.666666666668 0.0
0.013504155124653739 25402.5 0.0
0.013619575253924284 25886.0 0.0
0.01373499538319483 25128.0 0.0
0.013850415512465374 26705.8 0.0
0.013965835641735919 29464.6 0.0
0.014081255771006464 19547.5 0.0
0.014196675900277008 24963.0 0.0
0.014312096029547553 24274.4 0.0
0.014427516158818097 27483.75 0.0
0.014542936288088643 27885.25 0.0
0.014658356417359188 32020.833333333332 0.0
0.014773776546629732 31697.0 0.0
0.014889196675900277 26521.0 0.0
0.015004616805170823 29039.0 0.0
0.015120036934441366 24339.5 0.0
0.015235457063711912 31966.5 0.0
0.015350877192982455 32657.5 0.0
0.015466297322253 25457.0 0.0
0.015581717451523546 34455.0 0.0
0.01569713758079409 36431.0 0.0
0.015812557710064637 30633.0 0.0
0.01592797783933518 26806.666666666668 0.0
0.016043397968605724 26046.0 0.0
0.016158818097876268 33671.0 0.0
0.016274238227146815 25877.2 0.0
0.01638965835641736 31165.75 0.0
0.016505078485687903 37763.833333333336 0.0
0.01662049861495845 32888.333333333336 0.0
0.016735918744228993 30408.666666666668 0.0
0.016851338873499537 27976.0 0.0
0.016966759002770084 22348.5 0.0
0.017082179132040628 28680.14285714286 0.0
0.01719759926131117 27530.6 0.0
0.01731301939058172 28754.666666666668 0.0
0.017428439519852262 30969.25 0.0
0.017543859649122806 22149.0 0.0
0.017659279778393353 25775.25 0.0
0.017774699907663897 24096.4 0.0
0.01789012003693444 25052.666666666668 0.0
0.018005540166204988 32199.75 0.0
0.01812096029547553 32339.0 0.0
0.018236380424746075 28376.0 0.0
0.018351800554016622 30130.0 0.0
0.018467220683287166 35808.666666666664 0.0
0.01858264081255771 32006.8 0.0
0.018698060941828253 33410.2 0.0
0.0188134810710988 33449.25 0.0
0.018928901200369344 32973.0 0.0
0.019044321329639888 30744.0 0.0
0.019159741458910435 28521.0 0.0
0.01927516158818098 30587.333333333332 0.0
0.019390581717451522 27157.0 0.0
0.01950600184672207 48555.0 0.0
0.019621421975992613 30741.0 0.0
0.019736842105263157 31989.0 0.0
0.019852262234533704 42454.5 0.0
0.019967682363804248 44085.0 0.0
0.02008310249307479 38839.0 0.0
0.02019852262234534 34940.0 0.0
0.020313942751615882 32998.5 0.0
0.020429362880886426 34670.5 0.0
0.020544783010156973 32211.25 0.0
0.020660203139427517 35002.75 0.0
0.02077562326869806 34012.333333333336 0.0
0.020891043397968604 37508.75 0.0
0.02100646352723915 36193.5 0.0
0.021121883656509695 34317.2 0.0
0.02123730378578024 36386.0 0.0
0.021352723915050786 35050.2 0.0
0.02146814404432133 30648.5 0.0
0.021583564173591873 36411.5 0.0
0.02169898430286242 31348.4 0.0
0.021814404432132964 36445.5 0.0
0.021929824561403508 27416.5 0.0
0.022045244690674055 26588.0 0.0
0.0221606648199446 44413.0 0.0
0.022276084949215142 38779.8 0.0
0.02239150507848569 27500.5 0.0
0.022506925207756233 35609.57142857143 0.0
0.022622345337026777 31268.25 0.0
0.022737765466297324 39656.2 0.0
0.022853185595567867 44738.5 0.0
0.02296860572483841 37269.0 0.0
0.023084025854108958 45593.0 0.0
0.023199445983379502 55163.0 0.0
0.02343028624192059 53584.0 0.0
0.023545706371191136 50415.0 0.0
0.02366112650046168 48508.0 0.0
0.02389196675900277 43569.5 0.0
0.024007386888273315 42139.4 0.0
0.02412280701754386 43249.0 0.0
0.024238227146814405 41981.8 0.0
0.02435364727608495 41770.5 0.0
0.024469067405355493 43929.5 0.0
0.02458448753462604 43944.5 0.0
0.024815327793167127 47673.0 0.0
0.024930747922437674 39625.0 0.0
0.025046168051708218 32979.5 0.0
0.025161588180978762 40091.0 0.0
0.02527700831024931 38592.0 0.0
0.025507848568790396 46230.0 0.0
0.025623268698060944 30558.5 0.0
0.025738688827331487 32300.0 0.0
0.02585410895660203 30581.5 0.0
0.02608494921514312 30613.5 0.0
0.026200369344413665 34137.333333333336 0.0
0.02631578947368421 42075.75 0.0
0.026431209602954756 34963.333333333336 0.0
0.0265466297322253 43062.5 0.0
0.026662049861495844 34810.333333333336 0.0
0.02677746999076639 44563.666666666664 0.0
0.026892890120036934 38334.333333333336 0.0
0.027008310249307478 32734.0 0.0
0.02746999076638966 39177.0 0.0
0.027585410895660203 44622.0 0.0
0.027700831024930747 54345.0 0.0
0.027816251154201294 39527.5 0.0
0.027931671283471838 34269.0 0.0
0.02816251154201293 50005.0 0.0
0.028277931671283472 50482.0 0.0
0.028393351800554016 65134.0 0.0
0.02850877192982456 52277.0 0.0
0.028624192059095107 43309.0 0.0
0.02873961218836565 43316.0 0.0
0.028855032317636194 56230.0 0.0
0.02897045244690674 47297.0 0.0
0.029085872576177285 51900.75 0.0
0.02920129270544783 48185.0 0.0
0.029316712834718376 53585.0 0.0
0.02943213296398892 44704.5 0.0
0.029547553093259463 42663.5 0.0
0.02966297322253001 44735.5 0.0
0.029778393351800554 45494.75 0.0
0.029893813481071098 48899.333333333336 0.0
0.030009233610341645 51595.0 0.0
0.03012465373961219 50463.0 0.0
0.030240073868882732 48199.666666666664 0.0
0.03035549399815328 46037.5 0.0
0.030470914127423823 42694.75 0.0
0.03070175438596491 46670.333333333336 0.0
0.030817174515235458 52525.666666666664 0.0
0.030932594644506 39260.0 0.0
0.031048014773776545 34947.0 0.0
0.031163434903047092 56093.0 0.0
0.03139427516158818 56027.0 0.0
0.03150969529085872 47147.5 0.0
0.031625115420129274 43105.333333333336 0.0
0.03174053554939982 49312.666666666664 0.0
0.03185595567867036 42169.5 0.0
0.031971375807940905 61094.5 0.0
0.03208679593721145 37617.0 0.0
0.03243305632502309 46238.666666666664 0.0
0.03254847645429363 42599.25 0.0
0.032663896583564174 49056.0 0.0
0.03277931671283472 44997.333333333336 0.0
0.03289473684210526 47466.4 0.0
0.033010156971375805 50229.75 0.0
0.033125577100646356 44400.75 0.0
0.0332409972299169 48264.0 0.0
0.03335641735918744 38010.0 0.0
0.03347183748845799 38670.0 0.0
0.03358725761772853 40569.0 0.0
0.033818097876269625 93937.5 0.0
0.03404893813481071 46912.0 0.0
0.034164358264081256 52516.0 0.0
0.0342797783933518 52538.0 0.0
0.03439519852262234 52713.0 0.0
0.03451061865189289 41427.0 0.0
0.034856879039704525 40889.666666666664 0.0
0.03497229916897507 49623.0 0.0
0.03508771929824561 42871.5 0.0
0.035203139427516156 53083.0 0.0
0.035318559556786706 49802.333333333336 0.0
0.03543397968605725 41937.333333333336 0.0
0.035549399815327794 42953.5 0.0
0.03566481994459834 39273.0 0.0
0.03578024007386888 38649.0 0.0
0.035895660203139425 38586.0 0.0
0.03612650046168052 38542.0 0.0
0.03624192059095106 46875.0 0.0
0.036357340720221606 47011.0 0.0
0.03647276084949215 47133.5 0.0
0.036588180978762694 59302.0 0.0
0.036703601108033244 47162.0 0.0
0.03681902123730379 39093.0 0.0
0.03728070175438596 39172.0 0.0
0.03785780240073869 39349.0 0.0
0.038088642659279776 39432.0 0.0
0.03901200369344414 60161.0 0.0
0.03912742382271468 60161.0 0.0
0.039242843951985226 60172.0 0.0
0.03935826408125577 60177.0 0.0
0.039473684210526314 43592.0 0.0
0.03958910433979686 60187.0 0.0
0.041089566020313946 48574.0 0.0
0.04120498614958449 48591.0 0.0
0.04143582640812558 48438.0 0.0
0.04155124653739612 48248.0 0.0
0.042820867959372115 48716.0 0.0
0.04293628808864266 48733.0 0.0
0.0430517082179132 63696.0 0.0
0.04339796860572484 63876.0 0.0
0.04362880886426593 57559.0 0.0
0.04374422899353647 57563.0 0.0
0.043859649122807015 56907.0 0.0
0.0443213296398892 68454.0 0.0
0.04443674976915974 68469.0 0.0
0.044552169898430284 50808.0 0.0
0.04466759002770083 51568.5 0.0
0.04478301015697138 51417.0 0.0
0.04512927054478301 146559.0 0.0
0.04524469067405355 72492.0 0.0
0.04559095106186519 72563.0 0.0
0.045706371191135735 68925.0 0.0
0.04593721144967682 68948.0 0.0
0.046745152354570635 73077.0 0.0
0.04686057248384118 73087.0 0.0
0.04697599261311173 73094.0 0.0
0.04709141274238227 73094.0 0.0
0.04732225300092336 53841.0 0.0
0.047437673130193904 63488.5 0.0
0.04755309325946445 63556.0 0.0
0.047668513388735 69545.5 0.0
0.04778393351800554 67415.0 0.0
0.047899353647276086 64913.666666666664 0.0
0.04801477377654663 74474.5 0.0
0.04813019390581717 54164.0 0.0
0.04824561403508772 63679.0 0.0
0.04836103416435827 54174.0 0.0
0.04847645429362881 64968.0 0.0
0.048938134810710986 67241.5 0.0
0.04939981532779317 67683.0 0.0
0.05043859649122807 67909.0 0.0
0.050784856879039705 67966.0 0.0
0.05090027700831025 67967.0 0.0
0.051131117266851336 67981.0 0.0
0.05159279778393352 69965.0 0.0
0.05170821791320406 69976.0 0.0
0.053670360110803325 56421.0 0.0
0.05563250230840259 57735.0 0.0
0.05574792243767313 57735.0 0.0
0.05736380424746076 71077.0 0.0
0.057594644506001845 58315.0 0.0
0.05771006463527239 58319.0 0.0
0.05782548476454294 58326.0 0.0
0.05851800554016621 58403.0 0.0
0.05863342566943675 75643.0 0.0
0.058748845798707296 75756.0 0.0
0.05886426592797784 75760.0 0.0
0.05897968605724838 68135.0 0.0
0.059441366574330565 77161.0 0.0
0.059787626962142196 74334.0 0.0
0.05990304709141274 74383.5 0.0
0.060133887349953834 73882.0 0.0
0.06024930747922438 76176.0 0.0
0.060941828254847646 71676.0 0.0
0.061980609418282546 55829.0 0.0
0.06244228993536473 55866.0 0.0
0.06278855032317636 65280.0 0.0
0.0629039704524469 55979.0 0.0
0.06348107109879964 65426.0 0.0
0.06359649122807018 65429.0 0.0
0.06382733148661127 65433.0 0.0
0.06463527239150507 76906.0 0.0
0.06475069252077563 76910.0 0.0
0.06555863342566944 76162.0 0.0
0.06567405355493998 77160.0 0.0
0.06578947368421052 76898.0 0.0
0.06602031394275161 77173.0 0.0
0.06613573407202217 77180.0 0.0
0.06636657433056325 77186.0 0.0
0.0664819944598338 73830.5 0.0
0.06659741458910434 73852.0 0.0
0.06671283471837489 73855.0 0.0
0.06694367497691597 70522.0 0.0
0.06705909510618652 70536.0 0.0
0.06740535549399815 70674.0 0.0
0.06752077562326869 70696.0 0.0
0.06763619575253925 70713.0 0.0
0.0685595567867036 104734.0 0.0
0.07363804247460758 73903.0 0.0
0.07386888273314866 73908.0 0.0
0.0762927054478301 88631.5 0.0
0.07640812557710065 88680.0 0.0
0.0765235457063712 96346.0 0.0
0.07675438596491228 81051.0 0.0
0.07686980609418283 81054.0 0.0
0.08079409048938135 63189.0 0.0
0.0809095106186519 63211.0 0.0
0.08379501385041552 90093.0 0.0
0.08425669436749769 90173.0 0.0
0.08460295475530932 90341.0 0.0
0.09141274238227147 73530.0 0.0
0.09152816251154201 73544.0 0.0
0.09395198522622346 74008.0 0.0
0.09418282548476455 80539.0 0.0
0.09695290858725762 110769.5 0.0
0.10110803324099724 101944.0 0.0
0.10734072022160665 122365.0 0.0
0.10895660203139428 181478.0 0.0
0.10941828254847645 121950.0 0.0
0.12153739612188366 108508.0 0.0
0.12719298245614036 117225.0 0.0
0.1337719298245614 121758.0 0.0
0.13388734995383195 121775.0 0.0
0.1340027700831025 121786.0 0.0
0.13504155124653738 121835.0 0.0
0.19575253924284394 178965.0 0.0
0.24238227146814403 197318.0 0.0
0.2662742382271468 223563.0 0.0
0.2968605724838412 232757.0 0.0
0.3752308402585411 334874.0 0.0
0.3938134810710988 295291.0 0.0
0.4967682363804247 382184.0 0.0
0.6061865189289012 427320.0 0.0
1.0 587179.0 0.0
