5100
0.0001 562 0 0
0.0001 899 0 0
0.0002 1250 0 0
0.0003 1509 0 0
0.0003 1719 0 0
0.0004 1887 0 0
0.0005 2067 0 0
0.0006 2162 0 0
0.0006 2214 0 0
0.0007 2403 2 0
0.0008 2465 2 0
0.0008 2569 2 0
0.0009 2683 3 0
0.0010 2765 3 0
0.0010 2821 0 0
0.0011 2863 0 0
0.0012 3021 0 0
0.0012 3058 1 0
0.0013 3152 1 0
0.0014 3162 1 0
0.0015 3202 1 0
0.0015 3257 1 0
0.0016 3316 1 0
0.0017 3342 1 0
0.0017 3383 0 0
0.0018 3377 0 0
0.0019 3410 0 0
0.0019 3470 2 0
0.0020 3490 2 0
0.0021 3549 2 0
0.0021 3629 2 0
0.0022 3624 2 0
0.0023 3671 1 0
0.0024 3615 4 0
0.0024 3653 6 0
0.0025 3715 4 0
0.0026 3714 3 0
0.0026 3799 4 0
0.0027 3793 4 0
0.0028 3807 4 0
0.0028 3734 3 0
0.0029 3748 1 0
0.0030 3789 2 0
0.0030 3887 3 0
0.0031 3853 3 0
0.0032 3827 5 0
0.0033 3891 2 0
0.0033 3953 2 0
0.0034 3976 7 0
0.0035 4004 4 0
0.0035 4012 3 0
0.0036 4066 1 0
0.0037 4117 5 0
0.0037 4039 2 0
0.0038 4088 3 0
0.0039 4125 1 0
0.0039 4114 1 0
0.0040 4146 3 0
0.0041 4177 1 0
0.0042 4177 1 0
0.0042 4138 2 0
0.0043 4185 1 0
0.0044 4215 1 0
0.0044 4244 2 0
0.0045 4228 1 0
0.0046 4300 5 0
0.0046 4135 7 0
0.0047 4208 50 0
0.0048 4244 0 0
0.0048 4244 0 0
0.0049 4186 1 0
0.0050 4285 12 0
0.0051 4218 0 0
0.0051 4169 2 0
0.0052 4199 5 0
0.0053 4326 0 0
0.0053 4266 2 0
0.0054 4321 0 0
0.0055 4312 3 0
0.0055 4307 4 0
0.0056 4407 2 0
0.0057 4319 2 0
0.0057 4323 2 0
0.0058 4332 1 0
0.0059 4365 0 0
0.0060 4389 3 0
0.0060 4329 13 0
0.0061 4319 1 0
0.0062 4387 4 0
0.0062 4318 10 0
0.0063 4380 1 0
0.0064 4354 1 0
0.0064 4437 0 0
0.0065 4386 0 0
0.0066 4402 1 0
0.0067 4410 0 0
0.0067 4335 7 0
0.0068 4420 4 0
0.0069 4469 7 0
0.0069 4433 2 0
0.0070 4289 8 0
0.0071 4333 1 0
0.0071 4357 3 0
0.0072 4375 3 0
0.0073 4448 1 0
0.0073 4373 5 0
0.0074 4444 10 0
0.0075 4473 8 0
0.0076 4357 7 0
0.0076 4380 1 0
0.0077 4437 2 0
0.0078 4577 0 0
0.0078 4482 3 0
0.0079 4415 2 0
0.0080 4422 6 0
0.0080 4549 18 0
0.0081 4463 3 0
0.0082 4515 5 0
0.0082 4408 15 0
0.0083 4465 0 0
0.0084 4423 6 0
0.0085 4436 7 0
0.0085 4474 0 0
0.0086 4551 24 0
0.0087 4430 2 0
0.0087 4620 0 0
0.0089 4483 0 0
0.0090 4515 27 0
0.0091 4542 0 0
0.0093 4483 0 0
0.0094 4645 0 0
0.0095 4527 0 0
0.0096 4522 55 0
0.0098 4491 5 0
0.0098 4491 5 0
0.0100 4479 0 0
0.0100 4561 0 0
0.0101 4646 5 0
0.0102 4688 1 0
0.0103 4654 0 0
0.0104 4666 0 0
0.0105 4723 5 0
0.0106 4505 0 0
0.0107 4650 0 0
0.0107 4617 6 0
0.0108 4777 10 0
0.0109 4683 0 0
0.0111 4630 62 0
0.0112 4563 2 0
0.0113 4682 0 0
0.0115 4642 0 0
0.0116 4683 0 0
0.0117 4661 0 0
0.0119 4619 2 0
0.0120 4589 3 0
0.0121 4702 4 0
0.0122 4614 6 0
0.0123 4565 11 0
0.0124 4558 5 0
0.0125 4596 7 0
0.0125 4816 10 0
0.0127 4657 2 0
0.0128 4771 16 0
0.0130 4690 4 0
0.0130 4647 0 0
0.0134 4683 9 0
0.0136 4664 5 0
0.0136 4731 28 0
0.0141 4699 18 0
0.0145 4752 0 0
0.0148 4668 7 0
0.0150 4686 55 0
0.0151 4792 10 0
0.0152 4760 4 0
0.0152 4726 9 0
0.0154 4711 0 0
0.0154 4692 16 0
0.0155 4768 4 0
0.0157 4853 11 0
0.0161 4771 2 0
0.0163 4731 9 0
0.0166 4769 26 0
0.0167 4781 19 0
0.0168 4799 1 0
0.0170 4778 0 0
0.0172 4771 5 0
0.0172 4732 56 0
0.0176 4857 11 0
0.0177 4789 0 0
0.0178 4779 5 0
0.0181 4751 4 0
0.0184 4709 13 0
0.0186 4796 20 0
0.0190 4837 6 0
0.0191 4786 14 0
0.0192 4761 8 0
0.0196 4784 0 0
0.0197 4826 83 0
0.0202 4821 4 0
0.0205 4829 24 0
0.0208 4831 4 0
0.0211 4771 13 0
0.0213 4856 165 0
0.0215 4758 16 0
0.0215 4878 16 0
0.0219 4777 13 0
0.0220 4774 4 0
0.0221 4792 15 0
0.0229 4863 8 0
0.0231 4846 92 0
0.0232 4792 16 0
0.0237 4835 4 0
0.0241 4804 18 0
0.0242 4830 24 0
0.0244 4851 5 0
0.0245 4805 16 0
0.0247 4810 18 0
0.0252 4815 28 0
0.0253 4868 56 0
0.0254 4864 0 0
0.0256 4847 0 0
0.0260 4910 16 0
0.0263 4862 5 0
0.0268 4828 28 0
0.0274 4858 2 0
0.0275 4818 11 0
0.0276 4814 5 0
0.0278 4880 10 0
0.0283 4877 21 0
0.0285 4840 20 0
0.0287 4842 13 0
0.0287 4844 18 0
0.0291 4888 70 0
0.0292 4905 23 0
0.0294 4813 5 0
0.0296 4871 5 0
0.0298 4895 1 0
0.0299 4892 70 0
0.0304 4871 42 0
0.0310 4871 5 0
0.0314 4883 5 0
0.0315 4857 13 0
0.0316 4886 12 0
0.0318 4903 70 0
0.0320 4870 20 0
0.0321 4852 18 0
0.0321 4917 36 0
0.0323 4863 13 0
0.0324 4874 25 0
0.0326 4910 165 0
0.0327 4931 38 0
0.0330 4896 21 0
0.0331 4885 35 0
0.0333 4908 71 0
0.0333 4844 7 0
0.0334 4848 7 0
0.0346 4898 42 0
0.0346 4904 24 0
0.0348 4915 165 0
0.0354 4898 42 0
0.0355 4867 10 0
0.0357 4904 25 0
0.0362 4890 9 0
0.0364 4916 24 0
0.0367 4879 45 0
0.0371 4893 67 0
0.0371 4949 38 0
0.0373 4894 5 0
0.0378 4891 616 0
0.0379 4893 20 0
0.0380 4876 10 0
0.0381 4929 168 0
0.0385 4895 19 0
0.0388 4892 39 0
0.0391 4882 11 0
0.0394 4940 71 0
0.0396 4895 5 0
0.0399 4943 23 0
0.0405 4913 10 0
0.0407 4917 28 0
0.0418 4908 67 0
0.0420 4948 23 0
0.0422 4926 10 0
0.0424 4891 90 0
0.0425 4914 50 0
0.0426 4892 10 0
0.0427 4948 71 0
0.0429 4946 44 0
0.0431 4920 14 0
0.0432 4959 58 0
0.0433 4918 70 0
0.0441 4906 39 0
0.0441 4912 5 0
0.0443 4918 59 0
0.0443 4951 44 0
0.0444 4940 168 0
0.0455 4929 59 0
0.0456 4929 98 0
0.0457 4899 10 0
0.0459 4915 41 0
0.0463 4946 24 0
0.0470 4906 51 0
0.0484 4909 11 0
0.0486 4940 60 0
0.0499 4911 11 0
0.0499 4930 186 0
0.0500 4942 46 0
0.1000 4996 88 0
0.1500 5030 111 0
0.2001 5044 122 0
0.2501 5054 215 0
0.3001 5069 286 0
0.3501 5074 346 0
0.4001 5080 371 0
0.4501 5087 383 0
0.5001 5088 397 0
0.5501 5088 455 0
0.6001 5091 479 0
0.6500 5092 546 0
0.7001 5096 590 0
0.7501 5097 758 0
0.8001 5098 773 0
0.8500 5099 778 0
0.9000 5099 1394 0
0.9500 5099 1425 0
1.0000 5100 1483 0
