5723
0.00011542012927054478 600.9734533702677 0.00011542012927054478
0.00023084025854108956 937.7083662194159 0.0003946329913180742
0.00034626038781163435 1299.7277039848198 0.0009487666034155598
0.0004616805170821791 1533.226153846154 0.0
0.0005771006463527239 1778.1020408163265 0.0
0.0006925207756232687 1866.9595015576324 0.0
0.0008079409048938135 2056.241877256318 0.0
0.0009233610341643582 2193.981818181818 0.0
0.001038781163434903 2331.0467836257308 0.0
0.0011542012927054479 2384.7115384615386 0.00641025641025641
0.0012696214219759926 2483.7272727272725 0.0
0.0013850415512465374 2572.8278688524592 0.0
0.0015004616805170822 2730.0348837209303 0.0
0.001615881809787627 2682.2087912087914 0.0
0.0017313019390581717 2900.2804878048782 0.0
0.0018467220683287165 2868.073529411765 0.0
0.0019621421975992612 2992.7719298245615 0.0
0.002077562326869806 3062.485294117647 0.0
0.0021929824561403508 3185.813559322034 0.0
0.0023084025854108957 3115.5438596491226 0.0
0.0024238227146814403 3268.5208333333335 0.0
0.0025392428439519853 3297.7115384615386 0.0
0.00265466297322253 3348.7894736842104 0.0
0.002770083102493075 3366.8571428571427 0.0
0.0028855032317636198 3450.25641025641 0.0
0.0030009233610341643 3489.6315789473683 0.0
0.0031163434903047093 3464.181818181818 0.0
0.003231763619575254 3569.703703703704 0.0
0.003347183748845799 3611.846153846154 0.0
0.0034626038781163434 3701.6774193548385 0.0
0.0035780240073868884 3626.4666666666667 0.0
0.003693444136657433 3722.0 0.0
0.003808864265927978 3698.8846153846152 0.0
0.0039242843951985225 3786.0 0.0
0.004039704524469067 3916.8888888888887 0.0
0.004155124653739612 3778.5 0.0
0.004270544783010157 3861.2727272727275 0.0
0.0043859649122807015 3866.7083333333335 0.0
0.004501385041551247 3758.2727272727275 0.0
0.0046168051708217915 3739.3636363636365 0.0
0.004732225300092336 3799.8888888888887 0.0
0.004847645429362881 3749.3333333333335 0.0
0.004963065558633426 3634.5555555555557 0.0
0.0050784856879039705 3786.8 0.0
0.005193905817174515 3963.9 0.0
0.00530932594644506 3990.6 0.0
0.005424746075715605 4014.769230769231 0.0
0.00554016620498615 3968.0 0.0
0.005655586334256694 3989.8 0.0
0.0057710064635272396 3992.705882352941 0.0
0.005886426592797784 4117.923076923077 0.0
0.006001846722068329 4085.9166666666665 0.0
0.006117266851338873 4016.375 0.0
0.006232686980609419 4162.454545454545 0.0
0.006348107109879963 4064.7 0.0
0.006463527239150508 3992.909090909091 0.0
0.006578947368421052 4128.6 0.0
0.006694367497691598 4129.3 0.0
0.006809787626962142 4163.5 0.0
0.006925207756232687 4105.1 0.0
0.007040627885503232 4000.0 0.0
0.007156048014773777 4291.8 0.0
0.007271468144044321 4141.222222222223 0.0
0.007386888273314866 4134.8 0.0
0.007502308402585411 4309.428571428572 0.0
0.007617728531855956 4106.125 0.0
0.0077331486611265 4289.142857142857 0.0
0.007848568790397045 4329.6 0.0
0.00796398891966759 4256.75 0.0
0.008079409048938134 4259.5 0.0
0.00819482917820868 4312.4 0.0
0.008310249307479225 4058.8 0.0
0.008425669436749769 4292.25 0.125
0.008541089566020314 4206.333333333333 0.0
0.00865650969529086 4313.727272727273 0.09090909090909091
0.008771929824561403 4349.333333333333 0.0
0.008887349953831948 4270.357142857143 0.0
0.009002770083102494 4333.5 0.0
0.009118190212373038 4325.142857142857 0.0
0.009233610341643583 4283.833333333333 0.0
0.009349030470914127 4303.6 0.0
0.009464450600184672 4454.0 0.0
0.009579870729455217 4357.666666666667 0.0
0.009695290858725761 4471.0 0.0
0.009810710987996307 4462.4 0.0
0.009926131117266852 4410.416666666667 0.0
0.010041551246537396 4413.333333333333 0.0
0.010156971375807941 4291.333333333333 0.0
0.010272391505078486 4389.333333333333 0.0
0.01038781163434903 4429.142857142857 0.0
0.010503231763619576 4465.857142857143 0.0
0.01061865189289012 4373.666666666667 0.0
0.010734072022160665 4240.0 0.0
0.01084949215143121 4420.428571428572 0.0
0.010964912280701754 4537.25 0.0
0.0110803324099723 4428.444444444444 0.0
0.011195752539242845 4456.25 0.0
0.011311172668513388 4576.75 0.0
0.011426592797783934 4445.333333333333 0.0
0.011542012927054479 4531.4 0.0
0.011657433056325023 4634.0 0.0
0.011772853185595568 4512.125 0.125
0.011888273314866112 4652.666666666667 0.16666666666666666
0.012003693444136657 4654.2 0.2
0.012119113573407203 4605.0 0.0
0.012234533702677746 4566.5 0.0
0.012349953831948292 4465.5 0.0
0.012465373961218837 4552.5 0.0
0.012580794090489381 4437.5 0.0
0.012696214219759926 4451.666666666667 0.0
0.012811634349030472 4570.25 0.0
0.012927054478301015 4442.0 0.0
0.01304247460757156 4472.666666666667 0.0
0.013157894736842105 4418.25 0.0
0.01327331486611265 4425.4 0.0
0.013388734995383195 4501.428571428572 0.0
0.013504155124653739 4540.4 0.0
0.013619575253924284 4515.833333333333 0.0
0.01373499538319483 4532.0 0.0
0.013850415512465374 4507.0 0.0
0.013965835641735919 4475.833333333333 0.0
0.014081255771006464 4428.333333333333 0.0
0.014196675900277008 4485.428571428572 0.0
0.014312096029547553 4497.5 0.0
0.014427516158818097 4512.5 0.0
0.014542936288088643 4553.5 0.0
0.014658356417359188 4578.0 0.0
0.014773776546629732 4567.25 0.0
0.014889196675900277 4584.0 0.0
0.015004616805170823 4510.5 0.0
0.015120036934441366 4526.666666666667 0.0
0.015235457063711912 4545.0 0.0
0.015350877192982455 4535.285714285715 0.0
0.015466297322253 4586.6 0.0
0.015581717451523546 4568.333333333333 0.0
0.01569713758079409 4637.0 0.0
0.015812557710064637 4613.333333333333 0.0
0.01592797783933518 4557.4 0.0
0.016043397968605724 4598.0 0.0
0.016158818097876268 4609.0 0.0
0.016274238227146815 4573.0 0.0
0.01638965835641736 4490.0 0.0
0.016505078485687903 4524.333333333333 0.0
0.01662049861495845 4607.0 0.0
0.016735918744228993 4499.0 0.0
0.016851338873499537 4549.0 0.0
0.016966759002770084 4640.75 0.0
0.017082179132040628 4646.333333333333 0.0
0.01719759926131117 4666.666666666667 0.0
0.01731301939058172 4691.5 0.0
0.017428439519852262 4617.2 0.0
0.017543859649122806 4663.6 0.0
0.017659279778393353 4728.0 0.0
0.017774699907663897 4679.75 0.0
0.01789012003693444 4688.333333333333 0.0
0.018005540166204988 4703.0 0.0
0.01812096029547553 4649.5 0.0
0.018236380424746075 4696.333333333333 0.0
0.018351800554016622 4651.5 0.0
0.018467220683287166 4763.0 0.0
0.01858264081255771 4660.0 0.0
0.018698060941828253 4748.0 0.0
0.0188134810710988 4767.0 0.0
0.019044321329639888 4548.0 0.0
0.019159741458910435 4724.5 0.0
0.01950600184672207 4777.0 0.0
0.019621421975992613 4731.5 0.0
0.019967682363804248 4565.0 0.0
0.02008310249307479 4565.0 0.0
0.02019852262234534 4745.0 0.0
0.020313942751615882 4672.0 0.0
0.020429362880886426 4714.666666666667 0.0
0.020544783010156973 4639.666666666667 0.0
0.020660203139427517 4721.5 0.0
0.02077562326869806 4611.0 0.0
0.020891043397968604 4741.0 0.0
0.02100646352723915 4686.5 0.0
0.021121883656509695 4788.0 0.0
0.02123730378578024 4592.0 0.0
0.021352723915050786 4692.0 0.0
0.02146814404432133 4699.5 0.0
0.021583564173591873 4614.0 0.0
0.02169898430286242 4506.0 0.0
0.021814404432132964 4506.0 0.0
0.021929824561403508 4568.5 0.0
0.0221606648199446 4793.0 0.0
0.022276084949215142 4732.0 0.0
0.02239150507848569 4750.0 0.0
0.022506925207756233 4648.0 0.0
0.022737765466297324 4656.0 0.0
0.02296860572483841 4755.0 0.0
0.023084025854108958 4713.0 0.0
0.023199445983379502 4671.0 0.0
0.023314866112650046 4670.0 0.0
0.02343028624192059 4611.0 0.0
0.023545706371191136 4671.0 0.0
0.023776546629732224 4780.5 0.0
0.02389196675900277 4737.0 0.0
0.024007386888273315 4738.5 0.0
0.02435364727608495 4751.0 0.0
0.024469067405355493 4738.5 0.0
0.02458448753462604 4706.333333333333 0.0
0.024699907663896584 4743.5 0.0
0.024815327793167127 4723.5 0.0
0.025046168051708218 4721.5 0.0
0.025161588180978762 4782.5 0.0
0.02527700831024931 4795.666666666667 0.0
0.025507848568790396 4821.0 0.0
0.025623268698060944 4785.5 0.0
0.025738688827331487 4798.0 0.0
0.02585410895660203 4798.0 0.0
0.025969529085872575 4836.0 0.0
0.02608494921514312 4836.0 0.0
0.026431209602954756 4738.0 0.0
0.026662049861495844 4738.0 0.0
0.02677746999076639 4772.666666666667 0.0
0.026892890120036934 4736.0 0.0
0.027008310249307478 4846.0 0.0
0.02723915050784857 4846.0 0.0
0.027354570637119113 4781.0 0.0
0.02746999076638966 4781.0 0.0
0.027585410895660203 4853.0 0.0
0.027700831024930747 4836.0 0.0
0.027816251154201294 4836.0 0.0
0.027931671283471838 4690.0 0.0
0.02804709141274238 4733.0 0.0
0.02816251154201293 4733.0 0.0
0.028277931671283472 4767.333333333333 0.0
0.028393351800554016 4803.0 0.0
0.02850877192982456 4728.0 0.0
0.028624192059095107 4698.0 0.0
0.02897045244690674 4834.0 0.0
0.029316712834718376 4781.0 0.0
0.02943213296398892 4781.5 0.0
0.02966297322253001 4730.0 0.0
0.029778393351800554 4730.0 0.0
0.029893813481071098 4768.0 0.0
0.030009233610341645 4865.0 0.0
0.03012465373961219 4816.5 0.0
0.03070175438596491 4739.0 0.0
0.030817174515235458 4750.0 0.0
0.03139427516158818 4821.333333333333 0.0
0.03150969529085872 4822.0 0.0
0.031625115420129274 4876.0 0.0
0.03174053554939982 4765.0 0.0
0.03185595567867036 4819.0 0.0
0.031971375807940905 4832.0 0.0
0.03220221606648199 4786.0 0.0
0.032317636195752536 4801.333333333333 0.0
0.03243305632502309 4802.333333333333 0.0
0.03254847645429363 4802.666666666667 0.0
0.032663896583564174 4818.333333333333 0.0
0.03289473684210526 4793.0 0.0
0.033010156971375805 4793.0 0.0
0.033125577100646356 4877.0 0.0
0.03347183748845799 4790.0 0.0
0.03358725761772853 4787.0 0.0
0.033702677746999074 4809.0 0.0
0.033818097876269625 4812.5 0.0
0.03404893813481071 4789.0 0.0
0.0342797783933518 4791.0 0.0
0.03439519852262234 4791.0 0.0
0.03451061865189289 4841.0 0.0
0.034856879039704525 4844.0 0.0
0.03497229916897507 4844.0 0.0
0.03508771929824561 4844.0 0.0
0.035203139427516156 4844.0 0.0
0.035318559556786706 4799.0 0.0
0.035549399815327794 4799.0 0.0
0.03566481994459834 4799.0 0.0
0.03612650046168052 4904.0 0.0
0.03624192059095106 4907.0 0.0
0.036357340720221606 4838.0 0.0
0.03647276084949215 4838.5 0.0
0.036588180978762694 4795.0 0.0
0.03681902123730379 4799.5 0.0
0.037049861495844875 4885.0 0.0
0.03716528162511542 4814.0 0.0
0.03728070175438596 4879.0 0.0
0.037396121883656507 4881.0 0.0
0.03751154201292706 4846.0 0.0
0.0376269621421976 4809.0 0.0
0.037742382271468145 4882.0 0.0
0.03785780240073869 4886.0 0.0
0.038088642659279776 4898.0 0.0
0.038204062788550326 4815.0 0.0
0.03831948291782087 4889.0 0.0
0.03855032317636196 4899.0 0.0
0.0386657433056325 4899.0 0.0
0.038781163434903045 4884.0 0.0
0.038896583564173595 4884.0 0.0
0.03901200369344414 4884.0 0.0
0.03935826408125577 4884.0 0.0
0.03970452446906741 4822.0 0.0
0.03981994459833795 4853.0 0.0
0.039935364727608495 4822.0 0.0
0.04005078485687904 4838.5 0.0
0.04016620498614958 4885.0 0.0
0.040281625115420126 4915.0 0.0
0.04039704524469068 4855.0 0.0
0.04074330563250231 4826.0 0.0
0.04085872576177285 4847.0 0.0
0.04120498614958449 4847.0 0.0
0.04132040627885503 4865.5 0.0
0.04155124653739612 4945.0 0.0
0.04224376731301939 4878.0 0.0
0.04235918744228993 4880.0 0.0
0.04247460757156048 4881.0 0.0
0.04259002770083103 4887.0 0.0
0.04270544783010157 4874.0 0.0
0.0432825484764543 4896.0 0.0
0.043513388734995384 4896.0 0.0
0.04362880886426593 4896.0 0.0
0.04374422899353647 4896.0 0.0
0.043859649122807015 4896.0 0.0
0.04466759002770083 4898.0 0.0
0.04478301015697138 4909.0 0.0
0.04489843028624192 4902.0 0.0
0.045013850415512466 4898.0 0.0
0.04524469067405355 4902.0 0.0
0.0453601108033241 4902.0 0.0
0.04559095106186519 4902.0 0.0
0.046052631578947366 4910.0 0.0
0.04628347183748846 4915.0 0.0
0.046398891966759004 4907.0 0.0
0.04651431209602955 4950.0 0.0
0.04662973222530009 4932.5 0.0
0.046745152354570635 4924.333333333333 0.0
0.04686057248384118 4907.0 0.0
0.04697599261311173 4951.0 0.0
0.04720683287165282 4952.0 0.0
0.04732225300092336 4908.0 0.0
0.047437673130193904 4954.0 0.0
0.04755309325946445 4954.0 0.0
0.04778393351800554 4912.5 0.0
0.04801477377654663 4917.0 0.0
0.04813019390581717 4936.0 0.0
0.04824561403508772 4917.0 0.0
0.04836103416435827 4917.0 0.0
0.048938134810710986 4935.0 0.0
0.04916897506925208 4932.0 0.0
0.049284395198522624 4912.0 0.0
0.04939981532779317 4909.0 0.0
0.04951523545706371 4912.0 0.0
0.049630655586334255 4909.0 0.0
0.04997691597414589 4918.0 0.0
0.050092336103416436 4913.0 0.0
0.05020775623268698 4918.0 0.0
0.050323176361957524 4924.0 0.0
0.05043859649122807 4921.0 0.0
0.05090027700831025 4921.5 0.0
0.05101569713758079 4941.5 0.0
0.051131117266851336 4927.666666666667 0.0
0.05124653739612189 4958.0 0.0
0.05136195752539243 4918.0 0.0
0.051477377654662974 4938.0 0.0
0.05159279778393352 4912.5 0.0
0.05170821791320406 4935.0 0.0
0.051823638042474605 4940.5 0.0
0.05193905817174515 4918.0 0.0
0.0520544783010157 4918.0 0.0
0.05216989843028624 4920.0 0.0
0.05228531855955679 4926.0 0.0
0.05240073868882733 4926.0 0.0
0.05274699907663897 4929.0 0.0
0.052977839335180056 4930.0 0.0
0.0530932594644506 4930.0 0.0
0.053208679593721143 4855.5 0.0
0.05332409972299169 4930.0 0.0
0.05343951985226224 4960.0 0.0
0.05355493998153278 4930.0 0.0
0.053670360110803325 4930.0 0.0
0.05424746075715605 4934.0 0.0
0.054362880886426594 4938.0 0.0
0.054709141274238225 4938.0 0.0
0.05493998153277932 4938.0 0.0
0.05528624192059095 4930.0 0.0
0.05551708217913204 4930.0 0.0
0.05574792243767313 4966.0 0.0
0.055863342566943676 4922.5 0.0
0.05609418282548476 4918.0 0.0
0.05620960295475531 4923.0 0.0
0.05632502308402586 4880.0 0.0
0.0564404432132964 4880.0 0.0
0.056555863342566945 4908.5 0.0
0.05667128347183749 4888.666666666667 0.0
0.05678670360110803 4919.0 0.0
0.056902123730378576 4887.0 0.0
0.05713296398891967 4920.0 0.0
0.057248384118190214 4920.0 0.0
0.0574792243767313 4920.0 0.0
0.057594644506001845 4920.0 0.0
0.05771006463527239 4920.0 0.0
0.05782548476454294 4920.0 0.0
0.05794090489381348 4931.5 0.0
0.05805632502308403 4944.0 0.0
0.058287165281625114 4944.0 0.0
0.05851800554016621 4932.0 0.0
0.058748845798707296 4968.0 0.0
0.05909510618651893 4929.666666666667 0.0
0.05921052631578947 4910.5 0.0
0.05932594644506002 4968.0 0.0
0.059441366574330565 4937.0 0.0
0.05955678670360111 4961.5 0.0
0.05967220683287165 4968.0 0.0
0.059787626962142196 4955.0 0.0
0.05990304709141274 4933.75 0.0
0.06001846722068329 4955.0 0.0
0.060133887349953834 4894.0 0.0
0.06036472760849492 4894.0 0.0
0.06071098799630656 4897.0 0.0
0.0608264081255771 4944.0 0.0
0.060941828254847646 4920.5 0.0
0.06105724838411819 4897.0 0.0
0.061172668513388734 4944.0 0.0
0.06128808864265928 4920.5 0.0
0.06140350877192982 4920.5 0.0
0.061634349030470915 4944.0 0.0
0.061865189289012 4947.0 0.0
0.061980609418282546 4944.0 0.0
0.06255771006463527 4944.0 0.0
0.06267313019390582 4897.0 0.0
0.06278855032317636 4952.5 0.0
0.0629039704524469 4944.0 0.0
0.06313481071098799 4977.0 0.0
0.06463527239150507 4914.0 0.0
0.06475069252077563 4914.0 0.0
0.06879039704524469 4914.0 0.0
0.06971375807940905 4914.0 0.0
0.0698291782086796 4914.0 0.0
0.06994459833795014 4914.0 0.0
0.07006001846722068 4917.0 0.0
0.07179132040627885 4975.0 0.0
0.0721375807940905 4977.0 0.0
0.07225300092336104 4977.0 0.0
0.07236842105263158 4944.0 0.0
0.07248384118190213 4985.0 0.0
0.07259926131117267 4981.0 0.0
0.07271468144044321 4977.0 0.0
0.07283010156971376 4978.0 0.0
0.0729455216989843 4985.0 0.0
0.07306094182825484 4980.0 0.0
0.07317636195752539 4985.0 0.0
0.07329178208679593 4985.0 0.0
0.07363804247460758 4980.0 0.0
0.07386888273314866 4980.0 0.0
0.07433056325023084 4952.0 0.0
0.07467682363804247 4953.0 0.0
0.07479224376731301 4953.0 0.0
0.07513850415512466 4955.0 0.0
0.0752539242843952 4955.0 0.0
0.07536934441366575 4955.0 0.0
0.07583102493074792 4956.0 0.0
0.07594644506001846 4956.0 0.0
0.07606186518928901 4958.0 0.0
0.07617728531855955 4958.0 0.0
0.0762927054478301 4960.0 0.0
0.077331486611265 4961.0 0.0
0.07744690674053555 4974.5 0.0
0.07756232686980609 4968.0 0.0
0.07767774699907663 4974.5 0.0
0.07779316712834719 4981.0 0.0
0.07790858725761773 4968.0 0.0
0.07802400738688828 4968.0 0.0
0.07813942751615882 4968.0 0.0
0.07837026777469991 4968.0 0.0
0.078601108033241 4989.0 0.0
0.07871652816251154 4979.333333333333 0.0
0.07883194829178208 4968.0 0.0
0.07917820867959371 4974.5 0.0
0.07929362880886427 4989.0 0.0
0.07987072945521699 4975.0 0.0
0.07998614958448753 4984.0 0.0
0.08010156971375808 4975.0 0.0
0.08033240997229917 4979.5 0.0
0.08044783010156971 4984.0 0.0
0.08056325023084025 4982.5 0.0
0.08079409048938135 4990.0 0.0
0.08494921514312095 4986.0 0.0
0.08598799630655586 4986.0 0.0
0.08795013850415513 4986.0 0.0
0.08806555863342568 4986.0 0.0
0.08818097876269622 4986.0 0.0
0.08956602031394276 4988.0 0.0
0.0896814404432133 4988.0 0.0
0.09083564173591874 4995.0 0.0
0.09106648199445984 4995.0 0.0
0.09233610341643583 5023.0 0.0
0.09245152354570638 5023.0 0.0
0.09268236380424746 5010.0 0.0
0.09291320406278855 5023.0 0.0
0.0930286241920591 5023.0 0.0
0.09325946445060018 5038.0 0.0
0.09337488457987073 5031.0 0.0
0.09349030470914127 5038.0 0.0
0.09372114496768236 5031.0 0.0
0.09383656509695291 5039.0 0.0
0.09395198522622346 5039.0 0.0
0.094067405355494 5039.0 0.0
0.09429824561403509 5040.0 0.0
0.09452908587257618 5040.0 0.0
0.09464450600184672 5040.0 0.0
0.09475992613111726 5040.0 0.0
0.09487534626038781 5012.0 0.0
0.09660664819944598 5013.0 0.0
0.09672206832871653 5013.0 0.0
0.09683748845798708 5013.0 0.0
0.09695290858725762 5013.0 0.0
0.09729916897506925 5013.0 0.0
0.09995383194829179 5083.0 0.0
0.10156971375807941 5083.0 0.0
0.10191597414589104 5083.0 0.0
0.10203139427516159 5083.0 0.0
0.10214681440443213 5083.0 0.0
0.10226223453370267 5083.0 0.0
0.10237765466297322 5083.0 0.0
0.10260849492151432 5083.0 0.0
0.10272391505078486 5083.0 0.0
0.1028393351800554 5083.0 0.0
0.10307017543859649 5083.0 0.0
0.10330101569713758 5083.0 0.0
0.10341643582640812 5083.0 0.0
0.10353185595567867 5083.0 0.0
0.10399353647276086 5083.0 0.0
0.11011080332409973 5086.0 0.0
0.11218836565096953 5043.0 0.0
0.11668975069252077 5092.0 0.0
0.12188365650969529 5067.0 0.0
0.12419205909510618 5371.0 1.0
0.12546168051708217 5191.0 0.5
0.12569252077562326 5372.0 1.0
0.1258079409048938 5011.0 0.0
0.1329639889196676 5036.0 0.0
0.13307940904893814 5036.0 0.0
0.13331024930747923 5070.0 0.0
0.13342566943674977 5070.0 0.0
0.1337719298245614 5036.0 0.0
0.13388734995383195 5071.0 0.0
0.1340027700831025 5036.0 0.0
0.13423361034164358 5071.0 0.0
0.13434903047091412 5054.0 0.0
0.13446445060018467 5054.0 0.0
0.1345798707294552 5076.666666666667 0.0
0.13469529085872575 5071.0 0.0
0.1348107109879963 5071.0 0.0
0.13504155124653738 5037.0 0.0
0.13931209602954756 5038.0 0.0
0.13954293628808864 5038.0 0.0
0.14012003693444136 5072.0 0.0
0.1402354570637119 5072.0 0.0
0.14115881809787628 5038.0 0.0
0.14127423822714683 5038.0 0.0
0.1415050784856879 5073.0 0.0
0.14854570637119113 5076.0 0.0
0.14877654662973222 5076.0 0.0
0.14889196675900276 5076.0 0.0
0.1490073868882733 5078.0 0.0
0.14935364727608494 5078.0 0.0
0.15408587257617729 5418.0 1.0
0.15443213296398892 5418.0 1.0
0.15685595567867036 5420.0 1.0
0.1569713758079409 5420.0 1.0
0.157202216066482 5420.0 1.0
0.15731763619575254 5420.0 1.0
0.15743305632502308 5420.0 1.0
0.1618190212373038 5421.0 1.0
0.16193444136657434 5421.0 1.0
0.16274238227146814 5087.0 0.0
0.16331948291782086 5421.0 1.0
0.16470452446906741 5421.0 1.0
0.1649353647276085 5421.0 1.0
0.16505078485687905 5421.0 1.0
0.1665512465373961 5082.0 0.0
0.16666666666666666 5082.0 0.0
0.1667820867959372 5082.0 0.0
0.1670129270544783 5082.0 0.0
0.16712834718374883 5082.0 0.0
0.1672437673130194 5082.0 0.0
0.17324561403508773 5425.0 1.0
0.17347645429362882 5425.0 1.0
0.17359187442289936 5425.0 1.0
0.1737072945521699 5425.0 1.0
0.173938134810711 5425.0 1.0
0.17405355493998154 5425.0 1.0
0.17509233610341643 5425.0 1.0
0.17520775623268697 5425.0 1.0
0.17543859649122806 5425.0 1.0
0.17659279778393353 5425.0 1.0
0.17670821791320407 5425.0 1.0
0.1768236380424746 5425.0 1.0
0.17774699907663896 5426.0 1.0
0.1778624192059095 5426.0 1.0
0.17797783933518005 5426.0 1.0
0.1780932594644506 5426.0 1.0
0.17843951985226222 5426.0 1.0
0.17855493998153277 5426.0 1.0
0.1786703601108033 5426.0 1.0
0.17878578024007388 5426.0 1.0
0.1791320406278855 5426.0 1.0
0.17970914127423823 5426.0 1.0
0.18005540166204986 5426.0 1.0
0.18028624192059095 5426.0 1.0
0.1804016620498615 5426.0 1.0
0.18063250230840258 5426.0 1.0
0.18074792243767313 5426.0 1.0
0.18086334256694367 5426.0 1.0
0.1809787626962142 5426.0 1.0
0.1835180055401662 5427.0 1.0
0.1891735918744229 5090.0 0.0
0.18940443213296398 5090.0 0.0
0.18951985226223453 5090.0 0.0
0.18975069252077562 5429.0 1.0
0.19113573407202217 5090.0 0.0
0.19136657433056325 5090.0 0.0
0.1914819944598338 5091.0 0.0
0.19182825484764543 5091.0 0.0
0.19217451523545706 5091.0 0.0
0.1925207756232687 5091.0 0.0
0.19263619575253924 5091.0 0.0
0.1930978762696214 5091.0 0.0
0.19321329639889195 5091.0 0.0
0.19344413665743307 5091.0 0.0
0.19367497691597416 5094.0 0.0
0.2565789473684211 5126.0 0.0
0.25680978762696216 5126.0 0.0
0.25877192982456143 5127.0 0.0
0.288550323176362 5121.0 0.0
0.2933979686057248 5132.0 0.0
0.3122114496768236 5191.0 0.0
0.3634579870729455 5140.0 0.0
0.5532086795937211 5541.0 1.0
0.6877885503231763 5624.0 1.0
1.0 5723.0 1.0
