894960
0.00011542012927054478 1229.3549168975069 167.9862650046168
0.00023084025854108956 1818.3119459687632 293.6948079358379
0.00034626038781163435 2831.871031746032 538.5059523809524
0.0004616805170821791 3466.5081967213114 708.3032786885246
0.0005771006463527239 4562.781970649895 953.9748427672956
0.0006925207756232687 4564.85878962536 821.1325648414986
0.0008079409048938135 5174.310810810811 996.9628378378378
0.0009233610341643582 5639.5907172995785 1024.4008438818566
0.001038781163434903 6120.490099009901 1134.148514851485
0.0011542012927054479 6338.976744186047 1195.8139534883721
0.0012696214219759926 6890.788732394366 1350.281690140845
0.0013850415512465374 7666.286956521739 2120.4608695652173
0.0015004616805170822 8420.55 2298.66
0.001615881809787627 8782.528301886792 2103.8867924528304
0.0017313019390581717 8763.89534883721 2011.0232558139535
0.0018467220683287165 9913.948717948719 2243.551282051282
0.0019621421975992612 10715.134328358208 3880.2388059701493
0.002077562326869806 10872.2 3595.353846153846
0.0021929824561403508 9288.5 3320.4137931034484
0.0023084025854108957 9806.105263157895 2652.2631578947367
0.0024238227146814403 12112.727272727272 2882.2954545454545
0.0025392428439519853 12435.204545454546 5360.886363636364
0.00265466297322253 11988.878048780487 5891.634146341464
0.002770083102493075 12154.416666666666 3213.6666666666665
0.0028855032317636198 11104.651162790698 3838.4651162790697
0.0030009233610341643 10976.470588235294 3968.176470588235
0.0031163434903047093 11643.777777777777 4130.583333333333
0.003231763619575254 11868.333333333334 3577.787878787879
0.003347183748845799 13605.583333333334 6153.944444444444
0.0034626038781163434 14392.58064516129 4747.548387096775
0.0035780240073868884 12825.434782608696 6994.95652173913
0.003693444136657433 16614.521739130436 5684.478260869565
0.003808864265927978 14019.76 4850.52
0.0039242843951985225 14851.217391304348 6145.260869565217
0.004039704524469067 14971.90909090909 6177.318181818182
0.004155124653739612 17045.782608695652 6599.0
0.004270544783010157 17713.52380952381 5981.9047619047615
0.0043859649122807015 15928.42857142857 5663.523809523809
0.004501385041551247 21091.363636363636 5618.909090909091
0.0046168051708217915 18276.0 5073.8
0.004732225300092336 14966.904761904761 4854.761904761905
0.004847645429362881 17894.055555555555 5262.555555555556
0.004963065558633426 22077.38888888889 7531.222222222223
0.0050784856879039705 16853.0 5552.142857142857
0.005193905817174515 16036.684210526315 5606.631578947368
0.00530932594644506 16898.866666666665 5208.2
0.005424746075715605 18132.8 5991.85
0.00554016620498615 19711.933333333334 6266.933333333333
0.005655586334256694 18430.176470588234 9827.058823529413
0.0057710064635272396 16782.65 6795.5
0.005886426592797784 19477.14285714286 7213.571428571428
0.006001846722068329 18309.0 7944.8125
0.006117266851338873 19717.0 8508.545454545454
0.006232686980609419 21889.0 8403.157894736842
0.006348107109879963 25803.23076923077 11285.76923076923
0.006463527239150508 28208.81818181818 10822.272727272728
0.006578947368421052 23715.30769230769 7278.7692307692305
0.006694367497691598 31187.75 10671.916666666666
0.006809787626962142 17769.4 7297.5
0.006925207756232687 20120.363636363636 7512.636363636364
0.007040627885503232 26309.428571428572 7835.857142857143
0.007156048014773777 30471.416666666668 10832.666666666666
0.007271468144044321 17670.0 6388.0
0.007386888273314866 19688.058823529413 7076.058823529412
0.007502308402585411 23662.0 8395.823529411764
0.007617728531855956 20684.285714285714 10369.57142857143
0.0077331486611265 22520.69230769231 7830.384615384615
0.007848568790397045 23496.058823529413 7775.058823529412
0.00796398891966759 28904.454545454544 9519.181818181818
0.008079409048938134 19678.214285714286 6928.5
0.00819482917820868 28143.214285714286 9546.857142857143
0.008310249307479225 25281.363636363636 10589.363636363636
0.008425669436749769 31562.1 10476.4
0.008541089566020314 29571.35714285714 9042.285714285714
0.00865650969529086 29142.75 8861.333333333334
0.008771929824561403 31310.285714285714 9772.857142857143
0.008887349953831948 46165.0 11273.0
0.009002770083102494 37626.09090909091 9777.818181818182
0.009118190212373038 31371.0 11457.09090909091
0.009233610341643583 26079.6 8682.9
0.009349030470914127 18319.4 8220.2
0.009464450600184672 28278.625 10107.0
0.009579870729455217 63965.0 13130.0
0.009695290858725761 39731.666666666664 12346.333333333334
0.009810710987996307 35268.0 10671.5
0.009926131117266852 34942.333333333336 9195.666666666666
0.010041551246537396 21546.2 7575.2
0.010156971375807941 31761.14285714286 9035.857142857143
0.010272391505078486 47332.666666666664 15785.0
0.01038781163434903 22163.333333333332 8538.666666666666
0.010503231763619576 25534.11111111111 10854.0
0.01061865189289012 28584.8 18321.5
0.010734072022160665 24190.222222222223 9269.222222222223
0.01084949215143121 33276.9 13006.0
0.010964912280701754 21493.11111111111 9302.444444444445
0.0110803324099723 25367.714285714286 11331.0
0.011195752539242845 32849.181818181816 14388.545454545454
0.011311172668513388 34685.125 13009.25
0.011426592797783934 33570.88888888889 13473.444444444445
0.011542012927054479 28591.25 12045.5
0.011657433056325023 28237.6 12734.4
0.011772853185595568 31075.0 11631.666666666666
0.011888273314866112 28643.0 14997.8
0.012003693444136657 27274.428571428572 13705.857142857143
0.012119113573407203 34178.5 14810.833333333334
0.012234533702677746 30399.666666666668 13207.333333333334
0.012349953831948292 34240.5 13096.5
0.012465373961218837 26810.6 9195.8
0.012580794090489381 32812.88888888889 12965.888888888889
0.012696214219759926 28308.4 10910.8
0.012811634349030472 23855.5 10301.75
0.012927054478301015 25876.428571428572 11534.714285714286
0.01304247460757156 37844.833333333336 14226.166666666666
0.013157894736842105 34929.666666666664 14389.0
0.01327331486611265 40431.0 14831.5
0.013388734995383195 32918.5 16863.0
0.013504155124653739 31665.333333333332 13212.666666666666
0.013619575253924284 35976.5 14774.0
0.01373499538319483 45128.333333333336 22013.333333333332
0.013850415512465374 38096.5 19074.75
0.013965835641735919 69644.6 21270.0
0.014081255771006464 34785.857142857145 15578.714285714286
0.014196675900277008 32717.166666666668 15215.166666666666
0.014312096029547553 33642.8 15429.2
0.014427516158818097 37166.2 13842.0
0.014542936288088643 33158.0 18205.0
0.014658356417359188 37390.333333333336 22917.0
0.014773776546629732 30046.5 12691.0
0.014889196675900277 44505.0 17016.0
0.015004616805170823 28121.0 13392.0
0.015120036934441366 36384.666666666664 19133.0
0.015235457063711912 39677.25 18540.75
0.015350877192982455 42969.666666666664 20023.333333333332
0.015466297322253 41137.8 20999.0
0.015581717451523546 33924.0 18680.0
0.01569713758079409 37840.5 19163.0
0.015812557710064637 37858.0 19169.5
0.01592797783933518 30366.0 17875.0
0.016043397968605724 30420.0 17887.0
0.016158818097876268 30487.0 17889.0
0.016274238227146815 27841.5 16568.0
0.01638965835641736 33112.0 23813.25
0.016505078485687903 35606.5 24043.0
0.01662049861495845 40688.25 28484.5
0.016735918744228993 39395.0 22054.0
0.016851338873499537 40878.25 29382.25
0.016966759002770084 42454.8 28751.0
0.017082179132040628 39501.0 22416.0
0.01719759926131117 56223.0 31971.0
0.01731301939058172 35256.0 18939.0
0.017428439519852262 50242.333333333336 19327.0
0.017543859649122806 54378.0 21787.333333333332
0.017659279778393353 32151.75 15874.5
0.017774699907663897 39297.666666666664 19646.166666666668
0.01789012003693444 39068.5 19360.75
0.018005540166204988 39733.57142857143 21645.285714285714
0.01812096029547553 46152.0 23776.0
0.018236380424746075 43207.0 16178.0
0.018351800554016622 39517.0 22283.0
0.018467220683287166 39551.0 22389.75
0.01858264081255771 44271.0 26499.0
0.018698060941828253 37952.0 20181.5
0.0188134810710988 38375.5 21010.0
0.018928901200369344 34619.0 19457.0
0.019044321329639888 38404.0 17050.0
0.019159741458910435 45462.0 16354.0
0.01927516158818098 42302.666666666664 31912.333333333332
0.019390581717451522 39933.5 38028.0
0.01950600184672207 48419.0 58309.0
0.019736842105263157 42488.666666666664 33954.666666666664
0.019852262234533704 42072.0 31308.25
0.019967682363804248 45002.0 28300.0
0.02008310249307479 48121.0 22976.0
0.02019852262234534 48129.0 22978.0
0.020313942751615882 48782.0 23037.0
0.020429362880886426 43257.333333333336 24962.0
0.020544783010156973 47993.0 24741.5
0.020660203139427517 37595.5 21735.5
0.02077562326869806 38138.0 21904.0
0.020891043397968604 42081.0 34150.666666666664
0.02100646352723915 42546.0 34245.0
0.021121883656509695 49013.0 43006.5
0.02123730378578024 48794.0 36534.75
0.021352723915050786 48572.5 30063.5
0.02146814404432133 49782.666666666664 29847.333333333332
0.021583564173591873 57711.0 34926.0
0.02169898430286242 46375.5 26116.0
0.021929824561403508 40859.0 19843.0
0.022276084949215142 46015.0 29281.0
0.02239150507848569 44600.5 28047.0
0.022506925207756233 74383.0 96754.0
0.022622345337026777 54723.5 35596.5
0.022737765466297324 56032.5 36956.0
0.022853185595567867 52536.0 32641.2
0.02296860572483841 52216.0 31356.75
0.023084025854108958 52497.0 31830.333333333332
0.023199445983379502 52462.5 31487.0
0.023314866112650046 74316.0 52784.0
0.02343028624192059 56081.75 41834.0
0.023545706371191136 55909.333333333336 31586.0
0.02366112650046168 53454.5 30630.5
0.023776546629732224 57063.666666666664 31656.666666666668
0.02389196675900277 52152.666666666664 29693.333333333332
0.024007386888273315 53454.2 30324.4
0.02412280701754386 44300.5 25380.75
0.024238227146814405 46207.0 25072.0
0.02435364727608495 49399.333333333336 28992.666666666668
0.024469067405355493 47792.5 26948.75
0.02458448753462604 50156.5 26690.5
0.024699907663896584 47332.0 24094.0
0.024815327793167127 53470.0 30342.25
0.024930747922437674 51466.333333333336 29896.666666666668
0.025046168051708218 56620.0 29305.5
0.025161588180978762 53590.0 30781.0
0.02527700831024931 50812.5 25767.0
0.025507848568790396 51782.0 29550.0
0.025623268698060944 51556.8 30351.2
0.025738688827331487 51845.0 29554.333333333332
0.02585410895660203 55844.0 27003.5
0.025969529085872575 59825.666666666664 41005.0
0.02608494921514312 54516.333333333336 27795.333333333332
0.026200369344413665 53069.0 31335.333333333332
0.02631578947368421 62936.6 37854.6
0.026431209602954756 60612.71428571428 34625.0
0.0265466297322253 73563.0 43104.333333333336
0.026662049861495844 47367.666666666664 27288.666666666668
0.02677746999076639 56076.5 31699.25
0.026892890120036934 68772.33333333333 43419.333333333336
0.027008310249307478 53984.666666666664 32633.0
0.027123730378578025 58324.333333333336 37269.0
0.02723915050784857 56103.333333333336 34364.333333333336
0.027354570637119113 57306.666666666664 30602.333333333332
0.02746999076638966 52408.0 30223.5
0.027585410895660203 56737.57142857143 32480.571428571428
0.027700831024930747 52805.333333333336 30942.333333333332
0.027816251154201294 63237.0 40998.666666666664
0.027931671283471838 63020.5 47598.25
0.02804709141274238 65461.5 42785.666666666664
0.02816251154201293 56624.666666666664 44151.666666666664
0.028277931671283472 53203.666666666664 40893.333333333336
0.028393351800554016 54554.0 35317.0
0.02850877192982456 69467.0 32598.0
0.028624192059095107 67589.5 50047.0
0.02873961218836565 71395.0 65708.5
0.028855032317636194 54260.0 33217.0
0.02897045244690674 65847.0 55619.666666666664
0.029085872576177285 68587.0 51357.5
0.02920129270544783 69661.5 53288.5
0.029316712834718376 67407.0 56089.666666666664
0.02943213296398892 63541.666666666664 44619.333333333336
0.029547553093259463 60762.666666666664 44614.333333333336
0.02966297322253001 62204.0 64714.0
0.029778393351800554 62228.0 64772.0
0.029893813481071098 59080.0 36623.0
0.03012465373961219 60924.666666666664 40802.0
0.030240073868882732 70497.0 37012.0
0.030470914127423823 70537.0 37087.0
0.030932594644506 62962.0 44768.0
0.031048014773776545 82926.0 38847.5
0.03150969529085872 82729.0 34353.5
0.031625115420129274 55909.0 36204.5
0.03174053554939982 68336.0 48066.0
0.03185595567867036 57151.0 37174.0
0.031971375807940905 57222.0 37316.5
0.03208679593721145 59918.0 40471.666666666664
0.03220221606648199 57660.5 37466.5
0.032317636195752536 67620.5 39885.5
0.03243305632502309 64543.0 46638.0
0.03254847645429363 63254.0 33743.0
0.03277931671283472 62370.0 53319.0
0.03289473684210526 52298.5 37879.0
0.0332409972299169 58256.0 41745.0
0.03347183748845799 86093.5 47639.5
0.03358725761772853 51813.0 34717.0
0.033702677746999074 51828.0 34717.0
0.03404893813481071 52120.0 34762.0
0.0342797783933518 59038.0 35154.0
0.03439519852262234 55516.5 38419.0
0.03451061865189289 73993.0 50263.0
0.03462603878116344 60571.5 40773.5
0.03474145891043398 58961.0 42149.0
0.034856879039704525 62282.0 39472.0
0.03497229916897507 62285.0 39472.0
0.035203139427516156 78195.5 49483.0
0.03543397968605725 82247.0 49732.0
0.035549399815327794 82251.0 49737.0
0.035895660203139425 74340.0 50787.0
0.036011080332409975 74351.0 50893.0
0.03612650046168052 60204.0 42811.0
0.03624192059095106 60973.0 43013.0
0.036357340720221606 77254.0 49601.0
0.036588180978762694 77230.0 43480.0
0.036703601108033244 77239.0 43480.0
0.03681902123730379 76073.0 47338.0
0.03693444136657433 78706.0 50540.0
0.037049861495844875 68283.0 46456.0
0.03716528162511542 74695.0 51052.0
0.037396121883656507 68369.0 46466.5
0.03751154201292706 69028.5 46528.5
0.0376269621421976 69043.5 46644.5
0.037742382271468145 83128.0 50795.0
0.03785780240073869 74886.0 68825.0
0.03797322253000923 74912.0 68827.0
0.038088642659279776 64981.0 43379.0
0.038204062788550326 69501.0 55947.5
0.03831948291782087 74336.5 48147.5
0.038434903047091414 74637.33333333333 55097.0
0.03855032317636196 70430.0 46684.25
0.0386657433056325 72794.0 52458.75
0.038781163434903045 57755.0 38363.0
0.038896583564173595 70771.5 45692.5
0.03901200369344414 70838.0 45721.0
0.03912742382271468 83824.0 53036.0
0.039242843951985226 58013.0 38480.0
0.03935826408125577 70926.5 45770.0
0.03958910433979686 71093.5 56943.5
0.03970452446906741 75219.0 69202.0
0.03981994459833795 65771.0 41769.5
0.039935364727608495 79548.5 49671.0
0.04005078485687904 85657.0 54445.0
0.04016620498614958 79633.0 49837.0
0.040281625115420126 58135.0 38652.0
0.04039704524469068 65880.5 41941.0
0.04051246537396122 70668.25 51350.25
0.040627885503231764 69722.66666666667 53469.0
0.04074330563250231 75613.0 52498.0
0.04085872576177285 73769.0 47056.0
0.040974145891043395 67011.5 45607.0
0.041089566020313946 58342.0 38707.0
0.04120498614958449 58346.0 38707.0
0.04132040627885503 58353.0 38716.0
0.04143582640812558 58520.0 38718.0
0.04155124653739612 75839.0 69580.0
0.041666666666666664 78356.0 57913.0
0.04178208679593721 76414.0 53039.5
0.042128347183748846 75302.0 58947.5
0.04224376731301939 78479.0 58142.0
0.04247460757156048 74855.0 48253.0
0.04259002770083103 74865.0 48253.0
0.04270544783010157 74882.0 48281.0
0.042820867959372115 76510.0 55404.0
0.04293628808864266 78107.0 62532.0
0.043513388734995384 78624.0 63969.0
0.04374422899353647 78795.0 64031.0
0.043859649122807015 78795.0 64088.0
0.04409048938134811 78994.0 64406.0
0.04443674976915974 79051.0 64481.0
0.04466759002770083 82910.0 63537.0
0.04478301015697138 94055.5 83000.5
0.045013850415512466 108837.0 91598.0
0.04512927054478301 79124.0 64707.0
0.0453601108033241 76102.0 53106.0
0.04547553093259465 73073.0 41216.0
0.04559095106186519 79161.0 65022.0
0.046398891966759004 96038.0 79632.0
0.04651431209602955 96047.5 79632.5
0.04662973222530009 110026.0 92488.0
0.046745152354570635 110165.0 92623.0
0.04686057248384118 110175.0 92623.0
0.04697599261311173 110180.0 92623.0
0.04720683287165282 110218.0 92626.0
0.047437673130193904 89922.0 57645.0
0.04755309325946445 89937.0 57645.0
0.047668513388735 89939.0 57649.0
0.048591874422899355 91564.0 58576.0
0.0487072945521699 91569.0 58579.0
0.04905355493998153 89592.5 64133.5
0.04916897506925208 91638.0 58585.0
0.049284395198522624 85762.0 59269.0
0.04939981532779317 83990.0 48856.0
0.05055401662049862 91885.0 59106.0
0.05101569713758079 87006.33333333333 65310.333333333336
0.051131117266851336 77518.0 44744.0
0.05124653739612189 85133.0 49832.0
0.05136195752539243 87013.0 51564.0
0.051477377654662974 77570.0 44809.0
0.05159279778393352 83625.5 61036.0
0.05240073868882733 89511.0 78196.0
0.052516158818097874 89511.0 78196.0
0.05274699907663897 95193.0 74476.0
0.052977839335180056 95207.0 74476.0
0.0530932594644506 95312.0 74617.0
0.053208679593721143 95339.0 74703.0
0.053670360110803325 95511.0 74794.0
0.054016620498614956 95525.0 74804.0
0.05482456140350877 103029.5 85439.0
0.055401662049861494 93026.0 76219.0
0.05551708217913204 93098.0 76236.0
0.05563250230840259 93104.0 76671.0
0.05574792243767313 93112.0 76672.0
0.05597876269621422 93343.0 76708.0
0.0564404432132964 93416.0 77925.0
0.05701754385964912 86091.0 62508.0
0.057248384118190214 86200.0 62525.0
0.05736380424746076 86212.0 62525.0
0.0574792243767313 86228.0 62529.0
0.057594644506001845 86274.0 62584.0
0.05794090489381348 87491.0 66484.0
0.05897968605724838 87674.0 66512.0
0.05921052631578947 87710.0 66514.0
0.05932594644506002 101307.0 84149.0
0.059441366574330565 94712.0 68658.0
0.06001846722068329 91744.0 71690.0
0.060133887349953834 91789.0 71704.0
0.06024930747922438 91789.0 71704.0
0.060480147737765465 91802.0 71705.0
0.06059556786703601 91817.0 71741.0
0.06071098799630656 91820.0 71741.0
0.0608264081255771 107668.0 94512.5
0.060941828254847646 123514.0 117292.0
0.06105724838411819 91831.0 71741.0
0.061634349030470915 123698.0 117293.0
0.06209602954755309 94261.0 77087.0
0.06244228993536473 82484.0 61997.0
0.06278855032317636 82537.0 62030.0
0.06301939058171745 82574.0 62048.0
0.0641735918744229 82665.0 62115.0
0.06428901200369344 82668.0 62229.0
0.06440443213296398 82679.0 62232.0
0.06463527239150507 82825.0 62287.0
0.06475069252077563 103987.5 89956.5
0.06498153277931672 82996.0 62298.0
0.06509695290858726 104066.5 90000.0
0.06602031394275161 83159.0 62369.0
0.06659741458910434 139161.0 91257.0
0.06775161588180979 139355.0 91715.0
0.06786703601108034 139371.0 91715.0
0.07063711911357341 140640.0 92308.0
0.07075253924284396 140665.0 92314.0
0.07340720221606649 91111.0 74208.0
0.07352262234533703 91177.0 74215.0
0.07363804247460758 97532.0 78182.5
0.07375346260387812 97534.5 78182.5
0.07386888273314866 116426.5 84264.0
0.07398430286241921 91366.0 74837.0
0.07409972299168975 91388.0 74855.0
0.07433056325023084 106774.0 82952.0
0.07490766389658357 106485.0 80704.5
0.07513850415512466 106911.0 83218.0
0.07571560480147738 142162.0 95386.0
0.07640812557710065 108221.0 84989.0
0.0765235457063712 108266.0 84991.0
0.07698522622345337 156473.0 100370.0
0.07756232686980609 92584.0 81959.0
0.07767774699907663 92592.0 81960.0
0.07779316712834719 92841.0 81989.0
0.08010156971375808 131783.0 104233.0
0.08564173591874423 136912.0 110242.0
0.08587257617728532 136964.0 110278.0
0.08598799630655586 136968.0 110279.0
0.0861034164358264 136969.0 110279.0
0.08633425669436749 122713.0 91036.0
0.08760387811634349 166441.0 214456.0
0.09395198522622346 123569.0 116914.0
0.094067405355494 123654.0 117000.0
0.10156971375807941 307804.0 263189.0
0.1093028624192059 199207.0 133503.0
0.11507386888273315 150205.0 136205.0
0.11668975069252077 150472.0 136525.0
0.11945983379501385 225931.0 149695.0
0.1371191135734072 168206.0 183753.0
0.13723453370267774 169725.0 183790.0
0.13758079409048937 169814.0 183847.0
0.13769621421975992 173433.0 169522.5
0.13908125577100647 175837.0 203639.0
0.1396583564173592 310358.0 266550.0
0.14577562326869806 178005.0 159694.0
0.15016158818097877 224467.0 189987.0
0.2126038781163435 232584.0 233428.0
0.2412280701754386 468509.0 529739.0
0.24422899353647276 291358.0 306987.0
0.2445752539242844 317016.0 333276.0
0.33206371191135736 383261.0 383123.0
0.3684210526315789 406967.0 432724.0
0.485803324099723 642072.0 863015.0
0.514196675900277 487435.0 592418.0
1.0 894960.0 1455433.0
