5139
0.00011542012927054478 956.1640120036934 183.908702677747
0.00023084025854108956 1484.4711538461538 351.8423913043478
0.00034626038781163435 1981.1335227272727 516.7755681818181
0.0004616805170821791 2289.2503961965135 566.6323296354992
0.0005771006463527239 2573.2494669509597 919.5117270788912
0.0006925207756232687 2798.448484848485 1007.3242424242425
0.0008079409048938135 2967.223443223443 1187.2344322344322
0.0009233610341643582 3162.464114832536 1005.0
0.001038781163434903 3191.6666666666665 1226.768817204301
0.0011542012927054479 3358.6666666666665 1971.5266666666666
0.0012696214219759926 3475.719696969697 1562.628787878788
0.0013850415512465374 3503.590163934426 1546.8524590163934
0.0015004616805170822 3683.7631578947367 2489.622807017544
0.001615881809787627 3808.68085106383 2210.2340425531916
0.0017313019390581717 3799.5227272727275 2352.1704545454545
0.0018467220683287165 3769.7619047619046 1904.8095238095239
0.0019621421975992612 3853.157894736842 2170.3026315789475
0.002077562326869806 3947.5245901639346 2655.9836065573772
0.0021929824561403508 3972.0789473684213 4095.4473684210525
0.0023084025854108957 4133.590909090909 3609.681818181818
0.0024238227146814403 4091.5272727272727 3754.090909090909
0.0025392428439519853 4082.0 3168.18
0.00265466297322253 4090.148936170213 2982.553191489362
0.002770083102493075 4171.65 3079.775
0.0028855032317636198 4203.25 4188.1
0.0030009233610341643 4230.925 3579.8
0.0031163434903047093 4239.566666666667 3063.1666666666665
0.003231763619575254 4292.558823529412 3607.470588235294
0.003347183748845799 4378.354838709677 5822.5161290322585
0.0034626038781163434 4297.527777777777 2949.0
0.0035780240073868884 4355.129032258064 4126.258064516129
0.003693444136657433 4410.181818181818 4989.181818181818
0.003808864265927978 4334.125 6107.583333333333
0.0039242843951985225 4407.791666666667 4542.375
0.004039704524469067 4480.2 4191.4
0.004155124653739612 4515.263157894737 4347.210526315789
0.004270544783010157 4510.476190476191 5177.190476190476
0.0043859649122807015 4494.75 4522.5625
0.004501385041551247 4512.5 5732.884615384615
0.0046168051708217915 4521.9473684210525 6519.105263157895
0.004732225300092336 4542.583333333333 6842.583333333333
0.004847645429362881 4550.823529411765 7152.941176470588
0.004963065558633426 4533.4 7897.133333333333
0.0050784856879039705 4539.923076923077 8432.538461538461
0.005193905817174515 4523.789473684211 6329.684210526316
0.00530932594644506 4575.75 5796.25
0.005424746075715605 4561.25 7336.95
0.00554016620498615 4624.0 7837.666666666667
0.005655586334256694 4565.25 8784.8
0.0057710064635272396 4501.058823529412 5480.941176470588
0.005886426592797784 4587.6 8983.666666666666
0.006001846722068329 4610.266666666666 9395.733333333334
0.006117266851338873 4630.9 9232.75
0.006232686980609419 4599.2 7054.866666666667
0.006348107109879963 4581.333333333333 7898.75
0.006463527239150508 4641.75 10015.666666666666
0.006578947368421052 4548.5 6211.357142857143
0.006694367497691598 4634.428571428572 5656.142857142857
0.006809787626962142 4578.214285714285 5015.571428571428
0.006925207756232687 4627.923076923077 12210.76923076923
0.007040627885503232 4676.8 11098.066666666668
0.007156048014773777 4745.7 14633.5
0.007271468144044321 4708.666666666667 10941.666666666666
0.007386888273314866 4655.0 11469.222222222223
0.007502308402585411 4709.142857142857 16032.42857142857
0.007617728531855956 4734.166666666667 16367.5
0.0077331486611265 4787.25 21257.75
0.007848568790397045 4728.428571428572 11060.285714285714
0.00796398891966759 4729.666666666667 13193.166666666666
0.008079409048938134 4794.166666666667 18078.666666666668
0.00819482917820868 4742.142857142857 16037.42857142857
0.008310249307479225 4700.25 20586.25
0.008425669436749769 4645.5 7747.0
0.008541089566020314 4733.3 14969.3
0.00865650969529086 4739.090909090909 9893.363636363636
0.008771929824561403 4759.555555555556 10828.333333333334
0.008887349953831948 4725.666666666667 10708.666666666666
0.009002770083102494 4768.111111111111 10654.666666666666
0.009118190212373038 4733.125 10155.625
0.009233610341643583 4762.571428571428 11990.142857142857
0.009349030470914127 4800.222222222223 17722.555555555555
0.009464450600184672 4822.8 23132.6
0.009579870729455217 4796.333333333333 8491.666666666666
0.009695290858725761 4808.0 11349.75
0.009810710987996307 4806.666666666667 12241.333333333334
0.009926131117266852 4800.2307692307695 11667.23076923077
0.010041551246537396 4787.25 13406.875
0.010156971375807941 4728.5 10982.0
0.010272391505078486 4830.0 10359.75
0.01038781163434903 4793.875 12617.125
0.010503231763619576 4829.0 16347.6
0.01061865189289012 4815.5 13418.25
0.010734072022160665 4766.0 9955.4
0.01084949215143121 4805.666666666667 13706.555555555555
0.010964912280701754 4789.571428571428 10929.42857142857
0.0110803324099723 4840.222222222223 14153.0
0.011195752539242845 4827.166666666667 12875.666666666666
0.011311172668513388 4839.8 19061.4
0.011426592797783934 4783.8 12509.4
0.011542012927054479 4782.0 18695.666666666668
0.011657433056325023 4758.0 7503.5
0.011772853185595568 4826.833333333333 18378.0
0.011888273314866112 4798.8 13646.6
0.012003693444136657 4829.333333333333 16420.0
0.012119113573407203 4887.0 22313.0
0.012234533702677746 4835.25 15870.0
0.012349953831948292 4854.4 20190.0
0.012465373961218837 4878.666666666667 22022.333333333332
0.012580794090489381 4834.6 16874.4
0.012696214219759926 4843.5 18210.75
0.012811634349030472 4813.0 10255.666666666666
0.012927054478301015 4828.333333333333 11282.666666666666
0.01304247460757156 4843.8 17376.0
0.013157894736842105 4866.5 21989.5
0.01327331486611265 4827.5 16055.0
0.013388734995383195 4852.833333333333 18826.333333333332
0.013504155124653739 4869.142857142857 21968.571428571428
0.013619575253924284 4886.0 22928.0
0.01373499538319483 4830.0 13010.0
0.013850415512465374 4851.5 20138.0
0.013965835641735919 4867.75 16873.5
0.014081255771006464 4877.0 26661.333333333332
0.014196675900277008 4893.25 20689.75
0.014312096029547553 4859.0 22344.75
0.014427516158818097 4870.428571428572 18215.428571428572
0.014542936288088643 4885.333333333333 24516.666666666668
0.014658356417359188 4883.0 9749.0
0.014773776546629732 4929.0 26608.0
0.014889196675900277 4885.666666666667 16721.0
0.015004616805170823 4875.333333333333 19759.0
0.015120036934441366 4887.666666666667 18579.666666666668
0.015235457063711912 4882.25 19414.25
0.015350877192982455 4933.0 28603.0
0.015466297322253 4901.5 21551.5
0.015581717451523546 4907.333333333333 23433.0
0.01569713758079409 4916.5 29333.0
0.015812557710064637 4920.25 22071.75
0.01592797783933518 4904.0 21774.6
0.016043397968605724 4927.666666666667 23964.333333333332
0.016158818097876268 4918.0 20124.0
0.016274238227146815 4939.0 22366.5
0.01638965835641736 4945.0 34566.0
0.016505078485687903 4893.666666666667 21679.0
0.01662049861495845 4938.0 28994.0
0.016735918744228993 4910.333333333333 22298.0
0.016851338873499537 4893.666666666667 18203.333333333332
0.016966759002770084 4911.333333333333 22320.333333333332
0.017082179132040628 4915.0 17848.0
0.01719759926131117 4929.0 26634.666666666668
0.01731301939058172 4919.333333333333 25739.333333333332
0.017428439519852262 4934.75 31242.75
0.017543859649122806 4938.5 26955.75
0.017659279778393353 4921.5 19945.5
0.017774699907663897 4931.75 30613.75
0.01789012003693444 4937.4 31497.8
0.018005540166204988 4926.4 27637.0
0.01812096029547553 4933.0 25925.0
0.018236380424746075 4939.5 32506.5
0.018351800554016622 4929.0 27299.5
0.018467220683287166 4968.0 49613.0
0.01858264081255771 4934.333333333333 32686.666666666668
0.018698060941828253 4944.0 39328.5
0.0188134810710988 4932.0 32243.333333333332
0.018928901200369344 4893.5 21700.75
0.019044321329639888 4921.0 28703.0
0.019159741458910435 4913.0 26308.0
0.01927516158818098 4941.0 30880.333333333332
0.019390581717451522 4903.5 20162.0
0.01950600184672207 4924.25 21351.0
0.019621421975992613 4926.0 23426.833333333332
0.019736842105263157 4913.666666666667 21454.0
0.019852262234533704 4915.5 24451.5
0.019967682363804248 4894.333333333333 17586.333333333332
0.02008310249307479 4950.0 31382.0
0.02019852262234534 4952.5 30113.0
0.020313942751615882 4913.0 21872.666666666668
0.020429362880886426 4924.666666666667 22387.0
0.020544783010156973 4938.5 26853.5
0.020660203139427517 4931.666666666667 26490.5
0.02077562326869806 4938.666666666667 30558.666666666668
0.020891043397968604 4940.666666666667 27833.0
0.02100646352723915 4941.0 29656.5
0.021121883656509695 4927.5 28983.5
0.02123730378578024 4967.0 35200.0
0.021352723915050786 4853.0 8749.0
0.02146814404432133 4905.5 19474.0
0.021583564173591873 4958.0 30199.0
0.02169898430286242 4987.0 31735.0
0.021929824561403508 4973.0 29280.333333333332
0.022045244690674055 4973.5 30694.0
0.0221606648199446 4957.5 28838.0
0.022276084949215142 4927.0 26823.0
0.02239150507848569 4973.0 26523.0
0.022622345337026777 4948.5 26916.5
0.022737765466297324 4926.0 27349.5
0.022853185595567867 4947.5 57014.0
0.02296860572483841 4925.0 27306.0
0.023084025854108958 4944.0 59122.0
0.023314866112650046 4981.0 51433.0
0.023545706371191136 4935.0 27951.0
0.023776546629732224 4941.0 30025.0
0.02389196675900277 4951.0 33406.666666666664
0.024007386888273315 4924.0 26083.0
0.02412280701754386 4949.5 26872.5
0.024238227146814405 4970.75 37998.5
0.02435364727608495 4990.0 49122.5
0.024469067405355493 4962.0 35324.333333333336
0.02458448753462604 4982.0 52079.0
0.024699907663896584 4955.5 39158.0
0.024815327793167127 4932.0 26307.0
0.024930747922437674 4933.0 26307.0
0.025046168051708218 4950.0 30772.0
0.025161588180978762 4984.0 52113.0
0.02527700831024931 4991.5 49772.0
0.025623268698060944 4991.0 35855.0
0.025738688827331487 4984.5 36024.0
0.02585410895660203 4981.0 38311.0
0.025969529085872575 4992.0 36127.0
0.02608494921514312 4979.5 35845.0
0.026200369344413665 4979.5 36192.5
0.0265466297322253 4992.0 37620.0
0.026662049861495844 4941.0 28047.0
0.02677746999076639 4992.0 33428.5
0.026892890120036934 4995.0 36340.0
0.027008310249307478 4995.0 36340.0
0.027123730378578025 4995.0 36378.0
0.02723915050784857 4989.0 52567.0
0.02746999076638966 4994.0 40145.0
0.027585410895660203 4999.333333333333 40629.333333333336
0.027700831024930747 5000.0 45237.5
0.027931671283471838 5009.0 56226.0
0.02850877192982456 4990.0 53490.0
0.028624192059095107 4990.0 53490.0
0.02873961218836565 4990.0 53911.0
0.028855032317636194 4999.5 55131.5
0.02920129270544783 5009.0 56255.0
0.029316712834718376 5009.0 56258.0
0.02943213296398892 4984.0 37579.0
0.029547553093259463 4996.5 46921.5
0.029778393351800554 5009.0 56264.0
0.029893813481071098 4999.0 32386.0
0.03012465373961219 4996.0 62173.0
0.030240073868882732 4996.0 62176.0
0.03035549399815328 5006.0 52260.0
0.030470914127423823 5007.0 52309.0
0.030586334256694367 5008.0 52390.0
0.03070175438596491 4998.0 46445.0
0.030817174515235458 4998.0 46451.0
0.030932594644506 4989.0 40300.333333333336
0.031048014773776545 4979.5 34143.5
0.031278855032317636 4989.0 40433.0
0.03150969529085872 4971.0 27863.0
0.03174053554939982 5009.5 59378.0
0.03185595567867036 5012.0 63271.0
0.031971375807940905 4992.0 41937.0
0.03208679593721145 4998.666666666667 48337.333333333336
0.03220221606648199 4993.5 46141.0
0.032317636195752536 4992.0 42296.666666666664
0.03243305632502309 4994.0 46171.0
0.03254847645429363 5005.333333333333 53855.0
0.032663896583564174 4993.0 42558.0
0.03277931671283472 5000.0 49536.666666666664
0.03289473684210526 4994.666666666667 45004.0
0.033125577100646356 4984.5 35742.5
0.0332409972299169 4974.0 29067.0
0.03335641735918744 4993.5 43004.5
0.03347183748845799 4969.0 91665.0
0.03358725761772853 4983.0 68276.0
0.033702677746999074 5006.0 83772.0
0.033818097876269625 4998.666666666667 59405.0
0.03393351800554017 4974.0 29492.0
0.03404893813481071 4995.0 47912.0
0.0342797783933518 5016.0 66339.0
0.03451061865189289 4980.0 29592.0
0.03462603878116344 5016.0 66416.0
0.03474145891043398 5016.0 66443.0
0.03508771929824561 5021.0 69367.0
0.035203139427516156 5021.0 69368.0
0.035895660203139425 5005.0 96876.0
0.036011080332409975 4982.0 29710.0
0.03612650046168052 4982.0 29839.0
0.03624192059095106 5005.0 96944.0
0.036357340720221606 4993.5 63393.0
0.036703601108033244 4983.0 30001.0
0.03693444136657433 4981.5 34921.0
0.037049861495844875 4980.0 39843.0
0.03716528162511542 4985.0 30614.0
0.037396121883656507 4982.0 41871.0
0.0376269621421976 4985.0 30619.0
0.037742382271468145 4985.0 30619.0
0.03785780240073869 4971.0 23620.5
0.03797322253000923 4982.5 56891.5
0.038088642659279776 4991.5 61130.5
0.038204062788550326 5007.0 97122.0
0.03831948291782087 4990.0 54798.666666666664
0.038434903047091414 4990.0 54818.0
0.03855032317636196 4987.0 31509.0
0.038781163434903045 4997.5 64457.5
0.038896583564173595 4983.0 42333.0
0.03901200369344414 4985.0 43171.0
0.03912742382271468 4985.0 43172.0
0.039242843951985226 4985.0 43172.0
0.03935826408125577 4985.0 43172.0
0.039935364727608495 4986.0 43823.0
0.04005078485687904 4997.5 70679.0
0.04016620498614958 5009.0 97531.0
0.040281625115420126 5009.0 97531.0
0.04051246537396122 5009.0 97580.0
0.040627885503231764 5009.0 97592.0
0.04074330563250231 4987.0 43927.0
0.04085872576177285 4987.0 43927.0
0.040974145891043395 4987.0 43927.0
0.041089566020313946 4987.0 43936.0
0.04120498614958449 5009.0 97621.0
0.04143582640812558 5009.0 97625.0
0.04155124653739612 5009.0 97625.0
0.04189750692520776 5010.0 99124.0
0.042128347183748846 4987.0 26379.0
0.04224376731301939 4987.0 26409.0
0.04235918744228993 4987.0 26429.0
0.04247460757156048 4987.0 26430.0
0.043167128347183746 4984.0 45106.0
0.04339796860572484 5025.0 65512.0
0.04362880886426593 5026.0 66019.0
0.04466759002770083 4995.0 28297.0
0.04478301015697138 4996.0 28330.0
0.04489843028624192 4996.0 28330.0
0.045013850415512466 4999.0 46736.0
0.04512927054478301 4999.0 46787.0
0.04651431209602955 5008.0 51310.0
0.04732225300092336 5006.0 33029.0
0.047437673130193904 5008.0 33036.0
0.04882271468144044 5009.0 33091.0
0.048938134810710986 5017.0 101997.0
0.04905355493998153 5017.0 102133.0
0.04916897506925208 5013.0 67876.5
0.04939981532779317 5028.0 64140.0
0.049630655586334255 5028.0 64146.0
0.0497460757156048 5024.5 83379.0
0.04986149584487535 5028.0 64176.0
0.04997691597414589 5028.0 64176.0
0.050092336103416436 5028.0 64501.0
0.05055401662049862 5028.0 64554.0
0.05066943674976916 5028.0 64663.0
0.050784856879039705 5028.0 64689.0
0.05090027700831025 5028.0 64857.0
0.05101569713758079 5028.0 65535.0
0.051131117266851336 5028.0 65536.0
0.05124653739612189 5038.0 121827.0
0.05159279778393352 5028.0 65666.0
0.05216989843028624 5014.0 54804.0
0.05240073868882733 5014.0 54817.0
0.05528624192059095 5034.0 68629.0
0.055401662049861494 5028.5 63954.5
0.05551708217913204 5034.0 68703.0
0.05563250230840259 5034.0 68705.0
0.05574792243767313 5034.0 68736.0
0.055863342566943676 5035.0 72128.0
0.05609418282548476 5035.0 72142.0
0.05678670360110803 5039.5 86120.0
0.056902123730378576 5043.0 100753.0
0.057248384118190214 5040.0 87396.5
0.0574792243767313 5043.0 100817.0
0.057594644506001845 5038.0 75939.0
0.05771006463527239 5043.0 100963.0
0.05886426592797784 5027.0 79076.0
0.05897968605724838 5027.0 79095.0
0.05921052631578947 5027.0 79244.0
0.059787626962142196 5045.0 88810.0
0.06036472760849492 5029.0 85806.0
0.060480147737765465 5029.0 85806.0
0.06071098799630656 5029.0 85817.0
0.0608264081255771 5029.0 85841.0
0.06105724838411819 5029.0 86089.0
0.061172668513388734 5029.0 86163.0
0.06128808864265928 5029.0 86388.0
0.06151892890120037 5045.0 105323.0
0.06174976915974146 5029.0 86526.0
0.061865189289012 5045.0 105325.0
0.06209602954755309 5038.5 109137.5
0.06255771006463527 5045.0 105581.0
0.0629039704524469 5043.0 102248.5
0.06301939058171745 5043.0 102248.5
0.06313481071098799 5043.0 102284.5
0.06325023084025855 5045.5 105541.5
0.06348107109879964 5046.0 105262.0
0.06359649122807018 5035.0 117802.0
0.06371191135734072 5042.0 109733.0
0.0641735918744229 5046.0 105434.0
0.06428901200369344 5046.0 106010.0
0.06440443213296398 5035.0 118851.0
0.06451985226223453 5035.0 118851.0
0.06509695290858726 5051.0 101754.0
0.0652123730378578 5050.0 104041.5
0.06532779316712835 5051.0 102135.0
0.06544321329639889 5050.0 104081.0
0.06555863342566944 5051.0 102162.0
0.06602031394275161 5051.0 102188.0
0.06613573407202217 5051.0 102188.0
0.06786703601108034 5051.0 103485.0
0.06798245614035088 5051.0 103527.0
0.06809787626962142 5045.0 95234.0
0.06890581717451523 5060.0 122240.0
0.06913665743305633 5051.0 109667.0
0.06936749769159742 5051.0 109677.0
0.07006001846722068 5051.0 109929.0
0.07063711911357341 5051.0 110028.0
0.07075253924284396 5051.0 110029.0
0.07109879963065559 5042.0 93480.0
0.07132963988919667 5043.0 93503.0
0.07144506001846722 5043.0 93505.0
0.07156048014773776 5047.0 102033.5
0.0716759002770083 5051.0 110748.0
0.07179132040627885 5051.0 110748.0
0.0721375807940905 5060.0 124878.0
0.07225300092336104 5060.0 124936.0
0.07236842105263158 5060.0 124936.0
0.07248384118190213 5061.0 124940.0
0.07271468144044321 5052.5 109765.5
0.07283010156971376 5052.5 109781.5
0.0729455216989843 5061.0 125097.0
0.07306094182825484 5061.0 125109.0
0.07317636195752539 5061.0 125109.0
0.07363804247460758 5061.0 125249.0
0.07386888273314866 5056.0 118343.0
0.07456140350877193 5047.0 134581.0
0.07479224376731301 5046.0 116485.0
0.07490766389658357 5046.0 98815.0
0.07502308402585411 5046.0 98859.0
0.07513850415512466 5046.0 99927.0
0.0752539242843952 5048.0 100141.0
0.07536934441366575 5051.0 107768.5
0.07606186518928901 5050.0 101116.0
0.07617728531855955 5050.0 101116.0
0.0762927054478301 5050.0 103667.0
0.07640812557710065 5050.0 103682.0
0.07663896583564174 5050.0 104013.0
0.07686980609418283 5050.0 104013.0
0.07710064635272391 5050.0 104032.0
0.07721606648199446 5050.0 104033.0
0.077331486611265 5052.0 114494.0
0.07744690674053555 5052.0 114495.0
0.07756232686980609 5050.0 104100.0
0.07767774699907663 5054.0 118569.0
0.07779316712834719 5054.0 118641.0
0.07825484764542937 5050.0 104180.0
0.07837026777469991 5050.0 104302.0
0.07848568790397045 5050.0 104431.0
0.078601108033241 5050.0 104604.0
0.07871652816251154 5050.0 105463.0
0.07883194829178208 5050.0 105463.0
0.07894736842105263 5052.0 112440.5
0.07906278855032317 5050.0 105463.0
0.07917820867959371 5050.0 105470.0
0.07929362880886427 5052.0 112538.5
0.07940904893813482 5054.0 119618.0
0.07987072945521699 5054.0 120062.0
0.07998614958448753 5054.0 120075.0
0.08067867036011081 5055.0 120331.0
0.08079409048938135 5052.0 107957.0
0.0809095106186519 5052.0 107957.0
0.08102493074792244 5058.0 134096.0
0.08114035087719298 5055.0 121071.0
0.08125577100646353 5055.0 121087.5
0.08137119113573407 5058.0 134144.0
0.0817174515235457 5052.0 108730.0
0.08183287165281625 5058.0 134294.0
0.08229455216989844 5052.0 108787.0
0.08264081255771007 5056.5 123694.5
0.08275623268698061 5056.5 123708.0
0.08287165281625115 5052.0 108788.0
0.0829870729455217 5056.5 123741.0
0.08310249307479224 5061.0 138746.0
0.08333333333333333 5052.0 108976.0
0.08356417359187442 5052.0 108979.0
0.08379501385041552 5052.0 109067.0
0.08437211449676824 5052.0 109334.0
0.08541089566020314 5061.0 140263.0
0.08552631578947369 5061.0 140292.0
0.08564173591874423 5056.0 127375.0
0.0861034164358264 5056.0 127411.0
0.08621883656509695 5052.0 109700.0
0.08644967682363804 5054.5 118584.5
0.08668051708217914 5052.0 109738.0
0.08691135734072022 5053.0 109803.0
0.08725761772853186 5057.666666666667 128531.0
0.0873730378578024 5058.0 127590.0
0.08748845798707294 5061.0 137902.0
0.08760387811634349 5063.0 147430.0
0.08771929824561403 5053.0 111252.0
0.08783471837488457 5059.0 128629.0
0.08795013850415513 5054.5 106377.0
0.08818097876269622 5059.0 128690.0
0.08829639889196676 5056.0 120157.5
0.0884118190212373 5059.0 128766.0
0.0886426592797784 5056.0 120273.5
0.08875807940904894 5056.0 120275.0
0.08887349953831948 5059.0 128820.0
0.08933518005540166 5059.0 129141.0
0.09014312096029548 5053.0 127378.0
0.09037396121883656 5059.0 132369.0
0.0904893813481071 5059.0 132371.0
0.09083564173591874 5059.0 130976.5
0.0909510618651893 5059.0 129552.0
0.09268236380424746 5060.0 132804.0
0.0930286241920591 5060.0 132805.0
0.09314404432132964 5060.0 132812.0
0.09325946445060018 5060.0 132813.0
0.09464450600184672 5064.0 145863.0
0.09475992613111726 5064.0 145863.0
0.09545244690674054 5064.0 145968.0
0.09556786703601108 5062.0 137746.0
0.09568328716528163 5062.0 137746.0
0.09579870729455217 5063.0 141860.5
0.09637580794090489 5064.0 156345.0
0.09649122807017543 5064.0 156345.0
0.09660664819944598 5062.0 138032.0
0.09672206832871653 5063.0 147209.0
0.09683748845798708 5062.0 138033.0
0.09695290858725762 5063.0 147529.5
0.09706832871652817 5065.0 138298.0
0.09729916897506925 5065.0 147746.0
0.09903047091412742 5065.0 138558.0
0.09937673130193905 5065.0 138608.0
0.09960757156048015 5065.0 138734.0
0.10006925207756233 5065.0 138734.0
0.10018467220683287 5067.0 138738.0
0.1018005540166205 5067.0 138907.0
0.10191597414589104 5067.0 138908.0
0.10203139427516159 5067.0 138908.0
0.1038781163434903 5067.0 161913.0
0.10399353647276086 5067.0 161938.0
0.1041089566020314 5067.0 161939.0
0.10422437673130194 5067.0 161939.0
0.10457063711911357 5067.0 161943.0
0.10468605724838412 5068.0 162239.0
0.12084487534626039 5073.0 156972.0
0.12142197599261312 5073.0 156986.0
0.12153739612188366 5073.0 156986.0
0.1216528162511542 5073.0 156990.0
0.12176823638042475 5076.0 231330.0
0.12188365650969529 5076.0 231343.0
0.12211449676823638 5073.0 157175.0
0.12222991689750692 5073.0 157176.0
0.1229224376731302 5077.0 231741.0
0.12303785780240074 5077.0 231741.0
0.12407663896583564 5076.0 195379.0
0.12419205909510618 5076.0 195379.0
0.12442289935364728 5076.0 195389.0
0.12534626038781163 5079.0 185717.0
0.12569252077562326 5079.0 185807.0
0.1260387811634349 5079.0 185826.0
0.13134810710987996 5073.0 158113.0
0.13157894736842105 5073.0 159192.0
0.13284856879039705 5081.0 190021.0
0.13331024930747923 5081.0 190175.0
0.13342566943674977 5081.0 190184.0
0.13354108956602032 5081.0 190185.0
0.1337719298245614 5081.0 190802.0
0.1340027700831025 5081.0 190809.0
0.13411819021237303 5081.0 190901.0
0.13423361034164358 5079.0 238838.0
0.13538781163434904 5081.0 194429.0
0.13550323176361959 5081.0 194429.0
0.13561865189289013 5081.0 194429.0
0.1363111726685134 5079.0 239737.0
0.1386195752539243 5079.0 242312.0
0.13873499538319484 5079.0 242325.0
0.13988919667590027 5079.0 242731.0
0.14000461680517082 5079.0 242731.0
0.14035087719298245 5080.0 242732.0
0.14058171745152354 5080.0 242737.0
0.14069713758079408 5080.0 242795.0
0.14081255771006462 5080.0 242796.0
0.14092797783933517 5080.0 242846.0
0.14138965835641737 5080.0 242955.0
0.1425438596491228 5081.0 243211.0
0.14265927977839335 5081.0 243218.0
0.14289012003693444 5081.0 243266.0
0.14300554016620498 5081.0 243272.0
0.14323638042474607 5081.0 243345.0
0.1433518005540166 5081.0 243350.0
0.1435826408125577 5081.0 243377.0
0.14369806094182824 5081.0 243381.0
0.14392890120036936 5081.0 243413.0
0.144275161588181 5081.0 243413.0
0.14750692520775624 5082.0 245310.0
0.14762234533702678 5082.0 245310.0
0.15004616805170823 5085.0 202883.0
0.15016158818097877 5085.0 202895.0
0.15027700831024932 5085.0 202895.0
0.15039242843951986 5085.0 202901.0
0.15062326869806095 5085.0 202902.0
0.1507386888273315 5085.0 202904.0
0.15189289012003693 5085.0 203153.0
0.16078024007386887 5085.0 206948.0
0.16089566020313942 5085.0 206949.0
0.16101108033240996 5085.0 208160.0
0.16135734072022162 5085.0 208267.0
0.1623961218836565 5086.0 211342.0
0.1626269621421976 5086.0 219565.0
0.17151431209602955 5087.0 273503.0
0.17255309325946444 5087.0 279806.0
0.1992151431209603 5091.0 330254.0
0.19933056325023085 5091.0 330254.0
0.1994459833795014 5091.0 330257.0
0.20013850415512466 5091.0 330464.0
0.2002539242843952 5091.0 331012.0
0.20060018467220683 5091.0 331021.0
0.20152354570637118 5091.0 331222.0
0.20175438596491227 5091.0 331234.0
0.20637119113573407 5091.0 333479.0
0.20660203139427516 5091.0 333656.0
0.20764081255771005 5091.0 334627.0
0.2077562326869806 5091.0 334627.0
0.20787165281625117 5091.0 334627.0
0.2079870729455217 5091.0 334639.0
0.20856417359187443 5091.0 335305.0
0.21410433979686058 5092.0 348728.0
0.2144506001846722 5092.0 349092.0
0.2146814404432133 5092.0 349093.0
0.21525854108956602 5092.0 349773.0
0.21537396121883656 5092.0 350187.0
0.21664358264081257 5093.0 350341.0
0.23626500461680516 5093.0 321431.0
0.2366112650046168 5094.0 335963.0
0.23684210526315788 5095.0 381904.0
0.2378808864265928 5096.0 382717.0
0.23799630655586335 5096.0 382837.0
0.23915050784856878 5094.0 345537.0
0.23938134810710987 5096.0 383031.0
0.23949676823638041 5096.0 383055.0
0.24076638965835642 5096.0 392169.0
0.24088180978762697 5096.0 392218.0
0.2412280701754386 5096.0 392629.0
0.24180517082179132 5096.0 393157.0
0.2420360110803324 5096.0 393178.0
0.24365189289012004 5098.0 372784.0
0.24492151431209602 5098.0 384575.0
0.2453831948291782 5096.0 395866.0
0.24549861495844874 5096.0 395978.0
0.2460757156048015 5096.0 395986.0
0.24619113573407203 5096.0 395993.0
0.24642197599261312 5096.0 396008.0
0.24653739612188366 5096.0 396008.0
0.2476915974145891 5096.0 396165.0
0.24780701754385964 5096.0 396165.0
0.24815327793167127 5096.0 396180.0
0.24826869806094182 5096.0 396220.0
0.24838411819021236 5096.0 396229.0
0.24873037857802402 5096.0 396233.0
0.24884579870729456 5096.0 396238.0
0.25 5101.0 413717.0
0.2516158818097876 5100.0 388569.0
0.26050323176361956 5099.0 345050.0
0.26996768236380425 5100.0 402348.0
0.27620036934441367 5103.0 418042.0
0.2778162511542013 5105.0 438891.0
0.28451061865189287 5105.0 449707.0
0.3028624192059095 5109.0 510396.0
0.4126269621421976 5111.0 633282.0
0.7154893813481071 5127.0 1143678.0
1.0 5139.0 1593385.0
