5981
0.00011499540018399264 559.9765409383625 0.0
0.00022999080036798528 760.0145690004047 0.0
0.00034498620055197794 885.6804029304029 0.0
0.00045998160073597056 952.1951588502269 0.0
0.0005749770009199632 1015.6032482598608 0.0
0.0006899724011039559 1045.3065476190477 0.0
0.0008049678012879485 1058.1006711409395 0.0
0.0009199632014719411 1076.607142857143 0.0
0.0010349586016559337 1094.7426900584796 0.0
0.0011499540018399263 1108.5228758169935 0.0
0.001264949402023919 1117.6544117647059 0.0
0.0013799448022079118 1134.45 0.0
0.0014949402023919044 1148.5729166666667 0.0
0.001609935602575897 1159.4333333333334 0.0
0.0017249310027598896 1150.1052631578948 0.0
0.0018399264029438822 1156.078125 0.0
0.001954921803127875 1186.4657534246576 0.0
0.0020699172033118675 1184.1846153846154 0.0
0.0021849126034958603 1198.8088235294117 0.0
0.0022999080036798527 1238.7966101694915 0.0
0.0024149034038638455 1215.1509433962265 0.0
0.002529898804047838 1210.952380952381 0.0
0.0026448942042318307 1241.595238095238 0.0
0.0027598896044158236 1207.611111111111 0.0
0.002874885004599816 1175.7 0.0
0.002989880404783809 1155.121212121212 0.0
0.003104875804967801 1219.2571428571428 0.0
0.003219871205151794 1217.2571428571428 0.0
0.0033348666053357864 1207.2916666666667 0.0
0.0034498620055197792 1203.5652173913043 0.0
0.003564857405703772 1235.6538461538462 0.0
0.0036798528058877645 1239.0 0.0
0.0037948482060717573 1221.25 0.0
0.00390984360625575 1259.6451612903227 0.0
0.0040248390064397425 1273.4242424242425 0.0
0.004139834406623735 1229.103448275862 0.0
0.004254829806807727 1311.7857142857142 0.0
0.0043698252069917206 1309.6296296296296 0.0
0.004484820607175713 1229.9583333333333 0.0
0.004599816007359705 1285.2105263157894 0.0
0.004714811407543699 1282.9166666666667 0.0
0.004829806807727691 1233.125 0.0
0.004944802207911683 1222.2727272727273 0.0
0.005059797608095676 1279.0 0.0
0.005174793008279669 1255.6470588235295 0.0
0.0052897884084636615 1360.1764705882354 0.0
0.005404783808647654 1361.8695652173913 0.0
0.005519779208831647 1357.6363636363637 0.0
0.0056347746090156395 1463.3846153846155 0.0
0.005749770009199632 1338.25 0.0
0.005864765409383624 1304.9130434782608 0.0
0.005979760809567618 1293.6875 0.0
0.00609475620975161 1377.8461538461538 0.0
0.006209751609935602 1358.5 0.0
0.006324747010119596 1406.4166666666667 0.0
0.006439742410303588 1401.5555555555557 0.0
0.00655473781048758 1368.7272727272727 0.0
0.006669733210671573 1500.5 0.0
0.006784728610855566 1454.1 0.0
0.0068997240110395585 1453.5 0.0
0.007014719411223551 1455.3333333333333 0.0
0.007129714811407544 1423.076923076923 0.0
0.0072447102115915365 1252.5 0.0
0.007359705611775529 1414.857142857143 0.0
0.007474701011959521 1364.0833333333333 0.0
0.007589696412143515 1449.0 0.0
0.007704691812327507 1501.5714285714287 0.0
0.0078196872125115 1363.2222222222222 0.0
0.007934682612695492 1521.6666666666667 0.0
0.008049678012879485 1525.4545454545455 0.0
0.008164673413063478 1519.857142857143 0.0
0.00827966881324747 1426.25 0.0
0.008394664213431463 1363.6666666666667 0.0
0.008509659613615455 1490.8333333333333 0.0
0.008624655013799448 1501.6 0.0
0.008739650413983441 1473.25 0.0
0.008854645814167433 1477.75 0.0
0.008969641214351426 1538.2 0.0
0.00908463661453542 1454.875 0.0
0.00919963201471941 1546.2857142857142 0.0
0.009314627414903404 1609.5 0.0
0.009429622815087397 1518.5714285714287 0.0
0.009544618215271389 1467.2 0.0
0.009659613615455382 1431.142857142857 0.0
0.009774609015639375 1287.0 0.0
0.009889604415823367 1212.0 0.0
0.01000459981600736 1419.2 0.0
0.010119595216191352 1159.5 0.0
0.010234590616375345 1478.4 0.0
0.010349586016559338 1357.5 0.0
0.01046458141674333 1506.6666666666667 0.0
0.010579576816927323 1477.6666666666667 0.0
0.010694572217111316 1445.0 0.0
0.010809567617295308 1386.0 0.0
0.010924563017479301 1145.0 0.0
0.011039558417663294 1559.857142857143 0.0
0.011154553817847286 1293.0 0.0
0.011269549218031279 1364.75 0.0
0.01138454461821527 1463.0 0.0
0.011499540018399264 2096.5 0.0
0.011614535418583257 1915.0 0.0
0.011729530818767249 1776.6 0.0
0.011844526218951242 1668.3333333333333 0.0
0.011959521619135235 1461.3333333333333 0.0
0.012074517019319227 1568.2 0.0
0.01218951241950322 1418.3333333333333 0.0
0.012304507819687213 1370.0 0.0
0.012419503219871205 1678.75 0.0
0.012534498620055198 1526.0 0.0
0.012649494020239191 1554.6666666666667 0.0
0.012764489420423183 1404.0 0.0
0.012879484820607176 1315.0 0.0
0.012994480220791168 1694.0 0.0
0.01310947562097516 1715.8 0.0
0.013224471021159154 1881.0 0.0
0.013339466421343146 1903.857142857143 0.0
0.013454461821527139 1993.0 0.0
0.013569457221711132 1634.5 0.0
0.013684452621895124 1638.25 0.0
0.013799448022079117 1439.8 0.0
0.01391444342226311 1531.142857142857 0.0
0.014029438822447102 1748.0 0.0
0.014144434222631095 1762.2857142857142 0.0
0.014259429622815088 1673.6 0.0
0.01437442502299908 1644.0 0.0
0.014489420423183073 1826.6 0.0
0.014604415823367065 1987.0 0.0
0.014719411223551058 1972.0 0.0
0.014834406623735051 1759.0 0.0
0.014949402023919043 1620.5 0.0
0.015064397424103036 1691.6 0.0
0.01517939282428703 1871.0 0.0
0.01529438822447102 1734.2 0.0
0.015409383624655014 1575.75 0.0
0.015524379024839007 1602.6666666666667 0.0
0.015639374425023 1703.0 0.0
0.01575436982520699 1715.3333333333333 0.0
0.015869365225390984 1734.8333333333333 0.0
0.015984360625574977 1539.0 0.0
0.01609935602575897 1691.75 0.0
0.016214351425942963 1723.0 0.0
0.016329346826126957 1805.5 0.0
0.016444342226310946 1691.4 0.0
0.01655933762649494 1712.0 0.0
0.016674333026678933 1855.4 0.0
0.016789328426862926 1937.0 0.0
0.01690432382704692 1808.5 0.0
0.01701931922723091 1408.0 0.0
0.017134314627414902 1960.0 0.0
0.017249310027598896 2203.0 0.0
0.01736430542778289 2007.3333333333333 0.0
0.017479300827966882 1907.0 0.0
0.017709291628334865 1969.75 0.0
0.01782428702851886 1827.75 0.0
0.017939282428702852 1860.3333333333333 0.0
0.018054277828886845 1816.0 0.0
0.01816927322907084 1369.5 0.0
0.018284268629254828 1489.5 0.0
0.01839926402943882 1657.0 0.0
0.018629254829806808 1773.0 0.0
0.0187442502299908 1526.5 0.0
0.018859245630174794 1943.5 0.0
0.018974241030358784 1922.5 0.0
0.019089236430542778 1417.0 0.0
0.01920423183072677 1388.0 0.0
0.019319227230910764 1817.0 0.0
0.019434222631094757 1850.0 0.0
0.01954921803127875 2036.5 0.0
0.01966421343146274 1918.3333333333333 0.0
0.019779208831646734 2094.3333333333335 0.0
0.019894204231830727 2012.5 0.0
0.02000919963201472 2295.0 0.0
0.020124195032198713 1794.0 0.0
0.020584176632934683 2219.5 0.0
0.020699172033118676 2113.0 0.0
0.02081416743330267 2018.0 0.0
0.02092916283348666 2030.0 0.0
0.021044158233670653 1942.3333333333333 0.0
0.021159153633854646 1882.0 0.0
0.02127414903403864 1894.0 0.0
0.021389144434222632 2335.0 0.0
0.021504139834406622 2264.3333333333335 0.0
0.021619135234590615 2349.0 0.0
0.02173413063477461 2109.5 0.0
0.021849126034958602 1861.3333333333333 0.0
0.021964121435142595 1947.5 0.0
0.02207911683532659 2156.25 0.0
0.02219411223551058 2338.5 0.0
0.02230910763569457 2123.0 0.0
0.022539098436062558 2710.0 0.0
0.02276908923643054 1968.0 0.0
0.023344066237350507 1997.0 0.0
0.02357405703771849 2265.5 0.0
0.023689052437902484 2267.0 0.0
0.023804047838086477 1997.0 0.0
0.02391904323827047 2537.0 0.0
0.024149034038638453 2035.0 0.0
0.02437902483900644 1903.5 0.0
0.024609015639374426 1926.0 0.0
0.024724011039558416 2408.0 0.0
0.02483900643974241 2167.0 0.0
0.024954001839926403 2969.0 0.0
0.02518399264029439 2337.25 0.0
0.025298988040478382 2233.0 0.0
0.025413983440662372 2155.6666666666665 0.0
0.025528978840846366 1851.0 0.0
0.02564397424103036 2142.3333333333335 0.0
0.025758969641214352 2010.0 0.0
0.025873965041398345 2085.0 0.0
0.025988960441582335 2011.0 0.0
0.02610395584176633 1853.75 0.0
0.02621895124195032 1776.0 0.0
0.026333946642134315 2306.0 0.0
0.026448942042318308 2112.5 0.0
0.0265639374425023 2306.0 0.0
0.02667893284268629 2167.3333333333335 0.0
0.026793928242870284 2051.0 0.0
0.026908923643054278 2292.0 0.0
0.02702391904323827 2092.0 0.0
0.027138914443422264 2373.5 0.0
0.027253909843606254 2042.25 0.0
0.027368905243790247 2127.0 0.0
0.027598896044158234 2129.6666666666665 0.0
0.027713891444342227 1985.0 0.0
0.02782888684452622 1929.0 0.0
0.02794388224471021 1988.0 0.0
0.028058877644894203 1988.0 0.0
0.028173873045078197 2179.0 0.0
0.02828886844526219 1929.0 0.0
0.028403863845446183 2072.3333333333335 0.0
0.028518859245630176 2072.6666666666665 0.0
0.028863845446182153 2085.5 0.0
0.02909383624655014 2242.0 0.0
0.02920883164673413 2155.6666666666665 0.0
0.029323827046918122 2346.0 0.0
0.029438822447102116 2229.6 0.0
0.02955381784728611 2027.0 0.0
0.029668813247470102 2319.0 0.0
0.029783808647654095 2057.6666666666665 0.0
0.029898804047838085 1965.5 0.0
0.03001379944802208 2143.0 0.0
0.030128794848206072 2284.0 0.0
0.030243790248390065 2292.0 0.0
0.03035878564857406 2211.6666666666665 0.0
0.030473781048758048 2316.5 0.0
0.03058877644894204 2157.3333333333335 0.0
0.030703771849126035 2186.0 0.0
0.030818767249310028 2002.0 0.0
0.03093376264949402 2735.0 0.0
0.031163753449862004 2310.0 0.0
0.031278748850046 2329.5 0.0
0.03139374425022999 2310.0 0.0
0.03150873965041398 2145.0 0.0
0.03162373505059798 2328.3333333333335 0.0
0.03173873045078197 2363.0 0.0
0.031853725850965964 2363.5 0.0
0.031968721251149954 2349.0 0.0
0.03208371665133394 2569.5 0.0
0.03219871205151794 2145.0 0.0
0.03231370745170193 2164.5 0.0
0.03242870285188593 2569.5 0.0
0.03265869365225391 1980.0 0.0
0.03288868445262189 2790.0 0.0
0.03300367985280589 2228.5 0.0
0.03311867525298988 2790.0 0.0
0.033233670653173876 2790.0 0.0
0.033348666053357866 2108.0 0.0
0.033463661453541856 2138.0 0.0
0.03357865685372585 2217.0 0.0
0.03369365225390984 2142.3333333333335 0.0
0.03392364305427783 2609.0 0.0
0.034153633854645815 2108.0 0.0
0.034268629254829805 2449.0 0.0
0.0343836246550138 2449.0 0.0
0.03449862005519779 2108.0 0.0
0.03461361545538179 1945.0 0.0
0.03472861085556578 2096.5 0.0
0.03484360625574977 2096.5 0.0
0.035073597056117754 2395.6666666666665 0.0
0.03530358785648574 2316.0 0.0
0.03541858325666973 2282.0 0.0
0.03553357865685373 2623.0 0.0
0.03564857405703772 2130.5 0.0
0.035763569457221714 2282.5 0.0
0.035878564857405704 2132.5 0.0
0.03599356025758969 1969.0 0.0
0.03610855565777369 1948.0 0.0
0.036453541858325667 1948.0 0.0
0.036568537258509656 2149.0 0.0
0.03668353265869365 2350.0 0.0
0.03691352345906164 1948.0 0.0
0.037258509659613616 1999.0 0.0
0.037373505059797606 1951.0 0.0
0.0374885004599816 1898.5 0.0
0.03760349586016559 2043.0 0.0
0.03771849126034959 2165.0 0.0
0.03783348666053358 2081.5 0.0
0.03794848206071757 1846.0 0.0
0.038063477460901565 2319.0 0.0
0.038178472861085555 2319.0 0.0
0.03840846366145354 1847.0 0.0
0.03852345906163753 2316.0 0.0
0.03863845446182153 2044.3333333333333 0.0
0.03875344986200552 2626.0 0.0
0.038868445262189515 2507.5 0.0
0.0390984360625575 1953.0 0.0
0.03921343146274149 1954.0 0.0
0.03932842686292548 2143.5 0.0
0.039673413063477464 1954.0 0.0
0.039788408463661454 2143.5 0.0
0.039903403863845444 2333.0 0.0
0.04024839006439743 2251.0 0.0
0.04093836246550138 1860.0 0.0
0.04174333026678933 1998.0 0.0
0.0422033118675253 1951.0 0.0
0.04266329346826127 1998.0 0.0
0.042778288868445265 1951.0 0.0
0.042893284268629255 1951.0 0.0
0.04312327506899724 1951.0 0.0
0.04323827046918123 1951.0 0.0
0.04335326586936523 2158.0 0.0
0.04346826126954922 2158.0 0.0
0.043698252069917204 1952.0 0.0
0.043813247470101194 2194.0 0.0
0.04392824287028519 2436.0 0.0
0.04415823367065318 1953.0 0.0
0.04427322907083717 1953.0 0.0
0.04450321987120515 2059.0 0.0
0.04473321067157314 2065.0 0.0
0.04542318307267709 1953.0 0.0
0.04565317387304508 2058.0 0.0
0.04576816927322907 2058.0 0.0
0.045883164673413065 2058.0 0.0
0.045998160073597055 1953.0 0.0
0.04622815087396504 2163.0 0.0
0.04634314627414903 2163.0 0.0
0.04645814167433303 2163.0 0.0
0.04657313707451702 2163.0 0.0
0.046688132474701015 2058.0 0.0
0.046918123275068994 2058.5 0.0
0.04703311867525299 2076.0 0.0
0.04714811407543698 1954.0 0.0
0.04726310947562098 2076.0 0.0
0.04737810487580497 2076.0 0.0
0.04749310027598896 2015.0 0.0
0.047723091076356944 2076.0 0.0
0.04795308187672493 2076.0 0.0
0.0484130634774609 2076.0 0.0
0.04864305427782889 2076.0 0.0
0.04875804967801288 2076.0 0.0
0.04887304507819687 2076.0 0.0
0.049103035878564856 2076.0 0.0
0.04956301747930083 2076.0 0.0
0.04967801287948482 2076.0 0.0
0.05025298988040478 2095.0 0.0
0.05105795768169273 2078.0 0.0
0.05186292548298068 2078.0 0.0
0.05197792088316467 2078.0 0.0
0.05209291628334867 2078.0 0.0
0.05220791168353266 2254.0 0.0
0.05243790248390064 2254.0 0.0
0.05255289788408464 2254.0 0.0
0.05278288868445262 2254.0 0.0
0.053012879484820606 2121.0 0.0
0.0531278748850046 1988.0 0.0
0.05335786568537258 2254.0 0.0
0.05485280588776449 1989.0 0.0
0.05496780128794848 1989.0 0.0
0.05588776448942042 2419.0 0.0
0.05611775528978841 2419.0 0.0
0.05657773689052438 2513.0 0.0
0.05669273229070837 2513.0 0.0
0.056922723091076356 2556.0 0.0
0.05703771849126035 2556.0 0.0
0.057727690892364306 2556.0 0.0
0.05830266789328427 2440.0 0.0
0.060142594296228154 2707.0 0.0
0.060257589696412144 2707.0 0.0
0.060947562097516096 1995.0 0.0
0.06106255749770009 1995.0 0.0
0.06117755289788408 1995.0 0.0
0.06129254829806808 2004.0 0.0
0.061522539098436066 2006.0 0.0
0.061752529898804046 2329.0 0.0
0.06186752529898804 2232.0 0.0
0.06198252069917203 2490.5 0.0
0.06221251149954002 2458.0 0.0
0.062442502299908005 2458.0 0.0
0.062557497700092 2458.0 0.0
0.06267249310027599 2458.0 0.0
0.06278748850045998 2006.0 0.0
0.06301747930082796 2458.0 0.0
0.06324747010119595 2458.0 0.0
0.06336246550137994 2458.0 0.0
0.06370745170193193 2458.0 0.0
0.06485740570377185 2006.0 0.0
0.06497240110395584 2006.0 0.0
0.06508739650413983 2006.0 0.0
0.06520239190432382 2322.0 0.0
0.06531738730450783 2322.0 0.0
0.06543238270469182 2638.0 0.0
0.0655473781048758 2638.0 0.0
0.06681232750689972 2006.0 0.0
0.06692732290708371 2322.0 0.0
0.06761729530818768 2638.0 0.0
0.06773229070837167 2638.0 0.0
0.06784728610855566 2638.0 0.0
0.06819227230910764 2638.0 0.0
0.06830726770929163 2638.0 0.0
0.0687672493100276 2666.0 0.0
0.06899724011039558 2666.0 0.0
0.06934222631094757 2639.0 0.0
0.06945722171113156 2639.0 0.0
0.06957221711131555 2671.0 0.0
0.06968721251149954 2671.0 0.0
0.06980220791168354 2656.5 0.0
0.06991720331186753 2656.5 0.0
0.07129714811407543 2640.0 0.0
0.07141214351425942 2640.0 0.0
0.07152713891444343 2640.0 0.0
0.07164213431462742 2640.0 0.0
0.07175712971481141 2640.0 0.0
0.07198712051517939 2641.0 0.0
0.07233210671573137 2641.0 0.0
0.07244710211591536 2641.0 0.0
0.07256209751609935 2641.0 0.0
0.07267709291628335 2641.0 0.0
0.07279208831646734 2641.0 0.0
0.07290708371665133 2641.0 0.0
0.07302207911683532 2641.0 0.0
0.07313707451701931 2647.0 0.0
0.07325206991720332 2647.0 0.0
0.0733670653173873 2647.0 0.0
0.0734820607175713 2647.0 0.0
0.07417203311867525 2647.0 0.0
0.07440202391904324 2647.0 0.0
0.07451701931922723 2647.0 0.0
0.07463201471941122 2647.0 0.0
0.07578196872125115 2647.0 0.0
0.07589696412143514 2647.0 0.0
0.07624195032198712 2647.0 0.0
0.0764719411223551 2647.0 0.0
0.0765869365225391 2647.0 0.0
0.0767019319227231 2647.0 0.0
0.07693192272309107 2647.0 0.0
0.07716191352345907 2647.0 0.0
0.07750689972401104 2647.0 0.0
0.07762189512419503 2647.0 0.0
0.07773689052437903 2647.0 0.0
0.07831186752529899 2647.0 0.0
0.07842686292548298 2647.0 0.0
0.07854185832566697 2647.0 0.0
0.07900183992640294 2647.0 0.0
0.08049678012879485 3335.0 0.0
0.09464121435142595 3247.0 0.0
0.09498620055197791 3247.0 0.0
0.09510119595216192 3311.0 0.0
0.09521619135234591 3311.0 0.0
0.0953311867525299 3311.0 0.0
0.09556117755289788 3311.0 0.0
0.10545078196872125 2377.0 0.0
0.1061407543698252 2383.0 0.0
0.10694572217111316 2383.0 0.0
0.10959061637534499 3418.0 0.0
0.10970561177552898 3418.0 0.0
0.10982060717571297 3420.0 0.0
0.10993560257589696 3420.0 0.0
0.11120055197792088 3422.0 0.0
0.11154553817847286 3422.0 0.0
0.11177552897884084 3422.0 0.0
0.11212051517939282 3422.0 0.0
0.11246550137994481 3422.0 0.0
0.1125804967801288 2869.0 0.0
0.11269549218031279 3422.0 0.0
0.11281048758049678 3422.0 0.0
0.11292548298068077 3422.0 0.0
0.11315547378104876 2869.0 0.0
0.11327046918123275 2869.0 0.0
0.11350045998160073 2869.0 0.0
0.11936522539098436 3670.0 0.0
0.11959521619135234 3670.0 0.0
0.11971021159153634 3670.0 0.0
0.11982520699172033 3209.5 0.0
0.11994020239190432 2995.0 0.0
0.12005519779208831 2995.0 0.0
0.1201701931922723 3430.0 0.0
0.12028518859245631 3212.5 0.0
0.12063017479300828 3430.0 0.0
0.12074517019319227 3213.0 0.0
0.12086016559337627 3430.0 0.0
0.12097516099356026 3430.0 0.0
0.12120515179392824 3430.0 0.0
0.12132014719411223 3550.0 0.0
0.12143514259429623 3367.0 0.0
0.1220101195952162 2998.0 0.0
0.12247010119595216 3435.0 0.0
0.12293008279668813 3435.0 0.0
0.12327506899724011 3435.0 0.0
0.12419503219871206 3435.0 0.0
0.12431002759889605 3435.0 0.0
0.13569457221711131 3471.0 0.0
0.13580956761729532 3471.0 0.0
0.1359245630174793 3471.0 0.0
0.13615455381784727 3471.0 0.0
0.13787948482060716 3036.0 0.0
0.13810947562097517 3036.0 0.0
0.1453541858325667 3958.0 0.0
0.14546918123275068 3958.0 0.0
0.1455841766329347 3958.0 0.0
0.14569917203311866 3958.0 0.0
0.14581416743330267 3958.0 0.0
0.14592916283348667 3958.0 0.0
0.15363385464581417 3962.0 0.0
0.1544388224471021 3962.0 0.0
0.1548988040478381 3962.0 0.0
0.15535878564857405 3962.0 0.0
0.15581876724931001 3096.0 0.0
0.15593376264949402 3096.0 0.0
0.15639374425023 3096.0 0.0
0.15650873965041398 3096.0 0.0
0.15673873045078196 3096.0 0.0
0.15685372585096596 3096.0 0.0
0.15696872125114997 3096.0 0.0
0.15834866605335787 3098.0 0.0
0.15857865685372585 3098.0 0.0
0.1590386384544618 2653.0 0.0
0.1608785648574057 3101.0 0.0
0.1609935602575897 3101.0 0.0
0.16110855565777368 3101.0 0.0
0.1612235510579577 3101.0 0.0
0.1627184912603496 3102.0 0.0
0.16306347746090155 3102.0 0.0
0.16386844526218952 3102.0 0.0
0.1639834406623735 3102.0 0.0
0.16432842686292548 3102.0 0.0
0.16444342226310948 3102.0 0.0
0.16467341306347746 3102.0 0.0
0.16501839926402945 3980.0 0.0
0.16513339466421342 3541.0 0.0
0.16524839006439743 2746.0 0.0
0.1654783808647654 3102.0 0.0
0.16570837166513339 3980.0 0.0
0.1658233670653174 3843.5 0.0
0.16605335786568537 3980.0 0.0
0.16628334866605335 3980.0 0.0
0.16639834406623735 3980.0 0.0
0.16812327506899724 3983.0 0.0
0.16823827046918124 3983.0 0.0
0.16835326586936522 3983.0 0.0
0.16846826126954922 3983.0 0.0
0.1688132474701012 3983.0 0.0
0.16938822447102117 3983.0 0.0
0.16984820607175713 3983.0 0.0
0.18215271389144433 3252.0 0.0
0.23240570377184913 3379.0 0.0
0.24885004599816007 4171.0 0.0
0.24896504139834408 4171.0 0.0
0.24965501379944802 3867.0 0.0
0.25126494940202393 4171.0 0.0
0.25137994480220793 4171.0 0.0
0.2545998160073597 4171.0 0.0
0.25574977000919963 4183.0 0.0
0.2564397424103036 4183.0 0.0
0.2565547378104876 4183.0 0.0
0.25701471941122356 3878.0 0.0
0.2573597056117755 4183.0 0.0
0.2609245630174793 3878.0 0.0
0.2610395584176633 3878.0 0.0
0.2623045078196872 3878.0 0.0
0.2636844526218951 3879.0 0.0
0.26529438822447104 3879.0 0.0
0.265409383624655 3879.0 0.0
0.265524379024839 3879.0 0.0
0.26598436062557496 3879.0 0.0
0.26609935602575896 3879.0 0.0
0.26701931922723093 4206.0 0.0
0.2671343146274149 4206.0 0.0
0.2672493100275989 4206.0 0.0
0.26793928242870285 4206.0 0.0
0.26816927322907086 4206.0 0.0
0.2689742410303588 4206.0 0.0
0.2690892364305428 4206.0 0.0
0.2719641214351426 3879.0 0.0
0.2720791168353266 3879.0 0.0
0.2721941122355106 3879.0 0.0
0.27253909843606255 3879.0 0.0
0.2750689972401104 3965.0 0.0
0.2778288868445262 4214.0 0.0
0.2779438822447102 4214.0 0.0
0.5530128794848206 4974.0 0.0
0.593951241950322 4990.0 0.0
0.7597746090156394 5738.0 0.0
0.9921803127874885 5981.0 0.0
0.9958601655933763 5981.0 0.0
1.0 5981.0 0.0
