587177
0.00011542012927054478 1065.6481994459834 0.0
0.00023084025854108956 1609.0952179432925 0.0
0.00034626038781163435 2416.923076923077 0.0
0.0004616805170821791 2950.79696969697 0.0
0.0005771006463527239 3283.7683982683984 0.0
0.0006925207756232687 3826.7357954545455 0.0
0.0008079409048938135 4336.028225806452 0.0
0.0009233610341643582 4950.87684729064 0.0
0.001038781163434903 5112.386503067484 0.0
0.0011542012927054479 5326.718954248366 0.0
0.0012696214219759926 5430.933333333333 0.0
0.0013850415512465374 5445.795620437956 0.0
0.0015004616805170822 6048.977611940299 0.0
0.001615881809787627 7125.2342342342345 0.0
0.0017313019390581717 7225.773195876289 0.0
0.0018467220683287165 7752.9 0.0
0.0019621421975992612 8328.492307692308 0.0
0.002077562326869806 8237.140625 0.0
0.0021929824561403508 8458.92857142857 0.0
0.0023084025854108957 8563.25 0.0
0.0024238227146814403 9283.689655172413 0.0
0.0025392428439519853 8162.591836734694 0.0
0.00265466297322253 9269.711111111112 0.0
0.002770083102493075 9557.944444444445 0.0
0.0028855032317636198 10179.828571428572 0.0
0.0030009233610341643 9279.363636363636 0.0
0.0031163434903047093 9841.026315789473 0.0
0.003231763619575254 10473.463414634147 0.0
0.003347183748845799 9545.70588235294 0.0
0.0034626038781163434 11016.954545454546 0.0
0.0035780240073868884 11079.714285714286 0.0
0.003693444136657433 10662.266666666666 0.0
0.003808864265927978 11391.027027027027 0.0
0.0039242843951985225 10956.541666666666 0.0
0.004039704524469067 13812.681818181818 0.0
0.004155124653739612 12304.133333333333 0.0
0.004270544783010157 13895.4375 0.0
0.0043859649122807015 16752.61111111111 0.0
0.004501385041551247 14070.0625 0.0
0.0046168051708217915 14985.478260869566 0.0
0.004732225300092336 13730.166666666666 0.0
0.004847645429362881 13851.76923076923 0.0
0.004963065558633426 14367.75 0.0
0.0050784856879039705 14486.772727272728 0.0
0.005193905817174515 14217.9 0.0
0.00530932594644506 14945.0 0.0
0.005424746075715605 14618.25 0.0
0.00554016620498615 13663.388888888889 0.0
0.005655586334256694 14107.277777777777 0.0
0.0057710064635272396 14109.533333333333 0.0
0.005886426592797784 14265.538461538461 0.0
0.006001846722068329 17107.61111111111 0.0
0.006117266851338873 17664.894736842107 0.0
0.006232686980609419 15174.384615384615 0.0
0.006348107109879963 14435.105263157895 0.0
0.006463527239150508 20325.833333333332 0.0
0.006578947368421052 18357.636363636364 0.0
0.006694367497691598 18304.35714285714 0.0
0.006809787626962142 18365.8 0.0
0.006925207756232687 17144.18181818182 0.0
0.007040627885503232 16759.2 0.0
0.007156048014773777 18257.615384615383 0.0
0.007271468144044321 19930.30769230769 0.0
0.007386888273314866 20696.454545454544 0.0
0.007502308402585411 17940.0 0.0
0.007617728531855956 16242.142857142857 0.0
0.0077331486611265 22495.5 0.0
0.007848568790397045 20032.777777777777 0.0
0.00796398891966759 22077.2 0.0
0.008079409048938134 19849.6 0.0
0.00819482917820868 24944.2 0.0
0.008310249307479225 20450.5 0.0
0.008425669436749769 22264.5 0.0
0.008541089566020314 18551.125 0.0
0.00865650969529086 20168.25 0.0
0.008771929824561403 21875.222222222223 0.0
0.008887349953831948 20156.53846153846 0.0
0.009002770083102494 15354.75 0.0
0.009118190212373038 19094.85714285714 0.0
0.009233610341643583 17292.0 0.0
0.009349030470914127 18895.571428571428 0.0
0.009464450600184672 17978.777777777777 0.0
0.009579870729455217 17503.625 0.0
0.009695290858725761 17590.81818181818 0.0
0.009810710987996307 19199.875 0.0
0.009926131117266852 19944.555555555555 0.0
0.010041551246537396 23761.85714285714 0.0
0.010156971375807941 27024.0 0.0
0.010272391505078486 25780.428571428572 0.0
0.01038781163434903 26807.375 0.0
0.010503231763619576 27492.875 0.0
0.01061865189289012 22565.25 0.0
0.010734072022160665 27150.0 0.0
0.01084949215143121 23933.428571428572 0.0
0.010964912280701754 22470.125 0.0
0.0110803324099723 24935.166666666668 0.0
0.011195752539242845 25018.5 0.0
0.011311172668513388 24261.25 0.0
0.011426592797783934 25291.4 0.0
0.011542012927054479 23643.6 0.0
0.011657433056325023 24153.5 0.0
0.011772853185595568 22957.2 0.0
0.011888273314866112 23736.333333333332 0.0
0.012003693444136657 25418.5 0.0
0.012119113573407203 23263.333333333332 0.0
0.012234533702677746 21781.0 0.0
0.012349953831948292 28248.4 0.0
0.012465373961218837 28690.6 0.0
0.012580794090489381 27126.333333333332 0.0
0.012696214219759926 22438.2 0.0
0.012811634349030472 26190.85714285714 0.0
0.012927054478301015 28848.5 0.0
0.01304247460757156 25095.2 0.0
0.013157894736842105 29637.25 0.0
0.01327331486611265 25448.8 0.0
0.013388734995383195 25484.833333333332 0.0
0.013504155124653739 22086.333333333332 0.0
0.013619575253924284 20356.0 0.0
0.01373499538319483 25426.8 0.0
0.013850415512465374 28214.285714285714 0.0
0.013965835641735919 26229.25 0.0
0.014081255771006464 25661.6 0.0
0.014196675900277008 27100.75 0.0
0.014312096029547553 31867.0 0.0
0.014427516158818097 28635.0 0.0
0.014542936288088643 29783.8 0.0
0.014658356417359188 27343.6 0.0
0.014773776546629732 26975.0 0.0
0.014889196675900277 29491.0 0.0
0.015004616805170823 29020.428571428572 0.0
0.015120036934441366 29763.375 0.0
0.015235457063711912 30647.333333333332 0.0
0.015350877192982455 28375.0 0.0
0.015466297322253 29986.0 0.0
0.015581717451523546 26546.75 0.0
0.01569713758079409 28164.5 0.0
0.015812557710064637 27030.0 0.0
0.01592797783933518 28453.666666666668 0.0
0.016043397968605724 30889.25 0.0
0.016158818097876268 29444.333333333332 0.0
0.016274238227146815 29895.0 0.0
0.01638965835641736 30557.4 0.0
0.016505078485687903 34402.5 0.0
0.01662049861495845 31516.0 0.0
0.016735918744228993 30812.0 0.0
0.016851338873499537 30636.0 0.0
0.016966759002770084 27952.0 0.0
0.017082179132040628 28526.666666666668 0.0
0.01719759926131117 30939.5 0.0
0.01731301939058172 31008.666666666668 0.0
0.017428439519852262 31118.428571428572 0.0
0.017543859649122806 28804.5 0.0
0.017659279778393353 29526.0 0.0
0.017774699907663897 30405.0 0.0
0.01789012003693444 26451.0 0.0
0.018005540166204988 26511.0 0.0
0.01812096029547553 29524.333333333332 0.0
0.018236380424746075 28982.5 0.0
0.018351800554016622 27168.0 0.0
0.018467220683287166 32935.333333333336 0.0
0.01858264081255771 27994.0 0.0
0.018698060941828253 30365.0 0.0
0.0188134810710988 33831.0 0.0
0.018928901200369344 28653.0 0.0
0.019044321329639888 33864.0 0.0
0.019159741458910435 29716.5 0.0
0.01927516158818098 32838.5 0.0
0.019390581717451522 32850.0 0.0
0.01950600184672207 32246.25 0.0
0.019621421975992613 37251.5 0.0
0.019736842105263157 37606.5 0.0
0.019852262234533704 35850.666666666664 0.0
0.019967682363804248 33548.5 0.0
0.02008310249307479 37379.0 0.0
0.02019852262234534 35326.0 0.0
0.020313942751615882 35907.5 0.0
0.020429362880886426 35442.333333333336 0.0
0.020544783010156973 36403.0 0.0
0.020660203139427517 34776.0 0.0
0.02077562326869806 35803.0 0.0
0.020891043397968604 35545.0 0.0
0.02100646352723915 34209.833333333336 0.0
0.021121883656509695 33396.0 0.0
0.02123730378578024 34139.0 0.0
0.021352723915050786 34915.8 0.0
0.02146814404432133 35882.2 0.0
0.021583564173591873 29162.0 0.0
0.02169898430286242 35271.75 0.0
0.021814404432132964 34541.833333333336 0.0
0.021929824561403508 32891.5 0.0
0.022045244690674055 38465.0 0.0
0.0221606648199446 34118.142857142855 0.0
0.022276084949215142 38320.0 0.0
0.02239150507848569 42645.6 0.0
0.022506925207756233 48027.0 0.0
0.022622345337026777 48034.333333333336 0.0
0.022737765466297324 41704.833333333336 0.0
0.022853185595567867 40198.666666666664 0.0
0.02296860572483841 32944.5 0.0
0.023084025854108958 42171.5 0.0
0.023199445983379502 41594.75 0.0
0.023314866112650046 44947.25 0.0
0.02343028624192059 44266.0 0.0
0.023545706371191136 48186.0 0.0
0.02366112650046168 38480.0 0.0
0.023776546629732224 36580.333333333336 0.0
0.02389196675900277 33980.333333333336 0.0
0.024007386888273315 33911.0 0.0
0.02412280701754386 32406.4 0.0
0.024238227146814405 45807.75 0.0
0.02435364727608495 47766.75 0.0
0.024469067405355493 49874.0 0.0
0.02458448753462604 43196.5 0.0
0.024815327793167127 42325.5 0.0
0.024930747922437674 46413.0 0.0
0.025046168051708218 43700.5 0.0
0.025161588180978762 41966.8 0.0
0.02527700831024931 46341.333333333336 0.0
0.025392428439519853 49435.333333333336 0.0
0.025507848568790396 42843.5 0.0
0.025623268698060944 40426.666666666664 0.0
0.025738688827331487 44321.5 0.0
0.02585410895660203 44356.0 0.0
0.025969529085872575 47537.0 0.0
0.02608494921514312 38646.333333333336 0.0
0.026200369344413665 38474.333333333336 0.0
0.02631578947368421 43787.0 0.0
0.026431209602954756 41872.25 0.0
0.0265466297322253 41760.8 0.0
0.026662049861495844 39009.4 0.0
0.02677746999076639 43462.333333333336 0.0
0.026892890120036934 41498.333333333336 0.0
0.027008310249307478 42702.666666666664 0.0
0.027123730378578025 44841.0 0.0
0.02723915050784857 47390.0 0.0
0.027354570637119113 50479.0 0.0
0.02746999076638966 42886.0 0.0
0.027585410895660203 42905.0 0.0
0.027700831024930747 33347.5 0.0
0.027816251154201294 33532.0 0.0
0.027931671283471838 43120.5 0.0
0.02804709141274238 33535.0 0.0
0.02816251154201293 33544.0 0.0
0.028277931671283472 32304.666666666668 0.0
0.028393351800554016 37223.333333333336 0.0
0.02850877192982456 38280.5 0.0
0.028624192059095107 39753.2 0.0
0.02873961218836565 41732.25 0.0
0.028855032317636194 36457.333333333336 0.0
0.02897045244690674 33703.0 0.0
0.029085872576177285 56262.0 0.0
0.02920129270544783 31531.0 0.0
0.029316712834718376 45250.333333333336 0.0
0.02943213296398892 56760.0 0.0
0.029547553093259463 48416.333333333336 0.0
0.02966297322253001 47044.0 0.0
0.029778393351800554 48668.0 0.0
0.029893813481071098 52609.333333333336 0.0
0.030009233610341645 50909.666666666664 0.0
0.03012465373961219 60474.0 0.0
0.030240073868882732 57078.5 0.0
0.030470914127423823 54415.5 0.0
0.030586334256694367 53693.0 0.0
0.03070175438596491 46060.0 0.0
0.030817174515235458 46073.0 0.0
0.030932594644506 46108.0 0.0
0.031048014773776545 54168.0 0.0
0.031163434903047092 49639.5 0.0
0.031278855032317636 49921.5 0.0
0.03139427516158818 54034.666666666664 0.0
0.03150969529085872 52638.5 0.0
0.031625115420129274 44595.0 0.0
0.03174053554939982 53731.0 0.0
0.03208679593721145 36541.0 0.0
0.03220221606648199 36543.0 0.0
0.032317636195752536 45993.0 0.0
0.03243305632502309 46605.0 0.0
0.03277931671283472 63309.0 0.0
0.03289473684210526 61243.0 0.0
0.033010156971375805 54116.0 0.0
0.03335641735918744 63345.0 0.0
0.03347183748845799 63444.0 0.0
0.03358725761772853 59242.0 0.0
0.033702677746999074 59260.0 0.0
0.03404893813481071 62084.0 0.0
0.034164358264081256 45290.0 0.0
0.03439519852262234 62290.0 0.0
0.03474145891043398 46919.5 0.0
0.034856879039704525 62369.0 0.0
0.03497229916897507 50571.5 0.0
0.03508771929824561 38870.0 0.0
0.03543397968605725 38895.0 0.0
0.03751154201292706 52479.0 0.0
0.039242843951985226 57053.0 0.0
0.03935826408125577 55734.0 0.0
0.039473684210526314 53013.0 0.0
0.03958910433979686 53915.0 0.0
0.03981994459833795 55849.0 0.0
0.039935364727608495 53634.0 0.0
0.040281625115420126 64807.0 0.0
0.04039704524469068 58720.0 0.0
0.04051246537396122 55708.5 0.0
0.040627885503231764 56645.5 0.0
0.04074330563250231 56655.0 0.0
0.04085872576177285 56685.0 0.0
0.040974145891043395 52562.333333333336 0.0
0.041089566020313946 52650.333333333336 0.0
0.04120498614958449 55304.0 0.0
0.04132040627885503 65094.0 0.0
0.04143582640812558 55074.5 0.0
0.04155124653739612 48598.0 0.0
0.041666666666666664 48822.5 0.0
0.04178208679593721 55519.0 0.0
0.04189750692520776 48683.5 0.0
0.0420129270544783 48790.0 0.0
0.04247460757156048 53610.0 0.0
0.04259002770083103 53619.0 0.0
0.04270544783010157 53631.0 0.0
0.042820867959372115 53686.0 0.0
0.04293628808864266 61240.0 0.0
0.043513388734995384 60631.0 0.0
0.04362880886426593 60642.0 0.0
0.04374422899353647 55344.0 0.0
0.043859649122807015 55350.0 0.0
0.04409048938134811 55371.0 0.0
0.04420590951061865 58053.5 0.0
0.04466759002770083 60742.0 0.0
0.04478301015697138 60748.0 0.0
0.045013850415512466 59132.5 0.0
0.04512927054478301 59919.0 0.0
0.04824561403508772 63437.0 0.0
0.05240073868882733 68727.0 0.0
0.052516158818097874 65397.5 0.0
0.05263157894736842 62174.0 0.0
0.05274699907663897 62251.0 0.0
0.05286241920590951 62253.0 0.0
0.052977839335180056 62261.0 0.0
0.053670360110803325 62429.0 0.0
0.054362880886426594 72048.0 0.0
0.05574792243767313 62975.0 0.0
0.05609418282548476 63034.0 0.0
0.05620960295475531 63139.0 0.0
0.05632502308402586 72822.0 0.0
0.0564404432132964 68011.0 0.0
0.056555863342566945 117039.0 0.0
0.05667128347183749 68889.66666666667 0.0
0.056902123730378576 73021.0 0.0
0.05701754385964912 73028.0 0.0
0.05736380424746076 52456.0 0.0
0.057594644506001845 73095.0 0.0
0.05840258541089566 73777.0 0.0
0.05863342566943675 73797.0 0.0
0.05886426592797784 73819.0 0.0
0.059441366574330565 74092.0 0.0
0.05955678670360111 74107.0 0.0
0.06024930747922438 74190.0 0.0
0.06036472760849492 77342.0 0.0
0.060480147737765465 74231.0 0.0
0.06336565096952909 82033.0 0.0
0.06463527239150507 60515.0 0.0
0.06578947368421052 60825.0 0.0
0.06602031394275161 60837.0 0.0
0.06694367497691597 90641.0 0.0
0.06786703601108034 61365.0 0.0
0.06844413665743306 61400.0 0.0
0.0685595567867036 61429.0 0.0
0.06879039704524469 61432.0 0.0
0.06890581717451523 73250.0 0.0
0.06913665743305633 84892.0 0.0
0.06936749769159742 61694.0 0.0
0.06948291782086796 61707.0 0.0
0.0695983379501385 61713.0 0.0
0.06971375807940905 61846.0 0.0
0.0698291782086796 61865.0 0.0
0.06994459833795014 61870.0 0.0
0.07029085872576177 61875.0 0.0
0.07040627885503231 61882.0 0.0
0.07052169898430287 61937.0 0.0
0.0708679593721145 62283.0 0.0
0.07098337950138504 62289.0 0.0
0.07109879963065559 62291.0 0.0
0.07121421975992613 78162.5 0.0
0.07225300092336104 85656.0 0.0
0.07236842105263158 85661.0 0.0
0.07467682363804247 97769.0 0.0
0.07640812557710065 96262.0 0.0
0.07825484764542937 64613.0 0.0
0.07848568790397045 64727.0 0.0
0.078601108033241 64728.0 0.0
0.07871652816251154 64744.0 0.0
0.07883194829178208 64751.0 0.0
0.07894736842105263 68990.0 0.0
0.08806555863342568 90594.0 0.0
0.10087719298245613 112590.0 0.0
0.10110803324099724 112618.0 0.0
0.10145429362880887 112687.0 0.0
0.1018005540166205 112863.0 0.0
0.10214681440443213 112906.0 0.0
0.1118421052631579 111769.0 0.0
0.11195752539242844 111786.0 0.0
0.11207294552169898 111798.0 0.0
0.11218836565096953 111802.0 0.0
0.11230378578024007 111883.0 0.0
0.11241920590951061 111912.0 0.0
0.11692059095106186 192108.0 0.0
0.12396121883656509 102705.0 0.0
0.127539242843952 139461.0 0.0
0.12765466297322253 139474.0 0.0
0.1291551246537396 140014.0 0.0
0.12938596491228072 128015.0 0.0
0.14162049861495846 152270.0 0.0
0.16066481994459833 144605.0 0.0
0.16689750692520774 137043.0 0.0
0.17116805170821792 156066.0 0.0
0.19990766389658357 176552.0 0.0
0.20036934441366575 181690.0 0.0
0.290050784856879 221340.0 0.0
0.3172899353647276 311058.0 0.0
0.33575715604801476 324383.0 0.0
0.369921514312096 335723.0 0.0
0.40143120960295475 354495.0 0.0
0.5430517082179132 430651.0 0.0
0.7099492151431209 479835.0 0.0
1.0 587177.0 0.0
