7154548
0.00011542012927054478 2663.855378578024 0.00034626038781163435
0.00023084025854108956 4086.0314465408806 0.0008984725965858042
0.00034626038781163435 7237.858835143139 0.0009871668311944718
0.0004616805170821791 8073.626628075253 0.002894356005788712
0.0005771006463527239 10502.373280943026 0.003929273084479371
0.0006925207756232687 12596.419525065963 0.0079155672823219
0.0008079409048938135 15296.609318996416 0.0
0.0009233610341643582 16338.012195121952 0.0
0.001038781163434903 17238.85922330097 0.0048543689320388345
0.0011542012927054479 19730.30864197531 0.012345679012345678
0.0012696214219759926 19992.292857142857 0.007142857142857143
0.0013850415512465374 19253.371900826445 0.0
0.0015004616805170822 24523.877192982458 0.0
0.001615881809787627 23714.26530612245 0.01020408163265306
0.0017313019390581717 26675.07 0.01
0.0018467220683287165 30364.36046511628 0.011627906976744186
0.0019621421975992612 34995.83098591549 0.0
0.002077562326869806 33974.16393442623 0.0
0.0021929824561403508 36465.03125 0.0
0.0023084025854108957 34913.0 0.0
0.0024238227146814403 40475.16949152543 0.0
0.0025392428439519853 37826.295454545456 0.0
0.00265466297322253 41522.976744186046 0.0
0.002770083102493075 39587.3 0.0
0.0028855032317636198 41955.23529411765 0.0
0.0030009233610341643 41089.41463414634 0.0
0.0031163434903047093 40789.153846153844 0.0
0.003231763619575254 37551.54285714286 0.0
0.003347183748845799 44715.59375 0.0
0.0034626038781163434 47169.8 0.0
0.0035780240073868884 47997.885714285716 0.0
0.003693444136657433 47906.76 0.04
0.003808864265927978 49097.96296296296 0.0
0.0039242843951985225 53372.4 0.04
0.004039704524469067 60045.52380952381 0.047619047619047616
0.004155124653739612 54740.730769230766 0.038461538461538464
0.004270544783010157 61681.6 0.03333333333333333
0.0043859649122807015 56539.913043478264 0.0
0.004501385041551247 61371.57142857143 0.047619047619047616
0.0046168051708217915 66813.81818181818 0.045454545454545456
0.004732225300092336 67055.8275862069 0.034482758620689655
0.004847645429362881 60812.333333333336 0.0
0.004963065558633426 60705.166666666664 0.0
0.0050784856879039705 70197.05263157895 0.0
0.005193905817174515 63305.3125 0.0
0.00530932594644506 65336.0 0.0
0.005424746075715605 74145.125 0.0
0.00554016620498615 65475.41176470588 0.0
0.005655586334256694 78341.84615384616 0.07692307692307693
0.0057710064635272396 76943.06666666667 0.06666666666666667
0.005886426592797784 71064.70588235294 0.0
0.006001846722068329 88955.42857142857 0.0
0.006117266851338873 88968.35294117648 0.0
0.006232686980609419 78194.23076923077 0.0
0.006348107109879963 91868.72727272728 0.0
0.006463527239150508 82921.625 0.0
0.006578947368421052 90441.08333333333 0.0
0.006694367497691598 89374.0 0.0
0.006809787626962142 79349.0 0.0
0.006925207756232687 93269.16666666667 0.0
0.007040627885503232 97526.0 0.0
0.007156048014773777 91629.72727272728 0.0
0.007271468144044321 97937.54545454546 0.0
0.007386888273314866 83439.28571428571 0.0
0.007502308402585411 98173.09090909091 0.0
0.007617728531855956 94096.77777777778 0.1111111111111111
0.0077331486611265 82510.63636363637 0.0
0.007848568790397045 99881.8 0.0
0.00796398891966759 74989.3 0.0
0.008079409048938134 76810.875 0.0
0.00819482917820868 78032.875 0.0
0.008310249307479225 97009.66666666667 0.0
0.008425669436749769 120291.09090909091 0.0
0.008541089566020314 124800.14285714286 0.0
0.00865650969529086 107691.11111111111 0.0
0.008771929824561403 132051.27272727274 0.0
0.008887349953831948 128701.81818181818 0.0
0.009002770083102494 149520.6 0.0
0.009118190212373038 150435.0909090909 0.0
0.009233610341643583 134814.0 0.0
0.009349030470914127 142424.625 0.0
0.009464450600184672 155898.2857142857 0.0
0.009579870729455217 129818.58333333333 0.0
0.009695290858725761 144093.75 0.08333333333333333
0.009810710987996307 151592.1 0.1
0.009926131117266852 148280.0 0.2
0.010041551246537396 112212.625 0.0
0.010156971375807941 123043.9 0.1
0.010272391505078486 113140.5 0.0
0.01038781163434903 138920.57142857142 0.0
0.010503231763619576 137742.75 0.125
0.01061865189289012 147639.33333333334 0.16666666666666666
0.010734072022160665 135989.14285714287 0.14285714285714285
0.01084949215143121 124371.33333333333 0.0
0.010964912280701754 148278.25 0.0
0.0110803324099723 116389.8 0.0
0.011195752539242845 125563.4 0.0
0.011311172668513388 125003.8 0.2
0.011426592797783934 107875.66666666667 0.16666666666666666
0.011542012927054479 160553.7142857143 0.14285714285714285
0.011657433056325023 142536.125 0.125
0.011772853185595568 158260.625 0.125
0.011888273314866112 174110.2 0.0
0.012003693444136657 158223.7 0.1
0.012119113573407203 191505.33333333334 0.0
0.012234533702677746 172148.14285714287 0.14285714285714285
0.012349953831948292 297562.6 0.0
0.012465373961218837 143615.33333333334 0.16666666666666666
0.012580794090489381 136315.44444444444 0.1111111111111111
0.012696214219759926 130861.33333333333 0.0
0.012811634349030472 140882.16666666666 0.0
0.012927054478301015 138858.375 0.0
0.01304247460757156 145217.83333333334 0.0
0.013157894736842105 142936.33333333334 0.0
0.01327331486611265 157250.85714285713 0.0
0.013388734995383195 158537.7142857143 0.0
0.013504155124653739 161932.33333333334 0.0
0.013619575253924284 175132.85714285713 0.0
0.01373499538319483 165440.0 0.0
0.013850415512465374 184364.42857142858 0.0
0.013965835641735919 175198.77777777778 0.1111111111111111
0.014081255771006464 181072.25 0.25
0.014196675900277008 205019.0 0.0
0.014312096029547553 188901.5 0.0
0.014427516158818097 216968.75 0.0
0.014542936288088643 210298.0 0.0
0.014658356417359188 212639.0 0.5
0.014773776546629732 239058.0 0.0
0.014889196675900277 229079.0 0.0
0.015004616805170823 194960.0 0.0
0.015120036934441366 230931.8 0.0
0.015235457063711912 235550.0 0.0
0.015350877192982455 197991.0 0.0
0.015466297322253 256368.0 0.0
0.015581717451523546 231884.33333333334 0.3333333333333333
0.01569713758079409 193353.25 0.25
0.015812557710064637 154821.33333333334 0.0
0.01592797783933518 144567.66666666666 0.3333333333333333
0.016043397968605724 195803.75 0.25
0.016274238227146815 188083.5 0.25
0.01638965835641736 189575.6 0.2
0.016505078485687903 217467.33333333334 0.3333333333333333
0.01662049861495845 185008.33333333334 0.3333333333333333
0.016966759002770084 198580.0 0.0
0.017082179132040628 177634.66666666666 0.0
0.01719759926131117 158982.0 0.0
0.01731301939058172 117198.0 0.0
0.017428439519852262 127610.5 0.0
0.017543859649122806 108951.5 0.0
0.017659279778393353 139416.66666666666 0.3333333333333333
0.017774699907663897 185234.66666666666 0.3333333333333333
0.01789012003693444 153023.33333333334 0.3333333333333333
0.018005540166204988 253495.0 0.3333333333333333
0.01812096029547553 211141.0 0.0
0.018236380424746075 169731.0 0.5
0.018351800554016622 205609.0 0.3333333333333333
0.018467220683287166 224975.0 0.0
0.01858264081255771 256034.25 0.0
0.018698060941828253 287145.3333333333 0.0
0.0188134810710988 246164.33333333334 0.0
0.018928901200369344 246539.0 0.0
0.019044321329639888 240109.0 0.0
0.019159741458910435 262537.8333333333 0.16666666666666666
0.01927516158818098 220822.33333333334 0.3333333333333333
0.019390581717451522 213433.0 0.0
0.01950600184672207 230597.0 0.0
0.019621421975992613 257992.0 0.0
0.019736842105263157 231638.0 0.0
0.019852262234533704 202039.75 0.0
0.019967682363804248 167819.0 0.0
0.02008310249307479 189539.0 0.5
0.02019852262234534 233244.4 0.2
0.020313942751615882 190209.33333333334 0.3333333333333333
0.020429362880886426 242267.2 0.2
0.020544783010156973 233208.83333333334 0.16666666666666666
0.020660203139427517 246781.0 0.0
0.02077562326869806 297678.0 0.0
0.020891043397968604 272394.6 0.2
0.02100646352723915 214341.33333333334 0.16666666666666666
0.021121883656509695 235474.0 0.0
0.02123730378578024 226412.6 0.0
0.021352723915050786 160659.0 0.0
0.02146814404432133 185207.5 0.0
0.021583564173591873 197474.5 0.0
0.02169898430286242 241992.5 0.0
0.021814404432132964 252153.66666666666 0.0
0.021929824561403508 277179.5 0.25
0.022045244690674055 269139.5 0.5
0.0221606648199446 218497.66666666666 0.3333333333333333
0.022276084949215142 264477.0 0.5
0.02239150507848569 226864.0 0.0
0.022506925207756233 289834.0 1.0
0.022622345337026777 242132.0 0.3333333333333333
0.022737765466297324 223175.5 0.0
0.022853185595567867 233853.33333333334 0.3333333333333333
0.02296860572483841 295742.6666666667 0.3333333333333333
0.023084025854108958 277274.0 1.0
0.023199445983379502 173831.0 0.0
0.023314866112650046 273278.0 0.0
0.02343028624192059 289171.0 0.0
0.023545706371191136 289221.0 0.0
0.02366112650046168 257521.5 0.0
0.023776546629732224 301535.25 0.0
0.02389196675900277 358509.0 0.0
0.02412280701754386 265104.5 0.0
0.024238227146814405 242534.0 0.0
0.024469067405355493 291195.0 0.0
0.02458448753462604 260406.5 0.0
0.024699907663896584 326411.3333333333 0.0
0.024815327793167127 325835.25 0.25
0.024930747922437674 268611.0 1.0
0.025046168051708218 335914.5 0.0
0.025161588180978762 300659.0 0.0
0.025392428439519853 273274.5 0.0
0.025507848568790396 278707.75 0.0
0.025623268698060944 301063.5 0.0
0.025738688827331487 290762.6666666667 0.0
0.02585410895660203 284103.6666666667 0.0
0.025969529085872575 277185.3333333333 0.3333333333333333
0.02608494921514312 281071.5 0.0
0.026200369344413665 256394.66666666666 0.0
0.02631578947368421 308854.0 0.0
0.026431209602954756 270871.3333333333 0.0
0.0265466297322253 251809.0 0.0
0.026662049861495844 251910.0 0.0
0.02677746999076639 285735.0 0.0
0.026892890120036934 320558.8 0.0
0.027008310249307478 306713.25 0.0
0.027123730378578025 301348.75 0.0
0.02723915050784857 302521.0 0.0
0.027354570637119113 337467.0 0.0
0.02746999076638966 298830.0 0.0
0.027585410895660203 266182.0 0.0
0.027700831024930747 298303.3333333333 0.0
0.027816251154201294 330619.0 0.0
0.027931671283471838 309777.6666666667 0.0
0.02804709141274238 319948.0 0.0
0.02816251154201293 323139.0 0.0
0.028277931671283472 323333.5 0.0
0.028393351800554016 317249.5 0.0
0.02850877192982456 311616.0 0.0
0.028624192059095107 324540.0 0.0
0.02873961218836565 301124.5 0.0
0.028855032317636194 297869.0 0.0
0.02897045244690674 309602.0 0.0
0.029085872576177285 344020.6666666667 0.0
0.02920129270544783 361826.0 0.0
0.029316712834718376 335313.5 0.0
0.02943213296398892 345380.0 0.0
0.029547553093259463 299963.5 0.0
0.02966297322253001 334666.3333333333 0.0
0.029778393351800554 363745.5 0.0
0.029893813481071098 360585.5 0.0
0.030009233610341645 364301.0 0.0
0.03012465373961219 335806.0 0.0
0.030240073868882732 336145.0 0.0
0.03035549399815328 336264.0 0.0
0.030586334256694367 394755.0 0.0
0.03070175438596491 378094.0 0.0
0.030817174515235458 336899.0 0.0
0.030932594644506 359973.5 0.0
0.031048014773776545 337380.0 0.0
0.031163434903047092 384394.0 0.0
0.031278855032317636 338003.0 0.0
0.03139427516158818 369583.3333333333 0.0
0.03150969529085872 340533.0 0.0
0.031625115420129274 295238.0 0.0
0.03174053554939982 386688.0 0.0
0.03185595567867036 338751.0 0.0
0.031971375807940905 338818.0 0.0
0.032317636195752536 274925.0 0.0
0.03243305632502309 312806.0 0.0
0.03254847645429363 312990.0 0.0
0.032663896583564174 349905.6666666667 0.0
0.03277931671283472 350896.3333333333 0.0
0.03289473684210526 392125.0 0.0
0.033010156971375805 474183.5 0.0
0.033125577100646356 558170.0 0.0
0.0332409972299169 558415.0 0.0
0.03335641735918744 322986.0 0.0
0.03347183748845799 323591.0 0.0
0.03393351800554017 544552.0 0.0
0.034164358264081256 348656.0 0.0
0.03439519852262234 351584.0 0.0
0.03451061865189289 413124.5 0.5
0.03462603878116344 352458.0 0.0
0.03474145891043398 464407.0 0.0
0.034856879039704525 576211.0 0.0
0.03508771929824561 449386.0 0.0
0.035318559556786706 253973.0 1.0
0.03543397968605725 254590.0 1.0
0.03578024007386888 254970.0 1.0
0.03612650046168052 259354.0 1.0
0.03624192059095106 285235.0 0.0
0.036357340720221606 367095.0 0.3333333333333333
0.03647276084949215 568128.0 0.0
0.036588180978762694 568260.0 0.0
0.036703601108033244 568665.0 0.0
0.03681902123730379 302488.0 0.0
0.03693444136657433 568927.0 0.0
0.037049861495844875 515737.0 0.0
0.03716528162511542 261658.0 1.0
0.03728070175438596 384257.0 0.0
0.037396121883656507 305583.0 0.0
0.0376269621421976 445365.0 0.0
0.03785780240073869 380679.0 0.0
0.03797322253000923 471593.6666666667 0.0
0.038088642659279776 653291.0 0.0
0.038434903047091414 343484.0 0.0
0.03855032317636196 377642.0 0.0
0.0386657433056325 315021.0 0.0
0.038781163434903045 346706.0 0.0
0.038896583564173595 347008.5 0.0
0.03901200369344414 487891.5 0.0
0.03912742382271468 592855.0 0.0
0.03935826408125577 380073.0 0.0
0.039473684210526314 369893.3333333333 0.0
0.03958910433979686 366456.5 0.0
0.03981994459833795 366967.0 0.0
0.04005078485687904 437452.3333333333 0.0
0.04016620498614958 331571.0 0.0
0.040281625115420126 416775.0 0.0
0.04039704524469068 416824.0 0.0
0.04074330563250231 385214.0 0.0
0.04085872576177285 385561.0 0.0
0.040974145891043395 293510.0 1.0
0.041089566020313946 293517.0 1.0
0.04120498614958449 768748.0 0.0
0.042128347183748846 324791.0 0.0
0.042820867959372115 532550.0 0.0
0.043859649122807015 467354.0 0.0
0.04443674976915974 511726.0 0.0
0.04478301015697138 511849.0 0.0
0.04489843028624192 512582.0 0.0
0.045013850415512466 512589.0 0.0
0.04512927054478301 512891.0 0.0
0.04524469067405355 514240.0 0.0
0.046398891966759004 521078.0 0.0
0.04651431209602955 521236.0 0.0
0.04662973222530009 521238.0 0.0
0.046745152354570635 521397.0 0.0
0.04686057248384118 521484.0 0.0
0.04697599261311173 528754.0 0.0
0.047437673130193904 531619.0 0.0
0.04778393351800554 550877.0 0.0
0.04847645429362881 590958.0 0.0
0.048591874422899355 590990.0 0.0
0.0487072945521699 591066.0 0.0
0.04882271468144044 591243.0 0.0
0.04905355493998153 591787.0 0.0
0.05090027700831025 567549.0 0.0
0.0530932594644506 503613.0 0.0
0.05355493998153278 1002385.5 0.0
0.0541320406278855 637796.0 0.0
0.05424746075715605 573254.5 0.0
0.054362880886426594 573564.0 0.0
0.05447830101569714 679247.3333333334 0.3333333333333333
0.05459372114496768 650559.5 0.5
0.054709141274238225 650655.0 0.5
0.05482456140350877 651527.0 0.5
0.05493998153277932 737871.0 0.0
0.05505540166204986 648961.0 1.0
0.05517082179132041 694031.0 0.5
0.05551708217913204 650150.0 1.0
0.05563250230840259 650186.0 1.0
0.055863342566943676 655252.0 1.0
0.05609418282548476 543672.5 0.5
0.05632502308402586 432160.0 0.0
0.05667128347183749 630341.0 0.0
0.05678670360110803 630393.0 0.0
0.05701754385964912 609099.0 0.0
0.057594644506001845 636324.0 0.0
0.05782548476454294 637404.0 0.0
0.05805632502308403 637503.0 0.0
0.05817174515235457 625787.0 0.0
0.05851800554016621 638124.0 0.0
0.058748845798707296 638747.0 0.0
0.05897968605724838 625043.5 0.5
0.05909510618651893 643656.0 0.0
0.05955678670360111 610886.0 1.0
0.05967220683287165 611659.0 1.0
0.06024930747922438 743153.0 0.0
0.06301939058171745 754106.0 0.0
0.06313481071098799 754536.0 0.0
0.06382733148661127 643182.0 0.0
0.06590489381348107 562168.0 0.0
0.06602031394275161 589062.0 0.0
0.06705909510618652 659958.0 1.0
0.06717451523545706 663102.0 1.0
0.0672899353647276 571989.0 0.0
0.06809787626962142 591016.0 0.0
0.06821329639889197 591188.0 0.0
0.06832871652816251 591281.0 0.0
0.06844413665743306 592150.0 0.0
0.0685595567867036 592151.0 0.0
0.06867497691597414 601928.0 0.0
0.06936749769159742 727211.0 1.0
0.07409972299168975 877275.0 0.0
0.08748845798707294 815659.0 0.0
0.09591412742382271 1082254.0 0.0
0.11945983379501385 1091008.0 0.0
0.12511542012927054 1122753.0 0.0
0.127539242843952 1218498.0 1.0
0.1281163434903047 1411646.0 1.0
0.12927054478301014 1467814.0 0.0
0.13250230840258542 1472918.0 0.0
0.13584949215143122 1148019.0 1.0
0.14635272391505078 1425266.0 0.0
0.17289935364727607 1523440.0 0.0
0.17359187442289936 1647073.0 1.0
0.19725300092336104 1838894.0 0.0
0.21641274238227146 2011225.0 1.0
0.25080794090489383 2832350.0 0.0
0.2639658356417359 2292676.0 2.0
0.3123268698060942 2776856.0 1.0
0.4237072945521699 3905905.0 0.0
0.5762927054478301 4456697.0 3.0
1.0 7154548.0 3.0
