817742
0.0001 761 4 0
0.0001 1198 8 0
0.0002 1778 15 0
0.0003 2124 18 0
0.0003 2512 28 0
0.0004 3109 33 0
0.0005 3250 41 0
0.0006 3858 55 0
0.0006 3916 47 0
0.0007 4263 48 0
0.0008 4333 61 0
0.0008 5067 60 0
0.0009 5603 71 0
0.0010 5027 67 0
0.0010 5269 53 0
0.0011 5407 57 0
0.0012 6527 90 0
0.0012 6364 74 0
0.0013 6572 81 0
0.0014 6385 57 0
0.0015 7345 84 0
0.0015 8055 87 0
0.0016 6807 71 0
0.0017 7198 87 0
0.0017 7155 89 0
0.0018 6730 120 0
0.0019 7837 61 0
0.0019 7714 90 0
0.0020 8570 105 0
0.0021 8375 189 0
0.0021 8722 79 0
0.0022 8815 142 0
0.0023 8543 92 0
0.0024 8529 96 0
0.0024 9243 101 0
0.0025 8655 171 0
0.0026 10199 128 0
0.0026 9644 204 0
0.0027 10141 158 0
0.0028 10468 131 0
0.0028 10090 112 0
0.0029 10083 140 0
0.0030 10493 161 0
0.0030 10200 115 0
0.0031 10890 187 0
0.0032 10770 108 0
0.0033 13163 132 0
0.0033 10854 124 0
0.0034 11269 142 0
0.0035 10552 163 0
0.0035 11048 103 0
0.0036 11622 165 0
0.0037 15195 75 0
0.0037 11744 148 0
0.0038 11067 114 0
0.0039 12388 138 0
0.0039 12067 139 0
0.0040 12098 123 0
0.0041 13049 296 0
0.0042 13251 167 0
0.0042 13461 448 0
0.0043 14100 253 0
0.0044 14722 326 0
0.0044 13277 252 0
0.0045 13301 269 0
0.0046 14315 223 0
0.0046 13437 126 0
0.0047 13387 192 0
0.0048 12634 97 0
0.0048 12786 125 0
0.0049 16019 124 0
0.0050 15468 310 0
0.0051 15091 190 0
0.0051 13701 261 0
0.0052 16430 105 0
0.0053 13980 353 0
0.0053 15045 358 0
0.0054 13074 340 0
0.0055 14596 399 0
0.0055 16336 291 0
0.0056 14289 278 0
0.0057 19973 564 0
0.0057 12898 404 0
0.0058 15799 214 0
0.0059 15569 133 0
0.0060 15750 220 0
0.0060 13897 217 0
0.0061 18613 588 0
0.0062 15539 172 0
0.0062 18359 187 0
0.0063 17107 232 0
0.0064 15900 305 0
0.0064 18506 258 0
0.0065 22314 1007 0
0.0066 16048 439 0
0.0067 18542 413 0
0.0067 18457 124 0
0.0068 19104 322 0
0.0069 22110 238 0
0.0069 19608 279 0
0.0070 20220 353 0
0.0071 18339 171 0
0.0071 16578 486 0
0.0072 17593 281 0
0.0073 19091 107 0
0.0073 18318 291 0
0.0074 19510 200 0
0.0076 24925 752 0
0.0077 22385 162 0
0.0078 17234 580 0
0.0078 19567 590 0
0.0079 26279 885 0
0.0080 18282 162 0
0.0080 23157 163 0
0.0081 19619 101 0
0.0082 20680 360 0
0.0082 18161 68 0
0.0083 16795 102 0
0.0084 21049 153 0
0.0085 21009 217 0
0.0085 19619 245 0
0.0086 40823 1358 0
0.0087 25586 233 0
0.0087 26333 2906 0
0.0088 19226 1884 0
0.0089 32032 495 0
0.0091 20248 132 0
0.0091 28510 96 0
0.0094 18612 145 0
0.0094 25082 171 0
0.0095 29517 143 0
0.0097 18654 187 0
0.0098 22299 350 0
0.0098 19560 805 0
0.0099 20715 553 0
0.0100 22025 228 0
0.0102 21588 110 0
0.0103 27882 1054 0
0.0103 21837 144 0
0.0104 43462 296 0
0.0105 24086 201 0
0.0105 31466 2219 0
0.0106 22463 361 0
0.0109 18831 943 0
0.0110 29239 188 0
0.0112 29857 324 0
0.0112 30025 259 0
0.0113 34276 458 0
0.0116 23562 198 0
0.0116 32749 1585 0
0.0117 36904 318 0
0.0119 28749 128 0
0.0120 42131 817 0
0.0121 35658 875 0
0.0123 25550 815 0
0.0124 39015 2934 0
0.0125 38230 207 0
0.0125 44467 1180 0
0.0126 28629 337 0
0.0127 31448 1110 0
0.0127 21620 239 0
0.0129 37322 1521 0
0.0130 60731 1938 0
0.0132 31307 178 0
0.0136 28619 845 0
0.0138 43155 444 0
0.0142 26788 6008 0
0.0144 32871 519 0
0.0145 33718 286 0
0.0146 47284 1693 0
0.0147 27221 355 0
0.0150 38586 1534 0
0.0150 34877 1126 0
0.0151 66097 1938 0
0.0152 43184 560 0
0.0155 54241 471 0
0.0156 39307 2286 0
0.0157 42207 190 0
0.0157 44131 2286 0
0.0161 37508 783 0
0.0162 42312 499 0
0.0163 41543 783 0
0.0167 40561 1730 0
0.0168 36307 2578 0
0.0169 41023 975 0
0.0170 40891 2578 0
0.0172 44794 2288 0
0.0177 41809 776 0
0.0182 52481 2293 0
0.0183 45905 570 0
0.0185 50244 237 0
0.0186 48318 839 0
0.0188 33165 584 0
0.0195 41893 453 0
0.0199 48365 596 0
0.0204 47105 575 0
0.0205 48728 405 0
0.0208 55282 2002 0
0.0209 71561 2511 0
0.0209 41084 425 0
0.0210 54619 1789 0
0.0211 48987 590 0
0.0212 48779 1891 0
0.0219 46855 2977 0
0.0220 50849 2687 0
0.0222 45178 814 0
0.0228 54675 596 0
0.0233 47366 867 0
0.0234 56289 841 0
0.0235 39562 848 0
0.0236 46395 540 0
0.0237 43761 1295 0
0.0245 55310 3024 0
0.0248 48762 560 0
0.0249 51321 476 0
0.0249 64483 2636 0
0.0251 75173 2939 0
0.0259 58792 953 0
0.0263 56463 711 0
0.0264 47320 630 0
0.0266 58750 2753 0
0.0267 69973 1039 0
0.0268 71137 2835 0
0.0269 50087 1426 0
0.0273 56498 498 0
0.0276 61315 3080 0
0.0276 61367 1104 0
0.0283 73840 640 0
0.0301 72787 1041 0
0.0301 59283 1873 0
0.0305 48416 1412 0
0.0306 63890 3094 0
0.0307 51982 1172 0
0.0308 77208 2859 0
0.0311 78054 662 0
0.0313 66602 2277 0
0.0319 76258 715 0
0.0325 53005 916 0
0.0328 78983 727 0
0.0332 68316 950 0
0.0333 69291 3554 0
0.0342 81971 3114 0
0.0343 72548 3442 0
0.0344 81848 2478 0
0.0349 52248 1439 0
0.0354 67104 1417 0
0.0355 91421 3410 0
0.0357 65513 3537 0
0.0357 57206 1669 0
0.0360 58074 1605 0
0.0373 67255 2318 0
0.0374 76489 3703 0
0.0375 84538 3016 0
0.0382 62672 1222 0
0.0383 80263 1084 0
0.0384 82813 963 0
0.0389 71938 1547 0
0.0390 64841 915 0
0.0391 62153 1709 0
0.0394 67220 1414 0
0.0402 63835 1988 0
0.0402 94005 797 0
0.0403 70682 3221 0
0.0405 69878 6850 0
0.0410 76254 967 0
0.0414 58792 1664 0
0.0418 88844 3103 0
0.0420 79173 6942 0
0.0422 74612 1241 0
0.0426 72189 3758 0
0.0427 78070 3284 0
0.0429 106829 3829 0
0.0434 80635 1182 0
0.0438 80524 2388 0
0.0449 81907 6969 0
0.0463 107037 1242 0
0.0464 67314 2073 0
0.0467 77947 3644 0
0.0479 99240 2074 0
0.0488 91519 2660 0
0.0499 101459 2720 0
0.0500 94880 3079 0
0.1000 174385 10470 0
0.1500 218419 12272 0
0.2001 272477 13194 0
0.2500 314279 14355 0
0.3000 351102 21948 0
0.3500 391489 25988 0
0.4000 418532 27312 0
0.4501 453196 29183 0
0.5001 477977 30928 0
0.5501 511726 33476 0
0.6001 540419 36959 0
0.6501 565021 40756 0
0.7001 648976 42107 0
0.7501 683359 46007 0
0.8002 700692 48659 0
0.8502 720655 50434 0
0.9001 747015 54118 0
0.9501 782598 58047 0
1.0000 817742 60156 0
