10335
0.00011542012927054478 642.71202677747 0.0
0.00023084025854108956 1016.4000861326442 0.0
0.00034626038781163435 1365.9355432780847 0.0
0.0004616805170821791 1705.918918918919 0.0
0.0005771006463527239 2045.175 0.0
0.0006925207756232687 2231.7026239067054 0.0
0.0008079409048938135 2456.0974729241875 0.0
0.0009233610341643582 2710.609865470852 0.0
0.001038781163434903 2667.331632653061 0.0
0.0011542012927054479 2961.4186046511627 0.0
0.0012696214219759926 3142.980132450331 0.0
0.0013850415512465374 3313.0409836065573 0.0
0.0015004616805170822 3394.092783505155 0.0
0.001615881809787627 3593.4489795918366 0.0
0.0017313019390581717 3751.6304347826085 0.0
0.0018467220683287165 3723.744680851064 0.0
0.0019621421975992612 3991.231707317073 0.0
0.002077562326869806 4051.875 0.0
0.0021929824561403508 4213.181818181818 0.0
0.0023084025854108957 4016.6666666666665 0.0
0.0024238227146814403 4418.147540983607 0.0
0.0025392428439519853 4444.288461538462 0.0
0.00265466297322253 4374.775510204082 0.0
0.002770083102493075 4458.36 0.0
0.0028855032317636198 4642.6511627906975 0.0
0.0030009233610341643 4613.529411764706 0.0
0.0031163434903047093 4825.925 0.0
0.003231763619575254 5002.133333333333 0.0
0.003347183748845799 5039.064516129032 0.0
0.0034626038781163434 4977.060606060606 0.0
0.0035780240073868884 5128.555555555556 0.0
0.003693444136657433 5348.24 0.0
0.003808864265927978 5009.967741935484 0.0
0.0039242843951985225 5334.3125 0.0
0.004039704524469067 5271.958333333333 0.0
0.004155124653739612 5220.172413793103 0.0
0.004270544783010157 5397.56 0.0
0.0043859649122807015 5436.409090909091 0.0
0.004501385041551247 5160.4 0.0
0.0046168051708217915 5226.875 0.0
0.004732225300092336 5602.0952380952385 0.0
0.004847645429362881 5716.592592592592 0.0
0.004963065558633426 5912.277777777777 0.0
0.0050784856879039705 5744.5 0.0
0.005193905817174515 5758.076923076923 0.0
0.00530932594644506 5993.8 0.0
0.005424746075715605 5938.95 0.0
0.00554016620498615 6121.222222222223 0.0
0.005655586334256694 6003.333333333333 0.0
0.0057710064635272396 5682.5 0.0
0.005886426592797784 5898.666666666667 0.0
0.006001846722068329 5946.35294117647 0.0
0.006117266851338873 6350.133333333333 0.0
0.006232686980609419 6012.153846153846 0.0
0.006348107109879963 6280.857142857143 0.0
0.006463527239150508 6373.222222222223 0.0
0.006578947368421052 6230.545454545455 0.0
0.006694367497691598 6033.4 0.0
0.006809787626962142 6320.909090909091 0.0
0.006925207756232687 6577.75 0.0
0.007040627885503232 6403.0 0.0
0.007156048014773777 6737.2 0.0
0.007271468144044321 6612.2307692307695 0.0
0.007386888273314866 6336.3 0.0
0.007502308402585411 6580.666666666667 0.0
0.007617728531855956 6457.2307692307695 0.0
0.0077331486611265 6575.111111111111 0.0
0.007848568790397045 6770.117647058823 0.0
0.00796398891966759 6881.263157894737 0.0
0.008079409048938134 6787.181818181818 0.0
0.00819482917820868 6748.666666666667 0.0
0.008310249307479225 6837.5 0.0
0.008425669436749769 6818.8 0.0
0.008541089566020314 7250.5 0.0
0.00865650969529086 7000.555555555556 0.0
0.008771929824561403 7282.125 0.0
0.008887349953831948 7169.5 0.0
0.009002770083102494 7279.75 0.0
0.009118190212373038 7108.9 0.0
0.009233610341643583 7302.375 0.0
0.009349030470914127 7076.0 0.0
0.009464450600184672 7135.111111111111 0.0
0.009579870729455217 7395.0 0.0
0.009695290858725761 7278.222222222223 0.0
0.009810710987996307 7169.25 0.0
0.009926131117266852 7220.375 0.0
0.010041551246537396 7281.9 0.0
0.010156971375807941 7238.285714285715 0.0
0.010272391505078486 7248.555555555556 0.0
0.01038781163434903 6919.6 0.0
0.010503231763619576 7332.888888888889 0.0
0.01061865189289012 7153.333333333333 0.0
0.010734072022160665 7189.555555555556 0.0
0.01084949215143121 6915.6 0.0
0.010964912280701754 7264.25 0.0
0.0110803324099723 7504.0 0.0
0.011195752539242845 7509.333333333333 0.0
0.011311172668513388 7447.0 0.0
0.011426592797783934 7511.25 0.0
0.011542012927054479 7809.25 0.0
0.011772853185595568 7346.5 0.0
0.011888273314866112 7408.6 0.0
0.012003693444136657 6982.75 0.0
0.012119113573407203 7511.25 0.0
0.012234533702677746 7157.4 0.0
0.012349953831948292 7626.333333333333 0.0
0.012465373961218837 7321.8 0.0
0.012580794090489381 7560.833333333333 0.0
0.012696214219759926 7749.0 0.0
0.012811634349030472 7154.0 0.0
0.012927054478301015 7532.25 0.0
0.01304247460757156 7939.75 0.0
0.013157894736842105 7801.8 0.0
0.01327331486611265 6237.333333333333 0.0
0.013388734995383195 7350.0 0.0
0.013504155124653739 7756.0 0.0
0.013619575253924284 7454.666666666667 0.0
0.01373499538319483 7668.4 0.0
0.013850415512465374 7130.333333333333 0.0
0.013965835641735919 7461.0 0.0
0.014081255771006464 6936.5 0.0
0.014196675900277008 7727.5 0.0
0.014312096029547553 7403.666666666667 0.0
0.014427516158818097 8126.0 0.0
0.014542936288088643 8128.0 0.0
0.014658356417359188 7928.5 0.0
0.014773776546629732 7170.5 0.0
0.014889196675900277 7063.0 0.0
0.015004616805170823 6627.0 0.0
0.015120036934441366 7876.5 0.0
0.015235457063711912 7634.5 0.0
0.015350877192982455 7815.25 0.0
0.015466297322253 7880.5 0.0
0.015581717451523546 7608.333333333333 0.0
0.01569713758079409 8329.0 0.0
0.015812557710064637 7760.0 0.0
0.01592797783933518 7902.5 0.0
0.016043397968605724 7750.5 0.0
0.016158818097876268 8161.666666666667 0.0
0.016274238227146815 8080.333333333333 0.0
0.01638965835641736 7932.666666666667 0.0
0.016505078485687903 8159.5 0.0
0.01662049861495845 7679.0 0.0
0.016735918744228993 8038.0 0.0
0.016851338873499537 7384.666666666667 0.0
0.016966759002770084 7461.0 0.0
0.017082179132040628 7435.5 0.0
0.01719759926131117 7724.25 0.0
0.01731301939058172 7775.333333333333 0.0
0.017428439519852262 7403.666666666667 0.0
0.017543859649122806 7954.4 0.0
0.017659279778393353 8276.333333333334 0.0
0.017774699907663897 7911.0 0.0
0.018005540166204988 8056.666666666667 0.0
0.01812096029547553 7924.0 0.0
0.018236380424746075 8432.0 0.0
0.018351800554016622 8475.666666666666 0.0
0.018467220683287166 8344.0 0.0
0.01858264081255771 8654.0 0.0
0.018698060941828253 8345.0 0.0
0.018928901200369344 8347.0 0.0
0.019044321329639888 7826.0 0.0
0.019159741458910435 8328.0 0.0
0.01927516158818098 8329.0 0.0
0.019390581717451522 8334.0 0.0
0.01950600184672207 8343.5 0.0
0.019621421975992613 8343.5 0.0
0.019736842105263157 7810.666666666667 0.0
0.019852262234533704 7812.333333333333 0.0
0.019967682363804248 7424.0 0.0
0.020429362880886426 7967.0 0.0
0.020544783010156973 8370.0 0.0
0.020660203139427517 7974.0 0.0
0.02077562326869806 8489.0 0.0
0.020891043397968604 8210.0 0.0
0.02100646352723915 8103.75 0.0
0.021121883656509695 8490.0 0.0
0.02123730378578024 8372.0 0.0
0.021352723915050786 8157.5 0.0
0.02146814404432133 8384.0 0.0
0.021583564173591873 8279.5 0.0
0.02169898430286242 7962.0 0.0
0.021814404432132964 7901.0 0.0
0.022045244690674055 8009.5 0.0
0.0221606648199446 8159.333333333333 0.0
0.022276084949215142 8169.666666666667 0.0
0.02239150507848569 8171.666666666667 0.0
0.022506925207756233 8550.0 0.0
0.022622345337026777 8550.0 0.0
0.022737765466297324 8209.333333333334 0.0
0.022853185595567867 8036.5 0.0
0.02296860572483841 8202.0 0.0
0.023084025854108958 8492.0 0.0
0.023199445983379502 7857.0 0.0
0.023314866112650046 8251.0 0.0
0.02343028624192059 8404.5 0.0
0.023545706371191136 8445.333333333334 0.0
0.02366112650046168 8274.0 0.0
0.023776546629732224 8431.25 0.0
0.02389196675900277 8693.5 0.0
0.024007386888273315 8578.0 0.0
0.024238227146814405 8584.0 0.0
0.024469067405355493 8586.0 0.0
0.02458448753462604 8212.5 0.0
0.024699907663896584 7844.0 0.0
0.024815327793167127 8214.5 0.0
0.024930747922437674 8614.0 0.0
0.025046168051708218 8422.5 0.0
0.025161588180978762 8423.5 0.0
0.02527700831024931 8259.0 0.0
0.025392428439519853 8597.0 0.0
0.025507848568790396 8269.0 0.0
0.025738688827331487 8618.0 0.0
0.02585410895660203 8630.0 0.0
0.02608494921514312 8317.0 0.0
0.026200369344413665 8625.0 0.0
0.02631578947368421 8524.0 0.0
0.026431209602954756 8341.0 0.0
0.0265466297322253 8364.0 0.0
0.026662049861495844 8403.0 0.0
0.02677746999076639 8705.0 0.0
0.027008310249307478 8350.333333333334 0.0
0.027123730378578025 8440.0 0.0
0.02723915050784857 8670.0 0.0
0.027354570637119113 8648.0 0.0
0.02746999076638966 8327.0 0.0
0.027585410895660203 8488.0 0.0
0.027700831024930747 8649.0 0.0
0.027816251154201294 8489.5 0.0
0.027931671283471838 8654.0 0.0
0.02804709141274238 8644.0 0.0
0.028277931671283472 8355.0 0.0
0.028393351800554016 8355.0 0.0
0.02850877192982456 8507.0 0.0
0.028624192059095107 8359.0 0.0
0.02873961218836565 8365.0 0.0
0.02897045244690674 8368.0 0.0
0.029085872576177285 8686.0 0.0
0.02920129270544783 8528.0 0.0
0.02943213296398892 8688.0 0.0
0.029547553093259463 8273.0 0.0
0.02966297322253001 8688.0 0.0
0.029778393351800554 8277.0 0.0
0.029893813481071098 8690.0 0.0
0.030009233610341645 8492.0 0.0
0.03012465373961219 8400.0 0.0
0.030470914127423823 8561.0 0.0
0.030586334256694367 7946.0 0.0
0.03070175438596491 8599.0 0.0
0.030817174515235458 8599.0 0.0
0.030932594644506 7963.5 0.0
0.031048014773776545 8239.666666666666 0.0
0.031163434903047092 8689.5 0.0
0.031278855032317636 8425.0 0.0
0.03139427516158818 8251.666666666666 0.0
0.031625115420129274 8641.5 0.0
0.03174053554939982 7967.0 0.0
0.03185595567867036 8064.0 0.0
0.031971375807940905 8858.0 0.0
0.03208679593721145 8738.0 0.0
0.03220221606648199 8749.5 0.0
0.03243305632502309 8863.0 0.0
0.03254847645429363 8769.25 0.0
0.032663896583564174 8988.0 0.0
0.03289473684210526 8511.5 0.0
0.033010156971375805 8515.5 0.0
0.0332409972299169 8594.0 0.0
0.03335641735918744 8595.0 0.0
0.03347183748845799 8734.5 0.0
0.03358725761772853 8460.0 0.0
0.033702677746999074 8738.5 0.0
0.033818097876269625 8698.0 0.0
0.03393351800554017 8869.0 0.0
0.03404893813481071 8700.0 0.0
0.0342797783933518 8701.0 0.0
0.03439519852262234 8440.333333333334 0.0
0.03451061865189289 8469.0 0.0
0.03474145891043398 9025.0 0.0
0.035203139427516156 9035.0 0.0
0.035318559556786706 9037.0 0.0
0.03543397968605725 8878.0 0.0
0.035549399815327794 8885.0 0.0
0.035895660203139425 8832.5 0.0
0.03624192059095106 8974.0 0.0
0.03647276084949215 8900.0 0.0
0.036588180978762694 8902.0 0.0
0.03693444136657433 8907.0 0.0
0.038088642659279776 8799.0 0.0
0.038204062788550326 8800.0 0.0
0.03831948291782087 8881.0 0.0
0.038434903047091414 8841.0 0.0
0.03855032317636196 8812.0 0.0
0.040974145891043395 8922.0 0.0
0.041089566020313946 7899.0 0.0
0.04120498614958449 8413.5 0.0
0.041666666666666664 8419.5 0.0
0.04189750692520776 8926.0 0.0
0.04224376731301939 8929.0 0.0
0.04235918744228993 8929.0 0.0
0.04489843028624192 9132.0 0.0
0.04547553093259465 9153.0 0.0
0.04720683287165282 8970.0 0.0
0.04755309325946445 9038.0 0.0
0.047668513388735 8740.0 0.0
0.04778393351800554 8222.0 0.0
0.047899353647276086 9060.0 0.0
0.04801477377654663 9060.0 0.0
0.04813019390581717 8956.0 0.0
0.04824561403508772 8956.0 0.0
0.04836103416435827 8958.0 0.0
0.04847645429362881 8958.0 0.0
0.048591874422899355 8964.0 0.0
0.0487072945521699 8964.0 0.0
0.04882271468144044 8965.0 0.0
0.04916897506925208 9177.0 0.0
0.049284395198522624 9177.0 0.0
0.0497460757156048 9180.0 0.0
0.053208679593721143 9009.0 0.0
0.053670360110803325 9103.0 0.0
0.05424746075715605 9098.0 0.0
0.054709141274238225 9121.0 0.0
0.055863342566943676 9130.0 0.0
0.05609418282548476 9133.0 0.0
0.05620960295475531 9133.0 0.0
0.05632502308402586 9147.0 0.0
0.05678670360110803 9155.0 0.0
0.05701754385964912 9151.0 0.0
0.05713296398891967 9154.0 0.0
0.057248384118190214 9154.0 0.0
0.05771006463527239 9173.0 0.0
0.05851800554016621 9192.0 0.0
0.05863342566943675 9199.0 0.0
0.058748845798707296 9199.0 0.0
0.05909510618651893 9203.0 0.0
0.05921052631578947 9204.0 0.0
0.06001846722068329 9212.0 0.0
0.06024930747922438 9217.0 0.0
0.06036472760849492 9217.0 0.0
0.06059556786703601 9217.0 0.0
0.06071098799630656 9217.0 0.0
0.0608264081255771 9217.0 0.0
0.060941828254847646 9217.0 0.0
0.06105724838411819 9200.0 0.0
0.061172668513388734 9217.0 0.0
0.06140350877192982 9217.0 0.0
0.06151892890120037 9217.0 0.0
0.061634349030470915 9219.0 0.0
0.06174976915974146 9189.0 0.0
0.06244228993536473 9221.0 0.0
0.06267313019390582 9221.0 0.0
0.06359649122807018 9200.0 0.0
0.06382733148661127 9204.5 0.0
0.06394275161588181 9204.5 0.0
0.0641735918744229 9208.0 0.0
0.06532779316712835 9277.0 0.0
0.06544321329639889 9277.0 0.0
0.06567405355493998 9224.0 0.0
0.06625115420129271 9236.0 0.0
0.06636657433056325 9238.0 0.0
0.0664819944598338 9238.0 0.0
0.06844413665743306 9288.0 0.0
0.06867497691597414 9289.0 0.0
0.06890581717451523 9290.0 0.0
0.07017543859649122 9294.0 0.0
0.07052169898430287 9294.0 0.0
0.07063711911357341 9294.0 0.0
0.07075253924284396 9294.0 0.0
0.0708679593721145 9294.0 0.0
0.07098337950138504 9296.0 0.0
0.07398430286241921 9308.0 0.0
0.07409972299168975 9308.0 0.0
0.0742151431209603 9308.0 0.0
0.07467682363804247 9285.0 0.0
0.07583102493074792 9041.0 0.0
0.07594644506001846 9043.0 0.0
0.07606186518928901 9045.0 0.0
0.07894736842105263 9347.0 0.0
0.07917820867959371 9350.0 0.0
0.07952446906740536 9124.0 0.0
0.07975530932594645 9124.0 0.0
0.07987072945521699 9125.0 0.0
0.07998614958448753 9126.0 0.0
0.08010156971375808 9126.0 0.0
0.08021698984302862 9126.0 0.0
0.08033240997229917 9362.0 0.0
0.08056325023084025 9127.0 0.0
0.08067867036011081 9130.0 0.0
0.08125577100646353 9395.0 0.0
0.08206371191135733 9399.0 0.0
0.08217913204062789 9399.0 0.0
0.08229455216989844 9399.0 0.0
0.08252539242843952 9399.0 0.0
0.08264081255771007 9399.0 0.0
0.08518005540166206 9176.0 0.0
0.0852954755309326 9176.0 0.0
0.08552631578947369 9176.0 0.0
0.08564173591874423 9177.0 0.0
0.08702677746999077 9184.0 0.0
0.08714219759926131 9384.0 0.0
0.0873730378578024 9384.0 0.0
0.08748845798707294 9285.0 0.0
0.08760387811634349 9384.0 0.0
0.08771929824561403 9384.0 0.0
0.08783471837488457 9384.0 0.0
0.08795013850415513 9384.0 0.0
0.08806555863342568 9385.0 0.0
0.08898891966759002 9206.0 0.0
0.08910433979686057 9206.0 0.0
0.09106648199445984 9381.0 0.0
0.09129732225300093 9381.0 0.0
0.09787626962142197 9430.0 0.0
0.09799168975069251 9438.0 0.0
0.09810710987996306 9432.0 0.0
0.09856879039704525 9479.0 0.0
0.09868421052631579 9432.0 0.0
0.09879963065558633 9432.0 0.0
0.09891505078485688 9438.5 0.0
0.09903047091412742 9439.0 0.0
0.09914589104339797 9481.0 0.0
0.10018467220683287 9481.0 0.0
0.10122345337026778 9455.0 0.0
0.10156971375807941 9455.0 0.0
0.10168513388734995 9455.0 0.0
0.1018005540166205 9455.0 0.0
0.10191597414589104 9455.0 0.0
0.10214681440443213 9455.0 0.0
0.10226223453370267 9360.0 0.0
0.10341643582640812 9426.0 0.0
0.10399353647276086 9496.0 0.0
0.10422437673130194 9496.0 0.0
0.10433979686057249 9496.0 0.0
0.10445521698984303 9502.0 0.0
0.10457063711911357 9426.0 0.0
0.10468605724838412 9426.0 0.0
0.1049168975069252 9502.0 0.0
0.10503231763619575 9502.0 0.0
0.10514773776546629 9502.0 0.0
0.10526315789473684 9502.0 0.0
0.1053785780240074 9502.0 0.0
0.10572483841181902 9428.0 0.0
0.10607109879963066 9429.0 0.0
0.10641735918744229 9385.0 0.0
0.10676361957525392 9433.0 0.0
0.10687903970452448 9433.0 0.0
0.10757156048014774 9513.0 0.0
0.10768698060941828 9513.0 0.0
0.10780240073868882 9515.0 0.0
0.10791782086795937 9515.0 0.0
0.10814866112650046 9515.0 0.0
0.109533702677747 9515.0 0.0
0.11114958448753462 9460.0 0.0
0.11126500461680518 9491.0 0.0
0.11138042474607572 9493.0 0.0
0.11149584487534626 9476.5 0.0
0.11172668513388735 9507.0 0.0
0.1118421052631579 9493.0 0.0
0.11195752539242844 9493.0 0.0
0.11253462603878116 9490.5 0.0
0.11265004616805172 9502.5 0.0
0.11276546629732226 9545.0 0.0
0.1128808864265928 9545.0 0.0
0.1141505078485688 9549.0 0.0
0.11438134810710988 9549.0 0.0
0.11449676823638043 9550.0 0.0
0.11518928901200369 9552.0 0.0
0.11542012927054478 9572.0 0.0
0.1193444136657433 9577.0 0.0
0.12188365650969529 9474.0 0.0
0.12199907663896584 9475.0 0.0
0.12246075715604801 9570.0 0.0
0.12257617728531855 9570.0 0.0
0.12592336103416435 9493.0 0.0
0.1260387811634349 9493.0 0.0
0.12626962142197598 9493.0 0.0
0.12638504155124652 9501.0 0.0
0.127539242843952 9532.0 0.0
0.12996306555863343 9514.0 0.0
0.13007848568790398 9514.0 0.0
0.13019390581717452 9514.0 0.0
0.13054016620498615 9514.0 0.0
0.13088642659279778 9514.0 0.0
0.13100184672206833 9514.0 0.0
0.13111726685133887 9514.0 0.0
0.13123268698060941 9515.0 0.0
0.13134810710987996 9515.0 0.0
0.1316943674976916 9546.0 0.0
0.13227146814404434 9521.0 0.0
0.13238688827331488 9521.0 0.0
0.13342566943674977 9610.0 0.0
0.13354108956602032 9611.0 0.0
0.13365650969529086 9611.0 0.0
0.13434903047091412 9527.0 0.0
0.1383887349953832 9535.0 0.0
0.13896583564173592 9536.0 0.0
0.13908125577100647 9536.0 0.0
0.139196675900277 9536.0 0.0
0.13931209602954756 9536.0 0.0
0.14104339796860574 9541.0 0.0
0.14289012003693444 9584.0 0.0
0.14369806094182824 9584.0 0.0
0.14542936288088643 9585.0 0.0
0.14554478301015697 9585.0 0.0
0.1456602031394275 9585.0 0.0
0.14577562326869806 9591.0 0.0
0.1461218836565097 9593.0 0.0
0.14623730378578023 9593.0 0.0
0.14681440443213298 9593.0 0.0
0.14692982456140352 9593.0 0.0
0.14704524469067407 9595.0 0.0
0.1471606648199446 9595.0 0.0
0.14762234533702678 9597.0 0.0
0.14773776546629733 9597.0 0.0
0.14785318559556787 9597.0 0.0
0.14808402585410896 9598.0 0.0
0.1484302862419206 9599.0 0.0
0.14854570637119113 9599.0 0.0
0.14866112650046168 9599.0 0.0
0.1492382271468144 9599.0 0.0
0.1554709141274238 9607.0 0.0
0.15570175438596492 9617.0 0.0
0.15962603878116344 9632.0 0.0
0.16308864265927978 9643.0 0.0
0.16505078485687905 9657.0 0.0
0.16551246537396122 9645.0 0.0
0.16562788550323176 9645.0 0.0
0.16585872576177285 9645.0 0.0
0.16632040627885503 9645.0 0.0
0.16643582640812557 9645.0 0.0
0.1665512465373961 9646.0 0.0
0.1672437673130194 9646.0 0.0
0.16735918744228995 9646.0 0.0
0.1698984302862419 9647.0 0.0
0.17001385041551245 9647.0 0.0
0.17012927054478302 9647.0 0.0
0.17047553093259465 9648.0 0.0
0.1705909510618652 9648.0 0.0
0.17070637119113574 9648.0 0.0
0.17082179132040629 9648.0 0.0
0.17105263157894737 9648.0 0.0
0.17116805170821792 9648.0 0.0
0.17186057248384118 9648.0 0.0
0.1722068328716528 9648.0 0.0
0.1724376731301939 9652.0 0.0
0.17566943674976915 9659.0 0.0
0.17820867959372114 9667.0 0.0
0.186865189289012 9734.0 0.0
0.19298245614035087 9687.0 0.0
0.1930978762696214 9687.0 0.0
0.19332871652816253 9687.0 0.0
0.1935595567867036 9687.0 0.0
0.19413665743305633 9743.0 0.0
0.19425207756232687 9687.0 0.0
0.19621421975992612 9695.0 0.0
0.2708910433979686 9832.0 0.0
0.27123730378578026 9832.0 0.0
0.2713527239150508 9832.0 0.0
0.27146814404432135 9858.0 0.0
0.2731994459833795 9885.0 0.0
0.27331486611265005 9885.0 0.0
0.2734302862419206 9885.0 0.0
0.27354570637119113 9886.0 0.0
0.2867036011080332 9900.0 0.0
0.3129039704524469 9948.0 0.0
0.31428901200369347 9887.0 0.0
0.5084256694367497 10055.0 0.0
0.5222760849492152 10062.0 0.0
0.5677516158818098 10115.0 0.0
0.6870960295475531 10178.0 0.0
1.0 10335.0 0.0
