1422
0.00011542012927054478 443.19529085872574 0.0
0.00023084025854108956 610.9083208769307 0.0
0.00034626038781163435 741.4322580645161 0.0
0.0004616805170821791 822.3785310734463 0.0
0.0005771006463527239 867.8592132505177 0.0
0.0006925207756232687 901.3098591549295 0.0
0.0008079409048938135 930.9094339622642 0.0
0.0009233610341643582 953.8479262672811 0.0
0.001038781163434903 972.0702702702703 0.0
0.0011542012927054479 984.6666666666666 0.0
0.0012696214219759926 994.1456953642385 0.0
0.0013850415512465374 994.6324786324786 0.0
0.0015004616805170822 1006.47 0.0
0.001615881809787627 1014.3461538461538 0.0
0.0017313019390581717 1018.8461538461538 0.0
0.0018467220683287165 1021.620253164557 0.0
0.0019621421975992612 1023.6103896103896 0.0
0.002077562326869806 1032.2424242424242 0.0
0.0021929824561403508 1039.1803278688524 0.0
0.0023084025854108957 1040.2222222222222 0.0
0.0024238227146814403 1040.2063492063492 0.0
0.0025392428439519853 1046.0 0.0
0.00265466297322253 1043.7619047619048 0.0
0.002770083102493075 1042.6279069767443 0.0
0.0028855032317636198 1048.0487804878048 0.0
0.0030009233610341643 1051.1351351351352 0.0
0.0031163434903047093 1058.6216216216217 0.0
0.003231763619575254 1054.8529411764705 0.0
0.003347183748845799 1054.2413793103449 0.0
0.0034626038781163434 1061.2307692307693 0.0
0.0035780240073868884 1061.4782608695652 0.0
0.003693444136657433 1062.9310344827586 0.0
0.003808864265927978 1071.96 0.0
0.0039242843951985225 1062.4782608695652 0.0
0.004039704524469067 1071.15 0.0
0.004155124653739612 1071.6818181818182 0.0
0.004270544783010157 1072.7307692307693 0.0
0.0043859649122807015 1074.6785714285713 0.0
0.004501385041551247 1080.2307692307693 0.0
0.0046168051708217915 1078.2380952380952 0.0
0.004732225300092336 1075.2 0.0
0.004847645429362881 1077.0526315789473 0.0
0.004963065558633426 1077.125 0.0
0.0050784856879039705 1081.3529411764705 0.0
0.005193905817174515 1081.25 0.0
0.00530932594644506 1082.7 0.0
0.005424746075715605 1080.9375 0.0
0.00554016620498615 1083.142857142857 0.0
0.005655586334256694 1084.4705882352941 0.0
0.0057710064635272396 1078.1666666666667 0.0
0.005886426592797784 1078.5 0.0
0.006001846722068329 1086.75 0.0
0.006117266851338873 1089.5454545454545 0.0
0.006232686980609419 1093.0 0.0
0.006348107109879963 1081.3076923076924 0.0
0.006463527239150508 1085.4166666666667 0.0
0.006578947368421052 1089.2222222222222 0.0
0.006694367497691598 1085.0666666666666 0.0
0.006809787626962142 1085.25 0.0
0.006925207756232687 1092.75 0.0
0.007040627885503232 1088.0833333333333 0.0
0.007156048014773777 1091.3846153846155 0.0
0.007271468144044321 1087.4166666666667 0.0
0.007386888273314866 1086.5 0.0
0.007502308402585411 1099.25 0.0
0.007617728531855956 1100.2857142857142 0.0
0.0077331486611265 1097.1666666666667 0.0
0.007848568790397045 1096.3333333333333 0.0
0.00796398891966759 1092.8181818181818 0.0
0.008079409048938134 1095.2727272727273 0.0
0.00819482917820868 1099.9285714285713 0.0
0.008310249307479225 1093.7 0.0
0.008425669436749769 1091.5 0.0
0.008541089566020314 1094.125 0.0
0.00865650969529086 1095.0 0.0
0.008771929824561403 1099.8333333333333 0.0
0.008887349953831948 1095.857142857143 0.0
0.009002770083102494 1090.125 0.0
0.009118190212373038 1092.0 0.0
0.009233610341643583 1090.0 0.0
0.009349030470914127 1094.5 0.0
0.009464450600184672 1090.5555555555557 0.0
0.009579870729455217 1085.2 0.0
0.009695290858725761 1092.6666666666667 0.0
0.009810710987996307 1095.1 0.0
0.009926131117266852 1097.375 0.0
0.010041551246537396 1097.3333333333333 0.0
0.010156971375807941 1097.375 0.0
0.010272391505078486 1096.0 0.0
0.01038781163434903 1096.7692307692307 0.0
0.010503231763619576 1098.111111111111 0.0
0.01061865189289012 1097.5 0.0
0.010734072022160665 1099.0 0.0
0.01084949215143121 1097.6666666666667 0.0
0.010964912280701754 1097.0 0.0
0.0110803324099723 1097.857142857143 0.0
0.011195752539242845 1099.142857142857 0.0
0.011311172668513388 1095.8333333333333 0.0
0.011426592797783934 1095.7777777777778 0.0
0.011542012927054479 1099.4 0.0
0.011657433056325023 1096.3333333333333 0.0
0.011772853185595568 1100.75 0.0
0.011888273314866112 1098.5 0.0
0.012003693444136657 1098.1666666666667 0.0
0.012119113573407203 1107.6 0.0
0.012234533702677746 1111.6 0.0
0.012349953831948292 1104.5 0.0
0.012465373961218837 1105.0 0.0
0.012580794090489381 1108.5 0.0
0.012696214219759926 1113.125 0.0
0.012811634349030472 1106.1666666666667 0.0
0.012927054478301015 1108.3333333333333 0.0
0.01304247460757156 1109.0 0.0
0.013157894736842105 1111.75 0.0
0.01327331486611265 1106.25 0.0
0.013388734995383195 1108.0 0.0
0.013504155124653739 1105.6 0.0
0.013619575253924284 1103.0 0.0
0.01373499538319483 1107.7142857142858 0.0
0.013850415512465374 1106.888888888889 0.0
0.013965835641735919 1108.2 0.0
0.014081255771006464 1105.8333333333333 0.0
0.014196675900277008 1106.0 0.0
0.014312096029547553 1104.0 0.0
0.014427516158818097 1104.75 0.0
0.014542936288088643 1104.5 0.0
0.014658356417359188 1103.0 0.0
0.014773776546629732 1106.0 0.0
0.014889196675900277 1105.6666666666667 0.0
0.015004616805170823 1105.0 0.0
0.015120036934441366 1105.5 0.0
0.015235457063711912 1115.2 0.0
0.015350877192982455 1107.0 0.0
0.015466297322253 1109.0 0.0
0.015581717451523546 1110.2 0.0
0.01569713758079409 1105.75 0.0
0.015812557710064637 1109.6666666666667 0.0
0.01592797783933518 1116.2 0.0
0.016043397968605724 1115.3333333333333 0.0
0.016158818097876268 1116.3333333333333 0.0
0.016274238227146815 1119.4 0.0
0.01638965835641736 1109.8 0.0
0.016505078485687903 1115.6666666666667 0.0
0.01662049861495845 1112.5714285714287 0.0
0.016735918744228993 1115.5 0.0
0.016851338873499537 1117.1666666666667 0.0
0.016966759002770084 1114.3333333333333 0.0
0.017082179132040628 1118.25 0.0
0.01719759926131117 1108.25 0.0
0.01731301939058172 1131.0 0.0
0.017428439519852262 1122.5 0.0
0.017543859649122806 1115.25 0.0
0.017659279778393353 1108.3333333333333 0.0
0.017774699907663897 1108.3333333333333 0.0
0.01789012003693444 1110.6666666666667 0.0
0.018005540166204988 1109.75 0.0
0.01812096029547553 1134.5 0.0
0.018236380424746075 1142.0 0.0
0.018351800554016622 1125.3333333333333 0.0
0.018467220683287166 1113.0 0.0
0.01858264081255771 1122.0 0.0
0.018698060941828253 1122.0 0.0
0.0188134810710988 1115.0 0.0
0.018928901200369344 1095.0 0.0
0.019159741458910435 1129.0 0.0
0.01927516158818098 1102.5 0.0
0.019390581717451522 1100.0 0.0
0.01950600184672207 1100.0 0.0
0.019621421975992613 1114.75 0.0
0.019736842105263157 1126.3333333333333 0.0
0.019852262234533704 1126.6666666666667 0.0
0.019967682363804248 1152.0 0.0
0.02008310249307479 1126.6666666666667 0.0
0.02019852262234534 1124.5 0.0
0.020313942751615882 1131.3333333333333 0.0
0.020429362880886426 1121.0 0.0
0.020544783010156973 1121.6666666666667 0.0
0.020660203139427517 1102.0 0.0
0.02077562326869806 1102.0 0.0
0.020891043397968604 1123.0 0.0
0.02100646352723915 1112.0 0.0
0.021121883656509695 1112.0 0.0
0.021352723915050786 1107.5 0.0
0.02146814404432133 1111.3333333333333 0.0
0.021583564173591873 1122.0 0.0
0.02169898430286242 1120.0 0.0
0.021929824561403508 1110.0 0.0
0.022045244690674055 1100.0 0.0
0.0221606648199446 1100.0 0.0
0.022276084949215142 1100.0 0.0
0.02239150507848569 1135.0 0.0
0.022506925207756233 1124.3333333333333 0.0
0.022622345337026777 1124.3333333333333 0.0
0.022737765466297324 1103.0 0.0
0.02296860572483841 1110.0 0.0
0.023084025854108958 1120.6666666666667 0.0
0.023199445983379502 1114.75 0.0
0.023314866112650046 1115.3333333333333 0.0
0.02343028624192059 1103.0 0.0
0.023545706371191136 1124.5 0.0
0.02366112650046168 1120.0 0.0
0.023776546629732224 1120.0 0.0
0.02389196675900277 1115.6666666666667 0.0
0.024007386888273315 1102.6666666666667 0.0
0.02412280701754386 1105.5 0.0
0.024238227146814405 1114.0 0.0
0.02435364727608495 1110.5 0.0
0.024469067405355493 1110.5 0.0
0.02458448753462604 1109.25 0.0
0.024699907663896584 1102.0 0.0
0.024815327793167127 1115.0 0.0
0.024930747922437674 1108.5 0.0
0.025161588180978762 1102.0 0.0
0.02527700831024931 1103.0 0.0
0.025392428439519853 1102.5 0.0
0.025507848568790396 1168.0 0.0
0.025623268698060944 1135.0 0.0
0.025738688827331487 1103.0 0.0
0.02585410895660203 1102.0 0.0
0.02608494921514312 1105.0 0.0
0.026200369344413665 1113.0 0.0
0.02631578947368421 1113.0 0.0
0.026431209602954756 1121.0 0.0
0.0265466297322253 1122.0 0.0
0.026662049861495844 1136.5 0.0
0.02677746999076639 1168.0 0.0
0.027008310249307478 1105.0 0.0
0.027123730378578025 1168.0 0.0
0.02746999076638966 1169.0 0.0
0.027585410895660203 1126.6666666666667 0.0
0.027700831024930747 1136.0 0.0
0.027816251154201294 1117.0 0.0
0.027931671283471838 1110.5 0.0
0.02804709141274238 1112.8 0.0
0.02816251154201293 1117.0 0.0
0.028277931671283472 1106.0 0.0
0.028393351800554016 1105.0 0.0
0.02873961218836565 1122.0 0.0
0.02897045244690674 1166.5 0.0
0.029085872576177285 1128.5 0.0
0.02920129270544783 1128.5 0.0
0.029316712834718376 1125.5 0.0
0.02943213296398892 1118.6666666666667 0.0
0.029547553093259463 1118.6666666666667 0.0
0.02966297322253001 1139.6666666666667 0.0
0.029778393351800554 1112.0 0.0
0.029893813481071098 1114.0 0.0
0.030009233610341645 1110.5 0.0
0.030240073868882732 1112.0 0.0
0.03035549399815328 1114.0 0.0
0.030470914127423823 1114.0 0.0
0.030586334256694367 1114.5 0.0
0.03070175438596491 1116.0 0.0
0.030817174515235458 1116.0 0.0
0.031048014773776545 1111.6666666666667 0.0
0.031163434903047092 1115.3333333333333 0.0
0.031278855032317636 1106.0 0.0
0.03139427516158818 1106.0 0.0
0.03150969529085872 1127.0 0.0
0.03174053554939982 1127.0 0.0
0.03185595567867036 1112.6666666666667 0.0
0.031971375807940905 1105.5 0.0
0.03208679593721145 1153.5 0.0
0.032317636195752536 1201.0 0.0
0.03243305632502309 1157.5 0.0
0.03254847645429363 1114.0 0.0
0.032663896583564174 1114.0 0.0
0.03277931671283472 1201.0 0.0
0.03289473684210526 1114.0 0.0
0.03358725761772853 1202.0 0.0
0.03404893813481071 1203.0 0.0
0.03474145891043398 1110.0 0.0
0.035549399815327794 1122.0 0.0
0.03578024007386888 1116.0 0.0
0.03612650046168052 1122.0 0.0
0.03624192059095106 1122.0 0.0
0.036357340720221606 1116.0 0.0
0.03647276084949215 1116.0 0.0
0.03681902123730379 1110.0 0.0
0.03797322253000923 1123.0 0.0
0.038088642659279776 1123.0 0.0
0.038434903047091414 1124.0 0.0
0.03981994459833795 1124.0 0.0
0.039935364727608495 1124.0 0.0
0.04005078485687904 1124.0 0.0
0.04016620498614958 1124.0 0.0
0.040281625115420126 1126.0 0.0
0.040627885503231764 1126.0 0.0
0.04074330563250231 1124.0 0.0
0.04085872576177285 1124.0 0.0
0.04143582640812558 1147.0 0.0
0.04155124653739612 1147.0 0.0
0.041666666666666664 1126.0 0.0
0.04178208679593721 1126.0 0.0
0.04189750692520776 1126.0 0.0
0.0420129270544783 1126.0 0.0
0.04293628808864266 1126.0 0.0
0.0432825484764543 1126.0 0.0
0.04339796860572484 1126.0 0.0
0.043513388734995384 1126.0 0.0
0.04547553093259465 1134.0 0.0
0.04559095106186519 1134.0 0.0
0.045706371191135735 1135.6666666666667 0.0
0.04582179132040628 1127.0 0.0
0.04593721144967682 1137.0 0.0
0.046052631578947366 1146.0 0.0
0.046168051708217916 1141.5 0.0
0.04628347183748846 1138.0 0.0
0.046745152354570635 1127.0 0.0
0.04686057248384118 1127.0 0.0
0.04720683287165282 1127.0 0.0
0.047437673130193904 1107.0 0.0
0.04755309325946445 1107.0 0.0
0.047899353647276086 1122.5 0.0
0.04801477377654663 1107.0 0.0
0.04813019390581717 1138.0 0.0
0.04836103416435827 1138.0 0.0
0.04847645429362881 1139.0 0.0
0.048591874422899355 1139.0 0.0
0.04986149584487535 1128.0 0.0
0.05043859649122807 1128.0 0.0
0.05055401662049862 1126.0 0.0
0.05066943674976916 1126.0 0.0
0.050784856879039705 1126.0 0.0
0.051131117266851336 1124.0 0.0
0.05136195752539243 1124.0 0.0
0.051477377654662974 1124.0 0.0
0.05159279778393352 1124.0 0.0
0.051823638042474605 1128.0 0.0
0.05193905817174515 1128.0 0.0
0.05274699907663897 1128.0 0.0
0.052977839335180056 1124.0 0.0
0.0530932594644506 1128.0 0.0
0.0541320406278855 1144.0 0.0
0.05424746075715605 1144.0 0.0
0.05447830101569714 1144.0 0.0
0.05482456140350877 1128.0 0.0
0.05493998153277932 1144.0 0.0
0.05505540166204986 1144.0 0.0
0.055863342566943676 1144.0 0.0
0.05609418282548476 1144.0 0.0
0.05667128347183749 1144.0 0.0
0.05678670360110803 1139.3333333333333 0.0
0.056902123730378576 1126.0 0.0
0.05701754385964912 1126.0 0.0
0.05771006463527239 1149.0 0.0
0.05805632502308403 1137.5 0.0
0.05840258541089566 1149.0 0.0
0.05851800554016621 1137.5 0.0
0.05863342566943675 1149.0 0.0
0.06255771006463527 1144.0 0.0
0.06267313019390582 1149.0 0.0
0.06278855032317636 1146.5 0.0
0.06336565096952909 1144.0 0.0
0.06382733148661127 1144.0 0.0
0.06394275161588181 1144.0 0.0
0.0641735918744229 1144.0 0.0
0.0652123730378578 1130.0 0.0
0.06532779316712835 1127.0 0.0
0.06567405355493998 1127.0 0.0
0.06578947368421052 1130.0 0.0
0.06602031394275161 1123.0 0.0
0.06625115420129271 1130.0 0.0
0.0672899353647276 1123.0 0.0
0.0685595567867036 1123.0 0.0
0.06867497691597414 1128.0 0.0
0.06879039704524469 1129.0 0.0
0.06890581717451523 1123.0 0.0
0.06902123730378577 1123.0 0.0
0.06913665743305633 1123.0 0.0
0.06925207756232687 1126.0 0.0
0.06936749769159742 1129.0 0.0
0.06971375807940905 1129.0 0.0
0.07017543859649122 1151.0 0.0
0.07052169898430287 1151.0 0.0
0.07063711911357341 1151.0 0.0
0.07075253924284396 1151.0 0.0
0.07109879963065559 1130.0 0.0
0.07121421975992613 1130.0 0.0
0.0721375807940905 1151.0 0.0
0.07225300092336104 1151.0 0.0
0.07248384118190213 1151.0 0.0
0.07259926131117267 1154.0 0.0
0.07283010156971376 1151.0 0.0
0.0729455216989843 1151.0 0.0
0.07306094182825484 1151.0 0.0
0.07329178208679593 1151.0 0.0
0.07536934441366575 1159.0 0.0
0.07548476454293629 1159.0 0.0
0.07917820867959371 1151.0 0.0
0.07975530932594645 1151.0 0.0
0.07987072945521699 1151.0 0.0
0.08102493074792244 1152.0 0.0
0.08137119113573407 1152.0 0.0
0.08344875346260387 1152.0 0.0
0.08356417359187442 1152.0 0.0
0.08367959372114497 1152.0 0.0
0.08379501385041552 1152.0 0.0
0.08437211449676824 1152.0 0.0
0.08448753462603878 1152.0 0.0
0.08460295475530932 1152.0 0.0
0.08471837488457987 1152.0 0.0
0.08506463527239151 1152.0 0.0
0.0852954755309326 1152.0 0.0
0.08552631578947369 1152.0 0.0
0.08564173591874423 1152.0 0.0
0.08587257617728532 1152.0 0.0
0.0861034164358264 1152.0 0.0
0.09291320406278855 1152.0 0.0
0.094067405355494 1152.0 0.0
0.09418282548476455 1152.0 0.0
0.10099261311172668 1152.0 0.0
0.1018005540166205 1159.0 0.0
0.10191597414589104 1159.0 0.0
0.10203139427516159 1159.0 0.0
0.10214681440443213 1159.0 0.0
0.10318559556786704 1152.0 0.0
0.10514773776546629 1152.0 0.0
0.10549399815327794 1152.0 0.0
0.10560941828254848 1152.0 0.0
0.10572483841181902 1152.0 0.0
0.10584025854108957 1152.0 0.0
0.10641735918744229 1152.0 0.0
0.10653277931671283 1152.0 0.0
0.10664819944598337 1152.0 0.0
0.10687903970452448 1152.0 0.0
0.10780240073868882 1152.0 0.0
0.10791782086795937 1152.0 0.0
0.10803324099722991 1142.0 0.0
0.108264081255771 1132.0 0.0
0.10837950138504156 1143.0 0.0
0.1084949215143121 1143.0 0.0
0.10861034164358264 1143.0 0.0
0.1097645429362881 1134.0 0.0
0.10987996306555864 1134.0 0.0
0.10999538319482918 1134.0 0.0
0.11472760849492152 1152.0 0.0
0.1149584487534626 1152.0 0.0
0.12026777469990767 1135.0 0.0
0.12038319482917821 1135.0 0.0
0.12049861495844875 1135.0 0.0
0.12592336103416435 1136.0 0.0
0.13111726685133887 1177.0 0.0
0.1314635272391505 1177.0 0.0
0.13157894736842105 1177.0 0.0
0.13204062788550322 1161.0 0.0
0.13215604801477376 1161.0 0.0
0.13411819021237303 1161.0 0.0
0.1348107109879963 1161.0 0.0
0.13492613111726684 1161.0 0.0
0.13504155124653738 1177.0 0.0
0.13550323176361959 1161.0 0.0
0.13561865189289013 1177.0 0.0
0.13573407202216067 1177.0 0.0
0.13584949215143122 1177.0 0.0
0.13619575253924285 1161.0 0.0
0.1363111726685134 1161.0 0.0
0.13654201292705448 1177.0 0.0
0.13677285318559557 1161.0 0.0
0.1368882733148661 1161.0 0.0
0.13700369344413665 1161.0 0.0
0.13723453370267774 1177.0 0.0
0.13758079409048937 1177.0 0.0
0.13781163434903046 1177.0 0.0
0.13804247460757155 1177.0 0.0
0.13815789473684212 1177.0 0.0
0.13827331486611266 1177.0 0.0
0.1386195752539243 1177.0 0.0
0.13873499538319484 1177.0 0.0
0.1394275161588181 1161.0 0.0
0.13954293628808864 1161.0 0.0
0.1396583564173592 1161.0 0.0
0.14000461680517082 1161.0 0.0
0.14012003693444136 1161.0 0.0
0.1402354570637119 1169.0 0.0
0.140466297322253 1169.0 0.0
0.14058171745152354 1169.0 0.0
0.14069713758079408 1173.0 0.0
0.14081255771006462 1173.0 0.0
0.1415050784856879 1169.0 0.0
0.14162049861495846 1177.0 0.0
0.14208217913204063 1169.0 0.0
0.14231301939058172 1169.0 0.0
0.14265927977839335 1169.0 0.0
0.1427746999076639 1169.0 0.0
0.14289012003693444 1169.0 0.0
0.1433518005540166 1169.0 0.0
0.14369806094182824 1169.0 0.0
0.1438134810710988 1169.0 0.0
0.14392890120036936 1169.0 0.0
0.1450831024930748 1169.0 0.0
0.14519852262234534 1169.0 0.0
0.15812557710064634 1165.0 0.0
0.158471837488458 1165.0 0.0
0.15858725761772854 1165.0 0.0
0.15916435826408126 1165.0 0.0
0.1592797783933518 1165.0 0.0
0.15962603878116344 1165.0 0.0
0.15974145891043398 1165.0 0.0
0.15985687903970452 1165.0 0.0
0.15997229916897507 1165.0 0.0
0.1600877192982456 1165.0 0.0
0.16020313942751616 1165.0 0.0
0.16043397968605724 1165.0 0.0
0.1611265004616805 1165.0 0.0
0.16124192059095105 1165.0 0.0
0.16135734072022162 1165.0 0.0
0.16204986149584488 1165.0 0.0
0.16216528162511543 1165.0 0.0
0.16228070175438597 1165.0 0.0
0.1623961218836565 1165.0 0.0
0.16320406278855032 1165.0 0.0
0.16412742382271467 1165.0 0.0
0.16620498614958448 1177.0 0.0
0.16643582640812557 1177.0 0.0
0.1665512465373961 1177.0 0.0
0.18640350877192982 1166.0 0.0
0.18744228993536471 1205.0 0.0
0.18790397045244692 1205.0 0.0
0.18882733148661127 1166.0 0.0
0.18928901200369344 1166.0 0.0
0.1899815327793167 1166.0 0.0
0.19009695290858725 1166.0 0.0
0.1902123730378578 1166.0 0.0
0.19275161588180978 1166.0 0.0
0.19286703601108032 1166.0 0.0
0.19598337950138503 1166.0 0.0
0.19644506001846723 1166.0 0.0
0.19702216066481995 1166.0 0.0
0.19736842105263158 1166.0 0.0
0.1977146814404432 1166.0 0.0
0.19783010156971376 1166.0 0.0
0.19956140350877194 1166.0 0.0
0.19967682363804248 1166.0 0.0
0.2004847645429363 1166.0 0.0
0.20060018467220683 1166.0 0.0
0.20071560480147738 1166.0 0.0
0.20083102493074792 1166.0 0.0
0.20117728531855955 1166.0 0.0
0.2012927054478301 1166.0 0.0
0.203601108033241 1166.0 0.0
0.20383194829178208 1166.0 0.0
0.2046398891966759 1166.0 0.0
0.20579409048938135 1167.0 0.0
0.20625577100646353 1205.0 0.0
0.217797783933518 1207.0 0.0
0.21791320406278855 1207.0 0.0
0.21814404432132964 1207.0 0.0
0.21825946445060018 1207.0 0.0
0.2242613111726685 1207.0 0.0
0.22437673130193905 1207.0 0.0
0.22483841181902123 1207.0 0.0
0.22495383194829177 1207.0 0.0
0.2259926131117267 1207.0 0.0
0.2278393351800554 1207.0 0.0
0.23003231763619575 1168.0 0.0
0.24238227146814403 1208.0 0.0
0.24249769159741458 1208.0 0.0
0.24884579870729456 1208.0 0.0
0.24942289935364728 1208.0 0.0
0.24953831948291783 1208.0 0.0
0.2497691597414589 1208.0 0.0
0.24988457987072946 1208.0 0.0
0.25 1208.0 0.0
0.25069252077562326 1208.0 0.0
0.25380886426592797 1209.0 0.0
0.25577100646352724 1209.0 0.0
0.2558864265927978 1209.0 0.0
0.2562326869806094 1209.0 0.0
0.25634810710988 1209.0 0.0
0.2564635272391505 1209.0 0.0
0.2566943674976916 1209.0 0.0
0.25680978762696216 1209.0 0.0
0.25715604801477376 1209.0 0.0
0.25738688827331485 1209.0 0.0
0.2577331486611265 1209.0 0.0
0.26015697137580795 1214.0 0.0
0.26027239150507847 1214.0 0.0
0.26038781163434904 1214.0 0.0
0.2614265927977839 1214.0 0.0
0.26165743305632505 1214.0 0.0
0.26188827331486614 1214.0 0.0
0.26246537396121883 1214.0 0.0
0.2625807940904894 1214.0 0.0
0.2626962142197599 1214.0 0.0
0.2628116343490305 1214.0 0.0
0.3484533702677747 1242.0 0.0
0.36045706371191133 1242.0 0.0
0.36138042474607573 1242.0 0.0
0.3619575253924284 1242.0 0.0
0.3641505078485688 1248.0 0.0
0.3981994459833795 1321.0 0.0
0.3992382271468144 1321.0 0.0
0.514196675900277 1343.0 0.0
0.7204524469067405 1385.0 0.0
0.9504847645429363 1411.0 0.0
0.9527931671283472 1411.0 0.0
1.0 1422.0 0.0
