6720
0.00011542012927054478 577.6847876269621 0.0
0.00023084025854108956 786.9067127344521 0.0
0.00034626038781163435 909.9273840769904 0.0
0.0004616805170821791 986.9839572192514 0.0
0.0005771006463527239 1027.5348360655737 0.0
0.0006925207756232687 1055.250688705234 0.0
0.0008079409048938135 1081.7231833910034 0.0
0.0009233610341643582 1091.0837209302326 0.0
0.001038781163434903 1115.0213903743315 0.0
0.0011542012927054479 1117.925 0.0
0.0012696214219759926 1125.8344827586207 0.0
0.0013850415512465374 1151.65625 0.0
0.0015004616805170822 1150.9174311926606 0.0
0.001615881809787627 1171.904761904762 0.0
0.0017313019390581717 1172.1566265060242 0.0
0.0018467220683287165 1196.871794871795 0.0
0.0019621421975992612 1223.2898550724638 0.0
0.002077562326869806 1202.8852459016393 0.0
0.0021929824561403508 1231.2058823529412 0.0
0.0023084025854108957 1258.0333333333333 0.0
0.0024238227146814403 1289.6607142857142 0.0
0.0025392428439519853 1284.4347826086957 0.0
0.00265466297322253 1296.5 0.0
0.002770083102493075 1318.9166666666667 0.0
0.0028855032317636198 1299.3170731707316 0.0
0.0030009233610341643 1277.8 0.0
0.0031163434903047093 1287.1315789473683 0.0
0.003231763619575254 1322.344827586207 0.0
0.003347183748845799 1322.9375 0.0
0.0034626038781163434 1299.4615384615386 0.0
0.0035780240073868884 1332.8648648648648 0.0
0.003693444136657433 1303.655172413793 0.0
0.003808864265927978 1278.037037037037 0.0
0.0039242843951985225 1337.7916666666667 0.0
0.004039704524469067 1295.1379310344828 0.0
0.004155124653739612 1331.5454545454545 0.0
0.004270544783010157 1340.7619047619048 0.0
0.0043859649122807015 1374.25 0.0
0.004501385041551247 1387.2 0.0
0.0046168051708217915 1373.8333333333333 0.0
0.004732225300092336 1362.4705882352941 0.0
0.004847645429362881 1370.4545454545455 0.0
0.004963065558633426 1475.68 0.0
0.0050784856879039705 1401.6470588235295 0.0
0.005193905817174515 1402.6666666666667 0.0
0.00530932594644506 1391.8695652173913 0.0
0.005424746075715605 1414.25 0.0
0.00554016620498615 1401.5882352941176 0.0
0.005655586334256694 1284.8666666666666 0.0
0.0057710064635272396 1375.0833333333333 0.0
0.005886426592797784 1385.4117647058824 0.0
0.006001846722068329 1404.2777777777778 0.0
0.006117266851338873 1388.8 0.0
0.006232686980609419 1423.7333333333333 0.0
0.006348107109879963 1383.764705882353 0.0
0.006463527239150508 1495.1 0.0
0.006578947368421052 1449.375 0.0
0.006694367497691598 1444.8 0.0
0.006809787626962142 1370.8947368421052 0.0
0.006925207756232687 1449.9411764705883 0.0
0.007040627885503232 1333.857142857143 0.0
0.007156048014773777 1418.3636363636363 0.0
0.007271468144044321 1410.4117647058824 0.0
0.007386888273314866 1430.7777777777778 0.0
0.007502308402585411 1320.5555555555557 0.0
0.007617728531855956 1411.4444444444443 0.0
0.0077331486611265 1443.3076923076924 0.0
0.007848568790397045 1439.0 0.0
0.00796398891966759 1325.6363636363637 0.0
0.008079409048938134 1435.0 0.0
0.00819482917820868 1483.8181818181818 0.0
0.008310249307479225 1381.5555555555557 0.0
0.008425669436749769 1428.888888888889 0.0
0.008541089566020314 1422.9 0.0
0.00865650969529086 1391.0555555555557 0.0
0.008771929824561403 1439.1538461538462 0.0
0.008887349953831948 1539.25 0.0
0.009002770083102494 1476.2307692307693 0.0
0.009118190212373038 1486.857142857143 0.0
0.009233610341643583 1634.6666666666667 0.0
0.009349030470914127 1590.5555555555557 0.0
0.009464450600184672 1541.2857142857142 0.0
0.009579870729455217 1627.3333333333333 0.0
0.009695290858725761 1591.875 0.0
0.009810710987996307 1775.4 0.0
0.009926131117266852 1477.5 0.0
0.010041551246537396 1430.0 0.0
0.010156971375807941 1482.6 0.0
0.010272391505078486 1479.857142857143 0.0
0.01038781163434903 1474.4 0.0
0.010503231763619576 1555.857142857143 0.0
0.01061865189289012 1587.4444444444443 0.0
0.010734072022160665 1440.6666666666667 0.0
0.01084949215143121 1514.2857142857142 0.0
0.010964912280701754 1600.0 0.0
0.0110803324099723 1631.2857142857142 0.0
0.011195752539242845 1735.5 0.0
0.011311172668513388 1560.5714285714287 0.0
0.011426592797783934 1457.1666666666667 0.0
0.011542012927054479 1608.857142857143 0.0
0.011657433056325023 1855.75 0.0
0.011772853185595568 1571.3333333333333 0.0
0.011888273314866112 1700.142857142857 0.0
0.012003693444136657 1633.6 0.0
0.012119113573407203 2034.4 0.0
0.012234533702677746 1680.4444444444443 0.0
0.012349953831948292 1590.0 0.0
0.012465373961218837 1474.0 0.0
0.012580794090489381 1463.3333333333333 0.0
0.012696214219759926 1746.0 0.0
0.012811634349030472 1715.25 0.0
0.012927054478301015 1628.25 0.0
0.01304247460757156 1661.25 0.0
0.013157894736842105 1566.6666666666667 0.0
0.01327331486611265 1654.3333333333333 0.0
0.013388734995383195 1211.0 0.0
0.013504155124653739 1653.5 0.0
0.013619575253924284 1726.0 0.0
0.01373499538319483 1556.375 0.0
0.013850415512465374 1434.3333333333333 0.0
0.013965835641735919 1701.25 0.0
0.014081255771006464 1727.3333333333333 0.0
0.014196675900277008 1468.25 0.0
0.014312096029547553 1691.0 0.0
0.014427516158818097 1371.6666666666667 0.0
0.014542936288088643 1455.0 0.0
0.014658356417359188 1756.6666666666667 0.0
0.014773776546629732 1527.0 0.0
0.014889196675900277 1566.1666666666667 0.0
0.015004616805170823 1696.4285714285713 0.0
0.015120036934441366 1659.8333333333333 0.0
0.015235457063711912 1604.0 0.0
0.015350877192982455 1512.6666666666667 0.0
0.015466297322253 1428.0 0.0
0.015581717451523546 1388.5 0.0
0.01569713758079409 1388.5 0.0
0.015812557710064637 1343.0 0.0
0.01592797783933518 1448.0 0.0
0.016043397968605724 1696.0 0.0
0.016158818097876268 2028.0 0.0
0.016274238227146815 1979.6666666666667 0.0
0.01638965835641736 2067.0 0.0
0.016505078485687903 1471.0 0.0
0.01662049861495845 1877.0 0.0
0.016735918744228993 1866.25 0.0
0.016851338873499537 1731.0 0.0
0.016966759002770084 1791.6666666666667 0.0
0.01731301939058172 2041.0 0.0
0.017543859649122806 2169.0 0.0
0.017659279778393353 2218.0 0.0
0.017774699907663897 2218.0 0.0
0.01789012003693444 2267.0 0.0
0.018005540166204988 2150.5 0.0
0.01812096029547553 2150.5 0.0
0.018236380424746075 1926.5 0.0
0.018351800554016622 1880.5 0.0
0.018467220683287166 2267.0 0.0
0.01858264081255771 1921.0 0.0
0.018698060941828253 1604.0 0.0
0.0188134810710988 1948.5 0.0
0.018928901200369344 1831.6666666666667 0.0
0.019044321329639888 1489.5 0.0
0.019159741458910435 1815.0 0.0
0.01927516158818098 2101.0 0.0
0.01950600184672207 1387.0 0.0
0.019621421975992613 1865.3333333333333 0.0
0.019736842105263157 1458.0 0.0
0.019852262234533704 1586.6666666666667 0.0
0.019967682363804248 1967.6666666666667 0.0
0.02008310249307479 1601.0 0.0
0.02019852262234534 1612.3333333333333 0.0
0.020313942751615882 2035.0 0.0
0.020429362880886426 2037.0 0.0
0.020544783010156973 1642.0 0.0
0.020660203139427517 2162.5 0.0
0.02077562326869806 2069.0 0.0
0.021121883656509695 2196.0 0.0
0.02123730378578024 1856.0 0.0
0.021352723915050786 1977.5 0.0
0.02146814404432133 1856.5 0.0
0.021583564173591873 2409.5 0.0
0.02169898430286242 2069.0 0.0
0.021814404432132964 2750.0 0.0
0.021929824561403508 2071.0 0.0
0.0221606648199446 2071.0 0.0
0.022276084949215142 1382.0 0.0
0.022622345337026777 2120.0 0.0
0.022737765466297324 2187.5 0.0
0.022853185595567867 2404.0 0.0
0.02296860572483841 2058.0 0.0
0.023084025854108958 2350.0 0.0
0.023199445983379502 2550.0 0.0
0.023314866112650046 2550.0 0.0
0.02343028624192059 2550.0 0.0
0.023545706371191136 2750.0 0.0
0.02366112650046168 2350.0 0.0
0.023776546629732224 1926.0 0.0
0.02389196675900277 1928.0 0.0
0.024007386888273315 1928.0 0.0
0.024238227146814405 2791.0 0.0
0.02435364727608495 2013.5 0.0
0.024469067405355493 2111.3333333333335 0.0
0.02458448753462604 1771.5 0.0
0.024699907663896584 2359.5 0.0
0.024815327793167127 1686.0 0.0
0.024930747922437674 1900.75 0.0
0.025046168051708218 1788.0 0.0
0.025161588180978762 1811.5 0.0
0.02527700831024931 1705.0 0.0
0.025507848568790396 1928.0 0.0
0.025623268698060944 1928.0 0.0
0.025738688827331487 1905.0 0.0
0.02585410895660203 1974.5 0.0
0.025969529085872575 2021.0 0.0
0.02608494921514312 2252.0 0.0
0.026200369344413665 2576.0 0.0
0.02631578947368421 1735.5 0.0
0.026431209602954756 1676.6666666666667 0.0
0.026662049861495844 2356.0 0.0
0.02677746999076639 2134.0 0.0
0.026892890120036934 2045.0 0.0
0.027008310249307478 2134.0 0.0
0.027123730378578025 1792.0 0.0
0.02723915050784857 1736.0 0.0
0.02746999076638966 1473.0 0.0
0.027816251154201294 2579.0 0.0
0.028277931671283472 2300.0 0.0
0.028393351800554016 2579.0 0.0
0.029316712834718376 2648.0 0.0
0.02943213296398892 2648.0 0.0
0.029547553093259463 2630.0 0.0
0.02966297322253001 2593.0 0.0
0.029893813481071098 2232.0 0.0
0.030009233610341645 2232.0 0.0
0.03012465373961219 2232.0 0.0
0.030240073868882732 2147.5 0.0
0.03035549399815328 2667.0 0.0
0.030470914127423823 2147.5 0.0
0.030586334256694367 2073.5 0.0
0.030817174515235458 2871.0 0.0
0.031048014773776545 2669.0 0.0
0.031971375807940905 2594.0 0.0
0.03208679593721145 2594.0 0.0
0.032317636195752536 2059.5 0.0
0.03243305632502309 1631.0 0.0
0.03254847645429363 2112.5 0.0
0.032663896583564174 2020.6666666666667 0.0
0.03277931671283472 2112.5 0.0
0.03289473684210526 1631.0 0.0
0.033125577100646356 1631.0 0.0
0.0332409972299169 1845.0 0.0
0.03335641735918744 2089.5 0.0
0.03358725761772853 2378.0 0.0
0.033702677746999074 2352.3333333333335 0.0
0.033818097876269625 2589.0 0.0
0.03393351800554017 2541.0 0.0
0.03404893813481071 2441.6666666666665 0.0
0.034164358264081256 2541.0 0.0
0.0342797783933518 2615.0 0.0
0.03439519852262234 2689.0 0.0
0.03451061865189289 2228.0 0.0
0.03462603878116344 2177.6666666666665 0.0
0.03474145891043398 2267.0 0.0
0.034856879039704525 2112.0 0.0
0.03497229916897507 2241.5 0.0
0.03508771929824561 2246.5 0.0
0.035203139427516156 2397.5 0.0
0.035318559556786706 2399.0 0.0
0.035549399815327794 2401.5 0.0
0.035895660203139425 2650.0 0.0
0.036011080332409975 2537.3333333333335 0.0
0.03612650046168052 2616.5 0.0
0.03624192059095106 2841.5 0.0
0.036357340720221606 2650.0 0.0
0.03647276084949215 2585.0 0.0
0.036703601108033244 2086.0 0.0
0.03681902123730379 1848.0 0.0
0.03693444136657433 2583.0 0.0
0.037049861495844875 2734.0 0.0
0.03716528162511542 2354.6666666666665 0.0
0.03728070175438596 1747.0 0.0
0.037396121883656507 2240.5 0.0
0.03751154201292706 2821.0 0.0
0.0376269621421976 2821.0 0.0
0.03797322253000923 2379.0 0.0
0.038088642659279776 2385.0 0.0
0.03831948291782087 3054.0 0.0
0.038434903047091414 2577.3333333333335 0.0
0.03855032317636196 2385.0 0.0
0.03901200369344414 2867.0 0.0
0.03912742382271468 2963.5 0.0
0.03935826408125577 2240.0 0.0
0.039473684210526314 2240.0 0.0
0.03958910433979686 2095.0 0.0
0.03970452446906741 3060.0 0.0
0.03981994459833795 2095.0 0.0
0.039935364727608495 2095.0 0.0
0.04005078485687904 2869.0 0.0
0.040281625115420126 2583.0 0.0
0.04039704524469068 2095.0 0.0
0.042128347183748846 1990.0 0.0
0.04224376731301939 1990.0 0.0
0.04235918744228993 2204.0 0.0
0.04259002770083103 2095.0 0.0
0.04270544783010157 1993.0 0.0
0.0432825484764543 2591.0 0.0
0.04339796860572484 2591.0 0.0
0.043513388734995384 2591.0 0.0
0.04374422899353647 2292.0 0.0
0.043859649122807015 2591.0 0.0
0.04409048938134811 2591.0 0.0
0.04443674976915974 2735.0 0.0
0.044552169898430284 2591.0 0.0
0.04466759002770083 2591.0 0.0
0.04478301015697138 2988.0 0.0
0.04489843028624192 2591.0 0.0
0.045013850415512466 2591.0 0.0
0.04524469067405355 2988.0 0.0
0.04559095106186519 2988.0 0.0
0.04593721144967682 2138.0 0.0
0.04662973222530009 2591.0 0.0
0.047668513388735 2809.0 0.0
0.04813019390581717 3027.0 0.0
0.04836103416435827 2422.0 0.0
0.04882271468144044 2422.0 0.0
0.048938134810710986 2422.0 0.0
0.04905355493998153 2422.0 0.0
0.0497460757156048 2424.0 0.0
0.04986149584487535 2424.0 0.0
0.050784856879039705 2720.0 0.0
0.05090027700831025 2720.0 0.0
0.05101569713758079 2720.0 0.0
0.051131117266851336 2720.0 0.0
0.05124653739612189 2720.0 0.0
0.051477377654662974 2720.0 0.0
0.05228531855955679 2720.0 0.0
0.052516158818097874 2720.0 0.0
0.05263157894736842 2720.0 0.0
0.05597876269621422 2674.0 0.0
0.05632502308402586 2674.0 0.0
0.057248384118190214 2674.0 0.0
0.05736380424746076 2675.0 0.0
0.0574792243767313 2675.0 0.0
0.05782548476454294 2690.0 0.0
0.058287165281625114 2690.0 0.0
0.05840258541089566 2690.0 0.0
0.059787626962142196 2307.0 0.0
0.05990304709141274 2307.0 0.0
0.060133887349953834 2317.0 0.0
0.06071098799630656 2317.0 0.0
0.0608264081255771 2879.0 0.0
0.060941828254847646 2879.0 0.0
0.06105724838411819 2879.0 0.0
0.061172668513388734 2879.0 0.0
0.06128808864265928 2317.0 0.0
0.06140350877192982 2317.0 0.0
0.061865189289012 3243.0 0.0
0.061980609418282546 2690.0 0.0
0.06209602954755309 2690.0 0.0
0.06221144967682364 2690.0 0.0
0.06244228993536473 2879.0 0.0
0.06255771006463527 2321.0 0.0
0.06278855032317636 2690.0 0.0
0.0629039704524469 2784.5 0.0
0.06301939058171745 2347.5 0.0
0.06313481071098799 2534.0 0.0
0.06325023084025855 2785.0 0.0
0.06336565096952909 2317.0 0.0
0.06348107109879964 2317.0 0.0
0.06359649122807018 2317.0 0.0
0.06382733148661127 2388.0 0.0
0.06405817174515235 2635.0 0.0
0.06428901200369344 2635.0 0.0
0.06451985226223453 2540.5 0.0
0.06463527239150507 2882.0 0.0
0.06509695290858726 2692.0 0.0
0.06544321329639889 2390.0 0.0
0.06578947368421052 2390.0 0.0
0.06613573407202217 2390.0 0.0
0.06625115420129271 2505.0 0.0
0.06636657433056325 2390.0 0.0
0.0664819944598338 2317.0 0.0
0.06659741458910434 2317.0 0.0
0.06671283471837489 2317.0 0.0
0.06682825484764543 2941.0 0.0
0.06694367497691597 2941.0 0.0
0.06752077562326869 2708.0 0.0
0.06763619575253925 2708.0 0.0
0.06809787626962142 2708.0 0.0
0.06821329639889197 2708.0 0.0
0.06867497691597414 2433.0 0.0
0.06936749769159742 2711.0 0.0
0.06948291782086796 2711.0 0.0
0.07006001846722068 2943.0 0.0
0.07040627885503231 2943.0 0.0
0.07052169898430287 3302.0 0.0
0.07063711911357341 2943.0 0.0
0.07075253924284396 3661.0 0.0
0.0708679593721145 3661.0 0.0
0.07121421975992613 3302.0 0.0
0.07132963988919667 3661.0 0.0
0.07156048014773776 2943.0 0.0
0.0716759002770083 2943.0 0.0
0.07179132040627885 2943.0 0.0
0.0719067405355494 3303.5 0.0
0.0721375807940905 2946.0 0.0
0.07225300092336104 2946.0 0.0
0.07236842105263158 3662.0 0.0
0.07248384118190213 3662.0 0.0
0.07398430286241921 3536.0 0.0
0.07767774699907663 3760.0 0.0
0.07825484764542937 3763.0 0.0
0.07848568790397045 3763.0 0.0
0.078601108033241 3649.0 0.0
0.07929362880886427 3763.0 0.0
0.07952446906740536 3763.0 0.0
0.0796398891966759 3763.0 0.0
0.08056325023084025 2983.0 0.0
0.0809095106186519 2983.0 0.0
0.08102493074792244 2983.0 0.0
0.08114035087719298 3294.5 0.0
0.08125577100646353 2983.0 0.0
0.08148661126500462 2983.0 0.0
0.08160203139427516 2983.0 0.0
0.0817174515235457 2983.0 0.0
0.08183287165281625 2983.0 0.0
0.08217913204062789 2983.0 0.0
0.08229455216989844 2983.0 0.0
0.08240997229916898 2983.0 0.0
0.08367959372114497 2727.0 0.0
0.08379501385041552 2983.0 0.0
0.0840258541089566 2855.0 0.0
0.08414127423822715 3314.5 0.0
0.08425669436749769 3646.0 0.0
0.08448753462603878 2727.0 0.0
0.08483379501385041 2728.0 0.0
0.08518005540166206 2984.0 0.0
0.08541089566020314 2984.0 0.0
0.0861034164358264 2984.0 0.0
0.08621883656509695 2984.0 0.0
0.08633425669436749 2879.0 0.0
0.08644967682363804 2879.0 0.0
0.0873730378578024 3267.0 0.0
0.08748845798707294 3267.0 0.0
0.08760387811634349 3267.0 0.0
0.08875807940904894 3648.0 0.0
0.08887349953831948 3648.0 0.0
0.08921975992613111 3648.0 0.0
0.09152816251154201 2990.0 0.0
0.09164358264081256 2990.0 0.0
0.09187442289935364 2990.0 0.0
0.09198984302862419 2990.0 0.0
0.09210526315789473 3424.5 0.0
0.09245152354570638 3859.0 0.0
0.09256694367497692 3859.0 0.0
0.09268236380424746 3859.0 0.0
0.09279778393351801 3859.0 0.0
0.09291320406278855 3859.0 0.0
0.09337488457987073 3859.0 0.0
0.09360572483841181 2995.0 0.0
0.0951061865189289 2995.0 0.0
0.09522160664819945 2995.0 0.0
0.09533702677747 3024.0 0.0
0.09545244690674054 3860.0 0.0
0.09556786703601108 3860.0 0.0
0.09568328716528163 3442.0 0.0
0.0961449676823638 3860.0 0.0
0.09626038781163435 3860.0 0.0
0.09649122807017543 3860.0 0.0
0.09695290858725762 3860.0 0.0
0.09729916897506925 3860.0 0.0
0.0974145891043398 3860.0 0.0
0.09764542936288088 3024.0 0.0
0.09776084949215143 3024.0 0.0
0.09787626962142197 3024.0 0.0
0.10768698060941828 3061.0 0.0
0.10780240073868882 3061.0 0.0
0.10791782086795937 3061.0 0.0
0.10814866112650046 3061.0 0.0
0.108264081255771 3061.0 0.0
0.10837950138504156 3061.0 0.0
0.1084949215143121 3061.0 0.0
0.10861034164358264 3061.0 0.0
0.10872576177285319 3061.0 0.0
0.1093028624192059 3061.0 0.0
0.10941828254847645 3061.0 0.0
0.109533702677747 3061.0 0.0
0.1097645429362881 3061.0 0.0
0.10987996306555864 3061.0 0.0
0.10999538319482918 3061.0 0.0
0.11011080332409973 3062.0 0.0
0.11368882733148661 3073.0 0.0
0.11380424746075715 3073.0 0.0
0.1139196675900277 3073.0 0.0
0.11553554939981532 3085.0 0.0
0.12996306555863343 3221.0 0.0
0.13007848568790398 3221.0 0.0
0.13019390581717452 3221.0 0.0
0.13030932594644506 3221.0 0.0
0.1304247460757156 3221.0 0.0
0.13054016620498615 3221.0 0.0
0.13134810710987996 3221.0 0.0
0.13157894736842105 3221.0 0.0
0.13192520775623268 3221.0 0.0
0.13204062788550322 3221.0 0.0
0.13215604801477376 3221.0 0.0
0.13227146814404434 3221.0 0.0
0.13238688827331488 3221.0 0.0
0.13250230840258542 3221.0 0.0
0.13423361034164358 3221.0 0.0
0.13446445060018467 3221.0 0.0
0.1348107109879963 3221.0 0.0
0.13515697137580793 3221.0 0.0
0.1352723915050785 3221.0 0.0
0.13561865189289013 3221.0 0.0
0.13584949215143122 3221.0 0.0
0.13619575253924285 3221.0 0.0
0.13734995383194828 4041.0 0.0
0.13873499538319484 4041.0 0.0
0.13885041551246538 4041.0 0.0
0.13908125577100647 4041.0 0.0
0.139196675900277 4041.0 0.0
0.13977377654662973 3222.0 0.0
0.14012003693444136 3222.0 0.0
0.14519852262234534 4056.0 0.0
0.14542936288088643 4056.0 0.0
0.14554478301015697 4056.0 0.0
0.14785318559556787 4091.0 0.0
0.14796860572483841 4091.0 0.0
0.14854570637119113 4091.0 0.0
0.14866112650046168 4091.0 0.0
0.14889196675900276 4091.0 0.0
0.1490073868882733 4091.0 0.0
0.1507386888273315 3285.0 0.0
0.15096952908587258 3285.0 0.0
0.15120036934441367 3285.0 0.0
0.1513157894736842 3285.0 0.0
0.15143120960295475 3285.0 0.0
0.1515466297322253 3285.0 0.0
0.15177746999076638 3286.0 0.0
0.15189289012003693 4091.0 0.0
0.15223915050784856 4091.0 0.0
0.15293167128347185 3287.0 0.0
0.1538550323176362 4091.0 0.0
0.15397045244690674 4092.0 0.0
0.15408587257617729 4092.0 0.0
0.1548938134810711 4092.0 0.0
0.15500923361034163 3753.0 0.0
0.15512465373961218 3753.0 0.0
0.15524007386888272 4092.0 0.0
0.15558633425669438 4092.0 0.0
0.155932594644506 3414.0 0.0
0.15650969529085873 3289.0 0.0
0.15685595567867036 3414.0 0.0
0.1569713758079409 3414.0 0.0
0.15754847645429362 3414.0 0.0
0.15766389658356417 3414.0 0.0
0.16124192059095105 4130.0 0.0
0.16412742382271467 3990.0 0.0
0.16447368421052633 3990.0 0.0
0.1659741458910434 3449.0 0.0
0.16632040627885503 3449.0 0.0
0.16643582640812557 3537.0 0.0
0.1665512465373961 3537.0 0.0
0.16666666666666666 3537.0 0.0
0.1670129270544783 3537.0 0.0
0.16897506925207756 4144.0 0.0
0.1690904893813481 4144.0 0.0
0.16920590951061865 4144.0 0.0
0.16943674976915973 4145.0 0.0
0.17001385041551245 4145.0 0.0
0.17024469067405357 3319.0 0.0
0.17093721144967683 3319.0 0.0
0.17116805170821792 3991.0 0.0
0.17255309325946444 3451.0 0.0
0.18628808864265928 4029.0 0.0
0.1956371191135734 4069.0 0.0
0.19702216066481995 4069.0 0.0
0.20002308402585411 3486.0 0.0
0.2002539242843952 4082.0 0.0
0.20036934441366575 4082.0 0.0
0.20302400738688828 4082.0 0.0
0.20313942751615882 4082.0 0.0
0.20325484764542937 4082.0 0.0
0.20498614958448755 3686.0 0.0
0.2719298245614035 4261.0 0.0
0.2731994459833795 4261.0 0.0
0.27331486611265005 4261.0 0.0
0.2734302862419206 4261.0 0.0
0.2742382271468144 4262.0 0.0
0.2849722991689751 4276.0 0.0
0.33702677746999077 4711.0 0.0
0.3371421975992613 4711.0 0.0
0.33725761772853186 4711.0 0.0
0.3373730378578024 4711.0 0.0
0.33748845798707294 4711.0 0.0
0.3376038781163435 4711.0 0.0
0.33771929824561403 4711.0 0.0
0.3379501385041551 4726.0 0.0
0.3384118190212373 4726.0 0.0
0.33852723915050786 4726.0 0.0
0.3386426592797784 4726.0 0.0
0.346606648199446 4752.0 0.0
0.3635734072022161 5205.0 0.0
0.4314404432132964 4887.0 0.0
0.6364265927977839 5432.0 0.0
1.0 6720.0 0.0
