1420
0.00011535355865728458 441.1706079132541 0.0
0.00023070711731456916 620.3329466357309 0.0
0.0003460606759718537 737.263644773358 0.0
0.0004614142346291383 808.7748447204968 0.0
0.0005767677932864229 861.3916849015317 0.0
0.0006921213519437074 894.1533742331288 0.0
0.000807474910600992 925.4096385542168 0.0
0.0009228284692582767 940.2462311557789 0.0
0.0010381820279155613 966.6683937823834 0.0
0.0011535355865728459 974.8758620689655 0.0
0.0012688891452301303 982.4429530201343 0.0
0.0013842427038874149 989.7102803738318 0.0
0.0014995962625446995 996.6916666666667 0.0
0.001614949821201984 998.5612244897959 0.0
0.0017303033798592687 1013.3048780487804 0.0
0.0018456569385165533 1023.3035714285714 0.0
0.0019610104971738377 1013.8023255813954 0.0
0.0020763640558311225 1024.1791044776119 0.0
0.002191717614488407 1029.2539682539682 0.0
0.0023070711731456917 1034.8666666666666 0.0
0.002422424731802976 1045.4038461538462 0.0
0.0025377782904602605 1042.4318181818182 0.0
0.0026531318491175454 1042.590909090909 0.0
0.0027684854077748297 1043.2666666666667 0.0
0.0028838389664321146 1050.2432432432433 0.0
0.002999192525089399 1052.5853658536585 0.0
0.003114546083746684 1053.5555555555557 0.0
0.003229899642403968 1053.9 0.0
0.0033452532010612526 1061.2222222222222 0.0
0.0034606067597185374 1059.4642857142858 0.0
0.003575960318375822 1062.8 0.0
0.0036913138770331066 1059.5454545454545 0.0
0.003806667435690391 1066.304347826087 0.0
0.003922020994347675 1065.6875 0.0
0.00403737455300496 1067.923076923077 0.0
0.004152728111662245 1072.9444444444443 0.0
0.004268081670319529 1067.45 0.0
0.004383435228976814 1070.923076923077 0.0
0.004498788787634099 1070.5263157894738 0.0
0.0046141423462913835 1076.3333333333333 0.0
0.0047294959049486674 1064.5294117647059 0.0
0.004844849463605952 1071.9565217391305 0.0
0.004960203022263237 1078.0625 0.0
0.005075556580920521 1081.95 0.0
0.005190910139577806 1084.5 0.0
0.005306263698235091 1082.0588235294117 0.0
0.0054216172568923755 1078.9130434782608 0.0
0.0055369708155496595 1087.8823529411766 0.0
0.005652324374206944 1083.4285714285713 0.0
0.005767677932864229 1081.2857142857142 0.0
0.005883031491521513 1077.142857142857 0.0
0.005998385050178798 1085.8461538461538 0.0
0.006113738608836083 1088.375 0.0
0.006229092167493368 1083.3333333333333 0.0
0.0063444457261506515 1083.0 0.0
0.006459799284807936 1079.0 0.0
0.006575152843465221 1091.5454545454545 0.0
0.006690506402122505 1088.5333333333333 0.0
0.00680585996077979 1089.076923076923 0.0
0.006921213519437075 1090.1333333333334 0.0
0.00703656707809436 1083.888888888889 0.0
0.007151920636751644 1089.4545454545455 0.0
0.007267274195408928 1092.5833333333333 0.0
0.007382627754066213 1090.4666666666667 0.0
0.007497981312723497 1089.357142857143 0.0
0.007613334871380782 1094.3636363636363 0.0
0.007728688430038067 1099.0 0.0
0.00784404198869535 1095.6666666666667 0.0
0.007959395547352636 1083.7777777777778 0.0
0.00807474910600992 1088.5 0.0
0.008190102664667204 1099.75 0.0
0.00830545622332449 1086.1666666666667 0.0
0.008420809781981774 1091.75 0.0
0.008536163340639058 1096.5714285714287 0.0
0.008651516899296344 1091.0 0.0
0.008766870457953628 1092.4285714285713 0.0
0.008882224016610912 1105.5 0.0
0.008997577575268197 1087.6666666666667 0.0
0.009112931133925481 1096.3333333333333 0.0
0.009228284692582767 1095.5 0.0
0.009343638251240051 1082.6 0.0
0.009458991809897335 1092.8 0.0
0.00957434536855462 1091.5 0.0
0.009689698927211905 1098.0 0.0
0.009805052485869188 1094.6 0.0
0.009920406044526474 1092.5 0.0
0.010035759603183758 1098.3333333333333 0.0
0.010151113161841042 1094.25 0.0
0.010266466720498328 1100.4285714285713 0.0
0.010381820279155612 1101.0 0.0
0.010497173837812896 1091.5 0.0
0.010612527396470181 1090.8333333333333 0.0
0.010727880955127465 1095.2 0.0
0.010958588072442035 1090.25 0.0
0.011073941631099319 1090.5 0.0
0.011189295189756605 1094.375 0.0
0.011304648748413889 1094.25 0.0
0.011420002307071173 1099.75 0.0
0.011535355865728458 1096.8 0.0
0.011650709424385742 1095.25 0.0
0.011766062983043026 1091.6666666666667 0.0
0.011881416541700312 1094.0 0.0
0.011996770100357596 1092.0 0.0
0.01211212365901488 1094.5 0.0
0.012227477217672165 1091.6 0.0
0.01234283077632945 1093.3333333333333 0.0
0.012458184334986735 1093.0 0.0
0.012573537893644019 1099.0 0.0
0.012688891452301303 1096.6666666666667 0.0
0.012804245010958589 1097.0 0.0
0.012919598569615873 1094.6666666666667 0.0
0.013034952128273157 1097.4285714285713 0.0
0.013150305686930442 1098.0 0.0
0.013265659245587726 1100.0 0.0
0.01338101280424501 1094.0 0.0
0.013496366362902296 1093.3333333333333 0.0
0.01361171992155958 1096.0 0.0
0.013727073480216864 1099.0 0.0
0.01384242703887415 1091.6666666666667 0.0
0.013957780597531434 1098.0 0.0
0.01407313415618872 1096.0 0.0
0.014188487714846003 1096.0 0.0
0.014303841273503287 1095.5 0.0
0.014419194832160573 1098.5 0.0
0.014534548390817857 1095.25 0.0
0.01464990194947514 1098.5 0.0
0.014765255508132426 1097.0 0.0
0.01488060906678971 1098.0 0.0
0.014995962625446994 1099.0 0.0
0.01511131618410428 1097.75 0.0
0.015226669742761564 1100.6666666666667 0.0
0.015342023301418848 1098.7142857142858 0.0
0.015457376860076134 1100.857142857143 0.0
0.015572730418733418 1098.4 0.0
0.0156880839773907 1099.0 0.0
0.015803437536047987 1103.0 0.0
0.015918791094705273 1105.2 0.0
0.016034144653362555 1106.75 0.0
0.01614949821201984 1103.0 0.0
0.016264851770677127 1099.75 0.0
0.01638020532933441 1101.6666666666667 0.0
0.016495558887991695 1102.0 0.0
0.01661091244664898 1111.3333333333333 0.0
0.016726266005306262 1100.0 0.0
0.016841619563963548 1103.5 0.0
0.016956973122620834 1107.75 0.0
0.017072326681278116 1102.0 0.0
0.0171876802399354 1107.3333333333333 0.0
0.017303033798592687 1107.0 0.0
0.01741838735724997 1118.0 0.0
0.017533740915907255 1113.0 0.0
0.01764909447456454 1117.3333333333333 0.0
0.017764448033221823 1117.3333333333333 0.0
0.01787980159187911 1119.6666666666667 0.0
0.017995155150536395 1115.0 0.0
0.01811050870919368 1102.5 0.0
0.018225862267850963 1113.25 0.0
0.018341215826508248 1112.25 0.0
0.018456569385165534 1115.0 0.0
0.018571922943822816 1112.0 0.0
0.018687276502480102 1106.0 0.0
0.018802630061137388 1104.0 0.0
0.01891798361979467 1114.5 0.0
0.019033337178451955 1113.25 0.0
0.01914869073710924 1111.0 0.0
0.01937939785442381 1136.0 0.0
0.019494751413081095 1113.0 0.0
0.019610104971738377 1136.0 0.0
0.019725458530395663 1136.0 0.0
0.01984081208905295 1120.5 0.0
0.01995616564771023 1105.0 0.0
0.020071519206367516 1123.0 0.0
0.020186872765024802 1106.6666666666667 0.0
0.020302226323682084 1136.0 0.0
0.02041757988233937 1136.0 0.0
0.020763640558311224 1105.0 0.0
0.02087899411696851 1105.0 0.0
0.02099434767562579 1105.0 0.0
0.021109701234283077 1107.5 0.0
0.02134040835159765 1104.0 0.0
0.02145576191025493 1104.5 0.0
0.021571115468912216 1108.0 0.0
0.021801822586226784 1104.0 0.0
0.02191717614488407 1104.0 0.0
0.022032529703541356 1109.25 0.0
0.022147883262198638 1107.5 0.0
0.022263236820855924 1110.6666666666667 0.0
0.02237859037951321 1108.6666666666667 0.0
0.02249394393817049 1108.6666666666667 0.0
0.022724651055485063 1107.5 0.0
0.022840004614142345 1110.0 0.0
0.02295535817279963 1105.0 0.0
0.023070711731456917 1112.0 0.0
0.0231860652901142 1109.25 0.0
0.023301418848771484 1108.6666666666667 0.0
0.02341677240742877 1108.6666666666667 0.0
0.023532125966086052 1106.0 0.0
0.023647479524743338 1106.0 0.0
0.023762833083400624 1111.0 0.0
0.023878186642057906 1116.25 0.0
0.02399354020071519 1111.0 0.0
0.024108893759372477 1126.0 0.0
0.024339600876687045 1145.0 0.0
0.02445495443534433 1104.0 0.0
0.024801015111316185 1109.0 0.0
0.02491636866997347 1108.0 0.0
0.025147075787288038 1114.0 0.0
0.025262429345945324 1115.0 0.0
0.025377782904602606 1111.3333333333333 0.0
0.025493136463259892 1114.3333333333333 0.0
0.025608490021917178 1106.5 0.0
0.02572384358057446 1109.3333333333333 0.0
0.025839197139231745 1111.0 0.0
0.02595455069788903 1104.0 0.0
0.026069904256546313 1113.5 0.0
0.026300611373860885 1123.3333333333333 0.0
0.026415964932518167 1125.5 0.0
0.026531318491175453 1120.0 0.0
0.02664667204983274 1115.0 0.0
0.02676202560849002 1121.3333333333333 0.0
0.026877379167147306 1115.3333333333333 0.0
0.026992732725804592 1121.75 0.0
0.027108086284461874 1114.0 0.0
0.02722343984311916 1114.0 0.0
0.027338793401776446 1121.3333333333333 0.0
0.027454146960433728 1121.3333333333333 0.0
0.027569500519091013 1114.0 0.0
0.0276848540777483 1114.0 0.0
0.02780020763640558 1113.6666666666667 0.0
0.027915561195062867 1109.0 0.0
0.028030914753720153 1118.0 0.0
0.02814626831237744 1118.0 0.0
0.02826162187103472 1113.0 0.0
0.028376975429692006 1118.0 0.0
0.028492328988349292 1110.5 0.0
0.028607682547006574 1155.0 0.0
0.028838389664321146 1114.0 0.0
0.028953743222978428 1114.0 0.0
0.029069096781635714 1111.0 0.0
0.029184450340293 1114.0 0.0
0.02929980389895028 1114.0 0.0
0.02976121813357942 1107.0 0.0
0.029876571692236707 1114.0 0.0
0.02999192525089399 1102.0 0.0
0.030107278809551274 1114.0 0.0
0.03022263236820856 1114.0 0.0
0.030337985926865842 1109.0 0.0
0.030568693044180414 1114.0 0.0
0.030684046602837696 1114.0 0.0
0.03103010727880955 1105.0 0.0
0.031145460837466835 1104.0 0.0
0.03126081439612412 1105.0 0.0
0.0313761679547814 1105.0 0.0
0.03149152151343869 1129.0 0.0
0.031606875072095975 1127.0 0.0
0.03172222863075326 1121.5 0.0
0.031837582189410546 1117.0 0.0
0.031952935748067825 1117.0 0.0
0.03206828930672511 1120.6666666666667 0.0
0.032183642865382396 1131.5 0.0
0.03229899642403968 1127.0 0.0
0.03241434998269697 1130.0 0.0
0.03252970354135425 1157.0 0.0
0.03264505710001153 1107.5 0.0
0.033106471334640675 1132.0 0.0
0.03322182489329796 1106.0 0.0
0.03356788556926981 1106.0 0.0
0.033683239127927096 1106.0 0.0
0.03379859268658438 1118.0 0.0
0.03391394624524167 1123.5 0.0
0.03402929980389895 1129.5 0.0
0.03414465336255623 1141.0 0.0
0.035182835390471796 1117.0 0.0
0.035528896066443647 1110.0 0.0
0.036105663859730075 1110.0 0.0
0.03622101741838736 1110.0 0.0
0.036451724535701925 1106.0 0.0
0.03656707809435921 1106.0 0.0
0.036682431653016496 1106.0 0.0
0.03679778521167378 1106.0 0.0
0.03714384588764563 1106.0 0.0
0.03748990656361749 1111.0 0.0
0.037605260122274775 1112.5 0.0
0.037720613680932054 1114.0 0.0
0.03783596723958934 1115.0 0.0
0.03806667435690391 1171.0 0.0
0.03829738147421848 1111.0 0.0
0.03841273503287576 1120.0 0.0
0.03864344215019033 1106.0 0.0
0.0396816241781059 1108.0 0.0
0.03979697773676318 1108.0 0.0
0.03991233129542046 1159.0 0.0
0.04014303841273503 1159.0 0.0
0.04025839197139232 1109.5 0.0
0.040373745530049604 1117.5 0.0
0.04048909908870689 1131.3333333333333 0.0
0.04060445264736417 1115.3333333333333 0.0
0.040719806206021454 1108.0 0.0
0.04083515976467874 1111.0 0.0
0.04106586688199331 1159.0 0.0
0.0411812204406506 1167.0 0.0
0.041296573999307876 1108.0 0.0
0.04141192755796516 1159.0 0.0
0.04152728111662245 1143.5 0.0
0.04198869535125158 1108.0 0.0
0.042219402468566154 1127.0 0.0
0.04256546314453801 1117.5 0.0
0.0426808167031953 1127.0 0.0
0.042796170261852576 1167.0 0.0
0.04291152382050986 1155.0 0.0
0.04302687737916715 1143.0 0.0
0.04314223093782443 1108.0 0.0
0.043372938055139004 1108.0 0.0
0.043949705848425426 1143.0 0.0
0.04418041296573999 1143.0 0.0
0.04441112008305456 1109.0 0.0
0.04452647364171185 1109.0 0.0
0.04464182720036913 1109.0 0.0
0.04475718075902642 1109.0 0.0
0.04498788787634098 1126.0 0.0
0.04510324143499827 1126.0 0.0
0.045218594993655555 1109.0 0.0
0.04533394855231284 1109.0 0.0
0.045449302110970126 1109.0 0.0
0.04648748413888568 1143.0 0.0
0.0478717268427731 1128.0 0.0
0.04798708040143038 1128.0 0.0
0.04810243396008767 1128.0 0.0
0.04890990887068866 1113.0 0.0
0.04902526242934595 1128.0 0.0
0.051216980043834355 1128.0 0.0
0.05144768716114892 1124.0 0.0
0.05167839427846349 1128.0 0.0
0.05190910139577806 1128.0 0.0
0.05202445495443534 1124.0 0.0
0.05213980851309263 1124.0 0.0
0.05225516207174991 1120.0 0.0
0.053062636982350905 1120.0 0.0
0.05329334409966548 1128.0 0.0
0.05340869765832276 1128.0 0.0
0.053985465451609184 1125.0 0.0
0.05410081901026647 1120.0 0.0
0.054331526127581034 1125.5 0.0
0.05444687968623832 1125.5 0.0
0.05467758680355289 1129.0 0.0
0.05479294036221018 1130.0 0.0
0.054908293920867456 1131.0 0.0
0.05502364747952474 1131.0 0.0
0.0553697081554966 1132.0 0.0
0.05652324374206944 1132.0 0.0
0.05802284000461414 1135.0 0.0
0.05813819356327143 1135.0 0.0
0.05825354712192871 1135.0 0.0
0.05859960779790056 1135.0 0.0
0.05929172914984427 1135.0 0.0
0.06079132541238897 1135.0 0.0
0.06159880032298996 1135.0 0.0
0.061829507440304535 1135.0 0.0
0.06194486099896182 1135.0 0.0
0.06229092167493367 1135.0 0.0
0.06252162879224823 1135.0 0.0
0.0627523359095628 1135.0 0.0
0.06367516437882109 1135.0 0.0
0.06379051793747838 1135.0 0.0
0.0665590033452532 1108.0 0.0
0.06678971046256776 1108.0 0.0
0.06690506402122505 1108.0 0.0
0.06713577113853962 1108.0 0.0
0.06759718537316876 1108.0 0.0
0.06771253893182605 1108.0 0.0
0.06852001384242704 1109.0 0.0
0.0687507209597416 1112.5 0.0
0.06886607451839889 1116.0 0.0
0.06898142807705618 1116.0 0.0
0.06909678163571346 1109.0 0.0
0.06944284231168532 1116.0 0.0
0.0695581958703426 1116.0 0.0
0.07059637789825816 1116.0 0.0
0.07071173145691545 1116.0 0.0
0.07094243857423002 1116.0 0.0
0.07105779213288729 1116.0 0.0
0.07117314569154458 1116.0 0.0
0.07128849925020186 1116.0 0.0
0.07163455992617372 1116.0 0.0
0.07186526704348829 1116.0 0.0
0.07267274195408928 1116.0 0.0
0.07290344907140385 1116.0 0.0
0.07301880263006114 1116.0 0.0
0.07336486330603299 1116.0 0.0
0.07348021686469028 1116.0 0.0
0.07371092398200485 1116.0 0.0
0.07394163109931941 1116.0 0.0
0.0785557734456108 1111.0 0.0
0.07890183412158265 1111.0 0.0
0.07901718768023994 1111.0 0.0
0.07913254123889722 1111.0 0.0
0.07924789479755451 1111.0 0.0
0.0793632483562118 1111.0 0.0
0.08051678394278464 1157.0 0.0
0.0830545622332449 1137.0 0.0
0.08340062290921675 1137.0 0.0
0.08351597646787404 1137.0 0.0
0.08374668358518861 1137.0 0.0
0.0838620371438459 1147.0 0.0
0.08397739070250317 1147.0 0.0
0.08409274426116045 1157.0 0.0
0.08420809781981774 1157.0 0.0
0.08443880493713231 1137.0 0.0
0.0845541584957896 1137.0 0.0
0.08466951205444688 1137.0 0.0
0.08490021917176145 1137.0 0.0
0.08697658322759257 1137.0 0.0
0.08720729034490714 1137.0 0.0
0.08801476525550814 1137.0 0.0
0.08813011881416542 1137.0 0.0
0.0882454723728227 1137.0 0.0
0.08836082593147998 1137.0 0.0
0.08847617949013727 1137.0 0.0
0.0890529472834237 1137.0 0.0
0.08916830084208098 1137.0 0.0
0.08928365440073827 1123.0 0.0
0.08939900795939555 1123.0 0.0
0.08951436151805284 1123.0 0.0
0.09043718998731111 1123.0 0.0
0.09066789710462568 1130.0 0.0
0.09078325066328297 1130.0 0.0
0.09089860422194025 1137.0 0.0
0.0912446648979121 1137.0 0.0
0.09147537201522667 1137.0 0.0
0.09182143269119852 1137.0 0.0
0.09193678624985581 1137.0 0.0
0.0920521398085131 1123.0 0.0
0.09216749336717038 1123.0 0.0
0.09228284692582767 1123.0 0.0
0.09239820048448495 1123.0 0.0
0.09251355404314224 1130.0 0.0
0.09262890760179951 1123.0 0.0
0.09309032183642865 1137.0 0.0
0.09320567539508594 1137.0 0.0
0.09343638251240051 1137.0 0.0
0.09366708962971508 1137.0 0.0
0.09412850386434421 1137.0 0.0
0.0942438574230015 1137.0 0.0
0.09447456454031607 1137.0 0.0
0.09458991809897335 1137.0 0.0
0.09470527165763064 1130.0 0.0
0.09608951436151805 1137.0 0.0
0.09643557503748991 1137.0 0.0
0.0965509285961472 1137.0 0.0
0.09701234283077632 1137.0 0.0
0.0972430499480909 1137.0 0.0
0.09735840350674818 1137.0 0.0
0.09828123197600645 1137.0 0.0
0.09839658553466374 1137.0 0.0
0.0987426462106356 1137.0 0.0
0.09920406044526474 1137.0 0.0
0.10451032414349982 1137.0 0.0
0.10462567770215711 1137.0 0.0
0.10647133464067367 1153.0 0.0
0.10854769869650478 1123.0 0.0
0.10877840581381935 1123.0 0.0
0.10889375937247664 1123.0 0.0
0.10900911293113393 1123.0 0.0
0.10981658784173491 1123.0 0.0
0.11004729495904948 1144.5 0.0
0.11016264851770677 1166.0 0.0
0.11050870919367863 1166.0 0.0
0.1107394163109932 1166.0 0.0
0.11085476986965048 1166.0 0.0
0.11431537662936901 1123.0 0.0
0.11604568000922828 1166.0 0.0
0.11616103356788557 1166.0 0.0
0.11627638712654285 1166.0 0.0
0.12227477217672165 1171.0 0.0
0.12239012573537894 1171.0 0.0
0.12527396470181104 1172.0 0.0
0.12873457146152958 1172.0 0.0
0.1300034606067597 1172.0 0.0
0.13115699619333257 1172.0 0.0
0.13127234975198984 1172.0 0.0
0.1315030568693044 1172.0 0.0
0.1316184104279617 1172.0 0.0
0.13173376398661898 1172.0 0.0
0.1368093205675395 1172.0 0.0
0.1369246741261968 1172.0 0.0
0.13704002768485407 1172.0 0.0
0.13727073480216864 1172.0 0.0
0.13738608836082594 1172.0 0.0
0.1375014419194832 1172.0 0.0
0.1376167954781405 1172.0 0.0
0.13865497750605607 1169.0 0.0
0.13877033106471334 1169.0 0.0
0.14846002999192526 1170.0 0.0
0.14857538355058253 1170.0 0.0
0.1488060906678971 1170.0 0.0
0.1489214442265544 1170.0 0.0
0.15007497981312723 1140.0 0.0
0.15065174760641364 1140.0 0.0
0.1511131618410428 1170.0 0.0
0.15157457607567193 1140.0 0.0
0.15168992963432923 1170.0 0.0
0.1518052831929865 1140.0 0.0
0.15203599031030107 1140.0 0.0
0.15215134386895834 1140.0 0.0
0.15249740454493022 1140.0 0.0
0.1527281116622448 1140.0 0.0
0.15376629369016034 1140.0 0.0
0.15388164724881762 1140.0 0.0
0.1541123543661322 1140.0 0.0
0.15445841504210406 1140.0 0.0
0.15745760756719346 1140.0 0.0
0.16449417464528782 1140.0 0.0
0.1647248817626024 1140.0 0.0
0.16599377090783252 1140.0 0.0
0.17176144884069675 1143.0 0.0
0.1929865036336371 1192.0 0.0
0.19356327142692353 1192.0 0.0
0.1936786249855808 1192.0 0.0
0.26796631676087207 1225.0 0.0
0.2717729841965625 1226.0 0.0
0.27281116622447804 1226.0 0.0
0.31064713346406736 1228.0 0.0
0.3126081439612412 1230.0 0.0
0.3127234975198985 1230.0 0.0
0.35425077863652094 1273.0 0.0
0.3552889606644365 1273.0 0.0
0.35563502134040836 1273.0 0.0
0.37674472257469144 1274.0 0.0
0.3768600761333487 1274.0 0.0
0.376975429692006 1274.0 0.0
0.37732149036797785 1274.0 0.0
0.3775521974852924 1274.0 0.0
0.377782904602607 1274.0 0.0
0.37801361171992154 1274.0 0.0
0.37812896527857887 1274.0 0.0
0.3784750259545507 1274.0 0.0
0.378590379513208 1274.0 0.0
0.38112815780366827 1274.0 0.0
0.38124351136232554 1274.0 0.0
0.3814742184796401 1274.0 0.0
0.38412735032875767 1274.0 0.0
0.3843580574460722 1274.0 0.0
0.3844734110047295 1274.0 0.0
0.3847041181220441 1274.0 0.0
0.38481947168070135 1274.0 0.0
0.3849348252393586 1274.0 0.0
0.3850501787980159 1274.0 0.0
0.391163917406852 1322.0 0.0
0.505479294036221 1330.0 0.0
0.5059407082708501 1330.0 0.0
0.5061714153881647 1330.0 0.0
0.506286768946822 1330.0 0.0
0.6999653939324029 1369.0 0.0
0.7023878186642057 1369.0 0.0
0.7512977275348944 1373.0 0.0
0.783942784634906 1375.0 0.0
0.8220094589918099 1411.0 0.0
0.8262775406621294 1417.0 0.0
0.9980389895028262 1420.0 0.0
0.9986157572961126 1420.0 0.0
1.0 1420.0 0.0
