15712
0.00011542012927054478 1085.7364958448754 0.0
0.00023084025854108956 1664.4171881518564 0.0
0.00034626038781163435 2348.827519379845 0.0
0.0004616805170821791 2852.2693498452013 0.0
0.0005771006463527239 3280.9473684210525 0.0
0.0006925207756232687 3754.4910714285716 0.0
0.0008079409048938135 3866.1254901960783 0.0
0.0009233610341643582 4224.605042016807 0.0
0.001038781163434903 4289.848958333333 0.0
0.0011542012927054479 4552.102739726028 0.0
0.0012696214219759926 4896.418032786885 0.0
0.0013850415512465374 4942.022900763359 0.0
0.0015004616805170822 5231.672566371682 0.0
0.001615881809787627 5305.411764705882 0.0
0.0017313019390581717 5354.59756097561 0.0
0.0018467220683287165 5599.35294117647 0.0
0.0019621421975992612 5865.513513513513 0.0
0.002077562326869806 5906.788461538462 0.0
0.0021929824561403508 5970.482142857143 0.0
0.0023084025854108957 6181.381818181818 0.0
0.0024238227146814403 6159.490566037736 0.0
0.0025392428439519853 6268.803921568628 0.0
0.00265466297322253 6447.711111111111 0.0
0.002770083102493075 6581.35294117647 0.0
0.0028855032317636198 6728.170212765957 0.0
0.0030009233610341643 6582.5609756097565 0.0
0.0031163434903047093 7043.421052631579 0.0
0.003231763619575254 6935.444444444444 0.0
0.003347183748845799 7028.4 0.0
0.0034626038781163434 6923.757575757576 0.0
0.0035780240073868884 7008.75 0.0
0.003693444136657433 7220.62962962963 0.0
0.003808864265927978 7288.666666666667 0.0
0.0039242843951985225 7580.4 0.0
0.004039704524469067 7447.045454545455 0.0
0.004155124653739612 7500.4 0.0
0.004270544783010157 7617.681818181818 0.0
0.0043859649122807015 7683.238095238095 0.0
0.004501385041551247 7798.652173913043 0.0
0.0046168051708217915 7822.037037037037 0.0
0.004732225300092336 7904.7037037037035 0.0
0.004847645429362881 7879.411764705882 0.0
0.004963065558633426 8013.64705882353 0.0
0.0050784856879039705 8034.75 0.0
0.005193905817174515 8072.083333333333 0.0
0.00530932594644506 8093.071428571428 0.0
0.005424746075715605 8270.416666666666 0.0
0.00554016620498615 7895.928571428572 0.0
0.005655586334256694 8125.2307692307695 0.0
0.0057710064635272396 8127.25 0.0
0.005886426592797784 8107.625 0.0
0.006001846722068329 8399.0 0.0
0.006117266851338873 7968.933333333333 0.0
0.006232686980609419 8012.714285714285 0.0
0.006348107109879963 8159.642857142857 0.0
0.006463527239150508 8436.8125 0.0
0.006578947368421052 8313.222222222223 0.0
0.006694367497691598 8084.125 0.0
0.006809787626962142 8455.416666666666 0.0
0.006925207756232687 8421.285714285714 0.0
0.007040627885503232 8402.545454545454 0.0
0.007156048014773777 8019.4 0.0
0.007271468144044321 8464.454545454546 0.0
0.007386888273314866 8393.5 0.0
0.007502308402585411 8371.857142857143 0.0
0.007617728531855956 8391.2 0.0
0.0077331486611265 8073.0 0.0
0.007848568790397045 8737.4 0.0
0.00796398891966759 8840.5 0.0
0.008079409048938134 8862.666666666666 0.0
0.00819482917820868 8305.222222222223 0.0
0.008310249307479225 8511.0 0.0
0.008425669436749769 8579.818181818182 0.0
0.008541089566020314 8809.153846153846 0.0
0.00865650969529086 9102.333333333334 0.0
0.008771929824561403 8615.8 0.0
0.008887349953831948 8928.125 0.0
0.009002770083102494 8583.0 0.0
0.009118190212373038 8931.125 0.0
0.009233610341643583 8907.0 0.0
0.009349030470914127 8806.222222222223 0.0
0.009464450600184672 8704.285714285714 0.0
0.009579870729455217 8775.857142857143 0.0
0.009695290858725761 8744.375 0.0
0.009810710987996307 8838.25 0.0
0.009926131117266852 8695.5 0.0
0.010041551246537396 8856.166666666666 0.0
0.010156971375807941 8951.75 0.0
0.010272391505078486 9105.5 0.0
0.01038781163434903 9324.0 0.0
0.010503231763619576 9169.857142857143 0.0
0.01061865189289012 9380.0 0.0
0.010734072022160665 9229.285714285714 0.0
0.01084949215143121 9313.666666666666 0.0
0.010964912280701754 9373.285714285714 0.0
0.0110803324099723 9327.111111111111 0.0
0.011195752539242845 9110.333333333334 0.0
0.011311172668513388 9597.75 0.0
0.011426592797783934 9013.25 0.0
0.011542012927054479 9228.0 0.0
0.011657433056325023 9144.8 0.0
0.011772853185595568 9680.75 0.0
0.011888273314866112 9471.666666666666 0.0
0.012003693444136657 9519.0 0.0
0.012119113573407203 9733.25 0.0
0.012234533702677746 9761.5 0.0
0.012349953831948292 9520.0 0.0
0.012465373961218837 9546.0 0.0
0.012580794090489381 9537.4 0.0
0.012696214219759926 9682.375 0.0
0.012811634349030472 9827.666666666666 0.0
0.012927054478301015 9625.0 0.0
0.01304247460757156 9562.333333333334 0.0
0.013157894736842105 9524.6 0.0
0.01327331486611265 9609.333333333334 0.0
0.013388734995383195 9239.0 0.0
0.013504155124653739 9390.2 0.0
0.013619575253924284 9303.0 0.0
0.01373499538319483 9332.5 0.0
0.013850415512465374 9369.0 0.0
0.013965835641735919 9516.333333333334 0.0
0.014081255771006464 9427.0 0.0
0.014196675900277008 9857.0 0.0
0.014312096029547553 9905.5 0.0
0.014427516158818097 9692.666666666666 0.0
0.014542936288088643 9814.5 0.0
0.014658356417359188 9818.666666666666 0.0
0.014773776546629732 8991.0 0.0
0.014889196675900277 10141.0 0.0
0.015004616805170823 10451.5 0.0
0.015120036934441366 10097.333333333334 0.0
0.015235457063711912 9672.666666666666 0.0
0.015350877192982455 9104.5 0.0
0.015466297322253 9318.333333333334 0.0
0.015581717451523546 9476.6 0.0
0.01569713758079409 9528.857142857143 0.0
0.015812557710064637 9703.0 0.0
0.01592797783933518 9685.777777777777 0.0
0.016043397968605724 9816.2 0.0
0.016158818097876268 9549.0 0.0
0.016274238227146815 9802.0 0.0
0.01638965835641736 9563.4 0.0
0.016505078485687903 9792.666666666666 0.0
0.01662049861495845 9621.5 0.0
0.016735918744228993 9838.2 0.0
0.016851338873499537 10006.8 0.0
0.016966759002770084 9942.2 0.0
0.017082179132040628 9989.833333333334 0.0
0.01719759926131117 9921.0 0.0
0.01731301939058172 9907.6 0.0
0.017428439519852262 9943.5 0.0
0.017543859649122806 9805.25 0.0
0.017659279778393353 10104.666666666666 0.0
0.017774699907663897 9973.666666666666 0.0
0.01789012003693444 9970.0 0.0
0.018005540166204988 9485.333333333334 0.0
0.01812096029547553 9665.0 0.0
0.018236380424746075 9761.4 0.0
0.018351800554016622 9664.5 0.0
0.018467220683287166 9917.2 0.0
0.01858264081255771 9809.2 0.0
0.018698060941828253 10066.166666666666 0.0
0.0188134810710988 9912.75 0.0
0.018928901200369344 9953.0 0.0
0.019044321329639888 9790.333333333334 0.0
0.019159741458910435 9964.0 0.0
0.01927516158818098 10579.333333333334 0.0
0.019390581717451522 10174.666666666666 0.0
0.01950600184672207 10224.4 0.0
0.019621421975992613 9939.0 0.0
0.019736842105263157 10092.4 0.0
0.019852262234533704 10011.8 0.0
0.019967682363804248 10419.666666666666 0.0
0.02008310249307479 10369.25 0.0
0.02019852262234534 10844.0 0.0
0.020313942751615882 10276.8 0.0
0.020429362880886426 10557.75 0.0
0.020544783010156973 10380.5 0.0
0.020660203139427517 10134.5 0.0
0.02077562326869806 10544.666666666666 0.0
0.020891043397968604 10562.333333333334 0.0
0.021121883656509695 10242.0 0.0
0.021352723915050786 10176.5 0.0
0.02146814404432133 10145.5 0.0
0.021583564173591873 10178.5 0.0
0.02169898430286242 9888.0 0.0
0.021814404432132964 9833.5 0.0
0.022045244690674055 10880.0 0.0
0.0221606648199446 9627.5 0.0
0.022276084949215142 9635.5 0.0
0.02239150507848569 10225.0 0.0
0.022506925207756233 10357.0 0.0
0.022737765466297324 10979.0 0.0
0.022853185595567867 10891.0 0.0
0.02296860572483841 10310.0 0.0
0.023314866112650046 11418.0 0.0
0.02343028624192059 11427.0 0.0
0.023545706371191136 10672.0 0.0
0.02366112650046168 11445.0 0.0
0.024007386888273315 10342.0 0.0
0.02412280701754386 11445.0 0.0
0.024238227146814405 10429.75 0.0
0.02435364727608495 10515.5 0.0
0.024469067405355493 10465.5 0.0
0.02458448753462604 10688.666666666666 0.0
0.024699907663896584 10804.0 0.0
0.024815327793167127 10745.25 0.0
0.024930747922437674 11136.0 0.0
0.025046168051708218 10569.0 0.0
0.025161588180978762 10355.0 0.0
0.02527700831024931 10358.0 0.0
0.025392428439519853 9955.0 0.0
0.025507848568790396 10334.0 0.0
0.025623268698060944 10402.666666666666 0.0
0.02585410895660203 10055.0 0.0
0.025969529085872575 10202.333333333334 0.0
0.02608494921514312 10048.5 0.0
0.026200369344413665 10518.666666666666 0.0
0.02631578947368421 10040.0 0.0
0.026431209602954756 11008.0 0.0
0.0265466297322253 10634.333333333334 0.0
0.026662049861495844 10381.0 0.0
0.02677746999076639 10383.0 0.0
0.026892890120036934 10383.0 0.0
0.027123730378578025 10383.0 0.0
0.02723915050784857 10800.0 0.0
0.027354570637119113 10699.5 0.0
0.02746999076638966 10663.0 0.0
0.027585410895660203 10665.0 0.0
0.027700831024930747 10592.0 0.0
0.027816251154201294 10593.0 0.0
0.027931671283471838 10668.333333333334 0.0
0.02804709141274238 10234.5 0.0
0.02816251154201293 10403.0 0.0
0.028277931671283472 11027.0 0.0
0.028393351800554016 10379.5 0.0
0.02850877192982456 10380.0 0.0
0.028624192059095107 10591.0 0.0
0.02873961218836565 10376.0 0.0
0.028855032317636194 10403.0 0.0
0.02897045244690674 10062.0 0.0
0.029085872576177285 10156.0 0.0
0.02920129270544783 10367.5 0.0
0.029316712834718376 10368.0 0.0
0.02943213296398892 10370.5 0.0
0.029547553093259463 10397.0 0.0
0.02966297322253001 10344.0 0.0
0.029893813481071098 10397.0 0.0
0.030240073868882732 11250.0 0.0
0.03035549399815328 11072.5 0.0
0.030470914127423823 11672.0 0.0
0.030586334256694367 11233.0 0.0
0.03070175438596491 11429.0 0.0
0.030817174515235458 11673.0 0.0
0.030932594644506 10553.5 0.0
0.031048014773776545 10852.0 0.0
0.031163434903047092 10853.0 0.0
0.03139427516158818 10273.0 0.0
0.03150969529085872 10273.0 0.0
0.031625115420129274 10273.0 0.0
0.03185595567867036 10276.0 0.0
0.032317636195752536 9947.0 0.0
0.03277931671283472 10598.0 0.0
0.033010156971375805 10601.5 0.0
0.033125577100646356 10005.0 0.0
0.0332409972299169 10005.0 0.0
0.03335641735918744 11213.0 0.0
0.03347183748845799 10682.333333333334 0.0
0.03358725761772853 11416.0 0.0
0.033702677746999074 10881.666666666666 0.0
0.033818097876269625 11220.0 0.0
0.03393351800554017 10008.0 0.0
0.0342797783933518 10012.0 0.0
0.03439519852262234 10013.0 0.0
0.03451061865189289 10338.0 0.0
0.03462603878116344 10838.0 0.0
0.03474145891043398 10568.333333333334 0.0
0.034856879039704525 10343.5 0.0
0.03508771929824561 11481.0 0.0
0.035203139427516156 10892.0 0.0
0.035318559556786706 10893.0 0.0
0.03566481994459834 10685.0 0.0
0.03578024007386888 10687.0 0.0
0.035895660203139425 11084.5 0.0
0.036011080332409975 11064.0 0.0
0.03612650046168052 11273.0 0.0
0.03624192059095106 11065.0 0.0
0.03681902123730379 10641.0 0.0
0.03693444136657433 11266.0 0.0
0.039242843951985226 10050.0 0.0
0.039473684210526314 10417.0 0.0
0.03981994459833795 10417.0 0.0
0.04005078485687904 10714.666666666666 0.0
0.04016620498614958 11322.0 0.0
0.040627885503231764 10716.5 0.0
0.04074330563250231 10921.0 0.0
0.04085872576177285 10585.0 0.0
0.040974145891043395 10957.5 0.0
0.041089566020313946 11330.0 0.0
0.04120498614958449 11331.0 0.0
0.04143582640812558 11331.0 0.0
0.04224376731301939 10599.5 0.0
0.04235918744228993 10428.0 0.0
0.04247460757156048 11370.0 0.0
0.04259002770083103 10899.0 0.0
0.04270544783010157 10900.0 0.0
0.04293628808864266 10902.5 0.0
0.043167128347183746 11191.0 0.0
0.0432825484764543 11191.0 0.0
0.043513388734995384 11601.5 0.0
0.04362880886426593 11601.5 0.0
0.04374422899353647 11603.0 0.0
0.043859649122807015 11163.0 0.0
0.043975069252077566 12011.0 0.0
0.04420590951061865 11164.0 0.0
0.0443213296398892 11167.0 0.0
0.04443674976915974 11167.0 0.0
0.044552169898430284 11167.0 0.0
0.046052631578947366 10222.0 0.0
0.046168051708217916 10222.0 0.0
0.04628347183748846 10222.0 0.0
0.046398891966759004 10229.0 0.0
0.046745152354570635 11327.0 0.0
0.04686057248384118 11386.0 0.0
0.04697599261311173 11386.0 0.0
0.04709141274238227 11386.0 0.0
0.04720683287165282 11336.0 0.0
0.04732225300092336 10814.0 0.0
0.047437673130193904 11336.0 0.0
0.04755309325946445 10842.5 0.0
0.047668513388735 11356.0 0.0
0.04778393351800554 11392.0 0.0
0.04801477377654663 11393.0 0.0
0.04836103416435827 11393.0 0.0
0.04847645429362881 11393.0 0.0
0.048591874422899355 11397.0 0.0
0.048938134810710986 11397.0 0.0
0.04916897506925208 11397.0 0.0
0.049284395198522624 11398.0 0.0
0.04939981532779317 11398.0 0.0
0.05066943674976916 10672.0 0.0
0.05090027700831025 12002.0 0.0
0.05124653739612189 11404.0 0.0
0.051477377654662974 11384.5 0.0
0.05170821791320406 10611.0 0.0
0.05193905817174515 10766.0 0.0
0.0520544783010157 10766.0 0.0
0.05240073868882733 11564.0 0.0
0.052516158818097874 10949.0 0.0
0.05263157894736842 10955.0 0.0
0.05274699907663897 11324.0 0.0
0.05286241920590951 10956.0 0.0
0.052977839335180056 11181.5 0.0
0.0530932594644506 11324.5 0.0
0.053208679593721143 11023.0 0.0
0.05332409972299169 11325.5 0.0
0.05343951985226224 11225.666666666666 0.0
0.053670360110803325 11407.0 0.0
0.0541320406278855 11258.0 0.0
0.05424746075715605 11261.0 0.0
0.054362880886426594 11261.0 0.0
0.05447830101569714 11261.0 0.0
0.05493998153277932 11261.0 0.0
0.05528624192059095 11648.0 0.0
0.055401662049861494 11261.0 0.0
0.05551708217913204 11262.0 0.0
0.05563250230840259 11263.0 0.0
0.05597876269621422 11071.0 0.0
0.05609418282548476 11071.0 0.0
0.05678670360110803 11071.0 0.0
0.056902123730378576 11071.0 0.0
0.05713296398891967 11495.0 0.0
0.05794090489381348 11072.0 0.0
0.05851800554016621 11071.5 0.0
0.05863342566943675 11072.0 0.0
0.058748845798707296 11071.0 0.0
0.059441366574330565 10704.0 0.0
0.05955678670360111 10704.0 0.0
0.060133887349953834 10706.0 0.0
0.06140350877192982 11119.0 0.0
0.06151892890120037 11119.0 0.0
0.06394275161588181 11019.0 0.0
0.06405817174515235 11019.0 0.0
0.0641735918744229 11019.0 0.0
0.06428901200369344 11020.0 0.0
0.06602031394275161 11240.5 0.0
0.06613573407202217 11458.0 0.0
0.06625115420129271 11458.0 0.0
0.06752077562326869 11036.0 0.0
0.0721375807940905 11998.0 0.0
0.07225300092336104 11998.0 0.0
0.07248384118190213 11175.0 0.0
0.07271468144044321 11113.0 0.0
0.07283010156971376 11175.0 0.0
0.0729455216989843 11175.0 0.0
0.07352262234533703 12008.0 0.0
0.07363804247460758 12008.0 0.0
0.07375346260387812 12008.0 0.0
0.07386888273314866 12008.0 0.0
0.07398430286241921 12008.0 0.0
0.0742151431209603 12008.0 0.0
0.07433056325023084 12008.0 0.0
0.07456140350877193 11184.0 0.0
0.07467682363804247 11596.5 0.0
0.07513850415512466 12009.0 0.0
0.07536934441366575 12010.0 0.0
0.07617728531855955 11773.0 0.0
0.0762927054478301 11773.0 0.0
0.0765235457063712 11500.0 0.0
0.07663896583564174 11501.0 0.0
0.07675438596491228 11128.0 0.0
0.07698522622345337 11570.0 0.0
0.07710064635272391 11189.0 0.0
0.07721606648199446 11602.0 0.0
0.07744690674053555 11775.0 0.0
0.07756232686980609 11179.0 0.0
0.07779316712834719 11179.0 0.0
0.07813942751615882 11781.0 0.0
0.07825484764542937 11519.0 0.0
0.07837026777469991 11180.0 0.0
0.07929362880886427 11481.0 0.0
0.07940904893813482 11181.0 0.0
0.07952446906740536 11782.0 0.0
0.07998614958448753 11456.0 0.0
0.08010156971375808 11619.5 0.0
0.08056325023084025 11473.0 0.0
0.08067867036011081 11782.0 0.0
0.08079409048938135 11782.0 0.0
0.08102493074792244 11482.0 0.0
0.08114035087719298 11482.0 0.0
0.08137119113573407 11483.0 0.0
0.08194829178208679 11791.0 0.0
0.0861034164358264 11807.0 0.0
0.08621883656509695 11808.0 0.0
0.08633425669436749 11808.0 0.0
0.08668051708217914 11808.0 0.0
0.08679593721144968 11808.0 0.0
0.08691135734072022 11808.0 0.0
0.08702677746999077 11808.0 0.0
0.08714219759926131 11808.0 0.0
0.0884118190212373 11810.0 0.0
0.08852723915050785 11262.0 0.0
0.0886426592797784 11812.0 0.0
0.08979686057248384 11543.0 0.0
0.11241920590951061 12971.0 0.0
0.12119113573407202 12966.0 0.0
0.12153739612188366 12966.0 0.0
0.12315327793167129 11963.0 0.0
0.12338411819021237 11963.0 0.0
0.12453831948291783 11966.0 0.0
0.12465373961218837 11966.0 0.0
0.12938596491228072 12033.0 0.0
0.12950138504155126 12033.0 0.0
0.13019390581717452 12046.0 0.0
0.13030932594644506 12047.0 0.0
0.1304247460757156 12047.0 0.0
0.13100184672206833 12051.0 0.0
0.13111726685133887 12051.0 0.0
0.13123268698060941 12051.0 0.0
0.13215604801477376 12051.0 0.0
0.13411819021237303 12051.0 0.0
0.13538781163434904 13007.0 0.0
0.13550323176361959 13007.0 0.0
0.13561865189289013 13007.0 0.0
0.13573407202216067 13007.0 0.0
0.13677285318559557 13010.0 0.0
0.1368882733148661 13010.0 0.0
0.13700369344413665 13010.0 0.0
0.13734995383194828 13010.0 0.0
0.13758079409048937 13010.0 0.0
0.13781163434903046 13010.0 0.0
0.137927054478301 13010.0 0.0
0.13827331486611266 13011.0 0.0
0.1383887349953832 13011.0 0.0
0.13850415512465375 13011.0 0.0
0.1386195752539243 13012.0 0.0
0.13931209602954756 12170.0 0.0
0.1394275161588181 12170.0 0.0
0.13954293628808864 12170.0 0.0
0.13977377654662973 12170.0 0.0
0.13988919667590027 12171.0 0.0
0.14000461680517082 12171.0 0.0
0.14012003693444136 12171.0 0.0
0.1402354570637119 12171.0 0.0
0.14081255771006462 12171.0 0.0
0.14092797783933517 12171.0 0.0
0.14104339796860574 12171.0 0.0
0.14115881809787628 12171.0 0.0
0.1415050784856879 12173.0 0.0
0.14162049861495846 12173.0 0.0
0.141735918744229 12173.0 0.0
0.14312096029547552 12174.0 0.0
0.14658356417359186 12174.0 0.0
0.1523545706371191 12224.0 0.0
0.15974145891043398 12358.0 0.0
0.15985687903970452 12358.0 0.0
0.1600877192982456 12358.0 0.0
0.16124192059095105 12358.0 0.0
0.1626269621421976 12359.0 0.0
0.16274238227146814 12359.0 0.0
0.1628578024007387 12359.0 0.0
0.16435826408125578 12363.0 0.0
0.16447368421052633 12363.0 0.0
0.16458910433979687 12363.0 0.0
0.16470452446906741 12363.0 0.0
0.1649353647276085 12411.0 0.0
0.16505078485687905 12411.0 0.0
0.16528162511542013 12411.0 0.0
0.16562788550323176 12411.0 0.0
0.1667820867959372 12411.0 0.0
0.1680517082179132 12224.0 0.0
0.18421052631578946 12382.0 0.0
0.3054016620498615 13768.0 0.0
0.30551708217913204 13768.0 0.0
0.3056325023084026 13768.0 0.0
0.48984302862419205 14359.0 0.0
0.5484764542936288 14424.0 0.0
0.5495152354570637 14438.0 0.0
0.5498614958448753 14438.0 0.0
0.5499769159741459 14438.0 0.0
0.5507848568790397 14438.0 0.0
0.5519390581717452 14438.0 0.0
0.5522853185595568 14466.0 0.0
0.6647045244690674 15238.0 0.0
0.6680517082179132 15243.0 0.0
0.6689750692520776 15244.0 0.0
0.6707063711911357 15244.0 0.0
0.743421052631579 15377.0 0.0
0.9114727608494921 15607.0 0.0
1.0 15712.0 0.0
