784558
0.00011542012927054478 1199.1746306555863 0.0
0.00023084025854108956 1806.3337479270315 0.0
0.00034626038781163435 2924.472193074502 0.0
0.0004616805170821791 3383.5981735159817 0.0
0.0005771006463527239 4101.789473684211 0.0
0.0006925207756232687 4776.814285714286 0.0
0.0008079409048938135 5019.245353159851 0.0
0.0009233610341643582 5112.376146788991 0.0
0.001038781163434903 6177.168367346939 0.0
0.0011542012927054479 5919.677018633541 0.0
0.0012696214219759926 6408.208633093525 0.0
0.0013850415512465374 7753.488188976378 0.0
0.0015004616805170822 6930.535714285715 0.0
0.001615881809787627 8086.368421052632 0.0
0.0017313019390581717 8458.079545454546 0.0
0.0018467220683287165 8380.242424242424 0.0
0.0019621421975992612 7662.842857142857 0.0
0.002077562326869806 9488.125 0.0
0.0021929824561403508 9705.901408450703 0.0
0.0023084025854108957 9785.484375 0.0
0.0024238227146814403 9190.771929824561 0.0
0.0025392428439519853 10552.5 0.0
0.00265466297322253 10221.156862745098 0.0
0.002770083102493075 10434.857142857143 0.0
0.0028855032317636198 12282.452380952382 0.0
0.0030009233610341643 12157.117647058823 0.0
0.0031163434903047093 11237.026315789473 0.0
0.003231763619575254 11113.424242424242 0.0
0.003347183748845799 13096.657142857142 0.0
0.0034626038781163434 13943.14705882353 0.0
0.0035780240073868884 16208.275862068966 0.0
0.003693444136657433 13712.161290322581 0.0
0.003808864265927978 15069.296296296296 0.0
0.0039242843951985225 15232.576923076924 0.0
0.004039704524469067 16434.842105263157 0.0
0.004155124653739612 14081.90322580645 0.0
0.004270544783010157 16458.333333333332 0.0
0.0043859649122807015 17340.428571428572 0.0
0.004501385041551247 13630.105263157895 0.0
0.0046168051708217915 15534.421052631578 0.0
0.004732225300092336 17927.14285714286 0.0
0.004847645429362881 17121.058823529413 0.0
0.004963065558633426 15837.35 0.0
0.0050784856879039705 19657.263157894737 0.0
0.005193905817174515 17846.42105263158 0.0
0.00530932594644506 15347.235294117647 0.0
0.005424746075715605 19233.944444444445 0.0
0.00554016620498615 15257.666666666666 0.0
0.005655586334256694 17003.736842105263 0.0
0.0057710064635272396 20144.30769230769 0.0
0.005886426592797784 19049.0 0.0
0.006001846722068329 19003.0 0.0
0.006117266851338873 18583.0 0.0
0.006232686980609419 19267.222222222223 0.0
0.006348107109879963 18536.333333333332 0.0
0.006463527239150508 20908.444444444445 0.0
0.006578947368421052 21449.533333333333 0.0
0.006694367497691598 17043.5 0.0
0.006809787626962142 17951.7 0.0
0.006925207756232687 17540.333333333332 0.0
0.007040627885503232 19394.0 0.0
0.007156048014773777 18290.555555555555 0.0
0.007271468144044321 18711.0 0.0
0.007386888273314866 19770.363636363636 0.0
0.007502308402585411 20526.846153846152 0.0
0.007617728531855956 19499.333333333332 0.0
0.0077331486611265 24122.0 0.0
0.007848568790397045 23003.636363636364 0.0
0.00796398891966759 21811.125 0.0
0.008079409048938134 20693.0 0.0
0.00819482917820868 22196.090909090908 0.0
0.008310249307479225 22741.0 0.0
0.008425669436749769 18115.5 0.0
0.008541089566020314 20425.14285714286 0.0
0.00865650969529086 21732.18181818182 0.0
0.008771929824561403 22904.85714285714 0.0
0.008887349953831948 23135.0 0.0
0.009002770083102494 25099.85714285714 0.0
0.009118190212373038 19825.666666666668 0.0
0.009233610341643583 27985.25 0.0
0.009349030470914127 18783.0 0.0
0.009464450600184672 25907.666666666668 0.0
0.009579870729455217 26566.8 0.0
0.009695290858725761 30122.75 0.0
0.009810710987996307 25879.2 0.0
0.009926131117266852 25743.714285714286 0.0
0.010041551246537396 25366.875 0.0
0.010156971375807941 30729.714285714286 0.0
0.010272391505078486 30901.0 0.0
0.01038781163434903 29444.5 0.0
0.010503231763619576 31316.0 0.0
0.01061865189289012 34370.666666666664 0.0
0.010734072022160665 29451.444444444445 0.0
0.01084949215143121 29950.14285714286 0.0
0.010964912280701754 26721.5 0.0
0.0110803324099723 32748.375 0.0
0.011195752539242845 29179.0 0.0
0.011311172668513388 33750.0 0.0
0.011426592797783934 32425.2 0.0
0.011542012927054479 32905.8 0.0
0.011657433056325023 35838.2 0.0
0.011772853185595568 31083.428571428572 0.0
0.011888273314866112 27071.0 0.0
0.012003693444136657 31912.333333333332 0.0
0.012119113573407203 31089.75 0.0
0.012234533702677746 32268.88888888889 0.0
0.012349953831948292 29527.333333333332 0.0
0.012465373961218837 26842.0 0.0
0.012580794090489381 26713.25 0.0
0.012696214219759926 32995.666666666664 0.0
0.012811634349030472 27769.75 0.0
0.012927054478301015 25480.285714285714 0.0
0.01304247460757156 26786.5 0.0
0.013157894736842105 25147.8 0.0
0.01327331486611265 35367.666666666664 0.0
0.013388734995383195 27961.0 0.0
0.013504155124653739 35636.5 0.0
0.013619575253924284 30412.75 0.0
0.01373499538319483 38591.0 0.0
0.013850415512465374 38466.42857142857 0.0
0.013965835641735919 38432.625 0.0
0.014081255771006464 36765.0 0.0
0.014196675900277008 33873.2 0.0
0.014312096029547553 40333.666666666664 0.0
0.014427516158818097 38256.5 0.0
0.014542936288088643 36806.2 0.0
0.014658356417359188 39695.0 0.0
0.014773776546629732 39562.142857142855 0.0
0.014889196675900277 45215.75 0.0
0.015004616805170823 36920.0 0.0
0.015120036934441366 46307.0 0.0
0.015235457063711912 36309.666666666664 0.0
0.015350877192982455 37371.666666666664 0.0
0.015466297322253 36728.0 0.0
0.015581717451523546 37191.42857142857 0.0
0.01569713758079409 33740.0 0.0
0.015812557710064637 34768.4 0.0
0.01592797783933518 40006.5 0.0
0.016043397968605724 37808.5 0.0
0.016158818097876268 31206.4 0.0
0.016274238227146815 39158.5 0.0
0.01638965835641736 36434.25 0.0
0.016505078485687903 38560.666666666664 0.0
0.01662049861495845 40857.0 0.0
0.016735918744228993 42208.0 0.0
0.016851338873499537 30820.0 0.0
0.016966759002770084 29806.714285714286 0.0
0.017082179132040628 39789.6 0.0
0.01719759926131117 37641.0 0.0
0.01731301939058172 45695.6 0.0
0.017428439519852262 38636.8 0.0
0.017543859649122806 49010.0 0.0
0.017659279778393353 43015.0 0.0
0.017774699907663897 41576.0 0.0
0.01789012003693444 38324.75 0.0
0.018005540166204988 34653.5 0.0
0.01812096029547553 41254.5 0.0
0.018236380424746075 47629.0 0.0
0.018351800554016622 52772.5 0.0
0.018467220683287166 47677.666666666664 0.0
0.01858264081255771 51524.0 0.0
0.018698060941828253 46210.333333333336 0.0
0.0188134810710988 51559.0 0.0
0.018928901200369344 55082.0 0.0
0.019044321329639888 55388.0 0.0
0.019159741458910435 45682.0 0.0
0.01927516158818098 51591.0 0.0
0.01950600184672207 45230.0 0.0
0.019621421975992613 47271.0 0.0
0.019736842105263157 39175.5 0.0
0.019852262234533704 51660.2 0.0
0.019967682363804248 47273.75 0.0
0.02008310249307479 53219.333333333336 0.0
0.02019852262234534 50740.5 0.0
0.020313942751615882 46474.5 0.0
0.020429362880886426 45141.333333333336 0.0
0.020544783010156973 46878.666666666664 0.0
0.020660203139427517 46494.25 0.0
0.02077562326869806 47554.0 0.0
0.020891043397968604 42318.0 0.0
0.02100646352723915 63614.0 0.0
0.021121883656509695 42689.0 0.0
0.02123730378578024 47701.0 0.0
0.021352723915050786 47921.5 0.0
0.02146814404432133 48037.0 0.0
0.021583564173591873 63736.0 0.0
0.02169898430286242 54980.0 0.0
0.021814404432132964 55016.5 0.0
0.021929824561403508 55103.5 0.0
0.022045244690674055 46405.0 0.0
0.022276084949215142 63960.0 0.0
0.022737765466297324 43824.0 0.0
0.02296860572483841 39335.0 0.0
0.023084025854108958 39342.0 0.0
0.023199445983379502 48579.0 0.0
0.023314866112650046 43981.5 0.0
0.02343028624192059 39382.0 0.0
0.023545706371191136 49773.666666666664 0.0
0.02366112650046168 39693.0 0.0
0.023776546629732224 34810.5 0.0
0.02389196675900277 47041.666666666664 0.0
0.024007386888273315 49797.0 0.0
0.02412280701754386 49772.0 0.0
0.024238227146814405 49703.8 0.0
0.02435364727608495 53414.0 0.0
0.024469067405355493 71094.0 0.0
0.02458448753462604 55620.5 0.0
0.024815327793167127 72558.5 0.0
0.024930747922437674 50224.0 0.0
0.025046168051708218 39725.0 0.0
0.025161588180978762 40401.0 0.0
0.02527700831024931 61391.0 0.0
0.025392428439519853 55324.0 0.0
0.025507848568790396 61464.0 0.0
0.025623268698060944 65251.0 0.0
0.025738688827331487 62129.666666666664 0.0
0.02585410895660203 41115.0 0.0
0.025969529085872575 46877.333333333336 0.0
0.02608494921514312 46667.333333333336 0.0
0.026200369344413665 72922.0 0.0
0.02631578947368421 56911.5 0.0
0.0265466297322253 76392.0 0.0
0.026662049861495844 74719.5 0.0
0.02677746999076639 57318.0 0.0
0.026892890120036934 74866.0 0.0
0.027123730378578025 52595.5 0.0
0.02723915050784857 52696.5 0.0
0.027354570637119113 46788.5 0.0
0.02746999076638966 57831.75 0.0
0.027585410895660203 56417.666666666664 0.0
0.027700831024930747 63227.0 0.0
0.027816251154201294 51909.0 0.0
0.02804709141274238 62579.0 0.0
0.02816251154201293 62583.0 0.0
0.028277931671283472 57371.5 0.0
0.028393351800554016 62600.0 0.0
0.02850877192982456 57269.666666666664 0.0
0.028624192059095107 62006.666666666664 0.0
0.02873961218836565 61649.5 0.0
0.028855032317636194 70495.5 0.0
0.029085872576177285 69174.0 0.0
0.029316712834718376 70809.5 0.0
0.02943213296398892 74416.0 0.0
0.029547553093259463 70551.0 0.0
0.02966297322253001 66749.0 0.0
0.029778393351800554 61173.0 0.0
0.029893813481071098 70529.66666666667 0.0
0.030009233610341645 66317.25 0.0
0.03012465373961219 75205.0 0.0
0.030240073868882732 71027.0 0.0
0.03035549399815328 64322.0 0.0
0.030470914127423823 59750.0 0.0
0.030586334256694367 59182.0 0.0
0.03070175438596491 63866.0 0.0
0.030817174515235458 61696.0 0.0
0.030932594644506 58966.0 0.0
0.031048014773776545 67254.0 0.0
0.031163434903047092 59071.0 0.0
0.031278855032317636 66771.0 0.0
0.03139427516158818 60808.0 0.0
0.03150969529085872 66836.0 0.0
0.031625115420129274 71318.0 0.0
0.03174053554939982 63128.2 0.0
0.03185595567867036 61759.5 0.0
0.031971375807940905 64428.0 0.0
0.03208679593721145 68762.0 0.0
0.03220221606648199 63111.5 0.0
0.032317636195752536 63128.5 0.0
0.03243305632502309 64461.0 0.0
0.03254847645429363 67017.5 0.0
0.032663896583564174 68750.0 0.0
0.03277931671283472 66772.75 0.0
0.03289473684210526 74146.0 0.0
0.033010156971375805 69629.0 0.0
0.033125577100646356 63881.666666666664 0.0
0.0332409972299169 64454.0 0.0
0.03335641735918744 64398.333333333336 0.0
0.03347183748845799 55502.0 0.0
0.033702677746999074 62208.5 0.0
0.033818097876269625 63304.5 0.0
0.03393351800554017 65192.0 0.0
0.0342797783933518 72971.5 0.0
0.03439519852262234 69509.0 0.0
0.03451061865189289 67565.0 0.0
0.03462603878116344 74027.0 0.0
0.03474145891043398 60697.0 0.0
0.034856879039704525 36080.0 0.0
0.03508771929824561 69589.0 0.0
0.035203139427516156 58435.666666666664 0.0
0.035318559556786706 67766.0 0.0
0.035549399815327794 67798.0 0.0
0.03566481994459834 52260.5 0.0
0.03578024007386888 67986.0 0.0
0.035895660203139425 62521.0 0.0
0.036011080332409975 62166.5 0.0
0.03612650046168052 62726.0 0.0
0.03624192059095106 62910.0 0.0
0.036588180978762694 84412.0 0.0
0.036703601108033244 74162.0 0.0
0.03681902123730379 72679.0 0.0
0.03693444136657433 84501.0 0.0
0.037049861495844875 68510.0 0.0
0.03716528162511542 68517.75 0.0
0.03728070175438596 66427.0 0.0
0.037396121883656507 64092.0 0.0
0.03751154201292706 81572.0 0.0
0.0376269621421976 71863.66666666667 0.0
0.03785780240073869 61021.0 0.0
0.03797322253000923 64024.666666666664 0.0
0.038088642659279776 65210.0 0.0
0.03831948291782087 65306.0 0.0
0.038434903047091414 72869.0 0.0
0.03855032317636196 69569.0 0.0
0.0386657433056325 57985.0 0.0
0.038781163434903045 50889.0 0.0
0.038896583564173595 50901.0 0.0
0.03901200369344414 58429.5 0.0
0.03912742382271468 66723.5 0.0
0.039242843951985226 62180.0 0.0
0.039473684210526314 58910.0 0.0
0.03958910433979686 83454.0 0.0
0.03970452446906741 87723.0 0.0
0.03981994459833795 137034.5 0.0
0.039935364727608495 87735.0 0.0
0.04005078485687904 79543.0 0.0
0.04016620498614958 83681.0 0.0
0.04051246537396122 71396.0 0.0
0.040627885503231764 74082.0 0.0
0.04074330563250231 82830.0 0.0
0.04085872576177285 83974.0 0.0
0.040974145891043395 76600.0 0.0
0.041089566020313946 71497.0 0.0
0.04120498614958449 77005.5 0.0
0.04132040627885503 78956.33333333333 0.0
0.04143582640812558 79514.33333333333 0.0
0.04155124653739612 76230.83333333333 0.0
0.041666666666666664 77177.25 0.0
0.04178208679593721 77098.0 0.0
0.04189750692520776 72863.0 0.0
0.0420129270544783 91685.0 0.0
0.04224376731301939 88196.5 0.0
0.04235918744228993 91749.0 0.0
0.04247460757156048 78770.66666666667 0.0
0.04259002770083103 54066.0 0.0
0.04270544783010157 75488.0 0.0
0.042820867959372115 74246.33333333333 0.0
0.04293628808864266 84457.0 0.0
0.0430517082179132 86357.5 0.0
0.043167128347183746 81843.66666666667 0.0
0.0432825484764543 84444.0 0.0
0.04339796860572484 86482.5 0.0
0.043513388734995384 80363.5 0.0
0.04362880886426593 86786.0 0.0
0.04374422899353647 75745.0 0.0
0.043859649122807015 84886.0 0.0
0.043975069252077566 64626.0 0.0
0.04409048938134811 79244.5 0.0
0.04420590951061865 76724.0 0.0
0.04443674976915974 75266.5 0.0
0.04478301015697138 76963.0 0.0
0.04489843028624192 76387.5 0.0
0.045013850415512466 75424.0 0.0
0.04512927054478301 86807.0 0.0
0.04524469067405355 85551.0 0.0
0.0453601108033241 65537.0 0.0
0.04547553093259465 85650.0 0.0
0.04559095106186519 85662.0 0.0
0.045706371191135735 79541.0 0.0
0.04582179132040628 86123.0 0.0
0.04593721144967682 86169.0 0.0
0.046168051708217916 86200.5 0.0
0.046398891966759004 85601.0 0.0
0.04651431209602955 86262.5 0.0
0.04720683287165282 91238.0 0.0
0.04732225300092336 66151.0 0.0
0.047437673130193904 79535.0 0.0
0.04755309325946445 90291.5 0.0
0.047668513388735 87606.0 0.0
0.0497460757156048 96689.0 0.0
0.04986149584487535 82970.0 0.0
0.050092336103416436 82995.0 0.0
0.05020775623268698 76347.5 0.0
0.050323176361957524 76389.5 0.0
0.05055401662049862 70085.0 0.0
0.05090027700831025 83210.0 0.0
0.05101569713758079 83216.0 0.0
0.05136195752539243 87432.0 0.0
0.051477377654662974 87433.0 0.0
0.05170821791320406 87458.0 0.0
0.051823638042474605 85462.5 0.0
0.05193905817174515 87543.0 0.0
0.05286241920590951 83875.0 0.0
0.052977839335180056 83939.0 0.0
0.0530932594644506 83945.0 0.0
0.053208679593721143 88813.0 0.0
0.05343951985226224 84014.0 0.0
0.05355493998153278 102296.0 0.0
0.05378578024007387 109959.0 0.0
0.0541320406278855 84452.0 0.0
0.05482456140350877 110253.0 0.0
0.05563250230840259 76353.0 0.0
0.05574792243767313 76353.0 0.0
0.05736380424746076 100015.0 0.0
0.0574792243767313 100118.0 0.0
0.05863342566943675 83348.0 0.0
0.058748845798707296 83396.0 0.0
0.05921052631578947 83889.0 0.0
0.05932594644506002 84883.0 0.0
0.059441366574330565 72591.0 0.0
0.05955678670360111 93061.0 0.0
0.05967220683287165 79530.0 0.0
0.059787626962142196 79542.0 0.0
0.05990304709141274 79560.0 0.0
0.06036472760849492 79626.0 0.0
0.060480147737765465 79630.0 0.0
0.06059556786703601 79679.0 0.0
0.060941828254847646 101211.0 0.0
0.06105724838411819 101216.0 0.0
0.061172668513388734 101294.0 0.0
0.06128808864265928 90633.5 0.0
0.06151892890120037 101322.0 0.0
0.061634349030470915 101364.0 0.0
0.06221144967682364 101583.0 0.0
0.062326869806094184 101588.0 0.0
0.06244228993536473 101597.0 0.0
0.06255771006463527 102518.0 0.0
0.0641735918744229 88244.0 0.0
0.06555863342566944 100201.0 0.0
0.06659741458910434 100562.0 0.0
0.0672899353647276 101146.0 0.0
0.06740535549399815 101155.0 0.0
0.06752077562326869 102390.0 0.0
0.06786703601108034 102436.0 0.0
0.06798245614035088 102439.0 0.0
0.06809787626962142 102560.0 0.0
0.07075253924284396 105169.0 0.0
0.07098337950138504 105360.0 0.0
0.07109879963065559 105368.0 0.0
0.07467682363804247 106466.0 0.0
0.07479224376731301 106480.0 0.0
0.08425669436749769 115270.0 0.0
0.08437211449676824 115289.0 0.0
0.08460295475530932 115501.0 0.0
0.08471837488457987 115503.0 0.0
0.09695290858725762 128472.0 0.0
0.09706832871652817 128473.0 0.0
0.09729916897506925 154006.0 0.0
0.09753000923361034 128500.0 0.0
0.09776084949215143 128519.0 0.0
0.09891505078485688 128583.0 0.0
0.09903047091412742 128796.0 0.0
0.1053785780240074 145676.0 0.0
0.10572483841181902 145690.0 0.0
0.10699445983379502 134149.0 0.0
0.10710987996306556 147254.0 0.0
0.1072253000923361 147564.0 0.0
0.10734072022160665 151611.0 0.0
0.11068790397045244 152415.0 0.0
0.11080332409972299 152551.0 0.0
0.11091874422899353 146402.5 0.0
0.11114958448753462 147196.5 0.0
0.11126500461680518 140157.0 0.0
0.12880886426592797 175881.0 0.0
0.13896583564173592 160241.0 0.0
0.13977377654662973 186545.0 0.0
0.1538550323176362 194587.0 0.0
0.15466297322253 210882.0 0.0
0.16412742382271467 221817.0 0.0
0.17878578024007388 289278.0 0.0
0.18721144967682363 235146.0 0.0
0.19136657433056325 234170.0 0.0
0.25115420129270544 284634.0 0.0
0.29362880886426596 314214.0 0.0
0.29443674976915973 309265.0 0.0
0.33541089566020316 355480.0 0.0
0.3701523545706371 430604.0 0.0
0.6298476454293629 533624.0 0.0
1.0 784558.0 0.0
