336994
0.00011542012927054478 637.8262927054478 85.49307479224376
0.00023084025854108956 982.2397408207344 125.02850971922246
0.00034626038781163435 1414.5167322834645 239.17322834645668
0.0004616805170821791 1706.1153846153845 290.1815384615385
0.0005771006463527239 2025.894117647059 348.86823529411765
0.0006925207756232687 2177.0342857142855 399.3514285714286
0.0008079409048938135 2552.4347826086955 531.9746376811594
0.0009233610341643582 2817.59243697479 532.4747899159664
0.001038781163434903 3152.0353535353534 732.1161616161617
0.0011542012927054479 3178.1485714285714 648.1028571428571
0.0012696214219759926 3598.5116279069766 729.6511627906976
0.0013850415512465374 3724.9338842975208 880.1735537190083
0.0015004616805170822 3770.3451327433627 927.2654867256637
0.001615881809787627 4224.478723404255 1027.1170212765958
0.0017313019390581717 4421.774509803921 1095.2745098039215
0.0018467220683287165 4372.3975903614455 1099.0722891566265
0.0019621421975992612 4566.9625 1187.1125
0.002077562326869806 4717.392857142857 1124.357142857143
0.0021929824561403508 4876.4 1278.9285714285713
0.0023084025854108957 4839.372881355932 1133.0677966101696
0.0024238227146814403 4875.847457627118 1117.6101694915253
0.0025392428439519853 5216.782608695652 1470.1521739130435
0.00265466297322253 5380.8 1297.45
0.002770083102493075 7069.816326530612 1400.857142857143
0.0028855032317636198 5711.888888888889 1307.1555555555556
0.0030009233610341643 5597.177777777778 1344.3555555555556
0.0031163434903047093 5512.340909090909 1562.1363636363637
0.003231763619575254 6273.272727272727 1798.25
0.003347183748845799 6030.628571428571 1646.6
0.0034626038781163434 6303.627906976744 3131.6046511627906
0.0035780240073868884 6728.678571428572 2278.6785714285716
0.003693444136657433 6042.28 2005.04
0.003808864265927978 5486.608695652174 1730.5217391304348
0.0039242843951985225 6606.84 2153.4
0.004039704524469067 6650.517241379311 2096.689655172414
0.004155124653739612 7034.733333333334 3105.2
0.004270544783010157 7346.666666666667 1926.0
0.0043859649122807015 7050.260869565217 2399.8260869565215
0.004501385041551247 6637.238095238095 4073.4285714285716
0.0046168051708217915 6769.666666666667 1651.952380952381
0.004732225300092336 7215.0625 1930.0
0.004847645429362881 6876.0 1674.5833333333333
0.004963065558633426 7533.5 2718.0
0.0050784856879039705 7859.375 2606.125
0.005193905817174515 8322.875 3025.125
0.00530932594644506 8472.529411764706 4897.0
0.005424746075715605 7907.941176470588 2976.1176470588234
0.00554016620498615 9927.222222222223 8027.777777777777
0.005655586334256694 10294.692307692309 4850.923076923077
0.0057710064635272396 8491.0 3639.285714285714
0.005886426592797784 8052.916666666667 3313.1666666666665
0.006001846722068329 9252.25 3906.6875
0.006117266851338873 8515.823529411764 3048.764705882353
0.006232686980609419 8804.8125 2737.3125
0.006348107109879963 8695.90909090909 3692.6363636363635
0.006463527239150508 9599.76923076923 3913.6923076923076
0.006578947368421052 11286.4 6043.6
0.006694367497691598 10555.285714285714 4912.571428571428
0.006809787626962142 10350.916666666666 5361.916666666667
0.006925207756232687 9959.9 5099.0
0.007040627885503232 10140.818181818182 4894.545454545455
0.007156048014773777 9925.846153846154 4678.384615384615
0.007271468144044321 10002.545454545454 3694.818181818182
0.007386888273314866 8374.384615384615 2716.846153846154
0.007502308402585411 10182.866666666667 4641.466666666666
0.007617728531855956 10670.0 6495.25
0.0077331486611265 9197.714285714286 4881.714285714285
0.007848568790397045 9731.363636363636 4475.090909090909
0.00796398891966759 10300.75 4659.0
0.008079409048938134 10203.444444444445 5787.888888888889
0.00819482917820868 10866.625 6638.625
0.008310249307479225 10831.833333333334 5772.583333333333
0.008425669436749769 11321.25 5635.125
0.008541089566020314 11266.0 5915.714285714285
0.00865650969529086 11338.777777777777 5988.777777777777
0.008771929824561403 12036.90909090909 6393.0
0.008887349953831948 11121.636363636364 5061.636363636364
0.009002770083102494 10636.75 4871.625
0.009118190212373038 12574.6 6821.666666666667
0.009233610341643583 11131.23076923077 6085.0
0.009349030470914127 10502.625 5460.625
0.009464450600184672 12802.375 5482.75
0.009579870729455217 11567.42857142857 4528.857142857143
0.009695290858725761 11203.2 4067.3
0.009810710987996307 14081.3 6262.5
0.009926131117266852 13732.444444444445 7324.222222222223
0.010041551246537396 15165.25 7792.25
0.010156971375807941 12237.8 4501.2
0.010272391505078486 13708.833333333334 5516.333333333333
0.01038781163434903 11875.75 3912.875
0.010503231763619576 12568.5 5670.5
0.01061865189289012 14562.444444444445 7189.0
0.010734072022160665 13391.0 5465.833333333333
0.01084949215143121 13310.75 5514.5
0.010964912280701754 14725.0 8067.0
0.0110803324099723 13256.25 6302.75
0.011195752539242845 13316.0 6050.8
0.011311172668513388 12890.8 6063.8
0.011426592797783934 11421.6 6292.8
0.011542012927054479 13604.25 6078.25
0.011657433056325023 14967.5 7312.375
0.011772853185595568 14509.545454545454 7462.272727272727
0.011888273314866112 13311.0 6542.7
0.012003693444136657 14927.9 8698.1
0.012119113573407203 13937.142857142857 8799.714285714286
0.012234533702677746 14146.833333333334 8137.666666666667
0.012349953831948292 14375.4 7540.0
0.012465373961218837 13282.363636363636 6579.363636363636
0.012580794090489381 12879.142857142857 5134.428571428572
0.012696214219759926 14659.42857142857 8267.714285714286
0.012811634349030472 14417.125 7874.0
0.012927054478301015 15543.181818181818 8750.181818181818
0.01304247460757156 15295.25 8521.875
0.013157894736842105 17175.8 11920.8
0.01327331486611265 15119.285714285714 10770.857142857143
0.013388734995383195 16272.0 10952.833333333334
0.013504155124653739 14675.75 9321.75
0.013619575253924284 14225.5 5435.5
0.01373499538319483 13448.25 5136.25
0.013850415512465374 14741.714285714286 6561.0
0.013965835641735919 13467.0 5064.833333333333
0.014081255771006464 17182.333333333332 9021.333333333334
0.014196675900277008 17403.25 12440.5
0.014427516158818097 18011.5 10795.0
0.014542936288088643 15230.5 8711.25
0.014658356417359188 16050.25 10271.75
0.014773776546629732 16245.75 9847.5
0.014889196675900277 18441.75 11957.5
0.015004616805170823 18375.571428571428 10088.285714285714
0.015120036934441366 18142.2 10190.4
0.015235457063711912 17611.875 9050.625
0.015350877192982455 18917.25 10307.5
0.015466297322253 16192.0 8097.428571428572
0.015581717451523546 15558.2 7863.4
0.01569713758079409 20267.2 11419.4
0.015812557710064637 16866.333333333332 8047.0
0.01592797783933518 16364.5 7693.0
0.016043397968605724 18937.333333333332 14716.333333333334
0.016158818097876268 17005.0 8106.333333333333
0.016274238227146815 15207.5 6916.0
0.01638965835641736 19752.0 14797.333333333334
0.016505078485687903 18129.5 11065.625
0.01662049861495845 18430.666666666668 11906.666666666666
0.016735918744228993 17999.166666666668 9745.5
0.016851338873499537 21130.4 11343.6
0.016966759002770084 19921.0 10629.0
0.017082179132040628 21067.0 10515.5
0.01719759926131117 23342.0 11307.0
0.01731301939058172 20134.333333333332 9688.333333333334
0.017428439519852262 22662.0 14397.0
0.017543859649122806 15071.0 9679.0
0.017659279778393353 14781.0 8391.0
0.017774699907663897 19299.5 10870.5
0.01789012003693444 20510.0 11927.333333333334
0.018005540166204988 19524.666666666668 11992.666666666666
0.01812096029547553 20772.25 11836.75
0.018236380424746075 17230.333333333332 9133.666666666666
0.018351800554016622 18300.333333333332 9865.666666666666
0.018467220683287166 18659.5 9568.75
0.01858264081255771 18792.75 8271.0
0.018698060941828253 23999.0 8129.0
0.0188134810710988 19817.5 6721.5
0.018928901200369344 19881.5 6728.5
0.019044321329639888 20096.5 6767.5
0.01927516158818098 20076.0 11141.666666666666
0.01950600184672207 20349.5 10970.25
0.019621421975992613 22482.0 13889.0
0.019736842105263157 19195.75 11128.25
0.019852262234533704 21456.666666666668 14403.0
0.019967682363804248 19274.5 11880.0
0.02008310249307479 17113.0 9359.0
0.02019852262234534 24417.0 11617.0
0.020313942751615882 24464.5 11651.0
0.020429362880886426 21837.5 11754.5
0.020544783010156973 19044.5 13295.5
0.020660203139427517 19965.333333333332 12514.333333333334
0.02077562326869806 21518.0 15705.0
0.020891043397968604 24151.5 15817.0
0.02100646352723915 16176.0 10984.0
0.021121883656509695 21539.333333333332 14213.333333333334
0.02123730378578024 17796.0 9796.0
0.02146814404432133 19990.666666666668 10638.0
0.021583564173591873 19872.5 10212.5
0.02169898430286242 19278.333333333332 10105.333333333334
0.021814404432132964 18085.5 10191.5
0.021929824561403508 18662.0 10159.0
0.022045244690674055 30434.0 7697.0
0.022622345337026777 23772.0 12766.0
0.022737765466297324 21935.25 11003.25
0.022853185595567867 21680.666666666668 10653.333333333334
0.02296860572483841 22618.8 11845.6
0.023084025854108958 20850.5 11710.5
0.023199445983379502 20671.0 12872.0
0.02343028624192059 16585.0 6328.0
0.023545706371191136 19666.0 11137.0
0.02366112650046168 24448.0 11076.0
0.02435364727608495 18983.0 13130.0
0.02458448753462604 25659.0 17239.0
0.024699907663896584 22477.0 12173.0
0.024930747922437674 19868.0 11209.0
0.025161588180978762 19875.0 11209.0
0.02527700831024931 19877.0 11209.0
0.025507848568790396 20557.0 14981.0
0.025738688827331487 20334.0 11552.0
0.02585410895660203 21261.0 11068.0
0.025969529085872575 26008.5 13964.0
0.02608494921514312 21340.5 11095.5
0.026200369344413665 21368.5 11106.0
0.02631578947368421 23498.0 11698.0
0.026431209602954756 26096.0 13978.5
0.0265466297322253 23529.75 11700.0
0.026662049861495844 22501.0 10669.0
0.02677746999076639 22881.5 12862.5
0.026892890120036934 29033.5 16952.0
0.027008310249307478 25872.333333333332 14038.333333333334
0.027123730378578025 22989.0 9935.0
0.02723915050784857 26316.0 17518.0
0.027354570637119113 23777.0 12441.0
0.02746999076638966 22058.2 11063.0
0.027585410895660203 23727.0 11653.25
0.027700831024930747 21946.5 12592.0
0.027816251154201294 21897.25 11438.25
0.027931671283471838 23373.666666666668 12720.666666666666
0.02804709141274238 23941.0 18928.0
0.02816251154201293 29215.5 23291.5
0.028277931671283472 17763.0 7678.0
0.028393351800554016 25652.0 13779.5
0.02850877192982456 25748.5 13802.5
0.02873961218836565 22513.0 15766.0
0.028855032317636194 25373.0 26795.0
0.02897045244690674 22581.0 15771.0
0.029085872576177285 30220.0 31004.5
0.02920129270544783 24011.5 21290.0
0.029316712834718376 37862.0 46238.0
0.02943213296398892 22996.0 15792.0
0.029547553093259463 37881.0 46238.0
0.02966297322253001 37902.0 46271.0
0.029778393351800554 30857.5 30992.5
0.029893813481071098 31099.5 31525.0
0.030009233610341645 31185.5 31587.0
0.03012465373961219 28681.0 31217.0
0.030240073868882732 24582.5 12065.5
0.03035549399815328 24596.5 12075.5
0.030470914127423823 24586.0 12402.0
0.030586334256694367 31698.0 31794.5
0.03070175438596491 24709.0 11988.0
0.030817174515235458 22059.5 10194.5
0.030932594644506 29120.0 30155.0
0.031048014773776545 29141.5 30155.0
0.031163434903047092 20145.0 8691.0
0.03139427516158818 19233.0 11048.0
0.031625115420129274 24269.5 14372.0
0.03174053554939982 42892.0 56109.0
0.031971375807940905 25830.0 14164.0
0.03254847645429363 25903.0 14210.0
0.032663896583564174 36037.0 23452.0
0.03277931671283472 31001.5 18836.5
0.03289473684210526 36041.0 23452.0
0.033010156971375805 36075.0 23452.0
0.03335641735918744 24211.0 13565.0
0.03347183748845799 24484.5 13860.5
0.03358725761772853 30312.0 33441.0
0.033818097876269625 24942.5 12392.5
0.03393351800554017 27696.0 21978.0
0.03404893813481071 24956.0 12405.5
0.034164358264081256 27721.5 22010.0
0.0342797783933518 28482.0 16213.0
0.03439519852262234 28623.0 25886.333333333332
0.03451061865189289 27000.0 27985.0
0.03462603878116344 27002.0 27985.0
0.03474145891043398 28684.5 30722.0
0.034856879039704525 27003.0 27985.0
0.03497229916897507 27008.0 27990.0
0.035203139427516156 30409.0 33463.0
0.035318559556786706 30434.0 33502.0
0.03543397968605725 26838.5 22434.75
0.035549399815327794 27092.0 28098.0
0.03566481994459834 27092.0 28098.0
0.035895660203139425 28912.0 33634.0
0.03612650046168052 27130.0 28098.0
0.036357340720221606 25831.0 18155.0
0.03647276084949215 25889.0 18155.0
0.036588180978762694 34774.0 37070.0
0.036703601108033244 26120.0 18458.0
0.03681902123730379 30753.0 39173.0
0.03693444136657433 32962.0 30328.666666666668
0.037049861495844875 34086.5 25909.5
0.03716528162511542 30832.0 39178.0
0.03728070175438596 30072.0 27872.5
0.037396121883656507 30079.0 27872.5
0.03751154201292706 29348.0 16549.0
0.0376269621421976 29350.0 16549.0
0.03785780240073869 29377.0 16559.0
0.03797322253000923 29384.0 16559.0
0.038088642659279776 29387.0 16562.0
0.0386657433056325 29432.0 16622.0
0.039242843951985226 24907.0 15072.0
0.03958910433979686 30846.0 41083.0
0.03970452446906741 30853.0 41083.0
0.03981994459833795 30875.0 41093.0
0.039935364727608495 30480.0 29071.5
0.04016620498614958 28082.0 28100.0
0.040281625115420126 25273.0 15103.0
0.04039704524469068 29742.666666666668 25032.333333333332
0.04051246537396122 29808.333333333332 25032.333333333332
0.040627885503231764 29651.5 29010.5
0.04074330563250231 30145.0 17076.0
0.040974145891043395 28407.666666666668 17260.0
0.041089566020313946 28867.333333333332 19570.0
0.04120498614958449 27340.5 20790.5
0.04132040627885503 29212.0 26470.0
0.04155124653739612 29372.0 26489.0
0.041666666666666664 27460.5 20845.0
0.04189750692520776 27621.0 20868.5
0.0420129270544783 28842.333333333332 27170.333333333332
0.042128347183748846 29873.0 27191.0
0.04224376731301939 29874.0 27191.0
0.04235918744228993 29898.0 27205.0
0.04247460757156048 27894.5 21213.0
0.04259002770083103 35055.5 31923.5
0.04270544783010157 35059.5 31923.5
0.04293628808864266 40968.0 37356.0
0.0430517082179132 40972.0 37356.0
0.0432825484764543 41090.0 37515.0
0.04339796860572484 41127.0 37521.0
0.043513388734995384 35559.0 27751.0
0.04362880886426593 31285.0 18948.0
0.04374422899353647 31285.0 18948.0
0.043859649122807015 36956.0 39731.0
0.043975069252077566 33035.0 42045.0
0.04409048938134811 33057.0 42047.0
0.0443213296398892 33079.0 42060.0
0.04443674976915974 41266.0 37998.0
0.04466759002770083 29777.0 20046.0
0.04478301015697138 29790.0 20046.0
0.04512927054478301 29820.0 20069.0
0.045706371191135735 30458.0 20160.0
0.04582179132040628 30733.0 20386.0
0.046168051708217916 36620.0 32103.5
0.04628347183748846 42399.0 43746.0
0.046398891966759004 30896.0 20563.0
0.04651431209602955 36662.5 32170.0
0.04662973222530009 42410.0 43746.0
0.046745152354570635 42570.0 43920.0
0.04686057248384118 42577.0 43920.0
0.04697599261311173 42608.0 43920.0
0.04720683287165282 42612.0 43920.0
0.04882271468144044 31557.0 21055.0
0.04951523545706371 34494.0 19002.0
0.049630655586334255 33337.0 21617.0
0.0497460757156048 34112.5 25229.0
0.04986149584487535 33490.0 24724.0
0.04997691597414589 33514.0 27568.0
0.050092336103416436 33529.0 27572.0
0.05020775623268698 33718.0 30937.0
0.050323176361957524 37735.666666666664 40592.0
0.05043859649122807 35047.5 38288.5
0.05055401662049862 35235.0 38364.5
0.05066943674976916 36889.0 45712.0
0.051477377654662974 28486.0 17400.0
0.051823638042474605 35422.0 25282.0
0.0520544783010157 46648.0 55497.0
0.05240073868882733 34679.0 32817.0
0.05263157894736842 74205.5 33135.0
0.05274699907663897 35182.0 30632.0
0.05286241920590951 35639.0 28431.0
0.052977839335180056 35640.0 28436.0
0.0530932594644506 35641.0 28452.0
0.055401662049861494 54740.0 67185.0
0.05563250230840259 35979.0 35558.0
0.056902123730378576 31860.0 21874.0
0.05701754385964912 34394.0 21886.0
0.05713296398891967 34397.0 21929.0
0.057248384118190214 34407.0 21929.0
0.05736380424746076 38528.5 29286.5
0.0574792243767313 38534.0 29863.5
0.05771006463527239 34497.0 22009.0
0.05794090489381348 42661.0 37798.0
0.05805632502308403 42661.0 37798.0
0.05817174515235457 38596.0 29904.5
0.058287165281625114 42840.0 27022.0
0.05955678670360111 43280.0 38284.0
0.06059556786703601 43577.0 38591.0
0.06071098799630656 40939.0 40253.5
0.060941828254847646 43583.0 38591.0
0.06105724838411819 38701.5 33722.5
0.06140350877192982 38787.0 33857.5
0.06151892890120037 43743.0 38859.0
0.061865189289012 43821.0 40206.0
0.061980609418282546 43822.0 40206.0
0.06209602954755309 43830.0 40206.0
0.062326869806094184 50014.0 61199.0
0.06278855032317636 44673.0 27135.0
0.0629039704524469 44389.0 33740.5
0.06313481071098799 44113.0 40346.0
0.06394275161588181 46028.0 40926.0
0.06475069252077563 39733.0 43291.0
0.06486611265004617 46110.0 41034.0
0.06532779316712835 39820.0 43314.0
0.06602031394275161 37081.0 32308.0
0.06613573407202217 37097.0 32308.0
0.06902123730378577 48025.0 47594.0
0.07132963988919667 45615.0 39280.0
0.07144506001846722 45618.0 39282.0
0.0716759002770083 45653.0 39383.0
0.07202216066481995 45725.0 39494.0
0.07259926131117267 45760.0 39535.0
0.07271468144044321 45771.0 39538.0
0.07617728531855955 48645.0 48052.0
0.07663896583564174 63976.0 56858.0
0.07813942751615882 46909.0 40170.0
0.07837026777469991 43202.0 50817.0
0.078601108033241 46920.0 55065.0
0.0796398891966759 43348.0 51004.0
0.07975530932594645 43352.0 51004.0
0.07987072945521699 43355.0 51004.0
0.08033240997229917 52551.5 43812.0
0.08044783010156971 45498.0 53349.0
0.0809095106186519 45678.0 53518.0
0.08125577100646353 47920.0 40648.0
0.08137119113573407 55153.0 40543.0
0.08160203139427516 47998.0 40657.0
0.0817174515235457 55167.0 40579.0
0.08194829178208679 55179.0 40579.0
0.08321791320406279 48803.0 40863.0
0.08344875346260387 48876.0 40865.0
0.08356417359187442 48877.0 40865.0
0.08471837488457987 49898.0 41854.0
0.08483379501385041 49900.0 41854.0
0.08644967682363804 50041.0 82611.0
0.08668051708217914 50136.0 82643.0
0.08679593721144968 50142.0 82643.0
0.08702677746999077 50198.0 82643.0
0.08898891966759002 50446.0 83883.0
0.08910433979686057 50450.0 83883.0
0.08956602031394276 50495.0 83892.0
0.0896814404432133 50537.0 83935.0
0.09025854108956602 50574.0 84048.0
0.0904893813481071 50599.0 84050.0
0.09083564173591874 50617.0 84093.0
0.0909510618651893 50622.0 84093.0
0.09660664819944598 51885.0 88255.0
0.09706832871652817 51946.0 89153.0
0.09718374884579871 51979.0 89153.0
0.1128808864265928 57483.0 99082.0
0.1149584487534626 74032.0 64031.0
0.11761311172668514 77000.0 76449.0
0.11795937211449677 57974.0 99666.0
0.11819021237303785 57977.0 99698.0
0.1193444136657433 58024.0 99699.0
0.11945983379501385 58120.0 99913.0
0.12211449676823638 79605.0 129809.0
0.12326869806094183 75209.0 65452.0
0.12338411819021237 75212.0 65452.0
0.12349953831948292 75215.0 65452.0
0.12361495844875346 75245.0 65458.0
0.12419205909510618 81646.0 135416.0
0.1252308402585411 75515.0 66257.0
0.127539242843952 60127.0 112574.0
0.1329639889196676 139993.0 68157.0
0.15016158818097877 70692.0 85168.0
0.18294090489381348 91843.0 179759.0
0.20406278855032317 102466.0 186420.0
0.22876269621421977 93417.0 140233.0
0.25554016620498615 112387.0 203820.0
0.38077100646352724 150715.0 270077.0
0.39138965835641737 157930.0 290990.0
0.45371652816251157 175473.0 352189.0
0.6824792243767313 216135.0 492422.0
0.8654201292705448 253326.0 672181.0
0.9983841181902123 336870.0 740338.0
0.9994228993536473 336905.0 740427.0
1.0 336994.0 740712.0
