5980
0.00011542012927054478 559.797322253001 0.0
0.00023084025854108956 759.1346957733396 0.0
0.00034626038781163435 889.2275179856115 0.0
0.0004616805170821791 963.9253731343283 0.0
0.0005771006463527239 1000.8444924406048 0.0
0.0006925207756232687 1041.1402439024391 0.0
0.0008079409048938135 1054.8 0.0
0.0009233610341643582 1073.420168067227 0.0
0.001038781163434903 1093.032967032967 0.0
0.0011542012927054479 1106.5272727272727 0.0
0.0012696214219759926 1121.8531468531469 0.0
0.0013850415512465374 1137.8 0.0
0.0015004616805170822 1134.3963963963963 0.0
0.001615881809787627 1137.0493827160494 0.0
0.0017313019390581717 1144.9540229885058 0.0
0.0018467220683287165 1178.7105263157894 0.0
0.0019621421975992612 1202.046875 0.0
0.002077562326869806 1175.25 0.0
0.0021929824561403508 1192.96875 0.0
0.0023084025854108957 1233.6206896551723 0.0
0.0024238227146814403 1261.1296296296296 0.0
0.0025392428439519853 1273.425 0.0
0.00265466297322253 1232.4666666666667 0.0
0.002770083102493075 1214.7058823529412 0.0
0.0028855032317636198 1212.6739130434783 0.0
0.0030009233610341643 1211.6060606060605 0.0
0.0031163434903047093 1232.8095238095239 0.0
0.003231763619575254 1264.7 0.0
0.003347183748845799 1186.5277777777778 0.0
0.0034626038781163434 1228.7777777777778 0.0
0.0035780240073868884 1289.607142857143 0.0
0.003693444136657433 1258.9259259259259 0.0
0.003808864265927978 1247.2592592592594 0.0
0.0039242843951985225 1260.7037037037037 0.0
0.004039704524469067 1292.4583333333333 0.0
0.004155124653739612 1430.6842105263158 0.0
0.004270544783010157 1333.0 0.0
0.0043859649122807015 1344.2173913043478 0.0
0.004501385041551247 1383.8709677419354 0.0
0.0046168051708217915 1335.375 0.0
0.004732225300092336 1363.8461538461538 0.0
0.004847645429362881 1395.047619047619 0.0
0.004963065558633426 1285.578947368421 0.0
0.0050784856879039705 1318.5 0.0
0.005193905817174515 1395.1875 0.0
0.00530932594644506 1390.0588235294117 0.0
0.005424746075715605 1434.3125 0.0
0.00554016620498615 1372.95 0.0
0.005655586334256694 1319.625 0.0
0.0057710064635272396 1336.5384615384614 0.0
0.005886426592797784 1446.6875 0.0
0.006001846722068329 1402.2 0.0
0.006117266851338873 1354.0 0.0
0.006232686980609419 1368.9375 0.0
0.006348107109879963 1400.4615384615386 0.0
0.006463527239150508 1332.2307692307693 0.0
0.006578947368421052 1439.625 0.0
0.006694367497691598 1535.0 0.0
0.006809787626962142 1481.090909090909 0.0
0.006925207756232687 1506.1333333333334 0.0
0.007040627885503232 1423.2 0.0
0.007156048014773777 1527.6 0.0
0.007271468144044321 1600.375 0.0
0.007386888273314866 1580.7 0.0
0.007502308402585411 1517.4545454545455 0.0
0.007617728531855956 1483.0 0.0
0.0077331486611265 1366.875 0.0
0.007848568790397045 1391.5 0.0
0.00796398891966759 1607.0 0.0
0.008079409048938134 1562.5 0.0
0.00819482917820868 1573.2857142857142 0.0
0.008310249307479225 1459.7142857142858 0.0
0.008425669436749769 1614.3333333333333 0.0
0.008541089566020314 1590.6666666666667 0.0
0.00865650969529086 1673.1666666666667 0.0
0.008771929824561403 1553.6666666666667 0.0
0.008887349953831948 1579.9 0.0
0.009002770083102494 1454.5 0.0
0.009118190212373038 1446.0 0.0
0.009233610341643583 1411.6666666666667 0.0
0.009349030470914127 1404.0 0.0
0.009464450600184672 1491.75 0.0
0.009579870729455217 1469.2222222222222 0.0
0.009695290858725761 1503.0 0.0
0.009810710987996307 1594.0 0.0
0.009926131117266852 1612.25 0.0
0.010041551246537396 1545.0 0.0
0.010156971375807941 1501.375 0.0
0.010272391505078486 1637.0 0.0
0.01038781163434903 1660.7777777777778 0.0
0.010503231763619576 1563.375 0.0
0.01061865189289012 1503.25 0.0
0.010734072022160665 1470.7142857142858 0.0
0.01084949215143121 1457.4285714285713 0.0
0.010964912280701754 1532.8 0.0
0.0110803324099723 1448.857142857143 0.0
0.011195752539242845 1548.25 0.0
0.011311172668513388 1509.25 0.0
0.011426592797783934 1349.0 0.0
0.011542012927054479 1687.4 0.0
0.011657433056325023 1680.857142857143 0.0
0.011772853185595568 1791.25 0.0
0.011888273314866112 1775.75 0.0
0.012003693444136657 1466.4 0.0
0.012119113573407203 1756.4 0.0
0.012234533702677746 1808.0 0.0
0.012349953831948292 1644.0 0.0
0.012465373961218837 1525.2857142857142 0.0
0.012580794090489381 1652.6666666666667 0.0
0.012696214219759926 1637.0 0.0
0.012811634349030472 1657.0 0.0
0.012927054478301015 1665.3 0.0
0.01304247460757156 1745.4285714285713 0.0
0.013157894736842105 1729.75 0.0
0.01327331486611265 1522.6666666666667 0.0
0.013388734995383195 1433.5 0.0
0.013504155124653739 1454.0 0.0
0.013619575253924284 1514.4 0.0
0.01373499538319483 1468.3333333333333 0.0
0.013850415512465374 1652.3333333333333 0.0
0.013965835641735919 1822.142857142857 0.0
0.014081255771006464 1861.6666666666667 0.0
0.014196675900277008 2222.0 0.0
0.014312096029547553 1750.0 0.0
0.014427516158818097 1887.0 0.0
0.014542936288088643 1763.75 0.0
0.014658356417359188 1597.3333333333333 0.0
0.014773776546629732 1566.6666666666667 0.0
0.014889196675900277 1680.4 0.0
0.015004616805170823 1706.1666666666667 0.0
0.015120036934441366 1466.3333333333333 0.0
0.015235457063711912 1882.75 0.0
0.015350877192982455 1872.6666666666667 0.0
0.015466297322253 1781.0 0.0
0.015581717451523546 1976.6666666666667 0.0
0.01569713758079409 2489.0 0.0
0.015812557710064637 2213.0 0.0
0.01592797783933518 2142.3333333333335 0.0
0.016043397968605724 2123.0 0.0
0.016158818097876268 1730.0 0.0
0.016274238227146815 1937.5 0.0
0.016505078485687903 1857.5 0.0
0.01662049861495845 1623.5 0.0
0.016735918744228993 1673.0 0.0
0.016851338873499537 1929.3333333333333 0.0
0.016966759002770084 1893.0 0.0
0.017082179132040628 1772.5 0.0
0.01719759926131117 1772.5 0.0
0.01731301939058172 2004.0 0.0
0.017428439519852262 1541.0 0.0
0.017543859649122806 1763.0 0.0
0.017659279778393353 1865.25 0.0
0.017774699907663897 1986.0 0.0
0.01789012003693444 1977.5 0.0
0.01812096029547553 1984.5 0.0
0.018236380424746075 2415.0 0.0
0.01858264081255771 2729.0 0.0
0.018698060941828253 1554.0 0.0
0.018928901200369344 2097.0 0.0
0.019044321329639888 2413.0 0.0
0.019159741458910435 2053.5 0.0
0.01927516158818098 2053.5 0.0
0.019390581717451522 2729.0 0.0
0.019621421975992613 2729.0 0.0
0.019736842105263157 1950.3333333333333 0.0
0.019852262234533704 2147.0 0.0
0.019967682363804248 1565.0 0.0
0.02008310249307479 1764.5 0.0
0.02019852262234534 1991.5 0.0
0.020313942751615882 2573.5 0.0
0.020544783010156973 1472.6666666666667 0.0
0.020660203139427517 1931.3333333333333 0.0
0.02077562326869806 2143.0 0.0
0.020891043397968604 1455.0 0.0
0.02100646352723915 1577.3333333333333 0.0
0.021121883656509695 2026.3333333333333 0.0
0.02123730378578024 2026.3333333333333 0.0
0.021352723915050786 2729.0 0.0
0.02146814404432133 2348.0 0.0
0.021583564173591873 1696.6666666666667 0.0
0.02169898430286242 1766.0 0.0
0.021814404432132964 1565.0 0.0
0.022045244690674055 1565.0 0.0
0.0221606648199446 2008.0 0.0
0.02239150507848569 2008.0 0.0
0.022506925207756233 1783.0 0.0
0.022622345337026777 1527.0 0.0
0.022737765466297324 1682.0 0.0
0.022853185595567867 1707.0 0.0
0.02296860572483841 1606.0 0.0
0.023084025854108958 2201.0 0.0
0.023199445983379502 1728.0 0.0
0.02343028624192059 1728.0 0.0
0.023545706371191136 1728.0 0.0
0.02366112650046168 1840.6666666666667 0.0
0.02389196675900277 1996.0 0.0
0.024007386888273315 1996.0 0.0
0.02412280701754386 2081.0 0.0
0.024238227146814405 2311.0 0.0
0.02435364727608495 1790.0 0.0
0.024469067405355493 1790.0 0.0
0.02458448753462604 2311.0 0.0
0.024699907663896584 1867.0 0.0
0.024815327793167127 1976.0 0.0
0.024930747922437674 1722.5 0.0
0.025046168051708218 1939.0 0.0
0.025161588180978762 2025.0 0.0
0.02527700831024931 2123.75 0.0
0.025392428439519853 2194.0 0.0
0.025623268698060944 2032.3333333333333 0.0
0.025738688827331487 1989.0 0.0
0.02585410895660203 1893.75 0.0
0.025969529085872575 2065.0 0.0
0.02608494921514312 2001.5 0.0
0.026200369344413665 2114.3333333333335 0.0
0.02631578947368421 2340.0 0.0
0.026892890120036934 1922.6666666666667 0.0
0.027123730378578025 2095.5 0.0
0.02723915050784857 2000.3333333333333 0.0
0.027354570637119113 1898.0 0.0
0.02746999076638966 2391.0 0.0
0.027585410895660203 2556.0 0.0
0.027700831024930747 2579.6666666666665 0.0
0.027816251154201294 2567.0 0.0
0.027931671283471838 2556.3333333333335 0.0
0.02804709141274238 2187.5 0.0
0.02816251154201293 1985.25 0.0
0.028277931671283472 2212.75 0.0
0.028393351800554016 2111.6666666666665 0.0
0.02850877192982456 1913.0 0.0
0.028624192059095107 1913.0 0.0
0.02873961218836565 2181.5 0.0
0.02897045244690674 1570.5 0.0
0.029085872576177285 1762.0 0.0
0.02920129270544783 1984.0 0.0
0.029316712834718376 2051.5 0.0
0.02943213296398892 2119.0 0.0
0.029547553093259463 2119.0 0.0
0.02966297322253001 1984.0 0.0
0.029778393351800554 2051.5 0.0
0.029893813481071098 1839.3333333333333 0.0
0.030009233610341645 1839.3333333333333 0.0
0.03012465373961219 1765.5 0.0
0.030240073868882732 1765.5 0.0
0.030470914127423823 1921.5 0.0
0.030586334256694367 1987.0 0.0
0.03070175438596491 2207.0 0.0
0.031048014773776545 2427.0 0.0
0.031163434903047092 2427.0 0.0
0.03139427516158818 2122.0 0.0
0.033010156971375805 2948.0 0.0
0.033125577100646356 2551.0 0.0
0.0332409972299169 2948.0 0.0
0.03347183748845799 2948.0 0.0
0.03404893813481071 2551.0 0.0
0.0342797783933518 2210.0 0.0
0.03451061865189289 2210.0 0.0
0.03462603878116344 1883.0 0.0
0.034856879039704525 2975.0 0.0
0.03497229916897507 2975.0 0.0
0.03508771929824561 1897.0 0.0
0.035203139427516156 2224.5 0.0
0.035549399815327794 2975.0 0.0
0.03566481994459834 2766.0 0.0
0.03578024007386888 2572.0 0.0
0.035895660203139425 2975.0 0.0
0.036011080332409975 2975.0 0.0
0.03612650046168052 2572.0 0.0
0.03624192059095106 2572.0 0.0
0.036357340720221606 1897.0 0.0
0.03647276084949215 1897.0 0.0
0.036588180978762694 1897.0 0.0
0.036703601108033244 2572.0 0.0
0.03681902123730379 2058.0 0.0
0.03693444136657433 2315.0 0.0
0.037049861495844875 2058.0 0.0
0.03716528162511542 2315.0 0.0
0.03728070175438596 2318.5 0.0
0.037396121883656507 2622.0 0.0
0.03785780240073869 2596.0 0.0
0.03831948291782087 2563.0 0.0
0.038434903047091414 2603.0 0.0
0.03855032317636196 2563.5 0.0
0.0386657433056325 2603.0 0.0
0.038781163434903045 2524.0 0.0
0.038896583564173595 2749.5 0.0
0.03901200369344414 2975.0 0.0
0.039242843951985226 2975.0 0.0
0.03935826408125577 2608.0 0.0
0.039473684210526314 2608.0 0.0
0.03958910433979686 2975.0 0.0
0.03970452446906741 2608.0 0.0
0.03981994459833795 2346.0 0.0
0.039935364727608495 2608.0 0.0
0.04005078485687904 2654.0 0.0
0.04016620498614958 2654.0 0.0
0.040281625115420126 2654.0 0.0
0.04051246537396122 1931.0 0.0
0.04074330563250231 2293.0 0.0
0.04120498614958449 2655.0 0.0
0.04132040627885503 2293.0 0.0
0.04155124653739612 2233.0 0.0
0.041666666666666664 1933.0 0.0
0.04178208679593721 2403.3333333333335 0.0
0.04189750692520776 1933.0 0.0
0.0420129270544783 1933.0 0.0
0.042128347183748846 2305.0 0.0
0.04224376731301939 2677.0 0.0
0.04235918744228993 2677.0 0.0
0.04247460757156048 2561.0 0.0
0.04259002770083103 2561.0 0.0
0.04270544783010157 2561.0 0.0
0.042820867959372115 2677.0 0.0
0.04293628808864266 2650.0 0.0
0.0430517082179132 2393.5 0.0
0.043167128347183746 2446.0 0.0
0.04339796860572484 2470.0 0.0
0.043513388734995384 2510.5 0.0
0.043859649122807015 2623.0 0.0
0.043975069252077566 2713.0 0.0
0.0443213296398892 2680.0 0.0
0.04443674976915974 2680.0 0.0
0.04489843028624192 2845.0 0.0
0.045013850415512466 2680.0 0.0
0.04512927054478301 2680.0 0.0
0.04524469067405355 1951.0 0.0
0.04547553093259465 2229.0 0.0
0.04559095106186519 2229.0 0.0
0.04593721144967682 2680.0 0.0
0.046052631578947366 2682.0 0.0
0.046168051708217916 2682.0 0.0
0.04628347183748846 2682.0 0.0
0.04662973222530009 2393.5 0.0
0.046745152354570635 2675.5 0.0
0.04709141274238227 2446.0 0.0
0.04720683287165282 2446.0 0.0
0.04732225300092336 2446.0 0.0
0.047437673130193904 2446.0 0.0
0.04778393351800554 2344.0 0.0
0.047899353647276086 2344.0 0.0
0.04801477377654663 3010.0 0.0
0.04813019390581717 2232.0 0.0
0.04824561403508772 3010.0 0.0
0.04847645429362881 2344.0 0.0
0.048591874422899355 2344.0 0.0
0.04882271468144044 2688.0 0.0
0.048938134810710986 3010.0 0.0
0.04951523545706371 2431.0 0.0
0.049630655586334255 2495.0 0.0
0.04986149584487535 2495.0 0.0
0.04997691597414589 2431.0 0.0
0.050092336103416436 2367.0 0.0
0.05020775623268698 2431.0 0.0
0.050323176361957524 2367.0 0.0
0.05043859649122807 2367.0 0.0
0.05066943674976916 2495.0 0.0
0.050784856879039705 2432.0 0.0
0.05090027700831025 2495.0 0.0
0.051131117266851336 2495.0 0.0
0.05170821791320406 2496.0 0.0
0.05274699907663897 2435.0 0.0
0.052977839335180056 1825.0 0.0
0.0530932594644506 1825.0 0.0
0.053208679593721143 1825.0 0.0
0.05343951985226224 1825.0 0.0
0.05378578024007387 1825.0 0.0
0.0541320406278855 1825.0 0.0
0.05424746075715605 2436.0 0.0
0.054362880886426594 1825.0 0.0
0.05447830101569714 1825.0 0.0
0.05459372114496768 1825.0 0.0
0.054709141274238225 1825.0 0.0
0.05482456140350877 1825.0 0.0
0.05493998153277932 2130.5 0.0
0.05505540166204986 2047.0 0.0
0.05517082179132041 2269.0 0.0
0.055401662049861494 2269.0 0.0
0.05551708217913204 2269.0 0.0
0.05563250230840259 2269.0 0.0
0.05597876269621422 2301.0 0.0
0.05620960295475531 2301.0 0.0
0.05632502308402586 2301.0 0.0
0.0564404432132964 2342.0 0.0
0.056555863342566945 2321.6666666666665 0.0
0.05667128347183749 2447.6666666666665 0.0
0.056902123730378576 2659.0 0.0
0.05713296398891967 2383.0 0.0
0.057248384118190214 2521.5 0.0
0.057594644506001845 2301.0 0.0
0.05782548476454294 2299.5 0.0
0.05817174515235457 2298.0 0.0
0.05840258541089566 2298.0 0.0
0.058748845798707296 2298.0 0.0
0.05886426592797784 2403.0 0.0
0.05897968605724838 2403.0 0.0
0.059441366574330565 2437.0 0.0
0.05955678670360111 2509.0 0.0
0.05967220683287165 2302.0 0.0
0.059787626962142196 2509.0 0.0
0.05990304709141274 2302.0 0.0
0.06001846722068329 2510.0 0.0
0.06036472760849492 2437.0 0.0
0.060480147737765465 2511.0 0.0
0.060941828254847646 2475.5 0.0
0.06105724838411819 2475.5 0.0
0.061172668513388734 2440.0 0.0
0.06128808864265928 2653.5 0.0
0.06140350877192982 2618.0 0.0
0.06151892890120037 2440.0 0.0
0.06244228993536473 2797.0 0.0
0.06348107109879964 2797.0 0.0
0.06359649122807018 2797.0 0.0
0.06371191135734072 2729.0 0.0
0.06382733148661127 2403.0 0.0
0.06394275161588181 2403.0 0.0
0.06405817174515235 2797.0 0.0
0.0641735918744229 2546.6666666666665 0.0
0.06428901200369344 2601.5 0.0
0.06440443213296398 2773.0 0.0
0.06451985226223453 2403.0 0.0
0.06463527239150507 2403.0 0.0
0.06475069252077563 2601.5 0.0
0.0652123730378578 2403.0 0.0
0.06532779316712835 2800.0 0.0
0.06544321329639889 2800.0 0.0
0.06555863342566944 2800.0 0.0
0.06567405355493998 2800.0 0.0
0.06590489381348107 2800.0 0.0
0.06602031394275161 2800.0 0.0
0.06613573407202217 2800.0 0.0
0.06625115420129271 2403.0 0.0
0.0664819944598338 2403.0 0.0
0.06671283471837489 2800.0 0.0
0.06740535549399815 2403.0 0.0
0.06786703601108034 2774.5 0.0
0.06798245614035088 2748.0 0.0
0.06809787626962142 2774.5 0.0
0.06844413665743306 2781.0 0.0
0.06890581717451523 2575.5 0.0
0.06902123730378577 2403.0 0.0
0.0695983379501385 2748.0 0.0
0.06971375807940905 2748.0 0.0
0.0698291782086796 2815.0 0.0
0.06994459833795014 2692.0 0.0
0.07006001846722068 2702.5 0.0
0.07017543859649122 2717.6666666666665 0.0
0.07029085872576177 2669.0 0.0
0.07040627885503231 2669.0 0.0
0.07052169898430287 2748.0 0.0
0.07075253924284396 2748.0 0.0
0.0708679593721145 2590.0 0.0
0.07098337950138504 2748.0 0.0
0.07179132040627885 2590.0 0.0
0.0719067405355494 2590.0 0.0
0.07202216066481995 2670.0 0.0
0.0721375807940905 2426.0 0.0
0.07225300092336104 2588.0 0.0
0.07236842105263158 2426.0 0.0
0.07248384118190213 2426.0 0.0
0.07259926131117267 2426.0 0.0
0.07271468144044321 2426.0 0.0
0.07283010156971376 2429.0 0.0
0.07317636195752539 2590.0 0.0
0.07340720221606649 2590.0 0.0
0.07375346260387812 2510.0 0.0
0.0742151431209603 2520.0 0.0
0.07479224376731301 2647.0 0.0
0.07490766389658357 2647.0 0.0
0.0752539242843952 2428.0 0.0
0.07536934441366575 2647.0 0.0
0.07548476454293629 2647.0 0.0
0.07606186518928901 2462.0 0.0
0.07617728531855955 2462.0 0.0
0.0762927054478301 2462.0 0.0
0.07640812557710065 2462.0 0.0
0.0765235457063712 2462.0 0.0
0.07663896583564174 2462.0 0.0
0.07675438596491228 2462.0 0.0
0.07710064635272391 2462.0 0.0
0.07721606648199446 2608.5 0.0
0.077331486611265 2608.5 0.0
0.07756232686980609 2755.0 0.0
0.07767774699907663 2755.0 0.0
0.07779316712834719 2629.0 0.0
0.07790858725761773 2629.0 0.0
0.07802400738688828 2692.0 0.0
0.07813942751615882 2692.0 0.0
0.07825484764542937 2629.0 0.0
0.07894736842105263 2755.0 0.0
0.07917820867959371 2755.0 0.0
0.07929362880886427 2755.0 0.0
0.07940904893813482 2755.0 0.0
0.07952446906740536 2755.0 0.0
0.07987072945521699 2775.0 0.0
0.07998614958448753 2775.0 0.0
0.08010156971375808 2775.0 0.0
0.08067867036011081 2592.0 0.0
0.08102493074792244 2704.0 0.0
0.08114035087719298 2777.0 0.0
0.08160203139427516 2678.3333333333335 0.0
0.0817174515235457 2718.5 0.0
0.08183287165281625 2667.0 0.0
0.08194829178208679 2632.5 0.0
0.08206371191135733 2598.0 0.0
0.08217913204062789 2682.0 0.0
0.08229455216989844 2724.0 0.0
0.08252539242843952 2727.0 0.0
0.08367959372114497 2786.0 0.0
0.08379501385041552 2786.0 0.0
0.08391043397968606 2786.0 0.0
0.08414127423822715 2678.0 0.0
0.08425669436749769 2678.0 0.0
0.08437211449676824 2678.0 0.0
0.08518005540166206 2650.0 0.0
0.0852954755309326 2650.0 0.0
0.08541089566020314 2512.0 0.0
0.08552631578947369 2848.0 0.0
0.08564173591874423 2848.0 0.0
0.08587257617728532 2512.0 0.0
0.08598799630655586 2512.0 0.0
0.08621883656509695 2512.0 0.0
0.08633425669436749 2650.5 0.0
0.08644967682363804 2513.0 0.0
0.08668051708217914 2788.0 0.0
0.08679593721144968 2788.0 0.0
0.08714219759926131 2932.5 0.0
0.08725761772853186 3185.0 0.0
0.0873730378578024 2681.0 0.0
0.08748845798707294 3185.0 0.0
0.08875807940904894 2684.0 0.0
0.08933518005540166 2513.0 0.0
0.08956602031394276 2685.0 0.0
0.0896814404432133 2685.0 0.0
0.08979686057248384 2685.0 0.0
0.08991228070175439 2686.0 0.0
0.09002770083102493 2686.0 0.0
0.09014312096029548 2936.5 0.0
0.09025854108956602 2936.5 0.0
0.0904893813481071 2686.0 0.0
0.09060480147737765 2686.0 0.0
0.0907202216066482 2686.0 0.0
0.0909510618651893 2686.0 0.0
0.09118190212373038 2686.0 0.0
0.09152816251154201 3187.0 0.0
0.09164358264081256 3187.0 0.0
0.09268236380424746 2538.0 0.0
0.09279778393351801 2538.0 0.0
0.09776084949215143 2714.0 0.0
0.10468605724838412 3376.0 0.0
0.10480147737765466 3376.0 0.0
0.1049168975069252 3377.0 0.0
0.1084949215143121 3383.0 0.0
0.10872576177285319 3039.0 0.0
0.10884118190212373 3383.0 0.0
0.11034164358264081 3383.0 0.0
0.11080332409972299 3383.0 0.0
0.11103416435826408 3383.0 0.0
0.11114958448753462 3383.0 0.0
0.11161126500461681 3384.0 0.0
0.11172668513388735 3384.0 0.0
0.1141505078485688 3354.0 0.0
0.11426592797783934 3354.0 0.0
0.11438134810710988 3354.0 0.0
0.11461218836565097 3354.0 0.0
0.11472760849492152 3354.0 0.0
0.1149584487534626 3354.0 0.0
0.14185133887349954 2874.0 0.0
0.1419667590027701 2874.0 0.0
0.14208217913204063 2874.0 0.0
0.14219759926131118 2874.0 0.0
0.15120036934441367 2875.0 0.0
0.1513157894736842 2875.0 0.0
0.15454755309325946 3769.0 0.0
0.15466297322253 3769.0 0.0
0.15477839335180055 3769.0 0.0
0.15524007386888272 3769.0 0.0
0.15535549399815327 3769.0 0.0
0.15674053554939982 3769.0 0.0
0.1569713758079409 3769.0 0.0
0.1587026777469991 2877.0 0.0
0.1615881809787627 2877.0 0.0
0.18224838411819022 3813.0 0.0
0.18882733148661127 3818.0 0.0
0.1889427516158818 3818.0 0.0
0.18940443213296398 3818.0 0.0
0.18951985226223453 3818.0 0.0
0.18963527239150507 3818.0 0.0
0.18986611265004616 3818.0 0.0
0.1904432132963989 3818.0 0.0
0.19055863342566945 3818.0 0.0
0.19090489381348108 3818.0 0.0
0.19102031394275162 3819.0 0.0
0.19425207756232687 3682.0 0.0
0.19436749769159742 3682.0 0.0
0.19471375807940905 3819.0 0.0
0.19552169898430286 3819.0 0.0
0.19609879963065557 3819.0 0.0
0.19759926131117267 3760.5 0.0
0.1977146814404432 3702.0 0.0
0.1979455216989843 3819.0 0.0
0.19863804247460756 3819.0 0.0
0.20094644506001846 3820.0 0.0
0.2012927054478301 3820.0 0.0
0.20140812557710064 3820.0 0.0
0.20152354570637118 3820.0 0.0
0.20302400738688828 3831.0 0.0
0.20579409048938135 3834.0 0.0
0.20614035087719298 3834.0 0.0
0.20625577100646353 3834.0 0.0
0.20637119113573407 3834.0 0.0
0.20648661126500462 3834.0 0.0
0.24399815327793167 3939.0 0.0
0.24411357340720222 3939.0 0.0
0.24422899353647276 3939.0 0.0
0.24445983379501385 3939.0 0.0
0.2445752539242844 3939.0 0.0
0.24469067405355494 3939.0 0.0
0.24480609418282548 3939.0 0.0
0.24492151431209602 3939.0 0.0
0.24676823638042475 3939.0 0.0
0.2468836565096953 3939.0 0.0
0.2476915974145891 3940.0 0.0
0.24780701754385964 3940.0 0.0
0.24803785780240073 3940.0 0.0
0.24815327793167127 3940.0 0.0
0.24826869806094182 3940.0 0.0
0.24861495844875348 3943.0 0.0
0.24873037857802402 3943.0 0.0
0.25011542012927057 3943.0 0.0
0.2502308402585411 3943.0 0.0
0.25092336103416435 3943.0 0.0
0.2528855032317636 3947.0 0.0
0.2531163434903047 3947.0 0.0
0.2558864265927978 3949.0 0.0
0.2561172668513389 3949.0 0.0
0.27031394275161585 3407.0 0.0
0.27516158818097874 4048.0 0.0
0.2752770083102493 4048.0 0.0
0.27539242843951983 4048.0 0.0
0.27966297322253003 4055.0 0.0
0.2798938134810711 4055.0 0.0
0.28000923361034163 4055.0 0.0
0.2931671283471837 4112.0 0.0
0.2946675900277008 4112.0 0.0
0.2947830101569714 4112.0 0.0
0.295129270544783 4112.0 0.0
0.29524469067405357 4112.0 0.0
0.29570637119113574 4112.0 0.0
0.29605263157894735 4112.0 0.0
0.297668513388735 4112.0 0.0
0.29939981532779314 4112.0 0.0
0.2999769159741459 4112.0 0.0
0.30066943674976915 4170.0 0.0
0.3028624192059095 4171.0 0.0
0.3680747922437673 3699.0 0.0
0.3956602031394275 4347.0 0.0
0.39658356417359186 4348.0 0.0
0.6030701754385965 4923.0 0.0
0.6307710064635272 5603.0 0.0
0.9988457987072945 5980.0 0.0
1.0 5980.0 0.0
