10333
0.00011542012927054478 640.7210295475531 0.0
0.00023084025854108956 1039.0273200346921 0.0
0.00034626038781163435 1426.5855855855855 0.0
0.0004616805170821791 1846.7567567567567 0.0
0.0005771006463527239 2072.4719626168226 0.0
0.0006925207756232687 2265.096256684492 0.0
0.0008079409048938135 2443.480836236934 0.0
0.0009233610341643582 2622.8867924528304 0.0
0.001038781163434903 2902.5315789473684 0.0
0.0011542012927054479 3063.5304878048782 0.0
0.0012696214219759926 3080.214285714286 0.0
0.0013850415512465374 3269.2214285714285 0.0
0.0015004616805170822 3390.8467741935483 0.0
0.001615881809787627 3628.099099099099 0.0
0.0017313019390581717 3646.4326923076924 0.0
0.0018467220683287165 3737.635294117647 0.0
0.0019621421975992612 3913.3088235294117 0.0
0.002077562326869806 3910.0625 0.0
0.0021929824561403508 4099.365384615385 0.0
0.0023084025854108957 4158.677966101695 0.0
0.0024238227146814403 4234.921568627451 0.0
0.0025392428439519853 4468.377777777778 0.0
0.00265466297322253 4299.833333333333 0.0
0.002770083102493075 4321.181818181818 0.0
0.0028855032317636198 4521.8 0.0
0.0030009233610341643 4650.5142857142855 0.0
0.0031163434903047093 4658.757575757576 0.0
0.003231763619575254 4628.037037037037 0.0
0.003347183748845799 4681.866666666667 0.0
0.0034626038781163434 4811.884615384615 0.0
0.0035780240073868884 4960.9655172413795 0.0
0.003693444136657433 4902.68 0.0
0.003808864265927978 5165.56 0.0
0.0039242843951985225 5097.75 0.0
0.004039704524469067 5193.6 0.0
0.004155124653739612 5453.333333333333 0.0
0.004270544783010157 5522.894736842105 0.0
0.0043859649122807015 5724.25 0.0
0.004501385041551247 5480.105263157895 0.0
0.0046168051708217915 5182.133333333333 0.0
0.004732225300092336 5357.764705882353 0.0
0.004847645429362881 5489.75 0.0
0.004963065558633426 5212.9375 0.0
0.0050784856879039705 5578.105263157895 0.0
0.005193905817174515 5910.111111111111 0.0
0.00530932594644506 5886.5 0.0
0.005424746075715605 6067.416666666667 0.0
0.00554016620498615 5908.307692307692 0.0
0.005655586334256694 5894.0 0.0
0.0057710064635272396 5776.357142857143 0.0
0.005886426592797784 5862.4 0.0
0.006001846722068329 5919.545454545455 0.0
0.006117266851338873 6062.846153846154 0.0
0.006232686980609419 6310.6 0.0
0.006348107109879963 6184.875 0.0
0.006463527239150508 6361.545454545455 0.0
0.006578947368421052 6506.1875 0.0
0.006694367497691598 6512.9 0.0
0.006809787626962142 6557.333333333333 0.0
0.006925207756232687 6467.666666666667 0.0
0.007040627885503232 6920.0 0.0
0.007156048014773777 6802.666666666667 0.0
0.007271468144044321 6443.666666666667 0.0
0.007386888273314866 6658.142857142857 0.0
0.007502308402585411 6451.25 0.0
0.007617728531855956 6660.875 0.0
0.0077331486611265 6765.4 0.0
0.007848568790397045 6322.0 0.0
0.00796398891966759 7173.0 0.0
0.008079409048938134 6844.333333333333 0.0
0.00819482917820868 6793.111111111111 0.0
0.008310249307479225 7010.3 0.0
0.008425669436749769 7158.3 0.0
0.008541089566020314 6683.090909090909 0.0
0.00865650969529086 6755.545454545455 0.0
0.008771929824561403 6751.333333333333 0.0
0.008887349953831948 6779.666666666667 0.0
0.009002770083102494 6958.0 0.0
0.009118190212373038 6836.0 0.0
0.009233610341643583 6897.333333333333 0.0
0.009349030470914127 6984.666666666667 0.0
0.009464450600184672 6617.625 0.0
0.009579870729455217 6873.5 0.0
0.009695290858725761 6984.5 0.0
0.009810710987996307 7289.8 0.0
0.009926131117266852 7148.875 0.0
0.010041551246537396 6786.857142857143 0.0
0.010156971375807941 7161.25 0.0
0.010272391505078486 6999.6 0.0
0.01038781163434903 6854.5 0.0
0.010503231763619576 6935.0 0.0
0.01061865189289012 7108.285714285715 0.0
0.010734072022160665 7225.0 0.0
0.01084949215143121 7544.166666666667 0.0
0.010964912280701754 7352.0 0.0
0.0110803324099723 7580.0 0.0
0.011195752539242845 7361.6 0.0
0.011311172668513388 7162.714285714285 0.0
0.011426592797783934 7294.857142857143 0.0
0.011542012927054479 7284.222222222223 0.0
0.011657433056325023 7155.0 0.0
0.011772853185595568 7485.0 0.0
0.011888273314866112 6963.4 0.0
0.012003693444136657 7131.75 0.0
0.012119113573407203 7802.333333333333 0.0
0.012234533702677746 6977.333333333333 0.0
0.012349953831948292 7064.666666666667 0.0
0.012465373961218837 7823.5 0.0
0.012580794090489381 7529.5 0.0
0.012696214219759926 7244.25 0.0
0.012811634349030472 7211.666666666667 0.0
0.012927054478301015 7349.5 0.0
0.01304247460757156 7549.75 0.0
0.013157894736842105 7332.333333333333 0.0
0.01327331486611265 7307.0 0.0
0.013388734995383195 7183.75 0.0
0.013504155124653739 7335.2 0.0
0.013619575253924284 7710.5 0.0
0.01373499538319483 7610.666666666667 0.0
0.013850415512465374 7431.6 0.0
0.013965835641735919 7767.666666666667 0.0
0.014081255771006464 7764.0 0.0
0.014196675900277008 7810.666666666667 0.0
0.014312096029547553 7389.666666666667 0.0
0.014427516158818097 7574.6 0.0
0.014542936288088643 7385.5 0.0
0.014658356417359188 7514.0 0.0
0.014773776546629732 7657.75 0.0
0.014889196675900277 7879.333333333333 0.0
0.015004616805170823 7597.75 0.0
0.015120036934441366 7765.833333333333 0.0
0.015235457063711912 7717.333333333333 0.0
0.015350877192982455 7783.4 0.0
0.015466297322253 7704.2 0.0
0.015581717451523546 7805.4 0.0
0.01569713758079409 7730.4 0.0
0.015812557710064637 7924.8 0.0
0.01592797783933518 7656.0 0.0
0.016043397968605724 8222.0 0.0
0.016158818097876268 8130.2 0.0
0.016274238227146815 7754.0 0.0
0.01638965835641736 7820.0 0.0
0.016505078485687903 7519.333333333333 0.0
0.01662049861495845 7963.666666666667 0.0
0.016735918744228993 7854.25 0.0
0.016851338873499537 7744.333333333333 0.0
0.016966759002770084 7683.75 0.0
0.017082179132040628 7499.5 0.0
0.01719759926131117 7928.25 0.0
0.01731301939058172 7832.333333333333 0.0
0.017428439519852262 7968.8 0.0
0.017543859649122806 8239.0 0.0
0.017659279778393353 7594.0 0.0
0.017774699907663897 8219.5 0.0
0.01789012003693444 7987.25 0.0
0.018005540166204988 8049.0 0.0
0.01812096029547553 8010.0 0.0
0.018236380424746075 7935.5 0.0
0.018351800554016622 7912.5 0.0
0.018467220683287166 8102.0 0.0
0.01858264081255771 7888.0 0.0
0.018698060941828253 8227.0 0.0
0.0188134810710988 8239.0 0.0
0.018928901200369344 8268.0 0.0
0.019044321329639888 8174.0 0.0
0.019159741458910435 8142.0 0.0
0.019390581717451522 8242.0 0.0
0.01950600184672207 8395.333333333334 0.0
0.019621421975992613 8133.428571428572 0.0
0.019736842105263157 8074.0 0.0
0.019852262234533704 8135.6 0.0
0.019967682363804248 8033.666666666667 0.0
0.02008310249307479 8093.2 0.0
0.02019852262234534 7806.0 0.0
0.020313942751615882 8472.0 0.0
0.020429362880886426 8487.0 0.0
0.020544783010156973 8064.0 0.0
0.020660203139427517 7927.5 0.0
0.02077562326869806 8311.0 0.0
0.020891043397968604 8399.25 0.0
0.02100646352723915 8319.5 0.0
0.021121883656509695 8280.8 0.0
0.02123730378578024 8342.333333333334 0.0
0.021352723915050786 8328.5 0.0
0.02146814404432133 8402.666666666666 0.0
0.021583564173591873 8470.0 0.0
0.02169898430286242 8321.0 0.0
0.021814404432132964 8081.0 0.0
0.021929824561403508 8364.333333333334 0.0
0.022045244690674055 8221.0 0.0
0.0221606648199446 8489.0 0.0
0.022276084949215142 8481.0 0.0
0.02239150507848569 8271.6 0.0
0.022506925207756233 8453.0 0.0
0.022622345337026777 8315.8 0.0
0.022737765466297324 8129.5 0.0
0.022853185595567867 7983.25 0.0
0.02296860572483841 8318.6 0.0
0.023084025854108958 8281.6 0.0
0.023199445983379502 8192.166666666666 0.0
0.023314866112650046 8332.2 0.0
0.02343028624192059 8373.666666666666 0.0
0.023545706371191136 8181.0 0.0
0.023776546629732224 7817.0 0.0
0.024238227146814405 8548.0 0.0
0.02435364727608495 8549.0 0.0
0.024469067405355493 8550.0 0.0
0.02458448753462604 8354.0 0.0
0.024699907663896584 8464.0 0.0
0.024815327793167127 8205.0 0.0
0.024930747922437674 8574.0 0.0
0.025046168051708218 8399.5 0.0
0.02527700831024931 8362.0 0.0
0.025392428439519853 8377.0 0.0
0.025507848568790396 8019.0 0.0
0.025623268698060944 8459.0 0.0
0.025738688827331487 8462.0 0.0
0.02585410895660203 8288.0 0.0
0.025969529085872575 8448.5 0.0
0.02608494921514312 8135.0 0.0
0.026200369344413665 8277.0 0.0
0.02631578947368421 8295.0 0.0
0.026431209602954756 8375.25 0.0
0.0265466297322253 8452.0 0.0
0.026662049861495844 8568.0 0.0
0.026892890120036934 8473.0 0.0
0.027008310249307478 8315.5 0.0
0.027123730378578025 8436.0 0.0
0.02723915050784857 8336.5 0.0
0.027354570637119113 8497.0 0.0
0.02746999076638966 8378.0 0.0
0.027585410895660203 8322.0 0.0
0.027700831024930747 8480.5 0.0
0.027816251154201294 8385.666666666666 0.0
0.027931671283471838 8374.0 0.0
0.02804709141274238 8428.0 0.0
0.02816251154201293 8576.0 0.0
0.028277931671283472 8436.0 0.0
0.028393351800554016 8656.5 0.0
0.02850877192982456 8605.333333333334 0.0
0.028624192059095107 8610.333333333334 0.0
0.02873961218836565 8550.0 0.0
0.028855032317636194 8671.0 0.0
0.02897045244690674 8608.0 0.0
0.029085872576177285 8554.5 0.0
0.02920129270544783 8608.5 0.0
0.029316712834718376 8609.0 0.0
0.02943213296398892 8469.0 0.0
0.029547553093259463 8717.0 0.0
0.029778393351800554 8722.0 0.0
0.030009233610341645 8727.0 0.0
0.03012465373961219 8728.0 0.0
0.03035549399815328 8734.0 0.0
0.030470914127423823 8737.0 0.0
0.03070175438596491 8772.0 0.0
0.030817174515235458 8772.0 0.0
0.030932594644506 8702.0 0.0
0.031048014773776545 8846.0 0.0
0.031163434903047092 8846.0 0.0
0.031278855032317636 8817.0 0.0
0.03139427516158818 8818.5 0.0
0.03150969529085872 8863.0 0.0
0.031625115420129274 8679.0 0.0
0.03174053554939982 8626.0 0.0
0.03185595567867036 8643.5 0.0
0.031971375807940905 8396.0 0.0
0.03208679593721145 8631.0 0.0
0.03220221606648199 8455.0 0.0
0.032317636195752536 8808.0 0.0
0.03243305632502309 8839.5 0.0
0.03254847645429363 8875.0 0.0
0.032663896583564174 8844.0 0.0
0.03277931671283472 8631.5 0.0
0.03289473684210526 8791.5 0.0
0.033010156971375805 8823.0 0.0
0.03358725761772853 8889.0 0.0
0.033702677746999074 8889.0 0.0
0.03393351800554017 8389.0 0.0
0.03404893813481071 8390.0 0.0
0.03439519852262234 8459.5 0.0
0.03451061865189289 8460.0 0.0
0.03462603878116344 8466.5 0.0
0.03474145891043398 8038.0 0.0
0.034856879039704525 8040.0 0.0
0.03497229916897507 8469.5 0.0
0.03508771929824561 8044.0 0.0
0.035203139427516156 8472.0 0.0
0.035318559556786706 8050.0 0.0
0.035549399815327794 8054.0 0.0
0.03566481994459834 8083.0 0.0
0.035895660203139425 8161.0 0.0
0.036011080332409975 8163.0 0.0
0.03612650046168052 8905.0 0.0
0.03624192059095106 8905.0 0.0
0.036357340720221606 8905.0 0.0
0.036588180978762694 8905.0 0.0
0.03728070175438596 8909.0 0.0
0.03751154201292706 8909.0 0.0
0.037742382271468145 8853.0 0.0
0.03785780240073869 8853.0 0.0
0.03797322253000923 8853.0 0.0
0.038434903047091414 8943.0 0.0
0.038896583564173595 9089.5 0.0
0.03901200369344414 8967.0 0.0
0.039242843951985226 9217.0 0.0
0.03958910433979686 9219.0 0.0
0.03970452446906741 9219.0 0.0
0.04005078485687904 8981.0 0.0
0.04016620498614958 8981.0 0.0
0.040281625115420126 8982.0 0.0
0.04039704524469068 8984.0 0.0
0.04051246537396122 8984.0 0.0
0.040627885503231764 8984.0 0.0
0.041089566020313946 8993.0 0.0
0.04143582640812558 8914.0 0.0
0.04155124653739612 8997.0 0.0
0.041666666666666664 8999.666666666666 0.0
0.04178208679593721 9226.0 0.0
0.04189750692520776 9111.0 0.0
0.0420129270544783 9112.0 0.0
0.04224376731301939 9226.0 0.0
0.04235918744228993 9001.0 0.0
0.042820867959372115 9011.0 0.0
0.04293628808864266 8993.0 0.0
0.0430517082179132 9011.0 0.0
0.043167128347183746 9011.0 0.0
0.0432825484764543 9011.0 0.0
0.04362880886426593 8758.0 0.0
0.043859649122807015 9006.0 0.0
0.04466759002770083 8553.0 0.0
0.04489843028624192 8557.0 0.0
0.04559095106186519 8840.0 0.0
0.045706371191135735 8705.5 0.0
0.04582179132040628 8708.0 0.0
0.04593721144967682 8841.0 0.0
0.046052631578947366 8841.0 0.0
0.04709141274238227 8883.0 0.0
0.04732225300092336 9114.0 0.0
0.047437673130193904 8999.0 0.0
0.04755309325946445 8884.0 0.0
0.047668513388735 8884.0 0.0
0.047899353647276086 8884.0 0.0
0.04905355493998153 9057.0 0.0
0.04939981532779317 8925.0 0.0
0.04951523545706371 8991.5 0.0
0.0497460757156048 8925.0 0.0
0.04986149584487535 9060.0 0.0
0.05020775623268698 9082.0 0.0
0.050323176361957524 9082.0 0.0
0.050784856879039705 9090.0 0.0
0.051131117266851336 9121.0 0.0
0.05124653739612189 9152.0 0.0
0.05136195752539243 9152.0 0.0
0.051477377654662974 9153.0 0.0
0.05159279778393352 9153.0 0.0
0.05170821791320406 9162.0 0.0
0.05193905817174515 9162.0 0.0
0.05228531855955679 9162.0 0.0
0.05240073868882733 9169.0 0.0
0.05274699907663897 9170.0 0.0
0.052977839335180056 8971.0 0.0
0.0530932594644506 9172.0 0.0
0.053208679593721143 8972.0 0.0
0.05378578024007387 9093.0 0.0
0.05390120036934441 9091.666666666666 0.0
0.054016620498614956 9073.5 0.0
0.05424746075715605 9047.5 0.0
0.054362880886426594 9097.0 0.0
0.05447830101569714 9004.0 0.0
0.05459372114496768 9097.0 0.0
0.054709141274238225 9097.0 0.0
0.05482456140350877 9097.0 0.0
0.05505540166204986 9141.0 0.0
0.05517082179132041 9141.0 0.0
0.055401662049861494 9093.5 0.0
0.05551708217913204 9126.0 0.0
0.05563250230840259 9142.0 0.0
0.05574792243767313 9118.5 0.0
0.055863342566943676 9185.0 0.0
0.05632502308402586 9187.0 0.0
0.05678670360110803 9101.0 0.0
0.056902123730378576 9101.0 0.0
0.05701754385964912 9101.0 0.0
0.057248384118190214 9101.0 0.0
0.05736380424746076 9101.0 0.0
0.057594644506001845 9103.0 0.0
0.05782548476454294 9103.0 0.0
0.05794090489381348 9103.0 0.0
0.05805632502308403 9103.0 0.0
0.058287165281625114 9105.0 0.0
0.05863342566943675 9127.0 0.0
0.05886426592797784 9136.0 0.0
0.05897968605724838 9136.0 0.0
0.05921052631578947 9135.5 0.0
0.05932594644506002 9128.0 0.0
0.059441366574330565 9143.0 0.0
0.05967220683287165 9144.0 0.0
0.059787626962142196 9153.0 0.0
0.05990304709141274 9153.0 0.0
0.06001846722068329 9154.0 0.0
0.06151892890120037 9132.0 0.0
0.06451985226223453 9095.0 0.0
0.06463527239150507 9095.0 0.0
0.06475069252077563 9095.0 0.0
0.06486611265004617 9095.0 0.0
0.06498153277931672 9095.0 0.0
0.06705909510618652 9134.0 0.0
0.06717451523545706 9134.0 0.0
0.06752077562326869 9134.0 0.0
0.06763619575253925 9135.0 0.0
0.06786703601108034 9143.0 0.0
0.06844413665743306 9295.0 0.0
0.06867497691597414 9295.0 0.0
0.06879039704524469 9296.0 0.0
0.06971375807940905 9162.0 0.0
0.0698291782086796 9162.0 0.0
0.07029085872576177 9164.0 0.0
0.07052169898430287 9302.0 0.0
0.07098337950138504 9304.0 0.0
0.07109879963065559 9304.0 0.0
0.07121421975992613 9304.0 0.0
0.07132963988919667 9304.0 0.0
0.07156048014773776 9304.0 0.0
0.0719067405355494 9185.0 0.0
0.07202216066481995 9198.0 0.0
0.07225300092336104 9310.0 0.0
0.07259926131117267 9313.0 0.0
0.07271468144044321 9313.0 0.0
0.07283010156971376 9313.0 0.0
0.0729455216989843 9210.0 0.0
0.07329178208679593 9215.0 0.0
0.07340720221606649 9215.0 0.0
0.07352262234533703 9215.0 0.0
0.07375346260387812 9216.0 0.0
0.07409972299168975 9284.5 0.0
0.0742151431209603 9512.0 0.0
0.07433056325023084 9076.0 0.0
0.07444598337950138 9146.0 0.0
0.07456140350877193 9218.0 0.0
0.07467682363804247 9294.0 0.0
0.07479224376731301 9147.0 0.0
0.07490766389658357 9365.0 0.0
0.07502308402585411 9076.0 0.0
0.07513850415512466 9220.0 0.0
0.07686980609418283 9227.0 0.0
0.07698522622345337 9227.0 0.0
0.077331486611265 9306.0 0.0
0.07802400738688828 9157.0 0.0
0.07813942751615882 9159.0 0.0
0.07825484764542937 9159.0 0.0
0.07837026777469991 9159.0 0.0
0.07987072945521699 9284.0 0.0
0.08010156971375808 9324.0 0.0
0.08044783010156971 9197.0 0.0
0.08056325023084025 9199.0 0.0
0.08160203139427516 9560.0 0.0
0.08194829178208679 9220.0 0.0
0.08217913204062789 9277.0 0.0
0.08229455216989844 9562.0 0.0
0.08240997229916898 9563.0 0.0
0.08310249307479224 9563.0 0.0
0.08333333333333333 9317.0 0.0
0.08344875346260387 9317.0 0.0
0.08356417359187442 9441.5 0.0
0.08367959372114497 9317.0 0.0
0.08379501385041552 9317.0 0.0
0.08471837488457987 9318.0 0.0
0.08483379501385041 9318.0 0.0
0.08506463527239151 9318.0 0.0
0.08518005540166206 9318.0 0.0
0.0852954755309326 9318.0 0.0
0.08575715604801477 9319.0 0.0
0.08598799630655586 9324.0 0.0
0.08621883656509695 9324.0 0.0
0.08633425669436749 9325.0 0.0
0.08644967682363804 9325.0 0.0
0.0865650969529086 9325.0 0.0
0.08668051708217914 9331.0 0.0
0.08795013850415513 9570.0 0.0
0.08898891966759002 9573.0 0.0
0.08945060018467221 9574.0 0.0
0.0896814404432133 9574.0 0.0
0.08979686057248384 9574.0 0.0
0.08991228070175439 9574.0 0.0
0.09037396121883656 9576.0 0.0
0.0904893813481071 9576.0 0.0
0.09060480147737765 9404.0 0.0
0.09083564173591874 9576.0 0.0
0.09118190212373038 9577.0 0.0
0.09129732225300093 9577.0 0.0
0.09314404432132964 9583.0 0.0
0.09325946445060018 9583.0 0.0
0.09475992613111726 9584.0 0.0
0.10030009233610342 9412.0 0.0
0.10041551246537396 9412.0 0.0
0.1005309325946445 9412.0 0.0
0.10064635272391505 9412.0 0.0
0.10076177285318559 9412.0 0.0
0.10099261311172668 9412.0 0.0
0.10145429362880887 9415.0 0.0
0.10156971375807941 9417.0 0.0
0.10168513388734995 9417.0 0.0
0.1018005540166205 9417.0 0.0
0.10191597414589104 9447.5 0.0
0.10203139427516159 9448.5 0.0
0.1053785780240074 9486.0 0.0
0.10549399815327794 9486.0 0.0
0.10560941828254848 9486.0 0.0
0.10572483841181902 9490.0 0.0
0.10595567867036011 9490.0 0.0
0.1061865189289012 9490.0 0.0
0.10653277931671283 9490.0 0.0
0.10664819944598337 9490.0 0.0
0.109533702677747 9495.0 0.0
0.1097645429362881 9431.0 0.0
0.10999538319482918 9367.0 0.0
0.11022622345337027 9544.0 0.0
0.11045706371191136 9370.0 0.0
0.1105724838411819 9386.0 0.0
0.11068790397045244 9387.0 0.0
0.11080332409972299 9387.0 0.0
0.11091874422899353 9416.5 0.0
0.11103416435826408 9387.0 0.0
0.11114958448753462 9416.5 0.0
0.11126500461680518 9448.0 0.0
0.11149584487534626 9448.0 0.0
0.11172668513388735 9448.0 0.0
0.11195752539242844 9396.0 0.0
0.11207294552169898 9449.0 0.0
0.11218836565096953 9449.0 0.0
0.11230378578024007 9449.0 0.0
0.11241920590951061 9396.0 0.0
0.11253462603878116 9396.0 0.0
0.11265004616805172 9397.0 0.0
0.11276546629732226 9397.0 0.0
0.1128808864265928 9450.0 0.0
0.11322714681440443 9454.0 0.0
0.11334256694367498 9454.0 0.0
0.11345798707294552 9454.0 0.0
0.11357340720221606 9458.0 0.0
0.1139196675900277 9458.0 0.0
0.1141505078485688 9458.0 0.0
0.11426592797783934 9458.0 0.0
0.11438134810710988 9458.0 0.0
0.11449676823638043 9458.0 0.0
0.11484302862419206 9458.0 0.0
0.11553554939981532 9463.0 0.0
0.12326869806094183 9622.0 0.0
0.12419205909510618 9432.0 0.0
0.12430747922437674 9432.0 0.0
0.12442289935364728 9432.0 0.0
0.12453831948291783 9432.0 0.0
0.12465373961218837 9433.0 0.0
0.12476915974145891 9433.0 0.0
0.12488457987072946 9434.0 0.0
0.12534626038781163 9434.0 0.0
0.12696214219759927 9438.0 0.0
0.12707756232686981 9438.0 0.0
0.12719298245614036 9438.0 0.0
0.1273084025854109 9438.0 0.0
0.12742382271468145 9438.0 0.0
0.1291551246537396 9583.0 0.0
0.12927054478301014 9585.0 0.0
0.12938596491228072 9585.0 0.0
0.12950138504155126 9585.0 0.0
0.1296168051708218 9585.0 0.0
0.12973222530009235 9585.0 0.0
0.1298476454293629 9585.0 0.0
0.13007848568790398 9585.0 0.0
0.13192520775623268 9592.0 0.0
0.13227146814404434 9592.0 0.0
0.1327331486611265 9594.0 0.0
0.13284856879039705 9594.0 0.0
0.1329639889196676 9594.0 0.0
0.13596491228070176 9598.0 0.0
0.13804247460757155 9600.0 0.0
0.13815789473684212 9600.0 0.0
0.14058171745152354 9606.0 0.0
0.1425438596491228 9606.0 0.0
0.1433518005540166 9606.0 0.0
0.14346722068328716 9607.0 0.0
0.1438134810710988 9607.0 0.0
0.144275161588181 9608.0 0.0
0.14439058171745153 9608.0 0.0
0.1450831024930748 9608.0 0.0
0.14542936288088643 9609.0 0.0
0.14554478301015697 9609.0 0.0
0.1456602031394275 9609.0 0.0
0.17509233610341643 9664.0 0.0
0.17520775623268697 9664.0 0.0
0.1768236380424746 9665.0 0.0
0.17693905817174516 9665.0 0.0
0.18513388734995384 9698.0 0.0
0.2033702677746999 9796.0 0.0
0.2221837488457987 9790.0 0.0
0.2226454293628809 9790.0 0.0
0.22276084949215144 9790.0 0.0
0.22287626962142199 9790.0 0.0
0.22414589104339797 9790.0 0.0
0.2324561403508772 9798.0 0.0
0.23257156048014774 9798.0 0.0
0.23268698060941828 9798.0 0.0
0.23361034164358263 9801.0 0.0
0.23372576177285317 9801.0 0.0
0.23384118190212372 9801.0 0.0
0.23395660203139426 9801.0 0.0
0.23407202216066483 9801.0 0.0
0.23441828254847646 9801.0 0.0
0.234533702677747 9801.0 0.0
0.311865189289012 9912.0 0.0
0.3175207756232687 9918.0 0.0
0.3202908587257618 9925.0 0.0
0.3219067405355494 9927.0 0.0
0.3262927054478301 9928.0 0.0
0.3590720221606648 9956.0 0.0
0.47460757156048017 10039.0 0.0
0.5285087719298246 10076.0 0.0
0.6106879039704525 10126.0 0.0
0.6114958448753463 10135.0 0.0
0.7966297322253001 10210.0 0.0
1.0 10333.0 0.0
