10333
0.00011542012927054478 640.7136426592798 0.0
0.00023084025854108956 1009.2396013864818 0.0
0.00034626038781163435 1412.5083955223881 0.0
0.0004616805170821791 1783.0142180094788 0.0
0.0005771006463527239 1974.5947867298578 0.0
0.0006925207756232687 2230.520123839009 0.0
0.0008079409048938135 2433.451612903226 0.0
0.0009233610341643582 2536.7972350230416 0.0
0.001038781163434903 2651.777777777778 0.0
0.0011542012927054479 2972.35 0.0
0.0012696214219759926 3040.6083916083917 0.0
0.0013850415512465374 3213.187969924812 0.0
0.0015004616805170822 3300.770642201835 0.0
0.001615881809787627 3410.0 0.0
0.0017313019390581717 3586.8214285714284 0.0
0.0018467220683287165 3715.9638554216867 0.0
0.0019621421975992612 3925.364705882353 0.0
0.002077562326869806 4053.720588235294 0.0
0.0021929824561403508 4020.5522388059703 0.0
0.0023084025854108957 4057.078431372549 0.0
0.0024238227146814403 3884.722222222222 0.0
0.0025392428439519853 4132.777777777777 0.0
0.00265466297322253 4378.0 0.0
0.002770083102493075 4409.468085106383 0.0
0.0028855032317636198 4545.854166666667 0.0
0.0030009233610341643 4536.5 0.0
0.0031163434903047093 4757.868421052632 0.0
0.003231763619575254 4738.28125 0.0
0.003347183748845799 4652.535714285715 0.0
0.0034626038781163434 5041.34375 0.0
0.0035780240073868884 4967.62962962963 0.0
0.003693444136657433 5264.758620689655 0.0
0.003808864265927978 5380.166666666667 0.0
0.0039242843951985225 5272.638888888889 0.0
0.004039704524469067 5448.863636363636 0.0
0.004155124653739612 5229.65625 0.0
0.004270544783010157 5510.676470588235 0.0
0.0043859649122807015 5531.8 0.0
0.004501385041551247 5782.916666666667 0.0
0.0046168051708217915 5539.105263157895 0.0
0.004732225300092336 5776.153846153846 0.0
0.004847645429362881 5614.458333333333 0.0
0.004963065558633426 5873.6 0.0
0.0050784856879039705 5851.130434782609 0.0
0.005193905817174515 6011.0 0.0
0.00530932594644506 6242.714285714285 0.0
0.005424746075715605 5781.4 0.0
0.00554016620498615 6015.6875 0.0
0.005655586334256694 6274.684210526316 0.0
0.0057710064635272396 6050.5 0.0
0.005886426592797784 5892.666666666667 0.0
0.006001846722068329 6071.7692307692305 0.0
0.006117266851338873 6142.933333333333 0.0
0.006232686980609419 6108.272727272727 0.0
0.006348107109879963 6346.625 0.0
0.006463527239150508 6523.75 0.0
0.006578947368421052 6507.5 0.0
0.006694367497691598 6697.571428571428 0.0
0.006809787626962142 6624.384615384615 0.0
0.006925207756232687 6727.166666666667 0.0
0.007040627885503232 6541.928571428572 0.0
0.007156048014773777 6487.666666666667 0.0
0.007271468144044321 6824.1 0.0
0.007386888273314866 6251.875 0.0
0.007502308402585411 6334.75 0.0
0.007617728531855956 6365.375 0.0
0.0077331486611265 6232.5 0.0
0.007848568790397045 6110.636363636364 0.0
0.00796398891966759 6563.6 0.0
0.008079409048938134 6346.375 0.0
0.00819482917820868 6207.666666666667 0.0
0.008310249307479225 6246.666666666667 0.0
0.008425669436749769 6149.6 0.0
0.008541089566020314 6764.666666666667 0.0
0.00865650969529086 6768.6 0.0
0.008771929824561403 7141.6 0.0
0.008887349953831948 6739.666666666667 0.0
0.009002770083102494 6839.888888888889 0.0
0.009118190212373038 6379.25 0.0
0.009233610341643583 7057.666666666667 0.0
0.009349030470914127 6903.4 0.0
0.009464450600184672 7107.75 0.0
0.009579870729455217 7350.0 0.0
0.009695290858725761 7066.142857142857 0.0
0.009810710987996307 6679.142857142857 0.0
0.009926131117266852 6848.833333333333 0.0
0.010041551246537396 6625.0 0.0
0.010156971375807941 6881.833333333333 0.0
0.010272391505078486 6673.8 0.0
0.01038781163434903 6598.428571428572 0.0
0.010503231763619576 6660.0 0.0
0.01061865189289012 6932.0 0.0
0.010734072022160665 6964.714285714285 0.0
0.01084949215143121 6669.714285714285 0.0
0.010964912280701754 7319.0 0.0
0.0110803324099723 6903.5 0.0
0.011195752539242845 6903.666666666667 0.0
0.011311172668513388 7156.5 0.0
0.011426592797783934 7181.25 0.0
0.011542012927054479 7046.166666666667 0.0
0.011657433056325023 6796.8 0.0
0.011772853185595568 6935.4 0.0
0.011888273314866112 7374.428571428572 0.0
0.012003693444136657 7511.857142857143 0.0
0.012119113573407203 7517.285714285715 0.0
0.012234533702677746 7133.2 0.0
0.012349953831948292 7203.25 0.0
0.012465373961218837 7460.0 0.0
0.012580794090489381 7597.75 0.0
0.012696214219759926 7102.0 0.0
0.012811634349030472 7398.25 0.0
0.012927054478301015 7289.0 0.0
0.01304247460757156 7545.0 0.0
0.013157894736842105 7308.75 0.0
0.01327331486611265 7456.285714285715 0.0
0.013388734995383195 7628.5 0.0
0.013504155124653739 7533.5 0.0
0.013619575253924284 7628.5 0.0
0.01373499538319483 7480.4 0.0
0.013850415512465374 7331.5 0.0
0.013965835641735919 8000.0 0.0
0.014081255771006464 7203.0 0.0
0.014312096029547553 7811.0 0.0
0.014427516158818097 7095.0 0.0
0.014542936288088643 7881.5 0.0
0.014658356417359188 7837.25 0.0
0.014773776546629732 7668.25 0.0
0.014889196675900277 7638.6 0.0
0.015004616805170823 7503.333333333333 0.0
0.015120036934441366 7738.333333333333 0.0
0.015235457063711912 7600.666666666667 0.0
0.015350877192982455 7476.5 0.0
0.015466297322253 7278.0 0.0
0.015581717451523546 7684.166666666667 0.0
0.01569713758079409 7665.666666666667 0.0
0.015812557710064637 7551.5 0.0
0.01592797783933518 7667.0 0.0
0.016043397968605724 7513.5 0.0
0.016158818097876268 7937.2 0.0
0.016274238227146815 7916.0 0.0
0.01638965835641736 7863.0 0.0
0.016505078485687903 7692.0 0.0
0.01662049861495845 7721.8 0.0
0.016735918744228993 7618.5 0.0
0.016851338873499537 7540.25 0.0
0.016966759002770084 7362.0 0.0
0.017082179132040628 7808.5 0.0
0.01719759926131117 7750.5 0.0
0.01731301939058172 7739.75 0.0
0.017428439519852262 7661.0 0.0
0.017543859649122806 7626.5 0.0
0.017659279778393353 7613.75 0.0
0.017774699907663897 7622.5 0.0
0.01789012003693444 7780.0 0.0
0.018005540166204988 7897.5 0.0
0.01812096029547553 7835.2 0.0
0.018236380424746075 7947.0 0.0
0.018351800554016622 8010.0 0.0
0.018467220683287166 7741.666666666667 0.0
0.01858264081255771 7929.75 0.0
0.018698060941828253 7865.0 0.0
0.0188134810710988 7521.0 0.0
0.018928901200369344 7806.5 0.0
0.019044321329639888 7825.333333333333 0.0
0.019159741458910435 8261.0 0.0
0.01927516158818098 8264.0 0.0
0.019390581717451522 7923.0 0.0
0.01950600184672207 8038.5 0.0
0.019621421975992613 8029.5 0.0
0.019736842105263157 8065.0 0.0
0.019852262234533704 7924.2 0.0
0.019967682363804248 8011.0 0.0
0.02008310249307479 8059.0 0.0
0.02019852262234534 7953.5 0.0
0.020313942751615882 8152.5 0.0
0.020429362880886426 8137.0 0.0
0.020544783010156973 8232.0 0.0
0.020660203139427517 7566.0 0.0
0.02077562326869806 8011.0 0.0
0.020891043397968604 7966.0 0.0
0.02100646352723915 8068.666666666667 0.0
0.021121883656509695 8173.0 0.0
0.02123730378578024 8273.333333333334 0.0
0.021352723915050786 8192.166666666666 0.0
0.02146814404432133 8243.0 0.0
0.021583564173591873 8080.0 0.0
0.02169898430286242 8361.0 0.0
0.021814404432132964 8138.0 0.0
0.021929824561403508 8367.0 0.0
0.0221606648199446 8084.5 0.0
0.022276084949215142 8185.0 0.0
0.02239150507848569 7991.5 0.0
0.022506925207756233 8459.5 0.0
0.022853185595567867 8411.0 0.0
0.02296860572483841 8413.0 0.0
0.023084025854108958 8326.0 0.0
0.023314866112650046 8138.0 0.0
0.02343028624192059 8152.0 0.0
0.023545706371191136 8215.0 0.0
0.02366112650046168 8229.0 0.0
0.023776546629732224 8241.0 0.0
0.02389196675900277 8528.5 0.0
0.024007386888273315 8514.333333333334 0.0
0.02412280701754386 8705.0 0.0
0.024238227146814405 8373.5 0.0
0.02435364727608495 8272.0 0.0
0.024469067405355493 8666.0 0.0
0.02458448753462604 8825.0 0.0
0.024699907663896584 8829.0 0.0
0.024815327793167127 8481.0 0.0
0.024930747922437674 8830.0 0.0
0.025161588180978762 8836.0 0.0
0.02527700831024931 8536.0 0.0
0.025392428439519853 8538.0 0.0
0.025623268698060944 8251.0 0.0
0.02585410895660203 8253.0 0.0
0.026200369344413665 8355.0 0.0
0.026892890120036934 8269.0 0.0
0.027008310249307478 8475.0 0.0
0.027123730378578025 8373.0 0.0
0.02723915050784857 8579.5 0.0
0.027354570637119113 8580.5 0.0
0.02746999076638966 8380.5 0.0
0.027585410895660203 8581.5 0.0
0.027700831024930747 8891.0 0.0
0.027816251154201294 8554.0 0.0
0.02804709141274238 8892.0 0.0
0.02816251154201293 8587.0 0.0
0.028277931671283472 8587.0 0.0
0.028393351800554016 8892.0 0.0
0.02850877192982456 8893.0 0.0
0.028624192059095107 8605.0 0.0
0.02897045244690674 8609.0 0.0
0.029085872576177285 8668.0 0.0
0.02920129270544783 8609.0 0.0
0.029316712834718376 8610.0 0.0
0.02943213296398892 8743.0 0.0
0.029547553093259463 8533.5 0.0
0.02966297322253001 8687.0 0.0
0.029778393351800554 8422.5 0.0
0.029893813481071098 8468.0 0.0
0.030009233610341645 8772.0 0.0
0.030586334256694367 8773.0 0.0
0.030817174515235458 8782.0 0.0
0.030932594644506 8782.0 0.0
0.031163434903047092 8783.0 0.0
0.031278855032317636 8709.0 0.0
0.03139427516158818 8644.0 0.0
0.03150969529085872 8373.0 0.0
0.031625115420129274 8508.5 0.0
0.03174053554939982 8635.0 0.0
0.03185595567867036 8686.5 0.0
0.031971375807940905 8644.0 0.0
0.03208679593721145 8683.0 0.0
0.03220221606648199 8619.333333333334 0.0
0.032317636195752536 8810.5 0.0
0.03243305632502309 8787.0 0.0
0.03254847645429363 8798.0 0.0
0.032663896583564174 8799.0 0.0
0.03277931671283472 8799.0 0.0
0.033010156971375805 8365.0 0.0
0.033125577100646356 8374.0 0.0
0.0332409972299169 8646.0 0.0
0.03335641735918744 8553.5 0.0
0.03347183748845799 8593.0 0.0
0.03358725761772853 8427.0 0.0
0.033702677746999074 8709.0 0.0
0.033818097876269625 8599.5 0.0
0.03393351800554017 8793.5 0.0
0.03404893813481071 8796.0 0.0
0.034164358264081256 8797.666666666666 0.0
0.0342797783933518 8817.0 0.0
0.03439519852262234 8874.0 0.0
0.03451061865189289 8839.5 0.0
0.03462603878116344 8787.5 0.0
0.03474145891043398 8789.5 0.0
0.034856879039704525 8849.0 0.0
0.03497229916897507 8867.0 0.0
0.03508771929824561 8742.0 0.0
0.035203139427516156 9059.5 0.0
0.035318559556786706 8562.0 0.0
0.03543397968605725 8550.0 0.0
0.035549399815327794 8739.5 0.0
0.03566481994459834 8743.0 0.0
0.036011080332409975 9068.5 0.0
0.03612650046168052 8674.0 0.0
0.036357340720221606 8795.5 0.0
0.036588180978762694 8839.5 0.0
0.03693444136657433 8751.0 0.0
0.037049861495844875 8695.5 0.0
0.03716528162511542 8644.0 0.0
0.037396121883656507 8756.0 0.0
0.03751154201292706 8710.0 0.0
0.0376269621421976 8707.5 0.0
0.037742382271468145 8651.0 0.0
0.03785780240073869 8656.0 0.0
0.03797322253000923 8656.0 0.0
0.038088642659279776 8721.0 0.0
0.038204062788550326 8721.0 0.0
0.03831948291782087 8722.5 0.0
0.03855032317636196 9017.0 0.0
0.0386657433056325 8788.0 0.0
0.039473684210526314 8668.0 0.0
0.03981994459833795 8762.0 0.0
0.039935364727608495 8679.0 0.0
0.04051246537396122 8847.0 0.0
0.04074330563250231 8849.0 0.0
0.04085872576177285 8890.0 0.0
0.040974145891043395 8890.5 0.0
0.04132040627885503 8889.5 0.0
0.04143582640812558 8849.0 0.0
0.04178208679593721 8962.0 0.0
0.043859649122807015 8767.0 0.0
0.04420590951061865 8765.0 0.0
0.0443213296398892 8765.0 0.0
0.04443674976915974 8777.0 0.0
0.044552169898430284 8796.0 0.0
0.04466759002770083 8796.0 0.0
0.04478301015697138 8797.0 0.0
0.04489843028624192 8931.0 0.0
0.04547553093259465 8834.0 0.0
0.04559095106186519 9132.0 0.0
0.045706371191135735 8983.0 0.0
0.04582179132040628 8835.0 0.0
0.04593721144967682 9133.0 0.0
0.046052631578947366 9000.0 0.0
0.046168051708217916 9068.5 0.0
0.046398891966759004 9004.0 0.0
0.04651431209602955 9074.5 0.0
0.04662973222530009 8926.5 0.0
0.046745152354570635 8928.0 0.0
0.04686057248384118 9000.0 0.0
0.04709141274238227 9008.666666666666 0.0
0.04720683287165282 8860.0 0.0
0.04732225300092336 9011.666666666666 0.0
0.047437673130193904 9087.0 0.0
0.04755309325946445 8958.5 0.0
0.047668513388735 8867.0 0.0
0.047899353647276086 9099.5 0.0
0.04801477377654663 9071.333333333334 0.0
0.04813019390581717 8962.0 0.0
0.04824561403508772 9041.0 0.0
0.04836103416435827 9041.0 0.0
0.04847645429362881 9149.0 0.0
0.048591874422899355 9149.0 0.0
0.0487072945521699 8829.0 0.0
0.048938134810710986 8983.666666666666 0.0
0.04905355493998153 8948.5 0.0
0.04916897506925208 8834.0 0.0
0.049284395198522624 9074.0 0.0
0.04939981532779317 9022.666666666666 0.0
0.04951523545706371 9022.666666666666 0.0
0.049630655586334255 9117.0 0.0
0.0497460757156048 8959.5 0.0
0.04986149584487535 9075.0 0.0
0.04997691597414589 9116.5 0.0
0.05020775623268698 9158.0 0.0
0.05043859649122807 9078.0 0.0
0.05066943674976916 9095.0 0.0
0.050784856879039705 9159.0 0.0
0.05090027700831025 9159.0 0.0
0.05101569713758079 9161.0 0.0
0.051131117266851336 9161.0 0.0
0.05124653739612189 9168.0 0.0
0.05136195752539243 9169.0 0.0
0.051477377654662974 9177.0 0.0
0.05159279778393352 9177.0 0.0
0.05193905817174515 8875.0 0.0
0.052977839335180056 9173.0 0.0
0.053208679593721143 9202.0 0.0
0.05332409972299169 9188.5 0.0
0.05343951985226224 9189.0 0.0
0.05355493998153278 9177.0 0.0
0.053670360110803325 9204.0 0.0
0.05378578024007387 9190.5 0.0
0.05390120036934441 9177.0 0.0
0.05505540166204986 9180.0 0.0
0.05517082179132041 9181.0 0.0
0.05574792243767313 9121.0 0.0
0.055863342566943676 9121.0 0.0
0.057248384118190214 9003.0 0.0
0.057594644506001845 9185.0 0.0
0.05805632502308403 9020.0 0.0
0.05840258541089566 9021.0 0.0
0.05851800554016621 9022.0 0.0
0.058748845798707296 9024.0 0.0
0.05897968605724838 9024.0 0.0
0.05909510618651893 9114.0 0.0
0.05967220683287165 9196.0 0.0
0.059787626962142196 9197.0 0.0
0.05990304709141274 9203.0 0.0
0.06001846722068329 9203.0 0.0
0.060480147737765465 9209.0 0.0
0.06059556786703601 9209.0 0.0
0.06140350877192982 9212.0 0.0
0.06151892890120037 9213.0 0.0
0.061980609418282546 9214.0 0.0
0.06209602954755309 9214.0 0.0
0.062326869806094184 9215.0 0.0
0.06278855032317636 9255.0 0.0
0.06359649122807018 9102.0 0.0
0.06382733148661127 9106.0 0.0
0.06405817174515235 9106.0 0.0
0.0641735918744229 9108.0 0.0
0.06486611265004617 9108.0 0.0
0.0652123730378578 9113.0 0.0
0.06602031394275161 9249.0 0.0
0.06613573407202217 9150.0 0.0
0.06625115420129271 9214.333333333334 0.0
0.06636657433056325 9250.0 0.0
0.06659741458910434 9129.0 0.0
0.07006001846722068 9194.0 0.0
0.07063711911357341 9359.0 0.0
0.0708679593721145 9359.0 0.0
0.07098337950138504 9359.0 0.0
0.07121421975992613 9305.5 0.0
0.07132963988919667 9371.0 0.0
0.07156048014773776 9253.0 0.0
0.07179132040627885 9256.0 0.0
0.07202216066481995 9256.0 0.0
0.07248384118190213 9379.0 0.0
0.07259926131117267 9380.0 0.0
0.07306094182825484 9385.0 0.0
0.07329178208679593 9385.0 0.0
0.07409972299168975 9261.0 0.0
0.0742151431209603 9324.5 0.0
0.07433056325023084 9389.0 0.0
0.07444598337950138 9389.0 0.0
0.07456140350877193 9389.0 0.0
0.07583102493074792 9298.0 0.0
0.07767774699907663 9333.0 0.0
0.07975530932594645 9404.0 0.0
0.08137119113573407 9416.0 0.0
0.08148661126500462 9416.0 0.0
0.08160203139427516 9341.0 0.0
0.0817174515235457 9341.0 0.0
0.08183287165281625 9426.0 0.0
0.08194829178208679 9427.0 0.0
0.08206371191135733 9429.0 0.0
0.08217913204062789 9429.0 0.0
0.08229455216989844 9429.0 0.0
0.08240997229916898 9429.0 0.0
0.08252539242843952 9344.0 0.0
0.08264081255771007 9344.0 0.0
0.08275623268698061 9431.0 0.0
0.08287165281625115 9431.0 0.0
0.0829870729455217 9431.0 0.0
0.08310249307479224 9431.0 0.0
0.08321791320406279 9389.5 0.0
0.08333333333333333 9390.0 0.0
0.08344875346260387 9432.0 0.0
0.08367959372114497 9348.0 0.0
0.08379501385041552 9390.0 0.0
0.08644967682363804 9366.0 0.0
0.0865650969529086 9366.0 0.0
0.08887349953831948 9363.0 0.0
0.0896814404432133 9299.0 0.0
0.08979686057248384 9377.5 0.0
0.08991228070175439 9377.5 0.0
0.09002770083102493 9299.0 0.0
0.09014312096029548 9377.0 0.0
0.09025854108956602 9377.0 0.0
0.09037396121883656 9300.0 0.0
0.0904893813481071 9300.0 0.0
0.09060480147737765 9300.0 0.0
0.09083564173591874 9417.0 0.0
0.09118190212373038 9417.0 0.0
0.09152816251154201 9420.0 0.0
0.09164358264081256 9420.0 0.0
0.0917590027700831 9420.0 0.0
0.09187442289935364 9379.0 0.0
0.09198984302862419 9379.0 0.0
0.09222068328716528 9379.0 0.0
0.09233610341643583 9379.0 0.0
0.09245152354570638 9421.0 0.0
0.09268236380424746 9422.0 0.0
0.09279778393351801 9402.5 0.0
0.09441366574330563 9424.0 0.0
0.09522160664819945 9425.0 0.0
0.09856879039704525 9497.0 0.0
0.09891505078485688 9472.0 0.0
0.09914589104339797 9498.0 0.0
0.09960757156048015 9449.0 0.0
0.0997229916897507 9374.0 0.0
0.09983841181902124 9438.0 0.0
0.09995383194829179 9503.0 0.0
0.10006925207756233 9374.0 0.0
0.10064635272391505 9503.0 0.0
0.10272391505078486 9441.0 0.0
0.10295475530932595 9442.0 0.0
0.10307017543859649 9442.0 0.0
0.10330101569713758 9442.0 0.0
0.10353185595567867 9447.0 0.0
0.10376269621421975 9447.0 0.0
0.1041089566020314 9486.0 0.0
0.10422437673130194 9487.0 0.0
0.10433979686057249 9487.0 0.0
0.10468605724838412 9521.0 0.0
0.10503231763619575 9521.0 0.0
0.10918744228993536 9531.0 0.0
0.1093028624192059 9459.0 0.0
0.10941828254847645 9489.666666666666 0.0
0.109533702677747 9453.666666666666 0.0
0.10964912280701754 9532.0 0.0
0.1097645429362881 9532.0 0.0
0.11484302862419206 9542.0 0.0
0.1149584487534626 9542.0 0.0
0.11542012927054478 9483.0 0.0
0.11565096952908588 9507.5 0.0
0.11576638965835642 9483.0 0.0
0.11588180978762697 9508.0 0.0
0.11599722991689751 9508.0 0.0
0.11611265004616805 9509.0 0.0
0.1162280701754386 9509.0 0.0
0.11634349030470914 9509.0 0.0
0.11645891043397968 9515.0 0.0
0.11657433056325023 9544.0 0.0
0.11668975069252077 9515.5 0.0
0.11680517082179132 9521.333333333334 0.0
0.11692059095106186 9548.5 0.0
0.11703601108033242 9486.0 0.0
0.11715143120960296 9516.0 0.0
0.1172668513388735 9546.0 0.0
0.11738227146814405 9547.0 0.0
0.11749769159741459 9547.0 0.0
0.11761311172668514 9549.0 0.0
0.11842105263157894 9497.0 0.0
0.1185364727608495 9497.0 0.0
0.11899815327793167 9555.0 0.0
0.11911357340720222 9526.5 0.0
0.11922899353647276 9526.5 0.0
0.1193444136657433 9492.0 0.0
0.11945983379501385 9495.0 0.0
0.12072945521698984 9495.0 0.0
0.12084487534626039 9498.0 0.0
0.12096029547553093 9498.0 0.0
0.12107571560480147 9498.0 0.0
0.12234533702677747 9531.5 0.0
0.12246075715604801 9500.0 0.0
0.12257617728531855 9521.0 0.0
0.1226915974145891 9521.0 0.0
0.12280701754385964 9531.0 0.0
0.1229224376731302 9563.0 0.0
0.12303785780240074 9500.0 0.0
0.12315327793167129 9531.5 0.0
0.12326869806094183 9563.0 0.0
0.12338411819021237 9563.0 0.0
0.12349953831948292 9531.5 0.0
0.12361495844875346 9563.0 0.0
0.12407663896583564 9501.0 0.0
0.12430747922437674 9501.0 0.0
0.125 9502.0 0.0
0.12511542012927054 9572.0 0.0
0.12800092336103416 9515.0 0.0
0.1281163434903047 9515.0 0.0
0.12823176361957525 9515.0 0.0
0.1283471837488458 9515.0 0.0
0.12857802400738688 9517.0 0.0
0.12869344413665743 9517.0 0.0
0.12880886426592797 9517.0 0.0
0.13077100646352724 9586.0 0.0
0.1316943674976916 9529.0 0.0
0.13192520775623268 9529.0 0.0
0.13250230840258542 9529.0 0.0
0.13307940904893814 9530.0 0.0
0.13388734995383195 9545.0 0.0
0.1340027700831025 9549.0 0.0
0.13423361034164358 9592.0 0.0
0.15535549399815327 9624.0 0.0
0.1554709141274238 9726.0 0.0
0.1705909510618652 9716.0 0.0
0.17266851338873498 9693.0 0.0
0.17278393351800553 9693.0 0.0
0.17289935364727607 9693.0 0.0
0.17324561403508773 9709.0 0.0
0.19159741458910434 9780.0 0.0
0.20475530932594643 9715.0 0.0
0.20498614958448755 9716.0 0.0
0.2051015697137581 9716.0 0.0
0.20660203139427516 9716.0 0.0
0.21029547553093259 9723.0 0.0
0.21041089566020313 9723.0 0.0
0.21052631578947367 9723.0 0.0
0.2115650969529086 9732.0 0.0
0.21168051708217914 9732.0 0.0
0.2121421975992613 9732.0 0.0
0.4037396121883656 10006.0 0.0
0.4556786703601108 10039.0 0.0
0.5219298245614035 10075.0 0.0
0.6951754385964912 10200.0 0.0
0.8294090489381348 10255.0 0.0
1.0 10333.0 0.0
