10717
0.00011542012927054478 963.635272391505 0.0
0.00023084025854108956 1497.519982038617 0.0
0.00034626038781163435 1978.717971530249 0.0
0.0004616805170821791 2352.532824427481 0.0
0.0005771006463527239 2638.7825159914714 0.0
0.0006925207756232687 2829.1960784313724 0.0
0.0008079409048938135 3017.9791666666665 0.0
0.0009233610341643582 3180.4349775784754 0.0
0.001038781163434903 3423.472361809045 0.0
0.0011542012927054479 3435.098265895954 0.0
0.0012696214219759926 3539.0694444444443 0.0
0.0013850415512465374 3696.0434782608695 0.0
0.0015004616805170822 3786.3783783783783 0.0
0.001615881809787627 3872.056818181818 0.0
0.0017313019390581717 3945.144578313253 0.0
0.0018467220683287165 3925.6451612903224 0.0
0.0019621421975992612 4041.222222222222 0.0
0.002077562326869806 4022.6176470588234 0.0
0.0021929824561403508 4153.603174603175 0.0
0.0023084025854108957 4240.541666666667 0.0
0.0024238227146814403 4319.259259259259 0.0
0.0025392428439519853 4207.0 0.0
0.00265466297322253 4256.444444444444 0.0
0.002770083102493075 4303.093023255814 0.0
0.0028855032317636198 4457.939393939394 0.0
0.0030009233610341643 4366.857142857143 0.0
0.0031163434903047093 4372.628571428571 0.0
0.003231763619575254 4473.864864864865 0.0
0.003347183748845799 4400.128205128205 0.0
0.0034626038781163434 4511.741935483871 0.0
0.0035780240073868884 4435.791666666667 0.0
0.003693444136657433 4585.260869565217 0.0
0.003808864265927978 4611.724137931034 0.0
0.0039242843951985225 4555.548387096775 0.0
0.004039704524469067 4849.766666666666 0.0
0.004155124653739612 4834.96 0.0
0.004270544783010157 4841.740740740741 0.0
0.0043859649122807015 4608.08 0.0
0.004501385041551247 4763.636363636364 0.0
0.0046168051708217915 4927.333333333333 0.0
0.004732225300092336 4826.0 0.0
0.004847645429362881 4701.55 0.0
0.004963065558633426 4735.391304347826 0.0
0.0050784856879039705 4806.2 0.0
0.005193905817174515 4891.214285714285 0.0
0.00530932594644506 4979.4 0.0
0.005424746075715605 5043.555555555556 0.0
0.00554016620498615 5150.5 0.0
0.005655586334256694 5061.7 0.0
0.0057710064635272396 5036.384615384615 0.0
0.005886426592797784 5078.083333333333 0.0
0.006001846722068329 5021.473684210527 0.0
0.006117266851338873 5192.7692307692305 0.0
0.006232686980609419 5047.631578947368 0.0
0.006348107109879963 5048.307692307692 0.0
0.006463527239150508 4899.588235294118 0.0
0.006578947368421052 4962.8 0.0
0.006694367497691598 5156.923076923077 0.0
0.006809787626962142 5076.0 0.0
0.006925207756232687 4944.916666666667 0.0
0.007040627885503232 5083.307692307692 0.0
0.007156048014773777 5071.285714285715 0.0
0.007271468144044321 5071.153846153846 0.0
0.007386888273314866 5049.75 0.0
0.007502308402585411 5047.75 0.0
0.007617728531855956 5174.3 0.0
0.0077331486611265 5039.5 0.0
0.007848568790397045 4978.666666666667 0.0
0.00796398891966759 5275.0 0.0
0.008079409048938134 4977.5 0.0
0.00819482917820868 5061.2 0.0
0.008310249307479225 5021.142857142857 0.0
0.008425669436749769 5065.166666666667 0.0
0.008541089566020314 5030.0 0.0
0.00865650969529086 5133.8 0.0
0.008771929824561403 5291.857142857143 0.0
0.008887349953831948 5163.75 0.0
0.009002770083102494 5217.75 0.0
0.009118190212373038 5395.625 0.0
0.009233610341643583 4994.857142857143 0.0
0.009349030470914127 5175.375 0.0
0.009464450600184672 5339.8 0.0
0.009579870729455217 5272.444444444444 0.0
0.009695290858725761 5045.2 0.0
0.009810710987996307 5258.6 0.0
0.009926131117266852 5350.571428571428 0.0
0.010041551246537396 5209.166666666667 0.0
0.010156971375807941 5309.0 0.0
0.010272391505078486 5151.5 0.0
0.01038781163434903 5269.5 0.0
0.010503231763619576 5319.666666666667 0.0
0.01061865189289012 5293.75 0.0
0.010734072022160665 5251.333333333333 0.0
0.01084949215143121 5383.0 0.0
0.010964912280701754 5171.666666666667 0.0
0.0110803324099723 5118.75 0.0
0.011195752539242845 4941.666666666667 0.0
0.011311172668513388 5167.333333333333 0.0
0.011426592797783934 5174.125 0.0
0.011542012927054479 5018.857142857143 0.0
0.011657433056325023 5196.571428571428 0.0
0.011772853185595568 5165.666666666667 0.0
0.011888273314866112 5311.0 0.0
0.012003693444136657 5287.5 0.0
0.012119113573407203 5332.0 0.0
0.012234533702677746 5342.0 0.0
0.012349953831948292 5180.0 0.0
0.012465373961218837 5239.5 0.0
0.012580794090489381 5308.5 0.0
0.012696214219759926 5323.833333333333 0.0
0.012811634349030472 5222.285714285715 0.0
0.012927054478301015 5504.0 0.0
0.01304247460757156 5415.25 0.0
0.013157894736842105 5355.75 0.0
0.01327331486611265 5100.0 0.0
0.013388734995383195 5404.0 0.0
0.013504155124653739 5989.0 0.0
0.013619575253924284 5733.5 0.0
0.01373499538319483 5474.0 0.0
0.013850415512465374 5420.5 0.0
0.013965835641735919 5339.666666666667 0.0
0.014081255771006464 5446.0 0.0
0.014196675900277008 5248.0 0.0
0.014312096029547553 5262.0 0.0
0.014427516158818097 5291.0 0.0
0.014542936288088643 5304.2 0.0
0.014658356417359188 5578.0 0.0
0.014773776546629732 5578.2 0.0
0.014889196675900277 5314.0 0.0
0.015120036934441366 5465.0 0.0
0.015235457063711912 5256.0 0.0
0.015350877192982455 5177.0 0.0
0.015581717451523546 5556.0 0.0
0.01569713758079409 5258.0 0.0
0.015812557710064637 5435.25 0.0
0.01592797783933518 5438.0 0.0
0.016043397968605724 5337.0 0.0
0.016158818097876268 5527.666666666667 0.0
0.016274238227146815 5262.0 0.0
0.01638965835641736 6130.0 0.0
0.01662049861495845 6131.0 0.0
0.016735918744228993 6131.0 0.0
0.016966759002770084 5501.0 0.0
0.017082179132040628 5501.0 0.0
0.01719759926131117 5415.5 0.0
0.017428439519852262 5269.0 0.0
0.017543859649122806 5503.0 0.0
0.017774699907663897 5568.0 0.0
0.018005540166204988 5606.0 0.0
0.018351800554016622 5508.5 0.0
0.01858264081255771 5771.0 0.0
0.018698060941828253 5594.5 0.0
0.018928901200369344 5418.0 0.0
0.019044321329639888 5588.0 0.0
0.01927516158818098 5588.0 0.0
0.019390581717451522 5206.0 0.0
0.01950600184672207 5453.5 0.0
0.019621421975992613 5702.0 0.0
0.019736842105263157 5209.0 0.0
0.019852262234533704 6067.0 0.0
0.019967682363804248 5943.0 0.0
0.02008310249307479 5943.0 0.0
0.02019852262234534 5475.0 0.0
0.020313942751615882 5543.5 0.0
0.020429362880886426 5728.0 0.0
0.020660203139427517 5734.0 0.0
0.02077562326869806 5956.75 0.0
0.020891043397968604 6050.333333333333 0.0
0.02100646352723915 6012.5 0.0
0.02123730378578024 6348.0 0.0
0.021352723915050786 5784.0 0.0
0.02146814404432133 6351.0 0.0
0.021583564173591873 6351.0 0.0
0.021929824561403508 5636.0 0.0
0.022045244690674055 5812.0 0.0
0.022737765466297324 6363.0 0.0
0.022853185595567867 6023.0 0.0
0.023084025854108958 6366.0 0.0
0.023199445983379502 6068.333333333333 0.0
0.023314866112650046 6025.0 0.0
0.02343028624192059 5352.0 0.0
0.023545706371191136 6025.0 0.0
0.02366112650046168 6025.0 0.0
0.023776546629732224 5796.0 0.0
0.02389196675900277 5569.0 0.0
0.024007386888273315 5569.0 0.0
0.02412280701754386 5857.0 0.0
0.024238227146814405 5649.666666666667 0.0
0.02435364727608495 5649.666666666667 0.0
0.024469067405355493 5689.5 0.0
0.02458448753462604 6273.0 0.0
0.024699907663896584 5692.5 0.0
0.024815327793167127 5880.5 0.0
0.025392428439519853 6432.0 0.0
0.025623268698060944 6425.0 0.0
0.025738688827331487 6046.0 0.0
0.025969529085872575 6247.0 0.0
0.02608494921514312 6074.5 0.0
0.026200369344413665 5854.0 0.0
0.02631578947368421 5727.5 0.0
0.026431209602954756 5543.0 0.0
0.0265466297322253 6050.0 0.0
0.026662049861495844 5727.5 0.0
0.02677746999076639 5413.0 0.0
0.027008310249307478 5413.0 0.0
0.02746999076638966 5550.0 0.0
0.027585410895660203 5659.666666666667 0.0
0.027700831024930747 5662.333333333333 0.0
0.027816251154201294 5647.5 0.0
0.027931671283471838 5419.0 0.0
0.02804709141274238 5717.75 0.0
0.02816251154201293 5786.0 0.0
0.028277931671283472 5648.0 0.0
0.028393351800554016 5650.5 0.0
0.02850877192982456 5663.75 0.0
0.028624192059095107 5724.0 0.0
0.02873961218836565 5830.333333333333 0.0
0.028855032317636194 5794.0 0.0
0.02897045244690674 5890.0 0.0
0.029085872576177285 5726.0 0.0
0.029316712834718376 5705.0 0.0
0.029547553093259463 5727.0 0.0
0.029893813481071098 5935.5 0.0
0.03012465373961219 6450.0 0.0
0.03035549399815328 6605.0 0.0
0.030470914127423823 6363.0 0.0
0.030586334256694367 6125.333333333333 0.0
0.03070175438596491 5738.0 0.0
0.031048014773776545 6461.0 0.0
0.03139427516158818 6607.0 0.0
0.03277931671283472 5691.0 0.0
0.033702677746999074 5791.0 0.0
0.033818097876269625 5791.0 0.0
0.034164358264081256 5678.0 0.0
0.03508771929824561 5788.0 0.0
0.03543397968605725 5736.5 0.0
0.035549399815327794 5736.5 0.0
0.03566481994459834 5736.5 0.0
0.036011080332409975 5797.0 0.0
0.03612650046168052 5862.0 0.0
0.03647276084949215 5798.0 0.0
0.036703601108033244 6635.0 0.0
0.03681902123730379 6635.0 0.0
0.03693444136657433 6217.0 0.0
0.037049861495844875 6644.0 0.0
0.03716528162511542 6644.0 0.0
0.03728070175438596 6223.0 0.0
0.037396121883656507 6223.0 0.0
0.03751154201292706 5817.0 0.0
0.037742382271468145 5835.666666666667 0.0
0.03785780240073869 5986.0 0.0
0.03797322253000923 6166.0 0.0
0.038204062788550326 6008.0 0.0
0.03831948291782087 5963.0 0.0
0.038434903047091414 5862.0 0.0
0.03855032317636196 5862.0 0.0
0.0386657433056325 5918.0 0.0
0.038781163434903045 6010.0 0.0
0.038896583564173595 6014.0 0.0
0.03901200369344414 6266.0 0.0
0.03912742382271468 5918.0 0.0
0.039242843951985226 6037.5 0.0
0.03958910433979686 5810.0 0.0
0.03970452446906741 5811.0 0.0
0.03981994459833795 5918.0 0.0
0.04016620498614958 5918.0 0.0
0.040281625115420126 5946.0 0.0
0.04074330563250231 5801.0 0.0
0.04143582640812558 5830.0 0.0
0.041666666666666664 5996.0 0.0
0.04178208679593721 6599.0 0.0
0.04189750692520776 6693.0 0.0
0.0420129270544783 6693.0 0.0
0.042128347183748846 6693.0 0.0
0.04235918744228993 6693.0 0.0
0.04270544783010157 6695.0 0.0
0.042820867959372115 6695.0 0.0
0.0430517082179132 6006.0 0.0
0.043513388734995384 6695.0 0.0
0.04362880886426593 6705.0 0.0
0.043859649122807015 6383.5 0.0
0.043975069252077566 6705.0 0.0
0.04409048938134811 6333.0 0.0
0.04420590951061865 6716.0 0.0
0.044552169898430284 6718.0 0.0
0.04524469067405355 6723.0 0.0
0.0453601108033241 6711.5 0.0
0.04559095106186519 6723.0 0.0
0.04582179132040628 6585.0 0.0
0.04593721144967682 6723.0 0.0
0.046052631578947366 6723.0 0.0
0.046168051708217916 6593.0 0.0
0.04651431209602955 6448.0 0.0
0.04697599261311173 5839.0 0.0
0.04720683287165282 6702.0 0.0
0.04732225300092336 6702.0 0.0
0.047668513388735 6227.0 0.0
0.04801477377654663 6249.0 0.0
0.04813019390581717 6249.0 0.0
0.04824561403508772 6050.5 0.0
0.04905355493998153 5898.0 0.0
0.049284395198522624 6704.0 0.0
0.04939981532779317 6704.0 0.0
0.05043859649122807 6706.0 0.0
0.050784856879039705 6454.0 0.0
0.05090027700831025 6736.0 0.0
0.05101569713758079 6736.0 0.0
0.05136195752539243 6736.0 0.0
0.051477377654662974 6736.333333333333 0.0
0.05159279778393352 6752.0 0.0
0.05228531855955679 6378.0 0.0
0.05240073868882733 6047.0 0.0
0.052516158818097874 6047.0 0.0
0.05263157894736842 6715.0 0.0
0.052977839335180056 6737.0 0.0
0.05332409972299169 6737.0 0.0
0.05343951985226224 6723.5 0.0
0.05355493998153278 6526.666666666667 0.0
0.053670360110803325 6526.666666666667 0.0
0.05378578024007387 6776.5 0.0
0.05390120036934441 6795.0 0.0
0.054016620498614956 6758.0 0.0
0.0541320406278855 6738.0 0.0
0.05424746075715605 6517.0 0.0
0.054362880886426594 6671.666666666667 0.0
0.05447830101569714 6517.0 0.0
0.05459372114496768 6628.5 0.0
0.054709141274238225 6740.0 0.0
0.05493998153277932 6750.0 0.0
0.05505540166204986 6517.0 0.0
0.05517082179132041 6942.0 0.0
0.05528624192059095 6741.0 0.0
0.05563250230840259 6520.0 0.0
0.05574792243767313 6395.5 0.0
0.055863342566943676 6395.5 0.0
0.05597876269621422 6395.5 0.0
0.05609418282548476 6509.666666666667 0.0
0.05620960295475531 6890.5 0.0
0.05632502308402586 6742.333333333333 0.0
0.0564404432132964 6892.5 0.0
0.056555863342566945 6781.0 0.0
0.05667128347183749 6638.5 0.0
0.05678670360110803 6912.666666666667 0.0
0.056902123730378576 6750.0 0.0
0.05701754385964912 7036.0 0.0
0.05713296398891967 7036.0 0.0
0.057248384118190214 6528.0 0.0
0.05736380424746076 6639.0 0.0
0.0574792243767313 6639.0 0.0
0.05771006463527239 6750.0 0.0
0.05782548476454294 6872.5 0.0
0.05794090489381348 7036.0 0.0
0.05805632502308403 6782.5 0.0
0.05817174515235457 7036.0 0.0
0.05851800554016621 6529.0 0.0
0.05863342566943675 6762.5 0.0
0.058748845798707296 6882.0 0.0
0.05886426592797784 6767.0 0.0
0.05909510618651893 7005.0 0.0
0.05921052631578947 7005.0 0.0
0.05967220683287165 6750.0 0.0
0.059787626962142196 6296.5 0.0
0.05990304709141274 6305.5 0.0
0.060133887349953834 6552.0 0.0
0.06024930747922438 6552.0 0.0
0.06036472760849492 6552.0 0.0
0.06071098799630656 6552.0 0.0
0.0608264081255771 6552.0 0.0
0.06105724838411819 6920.0 0.0
0.061172668513388734 6930.5 0.0
0.06128808864265928 6770.0 0.0
0.06140350877192982 6770.0 0.0
0.06151892890120037 6661.0 0.0
0.061634349030470915 6376.0 0.0
0.061865189289012 6771.0 0.0
0.061980609418282546 6662.5 0.0
0.06209602954755309 6554.0 0.0
0.06255771006463527 6563.0 0.0
0.06267313019390582 6314.5 0.0
0.0629039704524469 6563.0 0.0
0.06301939058171745 6815.0 0.0
0.06313481071098799 6565.333333333333 0.0
0.06325023084025855 6315.5 0.0
0.06336565096952909 6565.0 0.0
0.06348107109879964 6318.5 0.0
0.06359649122807018 6566.0 0.0
0.06382733148661127 6071.0 0.0
0.06394275161588181 6071.0 0.0
0.0641735918744229 6932.0 0.0
0.06428901200369344 6932.5 0.0
0.06451985226223453 6449.0 0.0
0.06486611265004617 6074.0 0.0
0.06498153277931672 6074.0 0.0
0.06532779316712835 6573.0 0.0
0.06544321329639889 6573.0 0.0
0.06555863342566944 6573.0 0.0
0.06567405355493998 6686.0 0.0
0.06578947368421052 6799.0 0.0
0.06636657433056325 6582.0 0.0
0.0664819944598338 6582.0 0.0
0.06671283471837489 6582.0 0.0
0.06682825484764543 6678.5 0.0
0.06694367497691597 6583.0 0.0
0.0672899353647276 7408.0 0.0
0.06740535549399815 7409.0 0.0
0.06752077562326869 7409.0 0.0
0.06763619575253925 7409.0 0.0
0.06775161588180979 7409.0 0.0
0.06821329639889197 7409.0 0.0
0.06832871652816251 7265.0 0.0
0.06844413665743306 6813.0 0.0
0.0685595567867036 7265.0 0.0
0.06867497691597414 6924.5 0.0
0.06879039704524469 7265.0 0.0
0.06890581717451523 7265.0 0.0
0.06913665743305633 6562.0 0.0
0.06925207756232687 6880.0 0.0
0.06936749769159742 6563.0 0.0
0.0695983379501385 6563.0 0.0
0.06994459833795014 6563.0 0.0
0.07006001846722068 6563.0 0.0
0.07017543859649122 6563.0 0.0
0.07144506001846722 7266.0 0.0
0.07202216066481995 7266.0 0.0
0.0721375807940905 7267.0 0.0
0.07225300092336104 7267.0 0.0
0.07271468144044321 6618.0 0.0
0.07398430286241921 6090.0 0.0
0.07444598337950138 6090.0 0.0
0.07571560480147738 7367.0 0.0
0.07606186518928901 7367.0 0.0
0.07617728531855955 7367.0 0.0
0.0762927054478301 7371.0 0.0
0.07640812557710065 7371.0 0.0
0.07686980609418283 7377.0 0.0
0.077331486611265 7380.0 0.0
0.07767774699907663 7380.0 0.0
0.07790858725761773 7380.0 0.0
0.07813942751615882 7380.0 0.0
0.07837026777469991 7380.0 0.0
0.07871652816251154 7380.0 0.0
0.07883194829178208 7380.0 0.0
0.07894736842105263 7009.5 0.0
0.07917820867959371 6639.0 0.0
0.07929362880886427 6639.0 0.0
0.07987072945521699 6639.0 0.0
0.08044783010156971 6639.0 0.0
0.08102493074792244 7474.0 0.0
0.08114035087719298 7474.0 0.0
0.08264081255771007 6652.0 0.0
0.08275623268698061 6652.0 0.0
0.08287165281625115 7616.0 0.0
0.08310249307479224 7134.5 0.0
0.08321791320406279 7134.5 0.0
0.08379501385041552 7624.0 0.0
0.08702677746999077 6106.0 0.0
0.08771929824561403 7628.0 0.0
0.08783471837488457 7628.0 0.0
0.08795013850415513 7628.0 0.0
0.08806555863342568 7628.0 0.0
0.08818097876269622 7628.0 0.0
0.0884118190212373 7628.0 0.0
0.08887349953831948 7628.0 0.0
0.08898891966759002 7628.0 0.0
0.08910433979686057 7628.0 0.0
0.09129732225300093 7653.0 0.0
0.09141274238227147 7653.0 0.0
0.09475992613111726 7658.0 0.0
0.09487534626038781 7658.0 0.0
0.09499076638965835 7658.0 0.0
0.0951061865189289 7658.0 0.0
0.09556786703601108 7658.0 0.0
0.09568328716528163 7658.0 0.0
0.09579870729455217 7197.5 0.0
0.09602954755309326 7197.5 0.0
0.0961449676823638 7198.0 0.0
0.09626038781163435 6738.0 0.0
0.09637580794090489 7198.0 0.0
0.09891505078485688 6792.0 0.0
0.09903047091412742 7669.0 0.0
0.10018467220683287 7671.0 0.0
0.10376269621421975 7495.0 0.0
0.1038781163434903 7495.0 0.0
0.1041089566020314 7496.0 0.0
0.10445521698984303 7677.0 0.0
0.10457063711911357 7677.0 0.0
0.10480147737765466 7678.0 0.0
0.1049168975069252 6804.0 0.0
0.10526315789473684 7678.0 0.0
0.1053785780240074 7678.0 0.0
0.10560941828254848 6880.0 0.0
0.10572483841181902 6880.0 0.0
0.10595567867036011 7678.0 0.0
0.1061865189289012 7678.0 0.0
0.10630193905817174 7290.0 0.0
0.10687903970452448 6902.0 0.0
0.10837950138504156 6988.0 0.0
0.1084949215143121 6988.0 0.0
0.11045706371191136 6738.0 0.0
0.1105724838411819 6738.0 0.0
0.11161126500461681 6993.0 0.0
0.11172668513388735 6993.0 0.0
0.11241920590951061 6993.0 0.0
0.11253462603878116 6993.0 0.0
0.11265004616805172 6994.0 0.0
0.11276546629732226 6994.0 0.0
0.11299630655586335 6739.0 0.0
0.11322714681440443 7146.0 0.0
0.11334256694367498 6740.0 0.0
0.11345798707294552 6740.0 0.0
0.11426592797783934 7724.0 0.0
0.11438134810710988 7724.0 0.0
0.11449676823638043 7724.0 0.0
0.11461218836565097 7724.0 0.0
0.11484302862419206 7724.0 0.0
0.1149584487534626 6742.0 0.0
0.11518928901200369 7233.5 0.0
0.11530470914127423 7233.5 0.0
0.11542012927054478 7233.5 0.0
0.11553554939981532 7233.5 0.0
0.11565096952908588 7725.0 0.0
0.11576638965835642 7725.0 0.0
0.11599722991689751 7725.0 0.0
0.1162280701754386 7725.0 0.0
0.11657433056325023 6752.0 0.0
0.11703601108033242 7725.0 0.0
0.11715143120960296 7725.0 0.0
0.1172668513388735 7725.0 0.0
0.11738227146814405 7725.0 0.0
0.11992151431209604 7727.0 0.0
0.12003693444136658 7727.0 0.0
0.12026777469990767 7727.0 0.0
0.12049861495844875 7727.0 0.0
0.12072945521698984 7728.0 0.0
0.12084487534626039 7728.0 0.0
0.12188365650969529 7703.0 0.0
0.12199907663896584 7703.0 0.0
0.13088642659279778 6605.0 0.0
0.13192520775623268 7669.0 0.0
0.1368882733148661 7798.0 0.0
0.13769621421975992 7798.0 0.0
0.13781163434903046 7798.0 0.0
0.137927054478301 7798.0 0.0
0.13804247460757155 7798.0 0.0
0.1383887349953832 7798.0 0.0
0.13850415512465375 7798.0 0.0
0.1386195752539243 7798.0 0.0
0.13873499538319484 7798.0 0.0
0.139196675900277 7798.0 0.0
0.1394275161588181 7798.0 0.0
0.13954293628808864 7798.0 0.0
0.1396583564173592 7798.0 0.0
0.140466297322253 7801.0 0.0
0.14058171745152354 7801.0 0.0
0.14081255771006462 7801.0 0.0
0.1415050784856879 7801.0 0.0
0.14162049861495846 7801.0 0.0
0.141735918744229 7801.0 0.0
0.14289012003693444 7801.0 0.0
0.14439058171745153 7803.0 0.0
0.14450600184672208 7803.0 0.0
0.1448522622345337 7803.0 0.0
0.14600646352723914 8025.0 0.0
0.15039242843951986 7784.0 0.0
0.15062326869806095 7784.0 0.0
0.1507386888273315 7784.0 0.0
0.15085410895660203 7784.0 0.0
0.15096952908587258 7784.0 0.0
0.15108494921514312 7784.0 0.0
0.1513157894736842 7784.0 0.0
0.15143120960295475 7784.0 0.0
0.1515466297322253 7785.0 0.0
0.15189289012003693 7789.0 0.0
0.15223915050784856 7789.0 0.0
0.15246999076638965 7789.0 0.0
0.1525854108956602 7789.0 0.0
0.1528162511542013 7789.0 0.0
0.1530470914127424 7790.0 0.0
0.1538550323176362 7790.0 0.0
0.15454755309325946 7790.0 0.0
0.15466297322253 7790.0 0.0
0.1548938134810711 7790.0 0.0
0.15500923361034163 7790.0 0.0
0.15512465373961218 7790.0 0.0
0.15858725761772854 7803.0 0.0
0.1587026777469991 7804.0 0.0
0.15881809787626963 7804.0 0.0
0.15893351800554018 7804.0 0.0
0.17105263157894737 7809.0 0.0
0.17509233610341643 7864.0 0.0
0.1755540166204986 7864.0 0.0
0.17566943674976915 7864.0 0.0
0.1757848568790397 7864.0 0.0
0.17590027700831026 7864.0 0.0
0.17716989843028624 7867.0 0.0
0.1772853185595568 7867.0 0.0
0.17751615881809787 7867.0 0.0
0.17763157894736842 7867.0 0.0
0.17843951985226222 7867.0 0.0
0.17855493998153277 7867.0 0.0
0.17890120036934443 7867.0 0.0
0.17901662049861497 7867.0 0.0
0.1791320406278855 7867.0 0.0
0.2293397968605725 7635.0 0.0
0.23026315789473684 7636.0 0.0
0.23037857802400738 7636.0 0.0
0.23049399815327792 7636.0 0.0
0.230724838411819 7636.0 0.0
0.23107109879963064 7636.0 0.0
0.23130193905817176 7636.0 0.0
0.2314173591874423 7840.0 0.0
0.23176361957525393 7840.0 0.0
0.23441828254847646 7840.0 0.0
0.23464912280701755 7840.0 0.0
0.23511080332409973 7840.0 0.0
0.23522622345337027 7840.0 0.0
0.23834256694367498 7846.0 0.0
0.24007386888273316 7847.0 0.0
0.24215143120960295 7847.0 0.0
0.24596029547553094 8418.0 0.0
0.2460757156048015 8418.0 0.0
0.24653739612188366 8418.0 0.0
0.2466528162511542 8418.0 0.0
0.2468836565096953 8418.0 0.0
0.24699907663896584 8418.0 0.0
0.2489612188365651 8418.0 0.0
0.3170590951061865 8746.0 0.0
0.32271468144044324 8751.0 0.0
0.33391043397968606 8758.0 0.0
0.37407663896583565 8909.0 0.0
0.37696214219759927 8849.0 0.0
0.6259233610341643 9761.0 0.0
1.0 10717.0 0.0
