10101
0.0001 983 8 0
0.0001 1538 19 0
0.0002 2162 28 0
0.0003 2596 37 0
0.0003 3006 43 0
0.0004 3339 45 0
0.0005 3634 57 0
0.0006 3896 60 0
0.0006 4128 87 0
0.0007 4326 117 0
0.0008 4589 81 0
0.0008 4681 101 0
0.0009 4938 124 0
0.0010 5122 116 0
0.0010 5303 114 0
0.0011 5247 113 0
0.0012 5330 120 0
0.0012 5665 167 0
0.0013 5667 212 0
0.0014 5839 177 0
0.0015 6000 172 0
0.0015 6024 191 0
0.0016 6287 185 0
0.0017 6137 182 0
0.0017 6214 251 0
0.0018 6476 243 0
0.0019 6564 189 0
0.0019 6627 336 0
0.0020 6762 271 0
0.0021 6746 242 0
0.0021 6808 293 0
0.0022 6794 309 0
0.0023 6830 295 0
0.0024 6918 313 0
0.0024 7001 293 0
0.0025 7031 322 0
0.0026 7133 319 0
0.0026 7319 325 0
0.0027 7292 318 0
0.0028 7302 279 0
0.0028 7257 418 0
0.0029 7375 360 0
0.0030 7371 306 0
0.0030 7445 357 0
0.0031 7458 408 0
0.0032 7394 496 0
0.0033 7378 331 0
0.0033 7453 427 0
0.0034 7481 386 0
0.0035 7434 456 0
0.0035 7528 627 0
0.0036 7523 431 0
0.0037 7745 336 0
0.0037 7591 292 0
0.0038 7716 539 0
0.0039 7732 665 0
0.0039 7670 595 0
0.0040 7697 506 0
0.0041 7943 510 0
0.0042 7930 716 0
0.0042 7875 298 0
0.0043 7925 873 0
0.0044 7921 739 0
0.0044 7941 1062 0
0.0045 8005 1065 0
0.0046 7930 749 0
0.0046 8163 415 0
0.0047 7891 386 0
0.0048 8002 278 0
0.0048 7919 527 0
0.0049 8138 788 0
0.0050 8153 1122 0
0.0051 7862 870 0
0.0051 8152 798 0
0.0052 8202 491 0
0.0053 8257 666 0
0.0053 8200 968 0
0.0054 8241 804 0
0.0055 8189 577 0
0.0055 8187 615 0
0.0056 8301 764 0
0.0057 8312 515 0
0.0057 8268 881 0
0.0058 8231 612 0
0.0059 8328 824 0
0.0060 8460 856 0
0.0060 8490 279 0
0.0061 8463 1003 0
0.0062 8436 767 0
0.0062 8504 1577 0
0.0063 8349 1190 0
0.0064 8427 1009 0
0.0064 8640 944 0
0.0065 8392 876 0
0.0066 8276 743 0
0.0067 8290 795 0
0.0067 8428 1148 0
0.0068 8458 1500 0
0.0069 8445 283 0
0.0069 8525 1173 0
0.0070 8498 932 0
0.0071 8514 780 0
0.0071 8507 647 0
0.0073 8799 2393 0
0.0073 8434 678 0
0.0074 8501 1174 0
0.0076 8592 618 0
0.0076 8917 2025 0
0.0077 8555 505 0
0.0078 8688 2226 0
0.0078 8591 5730 0
0.0079 8591 2984 0
0.0080 8634 818 0
0.0080 8476 1055 0
0.0081 8362 253 0
0.0083 8706 861 0
0.0084 8589 947 0
0.0085 8660 238 0
0.0085 8663 829 0
0.0086 8828 323 0
0.0087 8160 2000 0
0.0087 9077 1558 0
0.0088 8606 810 0
0.0089 8664 234 0
0.0089 8783 978 0
0.0090 8569 1759 0
0.0091 8465 409 0
0.0091 8739 1770 0
0.0092 8549 1173 0
0.0093 8695 242 0
0.0094 8792 1154 0
0.0095 8751 1300 0
0.0096 8730 1128 0
0.0096 8703 747 0
0.0097 9110 1840 0
0.0098 8697 889 0
0.0098 8673 2674 0
0.0100 8815 1154 0
0.0100 8810 1322 0
0.0102 8949 929 0
0.0103 9009 2464 0
0.0104 9045 1350 0
0.0105 9009 870 0
0.0105 8986 899 0
0.0107 9029 1962 0
0.0108 9061 1350 0
0.0111 9072 1351 0
0.0112 8917 421 0
0.0114 9020 870 0
0.0115 8740 1445 0
0.0116 9105 970 0
0.0116 8985 296 0
0.0117 9010 1289 0
0.0118 8755 1432 0
0.0119 9100 1605 0
0.0120 9000 1501 0
0.0121 9099 1544 0
0.0122 9078 2255 0
0.0123 9407 2836 0
0.0124 8979 1895 0
0.0125 9142 733 0
0.0127 9023 1008 0
0.0128 9113 1648 0
0.0130 9106 2014 0
0.0132 9169 2255 0
0.0135 9008 892 0
0.0136 9096 754 0
0.0138 9177 1407 0
0.0142 9182 2255 0
0.0143 9104 1472 0
0.0144 9049 469 0
0.0148 9263 2784 0
0.0149 9022 374 0
0.0151 9438 2912 0
0.0152 9153 1002 0
0.0152 9230 2598 0
0.0155 9234 2260 0
0.0156 9270 3456 0
0.0157 9220 773 0
0.0159 9236 1923 0
0.0162 9306 2128 0
0.0163 9293 3459 0
0.0164 9272 2284 0
0.0165 9130 682 0
0.0167 9311 1998 0
0.0168 9252 1219 0
0.0169 9176 1376 0
0.0172 9141 474 0
0.0172 9190 1389 0
0.0178 9162 477 0
0.0179 9306 2880 0
0.0182 9303 2941 0
0.0183 9303 1682 0
0.0184 9190 4129 0
0.0185 9356 3664 0
0.0187 9273 787 0
0.0193 9374 2061 0
0.0195 9525 2256 0
0.0195 9383 3820 0
0.0197 9352 2068 0
0.0198 9279 2216 0
0.0202 9353 1674 0
0.0206 9290 1103 0
0.0208 9390 2337 0
0.0209 9345 1526 0
0.0216 9426 2623 0
0.0217 9318 2174 0
0.0219 9265 3964 0
0.0220 9556 3162 0
0.0222 9499 2894 0
0.0223 9372 1531 0
0.0225 9516 4786 0
0.0231 9417 3052 0
0.0233 9357 2200 0
0.0235 9565 3266 0
0.0236 9360 1220 0
0.0238 9297 764 0
0.0240 9461 3599 0
0.0240 9452 3542 0
0.0242 9440 2461 0
0.0244 9390 3473 0
0.0247 9499 4151 0
0.0250 9570 3369 0
0.0251 9385 1032 0
0.0253 9633 7827 0
0.0254 9524 4271 0
0.0256 9398 3692 0
0.0258 9391 3123 0
0.0260 9560 5505 0
0.0262 9460 7412 0
0.0263 9511 2300 0
0.0265 9497 7415 0
0.0269 9481 1708 0
0.0272 9523 4346 0
0.0274 9558 4351 0
0.0276 9483 1709 0
0.0278 9464 3137 0
0.0279 9595 3544 0
0.0280 9438 2591 0
0.0281 9619 3432 0
0.0281 9663 8974 0
0.0283 9489 2323 0
0.0283 9480 4191 0
0.0284 9492 4012 0
0.0286 9552 3477 0
0.0290 9506 2338 0
0.0291 9481 3166 0
0.0293 9401 5349 0
0.0294 9518 2392 0
0.0299 9441 1395 0
0.0303 9582 4447 0
0.0305 9503 5321 0
0.0307 9572 3614 0
0.0309 9616 4186 0
0.0312 9560 7663 0
0.0312 9572 4498 0
0.0313 9538 5325 0
0.0314 9510 1966 0
0.0316 9502 3333 0
0.0321 9542 4370 0
0.0332 9582 3547 0
0.0333 9612 3643 0
0.0334 9555 3105 0
0.0339 9591 8276 0
0.0343 9562 3344 0
0.0346 9530 5444 0
0.0346 9535 3269 0
0.0347 9515 4760 0
0.0348 9602 7054 0
0.0350 9661 6255 0
0.0354 9650 3768 0
0.0355 9720 10976 0
0.0356 9555 5460 0
0.0357 9617 9014 0
0.0360 9563 5167 0
0.0364 9553 4413 0
0.0365 9659 5720 0
0.0366 9631 4801 0
0.0366 9537 1614 0
0.0367 9598 2924 0
0.0369 9531 6077 0
0.0372 9570 5545 0
0.0380 9635 4669 0
0.0382 9548 4924 0
0.0382 9572 3361 0
0.0384 9639 3576 0
0.0386 9567 6670 0
0.0390 9607 5627 0
0.0393 9573 2045 0
0.0398 9667 5863 0
0.0405 9670 6874 0
0.0405 9622 2779 0
0.0407 9645 9422 0
0.0407 9671 5904 0
0.0416 9639 6740 0
0.0418 9623 5994 0
0.0420 9603 3893 0
0.0423 9591 5128 0
0.0430 9637 2814 0
0.0431 9704 4294 0
0.0432 9620 5653 0
0.0434 9610 5129 0
0.0438 9681 4513 0
0.0440 9647 5698 0
0.0444 9654 9618 0
0.0447 9696 7512 0
0.0448 9588 5426 0
0.0450 9636 6171 0
0.0458 9663 2964 0
0.0459 9674 3728 0
0.0461 9692 6785 0
0.0461 9625 6342 0
0.0466 9620 5174 0
0.0473 9623 3770 0
0.0474 9668 5826 0
0.0477 9645 3823 0
0.0484 9673 5855 0
0.0492 9668 6357 0
0.0499 9696 5378 0
0.0500 9690 6668 0
0.1000 9840 12223 0
0.1500 9915 17920 0
0.2001 9952 24963 0
0.2501 9974 29195 0
0.3001 9993 33067 0
0.3500 10006 38041 0
0.4000 10024 51888 0
0.4501 10033 61880 0
0.5001 10042 67092 0
0.5501 10053 76232 0
0.6001 10062 82056 0
0.6501 10066 88658 0
0.7001 10075 95017 0
0.7501 10078 101144 0
0.8001 10086 105700 0
0.8500 10090 111816 0
0.9000 10093 115921 0
0.9501 10095 122339 0
1.0000 10101 128208 0
