1122
0.00011563367252543941 441.3345282146161 85.62095282146161
0.00023126734505087883 608.5650095602294 162.32887189292543
0.0003469010175763182 729.2144702842377 262.76485788113695
0.00046253469010175765 816.6456808199122 376.9106881405564
0.000578168362627197 864.341304347826 524.491304347826
0.0006938020351526364 899.4940476190476 515.6904761904761
0.0008094357076780758 927.6842105263158 562.9929824561403
0.0009250693802035153 942.212389380531 747.2964601769911
0.0010407030527289547 951.9408866995074 725.6108374384237
0.001156336725254394 972.9594594594595 889.8783783783783
0.0012719703977798335 981.6838235294117 644.2205882352941
0.0013876040703052729 989.3529411764706 1074.2426470588234
0.0015032377428307122 997.6595744680851 919.6170212765958
0.0016188714153561516 1014.8709677419355 1113.47311827957
0.001734505087881591 1021.425 925.4875
0.0018501387604070306 1028.0933333333332 1150.0266666666666
0.00196577243293247 1024.8852459016393 971.8524590163935
0.0020814061054579094 1028.9322033898304 1133.050847457627
0.0021970397779833488 1035.2363636363636 1109.418181818182
0.002312673450508788 1039.1754385964912 1616.9122807017543
0.0024283071230342275 1033.7818181818182 1311.7636363636364
0.002543940795559667 1041.7551020408164 1372.2857142857142
0.0026595744680851063 1044.16 1778.94
0.0027752081406105457 1046.3 1562.92
0.002890841813135985 1049.6808510638298 1757.5106382978724
0.0030064754856614245 1051.1489361702127 1807.4468085106382
0.003122109158186864 1052.125 1799.8
0.0032377428307123032 1055.0731707317073 2553.0243902439024
0.0033533765032377426 1056.547619047619 2336.8571428571427
0.003469010175763182 1055.7222222222222 3012.5
0.003584643848288622 1062.4 1913.5333333333333
0.0037002775208140612 1061.2222222222222 2166.222222222222
0.0038159111933395006 1068.4705882352941 3057.4411764705883
0.00393154486586494 1063.75 2031.90625
0.004047178538390379 1069.2692307692307 3208.3846153846152
0.004162812210915819 1069.2121212121212 2224.757575757576
0.004278445883441258 1068.6333333333334 3491.0
0.0043940795559666975 1069.3333333333333 3019.2916666666665
0.004509713228492137 1070.3333333333333 3055.6666666666665
0.004625346901017576 1076.4285714285713 4547.761904761905
0.004740980573543016 1078.5 4682.2
0.004856614246068455 1077.75 3900.125
0.0049722479185938945 1073.0666666666666 1524.4
0.005087881591119334 1074.5294117647059 2052.3529411764707
0.005203515263644773 1073.157894736842 2546.684210526316
0.005319148936170213 1080.0 3408.0555555555557
0.005434782608695652 1078.3636363636363 4701.090909090909
0.005550416281221091 1073.8666666666666 3843.733333333333
0.005666049953746531 1072.875 3673.5
0.00578168362627197 1074.0 2570.181818181818
0.00589731729879741 1076.1666666666667 2525.75
0.006012950971322849 1079.6153846153845 4286.076923076923
0.006128584643848288 1080.9333333333334 4500.866666666667
0.006244218316373728 1080.125 2183.375
0.006359851988899167 1074.875 2696.25
0.0064754856614246065 1074.4444444444443 3632.1111111111113
0.006591119333950046 1066.2 2655.8
0.006706753006475485 1085.1666666666667 3915.5
0.006822386679000925 1085.3333333333333 4697.5
0.006938020351526364 1086.6666666666667 4403.888888888889
0.007053654024051804 1086.0 5543.0
0.007169287696577244 1085.25 3872.0
0.007284921369102683 1088.857142857143 3697.4285714285716
0.0074005550416281225 1085.5 3845.6
0.007516188714153562 1086.3125 4087.25
0.007631822386679001 1086.2727272727273 3715.0
0.007747456059204441 1090.25 3482.125
0.00786308973172988 1088.875 4882.0
0.007978723404255319 1087.111111111111 3742.8888888888887
0.008094357076780759 1089.8 7075.7
0.008209990749306197 1093.5 8132.833333333333
0.008325624421831638 1089.2727272727273 4360.636363636364
0.008441258094357076 1088.625 4289.875
0.008556891766882516 1091.7272727272727 6776.636363636364
0.008672525439407955 1094.5454545454545 7511.818181818182
0.008788159111933395 1090.5 6878.0
0.008903792784458834 1089.2 6851.2
0.009019426456984274 1088.5714285714287 5227.0
0.009135060129509712 1091.8 6033.6
0.009250693802035153 1087.3333333333333 5430.5
0.009366327474560593 1094.0 6967.25
0.009481961147086031 1084.25 4622.75
0.009597594819611472 1092.0 5830.666666666667
0.00971322849213691 1093.5 4911.333333333333
0.00982886216466235 1093.6666666666667 4110.333333333333
0.009944495837187789 1094.2 4071.4
0.01006012950971323 1090.4285714285713 4601.571428571428
0.010175763182238668 1092.0 5337.333333333333
0.010291396854764108 1093.0 6841.666666666667
0.010407030527289547 1099.0 7366.833333333333
0.010522664199814987 1093.142857142857 6278.428571428572
0.010638297872340425 1087.3333333333333 7263.0
0.010753931544865866 1100.0 7965.0
0.010869565217391304 1094.0 9302.0
0.010985198889916744 1093.25 12789.375
0.011100832562442183 1096.5555555555557 12716.333333333334
0.011216466234967623 1093.7777777777778 7773.333333333333
0.011332099907493062 1094.4285714285713 8121.714285714285
0.011447733580018502 1092.3333333333333 5971.833333333333
0.01156336725254394 1095.7142857142858 6176.714285714285
0.01167900092506938 1094.8333333333333 7025.666666666667
0.01179463459759482 1097.75 6474.5
0.01191026827012026 1095.142857142857 6409.857142857143
0.012025901942645698 1099.0 6277.714285714285
0.012141535615171138 1098.5 8186.5
0.012257169287696577 1094.25 6500.75
0.012372802960222017 1095.8333333333333 6810.333333333333
0.012488436632747455 1101.0 8842.666666666666
0.012604070305272896 1097.5 5946.0
0.012719703977798334 1102.5 13589.75
0.012835337650323774 1099.2857142857142 7672.571428571428
0.012950971322849213 1095.142857142857 7267.857142857143
0.013066604995374653 1099.6 9319.4
0.013182238667900092 1098.7142857142858 10458.714285714286
0.013297872340425532 1099.6 12409.6
0.01341350601295097 1100.0 8222.166666666666
0.01352913968547641 1097.625 7719.375
0.01364477335800185 1099.4285714285713 8761.57142857143
0.01376040703052729 1099.4 9568.8
0.013876040703052728 1100.6666666666667 10846.666666666666
0.013991674375578168 1101.25 10931.25
0.014107308048103609 1098.6666666666667 8720.666666666666
0.014222941720629047 1099.8333333333333 9562.666666666666
0.014338575393154487 1098.0 10609.333333333334
0.014454209065679926 1099.4 10221.6
0.014569842738205366 1101.25 11338.0
0.014685476410730805 1101.3333333333333 13192.333333333334
0.014801110083256245 1100.0 18758.0
0.014916743755781683 1100.3333333333333 13400.333333333334
0.015032377428307124 1101.3333333333333 19016.333333333332
0.015148011100832562 1100.0 10735.0
0.015263644773358002 1100.5 9767.5
0.015379278445883441 1100.75 12868.0
0.015494912118408881 1102.0 9516.5
0.01561054579093432 1099.25 13227.25
0.01572617946345976 1101.25 10319.25
0.0158418131359852 1100.142857142857 11687.0
0.015957446808510637 1100.2857142857142 9871.285714285714
0.01607308048103608 1099.5 9863.666666666666
0.016188714153561518 1100.0 9931.833333333334
0.016304347826086956 1099.3333333333333 8300.666666666666
0.016419981498612395 1101.0 9919.0
0.016535615171137837 1102.25 12862.5
0.016651248843663275 1099.5 12505.0
0.016766882516188714 1098.75 12447.5
0.016882516188714152 1103.5 15309.75
0.016998149861239594 1102.75 12016.75
0.017113783533765033 1100.25 15307.75
0.01722941720629047 1101.0 14744.0
0.01734505087881591 1099.0 13936.0
0.01746068455134135 1100.0 15609.666666666666
0.01757631822386679 1102.0 15136.142857142857
0.01769195189639223 1102.2 20531.6
0.017807585568917667 1101.5 29914.0
0.01792321924144311 1102.6666666666667 14852.666666666666
0.018038852913968548 1098.0 8102.0
0.018154486586493986 1098.0 8102.0
0.018270120259019425 1101.6666666666667 14621.666666666666
0.018385753931544867 1102.25 23012.0
0.018501387604070305 1101.6666666666667 19027.0
0.018617021276595744 1101.5 19172.333333333332
0.018732654949121186 1100.3333333333333 11339.333333333334
0.018848288621646624 1103.5 33996.5
0.018963922294172063 1102.25 23966.25
0.0190795559666975 1103.0 17657.0
0.019195189639222943 1099.0 17860.5
0.019310823311748382 1105.0 18723.333333333332
0.01942645698427382 1103.5 34317.0
0.01954209065679926 1102.0 15784.0
0.0196577243293247 1105.0 18317.25
0.01977335800185014 1105.0 25231.4
0.019888991674375578 1109.0 19797.0
0.020004625346901016 1107.0 36398.5
0.02012025901942646 1109.0 19797.0
0.020235892691951897 1109.0 19810.0
0.020351526364477335 1109.0 19810.0
0.020467160037002774 1101.6666666666667 12898.0
0.020582793709528216 1101.6666666666667 12939.666666666666
0.020698427382053654 1101.6666666666667 12939.666666666666
0.020814061054579093 1101.0 13750.5
0.021045328399629974 1103.0 11374.0
0.021160962072155412 1103.0 11374.0
0.02127659574468085 1103.0 11374.0
0.02162349676225717 1106.0 15686.5
0.021739130434782608 1103.6666666666667 16942.666666666668
0.021854764107308047 1106.0 20807.0
0.02197039777983349 1110.0 20299.0
0.022086031452358927 1110.0 20691.0
0.022201665124884366 1100.0 8994.5
0.022317298797409804 1103.0 12721.333333333334
0.022432932469935246 1100.0 8440.0
0.022548566142460685 1100.0 8440.0
0.022664199814986123 1104.0 11506.0
0.02277983348751156 1104.0 11506.0
0.023011100832562442 1104.0 11506.0
0.02312673450508788 1104.0 11506.0
0.0234736355226642 1101.0 8604.0
0.02358926919518964 1101.0 8604.0
0.02370490286771508 1103.0 15964.5
0.023936170212765957 1101.0 8629.0
0.024051803885291396 1101.0 8629.0
0.024283071230342276 1101.0 8629.0
0.024398704902867715 1101.0 8642.0
0.024629972247918595 1103.0 16086.5
0.024745605920444034 1103.0 16184.0
0.024861239592969472 1103.0 16184.0
0.02497687326549491 1103.0 16202.0
0.025092506938020353 1103.0 16202.0
0.02532377428307123 1105.0 23633.0
0.02543940795559667 1105.0 23646.0
0.02555504162812211 1105.0 23655.0
0.02567067530064755 1105.0 23655.0
0.025901942645698426 1105.0 23820.0
0.026017576318223868 1105.0 23820.0
0.026133209990749307 1105.0 23851.0
0.026248843663274745 1105.0 23875.0
0.026364477335800184 1103.0 16601.0
0.026480111008325626 1101.0 9224.0
0.026595744680851064 1101.0 9224.0
0.02682701202590194 1105.0 8319.0
0.026942645698427383 1105.0 8327.0
0.02705827937095282 1105.0 8327.0
0.02717391304347826 1105.6666666666667 14446.0
0.02752081406105458 1106.0 24044.0
0.027636447733580018 1107.5 40424.5
0.027752081406105456 1109.0 56809.0
0.027983348751156337 1101.0 9296.0
0.028098982423681775 1107.0 33182.0
0.028214616096207217 1106.6666666666667 38569.333333333336
0.028330249768732656 1110.0 53243.0
0.028445883441258094 1103.0 9428.0
0.028561517113783533 1105.75 21922.0
0.028677150786308975 1107.0 11581.0
0.028792784458834413 1104.0 12056.666666666666
0.028908418131359852 1105.3333333333333 12161.333333333334
0.02902405180388529 1106.0 10604.0
0.029139685476410732 1109.5 34477.5
0.02925531914893617 1107.0 11581.0
0.02937095282146161 1107.5 19433.0
0.029486586493987048 1107.0 11581.0
0.02960222016651249 1108.0 27285.0
0.02971785383903793 1108.0 27288.0
0.029949121184088805 1112.0 57382.0
0.030180388529139686 1108.0 27418.0
0.030296022201665124 1108.0 27448.0
0.030411655874190563 1110.0 42465.5
0.030527289546716005 1112.0 57552.0
0.030758556891766882 1108.0 27582.0
0.03087419056429232 1112.0 57557.0
0.0311054579093432 1108.0 27605.0
0.03133672525439408 1112.0 57779.0
0.032724329324699354 1107.0 39286.0
0.03295559666975023 1108.0 16141.0
0.03307123034227567 1108.0 21373.0
0.03318686401480111 1115.0 60123.0
0.03330249768732655 1105.0 16481.5
0.03341813135985199 1102.0 11587.0
0.03353376503237743 1105.0 16496.5
0.03364939870490287 1102.0 11617.0
0.033765032377428304 1107.0 39400.0
0.033880666049953746 1104.5 25510.5
0.03399629972247919 1107.0 39400.0
0.03411193339500462 1105.0 25270.0
0.034227567067530065 1105.0 25278.0
0.03434320074005551 1108.0 39543.0
0.03445883441258094 1105.0 25375.5
0.034574468085106384 1108.0 39794.0
0.03469010175763182 1110.0 50707.0
0.03480573543015726 1102.0 11064.0
0.0349213691026827 1105.5 20934.0
0.03503700277520814 1107.3333333333333 30867.666666666668
0.03515263644773358 1108.0 32574.4
0.03526827012025902 1106.0 21036.5
0.03538390379278446 1103.0 11090.0
0.0354995374653099 1106.5 30931.0
0.03584643848288622 1109.0 31010.0
0.035962072155411653 1109.0 31028.0
0.036077705827937095 1109.0 31028.0
0.03619333950046254 1106.5 20820.0
0.03630897317298797 1103.0 11140.0
0.036424606845513414 1103.0 11140.0
0.03654024051803885 1105.5 25700.5
0.03665587419056429 1103.0 11247.0
0.036771507863089734 1102.5 13823.5
0.03688714153561517 1103.0 11286.0
0.03700277520814061 1108.0 25877.0
0.03711840888066605 1109.0 25964.0
0.03723404255319149 1109.0 39744.666666666664
0.03734967622571693 1109.0 39769.333333333336
0.03746530989824237 1109.0 46730.0
0.03769657724329325 1109.3333333333333 41412.0
0.037812210915818684 1109.0 35745.5
0.037927844588344126 1108.0 40724.0
0.038159111933395 1109.0 16220.0
0.038274745605920445 1106.0 13894.0
0.03839037927844589 1109.0 16507.0
0.03850601295097132 1111.0 30884.0
0.038621646623496764 1110.0 55512.0
0.03885291396854764 1110.0 24308.0
0.03896854764107308 1110.0 24310.0
0.03908418131359852 1110.0 24325.0
0.03919981498612396 1111.0 32059.0
0.0393154486586494 1107.0 23006.0
0.03943108233117484 1109.0 16602.0
0.03954671600370028 1111.0 32075.0
0.039662349676225714 1107.0 23106.5
0.0398936170212766 1109.0 16774.0
0.04000925069380203 1109.0 16774.0
0.040124884366327475 1109.0 16774.0
0.04024051803885292 1110.0 24700.5
0.04035615171137835 1112.0 40069.5
0.040471785383903794 1110.5 33491.25
0.04058741905642923 1107.0 21459.0
0.04070305272895467 1108.0 24233.0
0.04081868640148011 1107.0 21459.0
0.04093432007400555 1109.0 23645.0
0.04104995374653099 1110.0 17896.0
0.04116558741905643 1109.0 23841.0
0.04139685476410731 1109.5 25709.5
0.041512488436632744 1109.0 24174.0
0.04174375578168363 1109.0 24176.0
0.041975023126734505 1110.0 18968.0
0.04209065679925995 1108.6666666666667 21578.0
0.04220629047178538 1106.5 16772.0
0.042321924144310824 1110.0 19438.0
0.042437557816836266 1110.0 19499.0
0.04278445883441258 1107.0 22739.0
0.0431313598519889 1111.0 28839.0
0.04324699352451434 1111.0 28885.0
0.04336262719703978 1111.0 28885.0
0.04359389454209066 1109.5 22562.5
0.04370952821461609 1109.0 24290.0
0.043825161887141535 1106.0 19642.5
0.044172062904717854 1106.0 19665.5
0.044287696577243296 1103.0 15039.0
0.04486586493987049 1110.0 20940.0
0.04509713228492137 1110.0 21190.0
0.045675300647548565 1110.0 21215.0
0.04579093432007401 1112.0 34356.0
0.04590656799259944 1112.0 34356.0
0.046022201665124884 1110.5 29882.0
0.046137835337650326 1103.0 15149.0
0.0463691026827012 1112.0 34833.0
0.046484736355226645 1112.0 34833.0
0.04660037002775208 1110.0 21461.0
0.04671600370027752 1110.0 21461.0
0.04764107308048104 1110.0 25298.0
0.04775670675300647 1110.0 25318.0
0.047872340425531915 1110.0 25320.0
0.04810360777058279 1104.0 16441.0
0.048219241443108234 1104.0 16441.0
0.048334875115633676 1104.0 16479.0
0.04868177613320999 1110.0 32545.0
0.04891304347826087 1110.0 32565.0
0.04925994449583719 1104.0 16798.0
0.04949121184088807 1104.0 16798.0
0.0496068455134135 1104.0 16798.0
0.049722479185938945 1104.0 16798.0
0.04983811285846439 1104.0 16798.0
0.04995374653098982 1109.0 25844.0
0.050185013876040706 1109.0 25844.0
0.05030064754856614 1109.0 25844.0
0.05041628122109158 1109.0 25844.0
0.05064754856614246 1109.0 25853.0
0.0507631822386679 1109.0 25853.0
0.05087881591119334 1106.5 21412.5
0.05099444958371878 1109.0 25861.0
0.05111008325624422 1106.5 22629.0
0.05168825161887142 1110.0 33064.0
0.052035152636447736 1110.0 33107.0
0.05296022201665125 1110.0 34098.0
0.05319148936170213 1110.0 34747.0
0.05330712303422757 1110.0 34747.0
0.053422756706753005 1108.0 27960.0
0.05365402405180388 1110.0 35159.0
0.053885291396854766 1110.0 35159.0
0.05411655874190564 1113.0 54543.0
0.05434782608695652 1110.0 48334.0
0.05446345975948196 1110.0 48334.0
0.0545790934320074 1110.0 35509.0
0.05481036077705828 1110.0 35544.0
0.05538852913968548 1108.5 30363.0
0.05550416281221091 1108.5 30366.0
0.055619796484736354 1108.5 30372.0
0.055735430157261796 1107.0 25150.0
0.05585106382978723 1107.0 25230.0
0.05596669750231267 1107.0 28844.0
0.056082331174838115 1107.0 28851.0
0.057123034227567066 1112.0 45445.0
0.05723866790009251 1112.0 45445.0
0.05735430157261795 1112.0 45476.0
0.057469935245143385 1112.0 45476.0
0.057585568917668827 1112.0 45476.0
0.057816836262719704 1112.0 45490.0
0.057932469935245146 1112.0 40296.0
0.05804810360777058 1112.0 35119.0
0.05851063829787234 1107.0 29008.0
0.05874190564292322 1108.0 40574.0
0.05885753931544866 1107.0 29020.0
0.058973172987974096 1107.0 29053.0
0.05908880666049954 1112.0 45709.0
0.05920444033302498 1112.0 46393.0
0.05955134135060129 1107.0 29637.0
0.059666975023126734 1107.0 29651.0
0.059782608695652176 1107.0 29674.0
0.05989824236817761 1107.0 29674.0
0.06070767807585569 1112.0 37772.0
0.06267345050878816 1110.0 69262.0
0.0627890841813136 1110.0 69375.0
0.06290471785383904 1110.0 69375.0
0.06302035152636448 1109.0 52813.0
0.06313598519888991 1109.0 52813.0
0.06325161887141535 1109.5 61159.5
0.06417668825161887 1110.0 72506.0
0.06429232192414432 1110.0 72506.0
0.06440795559666974 1109.5 62770.0
0.06452358926919519 1109.0 53033.0
0.06475485661424607 1109.0 53044.0
0.06510175763182238 1109.0 53066.0
0.06521739130434782 1109.0 53066.0
0.06533302497687327 1109.0 53088.0
0.06544865864939871 1109.0 53088.0
0.06567992599444958 1109.0 53106.0
0.06579555966697502 1109.0 53106.0
0.0660268270120259 1109.0 53106.0
0.06614246068455135 1109.0 53109.0
0.06625809435707677 1109.0 53390.0
0.06637372802960222 1109.0 53393.0
0.06648936170212766 1109.0 53393.0
0.06695189639222941 1112.0 48195.0
0.06729879740980574 1112.0 48205.0
0.06741443108233118 1112.0 48209.0
0.07319611470860314 1112.0 49709.0
0.07331174838112858 1112.0 49739.0
0.07342738205365403 1112.0 49742.0
0.07354301572617947 1112.0 49742.0
0.07365864939870491 1113.0 49799.0
0.07377428307123034 1113.0 49799.0
0.07388991674375578 1113.0 49802.0
0.07412118408880666 1113.0 49802.0
0.0742368177613321 1113.0 49802.0
0.07435245143385753 1113.0 49802.0
0.07446808510638298 1113.0 49830.0
0.07469935245143386 1113.0 49832.0
0.07527752081406106 1113.0 50003.0
0.07550878815911194 1113.0 50003.0
0.07562442183163737 1113.0 50003.0
0.07574005550416281 1113.0 50007.0
0.07608695652173914 1113.0 50007.0
0.07620259019426456 1113.0 50009.0
0.07631822386679 1113.0 50009.0
0.07643385753931545 1113.0 50009.0
0.08048103607770583 1112.0 54833.0
0.08059666975023126 1112.0 55012.0
0.0807123034227567 1112.0 55012.0
0.08082793709528215 1112.0 55012.0
0.08105920444033303 1113.0 51678.0
0.0812904717853839 1113.0 51776.0
0.08140610545790934 1112.5 53424.5
0.08152173913043478 1112.0 55673.0
0.08163737280296023 1112.0 55701.0
0.08175300647548567 1112.0 55702.0
0.0818686401480111 1112.0 55707.0
0.08198427382053654 1112.0 55707.0
0.08209990749306198 1114.0 52145.0
0.08221554116558742 1110.0 47967.0
0.0856845513413506 1109.0 69565.0
0.08591581868640148 1109.0 69565.0
0.08672525439407956 1109.0 69623.0
0.08684088806660499 1109.0 69623.0
0.08695652173913043 1109.0 69623.0
0.08938482886216466 1110.0 72936.0
0.0895004625346901 1110.0 72936.0
0.08961609620721554 1110.0 50580.0
0.08973172987974098 1110.0 72951.0
0.08984736355226643 1110.0 72951.0
0.08996299722479185 1110.0 61784.0
0.09019426456984274 1111.0 65320.5
0.09054116558741905 1111.0 65340.0
0.09077243293246993 1110.0 50665.0
0.09088806660499538 1110.0 50668.0
0.09111933395004625 1110.0 50668.0
0.09158186864014801 1114.0 56662.0
0.09169750231267346 1114.0 56662.0
0.09181313598519888 1112.0 54469.0
0.09192876965772433 1110.0 52983.0
0.09239130434782608 1110.0 54739.0
0.09250693802035152 1112.0 58113.0
0.09308510638297872 1110.0 54893.0
0.09320074005550416 1110.0 54902.0
0.09343200740055504 1112.0 58584.0
0.09366327474560592 1112.0 58914.0
0.09377890841813136 1112.0 58926.0
0.0938945420906568 1112.0 58931.0
0.09401017576318224 1112.0 58975.0
0.09412580943570768 1110.0 54910.0
0.09435707678075855 1110.0 55077.0
0.09481961147086032 1110.0 55763.0
0.09528214616096208 1110.0 55853.0
0.09539777983348752 1110.0 55853.0
0.09551341350601295 1110.0 55853.0
0.09562904717853839 1110.0 55874.0
0.09574468085106383 1110.0 55934.0
0.09586031452358927 1111.0 57676.0
0.09597594819611471 1112.0 59406.0
0.09620721554116558 1110.0 56295.0
0.09632284921369103 1110.0 56295.0
0.09655411655874191 1110.0 56295.0
0.09678538390379278 1110.0 56803.0
0.0971322849213691 1110.0 56806.0
0.09724791859389455 1110.0 56806.0
0.09736355226641998 1112.5 57348.0
0.09747918593894542 1110.0 57026.0
0.0977104532839963 1110.0 57073.0
0.09782608695652174 1112.5 57542.0
0.09794172062904719 1112.5 57549.0
0.09817298797409806 1115.0 58018.0
0.09875115633672525 1115.0 58081.0
0.09898242368177614 1115.0 58085.0
0.09932932469935245 1115.0 58124.0
0.09967622571692877 1112.0 59991.0
0.09979185938945422 1113.5 59063.0
0.09990749306197964 1115.0 58131.0
0.10002312673450509 1112.0 59995.0
0.10013876040703053 1115.0 58159.0
0.10083256244218317 1112.0 60023.0
0.10106382978723404 1110.0 58005.0
0.10117946345975948 1110.0 58005.0
0.10141073080481036 1113.0 61018.5
0.1015263644773358 1112.0 60535.0
0.10198889916743756 1112.0 60621.0
0.102104532839963 1116.0 64624.0
0.10869565217391304 1115.0 61271.0
0.10950508788159112 1110.0 61524.0
0.109736355226642 1115.0 61459.0
0.10996762257169287 1115.0 61473.0
0.11285846438482887 1110.0 63885.0
0.11343663274745606 1117.0 72983.0
0.11413043478260869 1117.0 75159.0
0.11424606845513413 1117.0 75164.0
0.11447733580018501 1117.0 75169.0
0.11493987049028677 1117.0 75258.0
0.11517113783533765 1115.0 62009.0
0.1152867715078631 1115.0 62009.0
0.11551803885291397 1115.0 62077.0
0.12338112858464385 1117.0 80788.0
0.1267345050878816 1117.0 84765.0
0.12777520814061055 1117.0 84831.0
0.12789084181313598 1117.0 84833.0
0.12812210915818686 1117.0 84833.0
0.1282377428307123 1117.0 84833.0
0.1299722479185939 1117.0 85698.0
0.143154486586494 1115.0 86121.0
0.14361702127659576 1115.0 86168.0
0.14419518963922295 1115.0 86224.0
0.14431082331174838 1115.0 86224.0
0.1444264569842738 1115.0 86412.0
0.14454209065679927 1115.0 86413.0
0.14477335800185015 1115.0 86414.0
0.14512025901942646 1115.0 86417.0
0.14916743755781683 1117.0 87173.0
0.14951433857539315 1117.0 87445.0
0.1578399629972248 1117.0 89486.0
0.16604995374653098 1117.0 116726.0
0.16674375578168363 1117.0 117648.0
0.1669750231267345 1117.0 117694.0
0.16732192414431082 1117.0 118077.0
0.16743755781683625 1117.0 118077.0
0.1675531914893617 1117.0 118120.0
0.16766882516188714 1117.0 118133.0
0.1683626271970398 1117.0 118412.0
0.16847826086956522 1117.0 118412.0
0.16859389454209064 1117.0 118412.0
0.1690564292321924 1117.0 118906.0
0.1692876965772433 1117.0 118906.0
0.16951896392229418 1117.0 119428.0
0.16975023126734506 1117.0 119490.0
0.1698658649398705 1117.0 119498.0
0.17009713228492138 1117.0 119558.0
0.17032839962997226 1117.0 119558.0
0.1704440333024977 1117.0 119558.0
0.170790934320074 1117.0 119573.0
0.17090656799259946 1117.0 119579.0
0.1713691026827012 1117.0 119615.0
0.17148473635522665 1117.0 119618.0
0.1725254394079556 1117.0 121387.0
0.17264107308048104 1117.0 121387.0
0.17275670675300647 1117.0 121387.0
0.17298797409805736 1117.0 121389.0
0.17310360777058278 1117.0 121452.0
0.17356614246068455 1117.0 121547.0
0.17368177613320998 1117.0 121567.0
0.17402867715078632 1117.0 121567.0
0.17449121184088806 1117.0 121628.0
0.17472247918593894 1117.0 121628.0
0.17506938020351526 1117.0 121631.0
0.1751850138760407 1117.0 121631.0
0.17553191489361702 1117.0 127311.0
0.1757631822386679 1117.0 127322.0
0.17587881591119334 1117.0 127322.0
0.17622571692876965 1117.0 127327.0
0.1772664199814986 1113.0 136392.0
0.17738205365402404 1113.0 136392.0
0.17761332099907493 1113.0 136418.0
0.17772895467160038 1113.0 136418.0
0.17819148936170212 1113.0 137198.0
0.17888529139685477 1117.0 128242.0
0.1790009250693802 1117.0 128361.0
0.18119796484736356 1113.0 139011.0
0.1816604995374653 1113.0 139089.0
0.18177613320999075 1113.0 139089.0
0.18200740055504164 1113.0 140120.0
0.1822386679000925 1113.0 140304.0
0.18281683626271972 1113.0 140851.0
0.18906105457909342 1113.0 142910.0
0.1990055504162812 1113.0 144725.0
0.1998149861239593 1117.0 144456.0
0.20235892691951896 1117.0 145144.0
0.2027058279370953 1117.0 145151.0
0.2030527289546716 1117.0 145151.0
0.20351526364477335 1117.0 145231.0
0.20895004625346902 1117.0 115706.0
0.2154255319148936 1118.0 124882.0
0.21704440333024977 1117.0 147456.0
0.2177382053654024 1117.0 147493.0
0.21785383903792785 1117.0 147493.0
0.21796947271045328 1117.0 147558.0
0.21854764107308047 1117.0 147613.0
0.21866327474560593 1117.0 147613.0
0.21877890841813136 1117.0 147616.0
0.22074468085106383 1117.0 147973.0
0.22166975023126734 1117.0 148045.0
0.2217853839037928 1117.0 148045.0
0.22190101757631822 1117.0 148045.0
0.22224791859389453 1117.0 148116.0
0.2230573543015726 1117.0 148212.0
0.22745143385753933 1117.0 148946.0
0.22779833487511564 1117.0 148964.0
0.22802960222016652 1117.0 148964.0
0.22814523589269195 1119.0 139195.0
0.22826086956521738 1117.0 148967.0
0.22849213691026826 1117.0 148967.0
0.22860777058279372 1117.0 148973.0
0.23519888991674376 1119.0 167641.0
0.23866790009250693 1119.0 189287.0
0.2827243293246994 1120.0 222867.0
0.2837650323774283 1120.0 234310.0
0.2843432007400555 1120.0 239329.0
0.3009944495837188 1115.0 205346.0
0.3011100832562442 1115.0 205352.0
0.3016882516188714 1115.0 205370.0
0.30180388529139685 1115.0 205378.0
0.3027289546716004 1115.0 205682.0
0.3028445883441258 1115.0 205698.0
0.30296022201665124 1115.0 205727.0
0.30319148936170215 1115.0 205727.0
0.3033071230342276 1115.0 205920.0
0.3051572617946346 1115.0 206377.0
0.30527289546716 1115.0 206377.0
0.30538852913968545 1115.0 206379.0
0.3172987974098057 1115.0 214167.0
0.3177613320999075 1115.0 214167.0
0.31822386679000925 1115.0 214460.0
0.3183395004625347 1115.0 214474.0
0.3184551341350601 1115.0 214474.0
0.4089962997224792 1115.0 287447.0
0.4091119333950046 1115.0 287447.0
0.40922756706753005 1115.0 287447.0
0.41234967622571694 1115.0 287755.0
0.4158186864014801 1115.0 288049.0
0.416049953746531 1115.0 288049.0
0.41662812210915817 1115.0 288049.0
0.4167437557816836 1115.0 288360.0
0.4168593894542091 1115.0 288360.0
0.4173219241443108 1115.0 288368.0
0.41790009250693805 1115.0 288374.0
0.42067530064754854 1115.0 288661.0
0.42079093432007403 1115.0 290286.0
0.47421369102682703 1115.0 311047.0
0.7128815911193339 1119.0 500334.0
0.9972247918593895 1122.0 739663.0
1.0 1122.0 740450.0
