5982
0.00011583458820803892 561.621336731148 0.0
0.00023166917641607784 765.863614687649 0.0
0.00034750376462411677 897.626998223801 0.0
0.0004633383528321557 966.0070323488045 0.0
0.0005791729410401946 1015.3111111111111 0.0
0.0006950075292482335 1039.512968299712 0.0
0.0008108421174562725 1071.5 0.0
0.0009266767056643114 1080.295154185022 0.0
0.0010425112938723504 1085.1508379888269 0.0
0.0011583458820803893 1102.3602484472049 0.0
0.0012741804702884282 1114.921875 0.0
0.001390015058496467 1120.2521739130434 0.0
0.001505849646704506 1150.0961538461538 0.0
0.001621684234912545 1177.4705882352941 0.0
0.0017375188231205838 1174.6666666666667 0.0
0.0018533534113286227 1211.75 0.0
0.0019691879995366616 1207.5064935064936 0.0
0.0020850225877447007 1201.054054054054 0.0
0.0022008571759527394 1200.1304347826087 0.0
0.0023166917641607786 1181.7543859649122 0.0
0.0024325263523688172 1232.9245283018868 0.0
0.0025483609405768564 1239.3103448275863 0.0
0.002664195528784895 1256.658536585366 0.0
0.002780030116992934 1236.3 0.0
0.002895864705200973 1265.3076923076924 0.0
0.003011699293409012 1240.2777777777778 0.0
0.0031275338816170507 1226.1944444444443 0.0
0.00324336846982509 1241.1025641025642 0.0
0.0033592030580331285 1261.5757575757575 0.0
0.0034750376462411676 1249.65 0.0
0.0035908722344492067 1294.25 0.0
0.0037067068226572454 1258.5882352941176 0.0
0.0038225414108652845 1303.4285714285713 0.0
0.003938375999073323 1372.2142857142858 0.0
0.004054210587281362 1271.6666666666667 0.0
0.0041700451754894015 1312.095238095238 0.0
0.00428587976369744 1301.0 0.0
0.004401714351905479 1350.1052631578948 0.0
0.004517548940113518 1387.0 0.0
0.004633383528321557 1310.1666666666667 0.0
0.004749218116529595 1395.6 0.0
0.0048650527047376345 1323.9285714285713 0.0
0.004980887292945674 1360.3 0.0
0.005096721881153713 1462.5 0.0
0.005212556469361751 1285.5555555555557 0.0
0.00532839105756979 1393.7777777777778 0.0
0.005444225645777829 1466.9444444444443 0.0
0.005560060233985868 1342.45 0.0
0.0056758948221939075 1368.625 0.0
0.005791729410401946 1341.7142857142858 0.0
0.005907563998609985 1342.2 0.0
0.006023398586818024 1468.2727272727273 0.0
0.006139233175026063 1517.6666666666667 0.0
0.006255067763234101 1424.6 0.0
0.0063709023514421405 1410.0 0.0
0.00648673693965018 1372.5833333333333 0.0
0.006602571527858219 1400.75 0.0
0.006718406116066257 1459.25 0.0
0.006834240704274296 1486.0 0.0
0.006950075292482335 1484.2 0.0
0.007065909880690374 1535.3333333333333 0.0
0.0071817444688984135 1448.1 0.0
0.007297579057106452 1521.0588235294117 0.0
0.007413413645314491 1496.625 0.0
0.00752924823352253 1370.1538461538462 0.0
0.007645082821730569 1606.888888888889 0.0
0.007760917409938607 1491.4 0.0
0.007876751998146646 1500.8181818181818 0.0
0.007992586586354685 1446.3333333333333 0.0
0.008108421174562725 1619.4 0.0
0.008224255762770763 1523.3333333333333 0.0
0.008340090350978803 1485.6153846153845 0.0
0.008455924939186841 1582.909090909091 0.0
0.00857175952739488 1460.909090909091 0.0
0.00868759411560292 1547.25 0.0
0.008803428703810958 1564.9285714285713 0.0
0.008919263292018998 1571.0 0.0
0.009035097880227036 1433.25 0.0
0.009150932468435074 1406.3333333333333 0.0
0.009266767056643114 1605.625 0.0
0.009382601644851152 1685.4444444444443 0.0
0.00949843623305919 1465.6666666666667 0.0
0.00961427082126723 1600.0 0.0
0.009730105409475269 1761.5714285714287 0.0
0.009845939997683309 1594.375 0.0
0.009961774585891347 1656.875 0.0
0.010077609174099385 1656.8 0.0
0.010193443762307425 2039.6666666666667 0.0
0.010309278350515464 1695.6 0.0
0.010425112938723502 1776.5714285714287 0.0
0.010540947526931542 1597.3333333333333 0.0
0.01065678211513958 1429.25 0.0
0.01077261670334762 1385.5 0.0
0.010888451291555658 1577.375 0.0
0.011004285879763697 1860.2857142857142 0.0
0.011120120467971737 1698.2 0.0
0.011235955056179775 1661.857142857143 0.0
0.011351789644387815 1629.0 0.0
0.011467624232595853 1655.2 0.0
0.011583458820803891 1715.3333333333333 0.0
0.011699293409011931 1633.3333333333333 0.0
0.01181512799721997 1527.25 0.0
0.011930962585428008 1208.3333333333333 0.0
0.012046797173636048 1403.0 0.0
0.012162631761844086 1593.75 0.0
0.012278466350052126 1654.0 0.0
0.012394300938260164 1812.8333333333333 0.0
0.012510135526468203 1649.8 0.0
0.012625970114676243 1574.0 0.0
0.012741804702884281 1681.3333333333333 0.0
0.012857639291092321 1637.0 0.0
0.01297347387930036 1426.6 0.0
0.013089308467508397 1816.25 0.0
0.013205143055716437 1444.0 0.0
0.013320977643924476 1763.5 0.0
0.013436812232132514 1610.25 0.0
0.013552646820340554 1658.5 0.0
0.013668481408548592 1747.8333333333333 0.0
0.013784315996756632 1602.8 0.0
0.01390015058496467 1702.2857142857142 0.0
0.014015985173172709 1977.5 0.0
0.014131819761380749 1596.0 0.0
0.014247654349588787 1474.5 0.0
0.014363488937796827 1816.0 0.0
0.014479323526004865 2130.75 0.0
0.014595158114212903 1742.0 0.0
0.014710992702420943 1928.5 0.0
0.014826827290628982 1718.0 0.0
0.01494266187883702 1950.3333333333333 0.0
0.01505849646704506 2014.6666666666667 0.0
0.015174331055253098 1860.2 0.0
0.015290165643461138 1662.0 0.0
0.015406000231669176 1843.5 0.0
0.015521834819877215 1856.6666666666667 0.0
0.015637669408085253 1789.0 0.0
0.015753503996293293 1710.5 0.0
0.015869338584501333 1708.8 0.0
0.01598517317270937 1614.75 0.0
0.01610100776091741 2039.0 0.0
0.01621684234912545 2046.0 0.0
0.01633267693733349 2020.6666666666667 0.0
0.016448511525541526 1962.5 0.0
0.016564346113749566 1780.0 0.0
0.016680180701957606 1787.75 0.0
0.016796015290165642 1697.5 0.0
0.016911849878373682 1981.0 0.0
0.017027684466581722 1970.0 0.0
0.01714351905478976 1780.0 0.0
0.0172593536429978 2139.6666666666665 0.0
0.01737518823120584 1917.6 0.0
0.017491022819413875 1941.0 0.0
0.017606857407621915 1669.5 0.0
0.017722691995829955 1950.5 0.0
0.017838526584037995 2064.0 0.0
0.017954361172246032 2345.5 0.0
0.018070195760454072 1837.5 0.0
0.018186030348662112 1759.5 0.0
0.01830186493687015 1657.5 0.0
0.01841769952507819 1733.5 0.0
0.01853353411328623 1833.75 0.0
0.018649368701494265 1944.0 0.0
0.018765203289702305 1873.0 0.0
0.018881037877910345 1409.0 0.0
0.01899687246611838 1409.0 0.0
0.01911270705432642 1701.0 0.0
0.01922854164253446 1682.5 0.0
0.0193443762307425 1579.0 0.0
0.019460210818950538 1825.3333333333333 0.0
0.019576045407158578 1703.0 0.0
0.019691879995366618 2250.0 0.0
0.019807714583574654 1807.0 0.0
0.019923549171782694 2212.0 0.0
0.020039383759990734 2401.6666666666665 0.0
0.02015521834819877 1609.0 0.0
0.02027105293640681 1938.0 0.0
0.02038688752461485 1855.5 0.0
0.020618556701030927 1728.5 0.0
0.020850225877447004 2493.0 0.0
0.020966060465655044 1883.0 0.0
0.021081895053863084 2005.0 0.0
0.0214293988184872 1883.0 0.0
0.021661067994903277 1589.0 0.0
0.021776902583111317 1938.6666666666667 0.0
0.021892737171319357 1792.5 0.0
0.022008571759527393 2115.0 0.0
0.022124406347735433 2115.0 0.0
0.022240240935943473 2073.0 0.0
0.02235607552415151 1750.5 0.0
0.02247191011235955 1992.3333333333333 0.0
0.02258774470056759 1992.3333333333333 0.0
0.02270357928877563 1720.0 0.0
0.022819413876983666 2233.0 0.0
0.022935248465191706 2119.5 0.0
0.023051083053399746 2233.0 0.0
0.023166917641607783 2198.0 0.0
0.023282752229815823 2163.0 0.0
0.023398586818023863 2163.0 0.0
0.02363025599443994 1720.0 0.0
0.02374609058264798 2505.0 0.0
0.023861925170856016 2505.0 0.0
0.023977759759064056 2505.0 0.0
0.024093594347272096 2505.0 0.0
0.024209428935480136 1915.75 0.0
0.024325263523688172 2008.5 0.0
0.024441098111896212 1638.0 0.0
0.024556932700104252 1793.0 0.0
0.02467276728831229 1793.0 0.0
0.02478860187652033 2505.0 0.0
0.02490443646472837 1793.0 0.0
0.025020271052936405 1793.0 0.0
0.025136105641144445 1793.0 0.0
0.025251940229352485 1793.0 0.0
0.02594694775860072 1894.0 0.0
0.02606278234680876 2173.0 0.0
0.026294451523224835 2395.0 0.0
0.026410286111432875 2154.0 0.0
0.02652612069964091 2395.0 0.0
0.02664195528784895 2341.0 0.0
0.02675778987605699 2287.0 0.0
0.026873624464265028 1895.0 0.0
0.027221128228889148 2287.0 0.0
0.027452797405305224 1431.0 0.0
0.027568631993513264 1431.0 0.0
0.02780030116992934 1431.0 0.0
0.02791613575813738 2243.5 0.0
0.028031970346345417 2287.0 0.0
0.028263639522761497 2243.5 0.0
0.028495308699177574 2287.0 0.0
0.028611143287385614 2428.0 0.0
0.02884281246380169 2428.0 0.0
0.02895864705200973 2428.0 0.0
0.02907448164021777 2428.0 0.0
0.029190316228425807 1432.0 0.0
0.029306150816633847 1432.0 0.0
0.029421985404841887 1432.0 0.0
0.029537819993049923 1799.0 0.0
0.029653654581257963 1799.0 0.0
0.029769489169466003 1432.0 0.0
0.02988532375767404 1432.0 0.0
0.03000115834588208 1572.0 0.0
0.03011699293409012 1712.0 0.0
0.03023282752229816 1572.5 0.0
0.030348662110506196 1939.0 0.0
0.030464496698714236 1572.5 0.0
0.030580331286922276 1712.0 0.0
0.030696165875130313 1434.0 0.0
0.030812000463338353 1434.0 0.0
0.030927835051546393 1436.0 0.0
0.03104366963975443 1436.0 0.0
0.03115950422796247 1436.0 0.0
0.031275338816170506 1436.0 0.0
0.031391173404378546 1832.0 0.0
0.031854511757210706 2528.0 0.0
0.03197034634541874 2369.0 0.0
0.03220201552183482 2528.0 0.0
0.03231785011004286 2370.5 0.0
0.0324336846982509 2185.5 0.0
0.03254951928645894 2532.0 0.0
0.03278118846287501 2186.0 0.0
0.03289702305108305 2186.0 0.0
0.03301285763929109 1840.0 0.0
0.03312869222749913 1840.0 0.0
0.033707865168539325 2542.0 0.0
0.034055368933163445 2128.0 0.0
0.034171203521371485 2128.0 0.0
0.03428703810957952 2128.0 0.0
0.03440287269778756 2128.0 0.0
0.0345187072859956 1859.0 0.0
0.03463454187420364 1859.0 0.0
0.03475037646241168 2128.0 0.0
0.03486621105061972 2262.5 0.0
0.03498204563882775 2262.5 0.0
0.03509788022703579 2397.0 0.0
0.03521371481524383 2128.6666666666665 0.0
0.03532954940345187 1994.5 0.0
0.03544538399165991 2140.0 0.0
0.03556121857986795 2397.0 0.0
0.03567705316807599 2397.0 0.0
0.035908722344492064 2145.0 0.0
0.036024556932700104 2397.0 0.0
0.03683539905015638 2058.0 0.0
0.03695123363836442 1716.0 0.0
0.03741457199119657 1863.0 0.0
0.03753040657940461 1865.0 0.0
0.03764624116761265 1793.5 0.0
0.03776207575582069 1793.5 0.0
0.03787791034402873 1716.0 0.0
0.03799374493223676 1716.0 0.0
0.03822541410865284 2216.0 0.0
0.03845708328506892 2457.0 0.0
0.038688752461485 2205.3333333333335 0.0
0.038804587049693036 2287.0 0.0
0.039267925402525196 1872.0 0.0
0.039383759990733236 1872.0 0.0
0.03949959457894127 2287.0 0.0
0.03961542916714931 1872.0 0.0
0.03973126375535735 1716.0 0.0
0.03984709834356539 2372.0 0.0
0.03996293293177343 2457.0 0.0
0.04007876751998147 2457.0 0.0
0.04042627128460558 1716.0 0.0
0.04054210587281362 1716.0 0.0
0.04065794046102166 2297.3333333333335 0.0
0.0407737750492297 2588.0 0.0
0.04088960963743774 2144.5 0.0
0.041121278813853815 1881.0 0.0
0.041237113402061855 1716.0 0.0
0.041352947990269895 1716.0 0.0
0.041468782578477935 1717.0 0.0
0.041584617166685975 1717.0 0.0
0.04170045175489401 1717.0 0.0
0.04193212093131009 2446.0 0.0
0.04204795551951813 2446.0 0.0
0.04216379010772617 2446.0 0.0
0.04227962469593421 2446.0 0.0
0.04239545928414225 2446.0 0.0
0.04262712846055832 2160.5 0.0
0.04274296304876636 1717.0 0.0
0.04297463222518244 2584.0 0.0
0.04309046681339048 2604.0 0.0
0.043206301401598514 2669.5 0.0
0.043437970578014594 2755.0 0.0
0.043669639754430674 2604.0 0.0
0.043785474342638714 2492.0 0.0
0.043901308930846754 2584.0 0.0
0.04436464728367891 2606.0 0.0
0.04448048187188695 2606.0 0.0
0.0449438202247191 2756.0 0.0
0.04540715857755126 2238.5 0.0
0.04552299316575929 2418.0 0.0
0.04563882775396733 2067.5 0.0
0.04587049693038341 1902.0 0.0
0.046333835283215566 1717.0 0.0
0.046449669871423606 2592.0 0.0
0.046565504459631646 1717.0 0.0
0.046681339047839686 1902.0 0.0
0.046797173636047726 2389.0 0.0
0.0470288428124638 2490.5 0.0
0.04714467740067184 2598.0 0.0
0.04726051198887988 2598.0 0.0
0.04737634657708792 2606.0 0.0
0.04749218116529596 2254.0 0.0
0.047608015753504 1902.0 0.0
0.04772385034171203 1902.0 0.0
0.04795551951812811 1902.0 0.0
0.04807135410633615 1902.0 0.0
0.04818718869454419 1902.0 0.0
0.048534692459168305 2389.0 0.0
0.048650527047376345 2421.0 0.0
0.04934553457662458 2609.0 0.0
0.0496930383412487 1725.0 0.0
0.04980887292945674 1725.0 0.0
0.05038804587049693 2516.5 0.0
0.05061971504691301 2424.0 0.0
0.050735549635121044 2424.0 0.0
0.050851384223329084 2424.0 0.0
0.051198887987953204 2424.0 0.0
0.051314722576161244 2424.0 0.0
0.051430557164369284 2424.0 0.0
0.05235723387003359 2425.0 0.0
0.05247306845824163 2425.0 0.0
0.05258890304644967 2425.0 0.0
0.05270473763465771 2425.0 0.0
0.05351557975211398 2476.0 0.0
0.05363141434032202 2476.0 0.0
0.053978918104946136 2527.0 0.0
0.054326421869570256 2527.0 0.0
0.05490559481061045 2527.0 0.0
0.05513726398702653 2431.0 0.0
0.05525309857523456 2431.0 0.0
0.05560060233985868 2527.0 0.0
0.0559481061044828 2360.0 0.0
0.056063940692690835 2527.0 0.0
0.056179775280898875 2527.0 0.0
0.056295609869106915 2583.0 0.0
0.056527279045522995 1924.0 0.0
0.05675894822193907 2527.0 0.0
0.05699061739835515 2099.0 0.0
0.05710645198656319 1766.0 0.0
0.05722228657477123 2527.0 0.0
0.05733812116297927 2432.0 0.0
0.05745395575118731 1768.0 0.0
0.05756979033939534 2518.0 0.0
0.05768562492760338 1768.0 0.0
0.05780145951581142 1847.0 0.0
0.05791729410401946 2143.0 0.0
0.0580331286922275 2518.0 0.0
0.05814896328043554 2522.5 0.0
0.058264797868643574 2522.5 0.0
0.058728136221475734 2197.5 0.0
0.058843970809683774 2527.0 0.0
0.058959805397891814 2623.0 0.0
0.05907563998609985 2430.5 0.0
0.05919147457430789 2623.0 0.0
0.05930730916251593 2623.0 0.0
0.05965481292714005 2238.0 0.0
0.06000231669176416 2527.0 0.0
0.0601181512799722 2527.0 0.0
0.06023398586818024 2821.0 0.0
0.06046565504459632 2821.0 0.0
0.06058148963280435 2527.0 0.0
0.061276497162052586 2238.0 0.0
0.061392331750260626 2443.5 0.0
0.061508166338468666 2649.0 0.0
0.06231900845592494 2843.0 0.0
0.06243484304413298 2626.0 0.0
0.06255067763234101 2734.5 0.0
0.06266651222054906 2734.5 0.0
0.06278234680875709 2734.5 0.0
0.06289818139696514 2843.0 0.0
0.0631298505733812 2843.0 0.0
0.06324568516158925 2746.0 0.0
0.06336151974979728 2746.0 0.0
0.06394069269083748 2807.0 0.0
0.06417236186725356 2807.0 0.0
0.0642881964554616 2649.0 0.0
0.06440403104366964 2808.0 0.0
0.06451986563187768 2825.5 0.0
0.06463570022008572 2808.0 0.0
0.06498320398470983 2649.0 0.0
0.06509903857291788 2649.0 0.0
0.06521487316112591 2649.0 0.0
0.06533070774933396 2649.0 0.0
0.0657940461021661 2649.0 0.0
0.06590988069037415 2613.0 0.0
0.06602571527858218 2649.0 0.0
0.06648905363141434 2649.0 0.0
0.06660488821962238 2649.0 0.0
0.06672072280783042 2649.0 0.0
0.06683655739603846 2649.0 0.0
0.06706822657245454 2613.0 0.0
0.06718406116066257 2613.0 0.0
0.06729989574887062 2613.0 0.0
0.06741573033707865 2631.0 0.0
0.0675315649252867 2631.0 0.0
0.06764739951349473 2613.0 0.0
0.06776323410170276 2613.0 0.0
0.06787906868991081 2613.0 0.0
0.06811073786632689 2613.0 0.0
0.06915324916019923 2673.0 0.0
0.06926908374840728 2673.0 0.0
0.06938491833661531 2673.0 0.0
0.07343912892389667 2674.0 0.0
0.07355496351210472 2674.0 0.0
0.07413413645314491 2766.0 0.0
0.07424997104135295 2674.0 0.0
0.074365805629561 2674.0 0.0
0.07598748986447353 2992.0 0.0
0.07633499362909765 2992.0 0.0
0.07645082821730569 2992.0 0.0
0.07656666280551373 2992.0 0.0
0.07668249739372177 2766.0 0.0
0.0767983319819298 2766.0 0.0
0.07691416657013785 2992.0 0.0
0.07703000115834588 2766.0 0.0
0.07714583574655393 2879.0 0.0
0.07737750492297 2767.0 0.0
0.07749333951117804 2767.0 0.0
0.07760917409938607 2767.0 0.0
0.07772500868759412 2767.0 0.0
0.07784084327580215 2767.0 0.0
0.07876751998146647 2767.0 0.0
0.07899918915788254 2767.0 0.0
0.07911502374609058 2767.0 0.0
0.08004170045175489 2767.0 0.0
0.08027336962817097 2767.0 0.0
0.08050503880458705 2767.0 0.0
0.08062087339279508 2767.0 0.0
0.08073670798100313 2767.0 0.0
0.08085254256921116 2767.0 0.0
0.08224255762770763 2825.0 0.0
0.08235839221591568 2780.0 0.0
0.08247422680412371 2780.0 0.0
0.08270589598053979 2782.0 0.0
0.08282173056874782 2782.0 0.0
0.08293756515695587 2782.0 0.0
0.0830533997451639 2782.0 0.0
0.08316923433337195 2835.0 0.0
0.08328506892157998 2839.0 0.0
0.08340090350978802 2839.0 0.0
0.08351673809799606 2839.0 0.0
0.0836325726862041 2782.0 0.0
0.08386424186262018 2896.0 0.0
0.08409591103903626 2783.0 0.0
0.08421174562724429 2805.0 0.0
0.08432758021545234 2783.0 0.0
0.08444341480366037 2839.5 0.0
0.08455924939186842 2901.5 0.0
0.08467508398007645 2783.0 0.0
0.08548592609753272 2896.0 0.0
0.08594926445036488 2896.0 0.0
0.08641260280319703 3012.0 0.0
0.08652843739140507 3012.0 0.0
0.08676010656782115 3021.0 0.0
0.08745511409706938 2958.5 0.0
0.08757094868527743 3019.0 0.0
0.08768678327348546 2958.5 0.0
0.08780261786169351 2965.0 0.0
0.08791845244990154 3032.0 0.0
0.08803428703810957 3022.0 0.0
0.08815012162631762 3013.0 0.0
0.08826595621452565 3016.0 0.0
0.0883817908027337 3016.0 0.0
0.08849762539094173 3013.0 0.0
0.08861345997914978 3013.0 0.0
0.08919263292018997 3013.0 0.0
0.089308467508398 3013.0 0.0
0.08977180586123017 3013.0 0.0
0.09011930962585428 3013.0 0.0
0.09023514421406231 3013.0 0.0
0.09046681339047839 3014.0 0.0
0.09058264797868644 2785.0 0.0
0.09104598633151859 3014.0 0.0
0.09116182091972663 3014.0 0.0
0.09127765550793467 3014.0 0.0
0.09139349009614271 3014.0 0.0
0.09150932468435075 3014.0 0.0
0.09162515927255879 3014.0 0.0
0.09185682844897486 2904.0 0.0
0.0919726630371829 2904.0 0.0
0.09208849762539094 2904.0 0.0
0.09220433221359899 2904.0 0.0
0.09232016680180702 2904.0 0.0
0.09301517433105526 2989.5 0.0
0.09359434727209545 2990.0 0.0
0.09371018186030348 2990.0 0.0
0.09394185103671956 3015.0 0.0
0.09475269315417584 2966.0 0.0
0.09486852774238387 2966.0 0.0
0.09498436233059192 2966.0 0.0
0.09556353527163211 3145.0 0.0
0.09567936985984014 3017.0 0.0
0.09591103903625622 3038.0 0.0
0.09602687362446427 3038.0 0.0
0.0961427082126723 3154.0 0.0
0.09625854280088034 3154.0 0.0
0.09637437738908838 3154.0 0.0
0.09649021197729642 3154.0 0.0
0.09660604656550446 3044.0 0.0
0.0967218811537125 3154.0 0.0
0.09683771574192054 3154.0 0.0
0.09695355033012858 3103.6666666666665 0.0
0.09706938491833661 3044.0 0.0
0.09718521950654466 3044.0 0.0
0.09741688868296074 3044.0 0.0
0.09753272327116877 3044.0 0.0
0.09764855785937682 3044.0 0.0
0.09776439244758485 3044.0 0.0
0.0988069037414572 3158.0 0.0
0.09892273832966524 3158.0 0.0
0.09903857291787328 3044.0 0.0
0.09915440750608132 3044.0 0.0
0.09961774585891348 3158.0 0.0
0.1008919263292019 3158.0 0.0
0.10100776091740994 3158.0 0.0
0.10112359550561797 3158.0 0.0
0.1035561218579868 3158.0 0.0
0.10367195644619484 3158.0 0.0
0.10378779103440287 3158.0 0.0
0.10483030232827523 2823.0 0.0
0.10633615197497973 3148.0 0.0
0.1065678211513958 3148.0 0.0
0.10668365573960385 3148.0 0.0
0.10761033244526816 3154.0 0.0
0.10772616703347619 3154.0 0.0
0.10807367079810032 3154.0 0.0
0.10888451291555659 3154.0 0.0
0.1092320166801807 3154.0 0.0
0.11108537009150933 3536.0 0.0
0.11120120467971736 2309.0 0.0
0.11166454303254952 2309.0 0.0
0.11212788138538167 2309.0 0.0
0.11224371597358972 2309.0 0.0
0.11235955056179775 2309.0 0.0
0.1124753851500058 2309.0 0.0
0.11259121973821383 2309.0 0.0
0.11282288891462991 2309.0 0.0
0.11293872350283794 2731.5 0.0
0.11305455809104599 3184.0 0.0
0.11317039267925402 3184.0 0.0
0.11328622726746207 3186.0 0.0
0.11351789644387814 3186.0 0.0
0.11386540020850226 3350.0 0.0
0.1139812347967103 3185.0 0.0
0.11444457314954246 3350.0 0.0
0.11456040773775049 3268.0 0.0
0.11479207691416657 3186.0 0.0
0.11560291903162284 3350.0 0.0
0.11618209197266303 3351.0 0.0
0.12000463338352832 3197.0 0.0
0.12081547550098459 3197.0 0.0
0.12093131008919264 3197.0 0.0
0.12278466350052125 3197.0 0.0
0.1229004980887293 3197.0 0.0
0.12313216726514538 3197.0 0.0
0.12394300938260165 3198.0 0.0
0.12417467855901772 3198.0 0.0
0.12429051314722576 3199.0 0.0
0.12521718985289007 3202.0 0.0
0.12544885902930616 3203.0 0.0
0.17572107031159503 3967.0 0.0
0.17583690489980308 3967.0 0.0
0.17757442372292367 3969.0 0.0
0.1776902583111317 3969.0 0.0
0.1812811305455809 4029.0 0.0
0.18139696513378895 4029.0 0.0
0.181512799721997 4029.0 0.0
0.18162863431020504 4029.0 0.0
0.18220780725124522 4029.0 0.0
0.18232364183945327 4029.0 0.0
0.1824394764276613 4029.0 0.0
0.18475616819182208 4029.0 0.0
0.1848720027800301 4029.0 0.0
0.18591451407390247 4029.0 0.0
0.1866095216031507 4029.0 0.0
0.18672535619135874 4029.0 0.0
0.19413876983667322 4058.0 0.0
0.1943704390130893 4058.0 0.0
0.19448627360129736 4058.0 0.0
0.19460210818950538 4058.0 0.0
0.19471794277771343 4058.0 0.0
0.19483377736592147 4058.0 0.0
0.1951812811305456 4058.0 0.0
0.22691995829954825 3282.0 0.0
0.2279624695934206 3282.0 0.0
0.22819413876983669 3282.0 0.0
0.22877331171087686 3282.0 0.0
0.2288891462990849 3282.0 0.0
0.23282752229815823 4044.0 0.0
0.3113633731032086 4542.0 0.0
0.3114792076914167 4542.0 0.0
0.3115950422796247 4542.0 0.0
0.31205838063245683 4542.0 0.0
0.3122900498088729 4542.0 0.0
0.31240588439708095 4542.0 0.0
0.312521718985289 4542.0 0.0
0.33765782462643346 4349.0 0.0
0.38688752461485 4672.0 0.0
0.387003359203058 4672.0 0.0
0.3871191937912661 4672.0 0.0
0.3875825321440982 4673.0 0.0
0.39592262249507704 4678.0 0.0
0.4007876751998147 4685.0 0.0
0.4009035097880227 4685.0 0.0
0.40101934437623077 4685.0 0.0
0.4011351789644388 4685.0 0.0
0.4012510135526468 4685.0 0.0
0.4013668481408549 4685.0 0.0
0.401714351905479 4685.0 0.0
0.401830186493687 4685.0 0.0
0.4021776902583111 4685.0 0.0
0.4189737055484768 4696.0 0.0
0.4199003822541411 4697.0 0.0
0.42314375072396615 4697.0 0.0
0.7608015753503996 5679.0 0.0
0.818603034866211 5699.0 0.0
0.8745511409706939 5787.0 0.0
1.0 5982.0 0.0
