337035
0.00011542012927054478 637.7693905817174 85.4988457987073
0.00023084025854108956 1006.8826768318509 145.7157983905125
0.00034626038781163435 1412.7762906309752 216.95219885277245
0.0004616805170821791 1665.178125 253.221875
0.0005771006463527239 1967.3636363636363 409.99545454545455
0.0006925207756232687 2346.6546546546547 440.3873873873874
0.0008079409048938135 2502.713333333333 449.2366666666667
0.0009233610341643582 2908.7413793103447 610.7672413793103
0.001038781163434903 2948.299465240642 587.4919786096257
0.0011542012927054479 3153.1768292682927 630.3414634146342
0.0012696214219759926 3463.351724137931 777.8068965517241
0.0013850415512465374 3578.5245901639346 763.0245901639345
0.0015004616805170822 3950.1009174311926 998.605504587156
0.001615881809787627 4135.851063829788 1007.5531914893617
0.0017313019390581717 4191.4078947368425 1027.7631578947369
0.0018467220683287165 4463.2467532467535 1609.051948051948
0.0019621421975992612 4362.241935483871 956.8870967741935
0.002077562326869806 5120.969696969697 1397.8939393939395
0.0021929824561403508 5350.577464788732 1569.1690140845071
0.0023084025854108957 6041.4 1978.58
0.0024238227146814403 5905.235294117647 1966.0392156862745
0.0025392428439519853 5488.358490566037 1359.5094339622642
0.00265466297322253 5849.170212765957 1995.5531914893618
0.002770083102493075 6120.530612244898 1788.734693877551
0.0028855032317636198 6238.8378378378375 1922.2162162162163
0.0030009233610341643 5911.911764705882 2411.5
0.0031163434903047093 6350.15625 1456.46875
0.003231763619575254 7045.333333333333 2627.866666666667
0.003347183748845799 6720.153846153846 2257.076923076923
0.0034626038781163434 6557.241379310345 2716.2413793103447
0.0035780240073868884 6628.115384615385 2662.153846153846
0.003693444136657433 7131.827586206897 2411.206896551724
0.003808864265927978 7422.133333333333 2822.5666666666666
0.0039242843951985225 7524.4375 2542.875
0.004039704524469067 6986.259259259259 2237.8518518518517
0.004155124653739612 7170.318181818182 2254.2272727272725
0.004270544783010157 6896.7037037037035 2001.3333333333333
0.0043859649122807015 6882.4 2493.1
0.004501385041551247 7045.826086956522 1706.695652173913
0.0046168051708217915 6971.642857142857 2399.4285714285716
0.004732225300092336 7287.384615384615 3001.153846153846
0.004847645429362881 7512.888888888889 2373.8333333333335
0.004963065558633426 11854.684210526315 2564.3684210526317
0.0050784856879039705 7366.333333333333 2340.5714285714284
0.005193905817174515 7535.277777777777 3339.6666666666665
0.00530932594644506 8440.133333333333 3624.266666666667
0.005424746075715605 9274.25 4562.041666666667
0.00554016620498615 7208.625 2921.9375
0.005655586334256694 14069.5 3402.3333333333335
0.0057710064635272396 13048.333333333334 4837.277777777777
0.005886426592797784 9196.2 3611.9333333333334
0.006001846722068329 10649.916666666666 4229.833333333333
0.006117266851338873 10115.0 5043.64705882353
0.006232686980609419 10113.90909090909 4323.454545454545
0.006348107109879963 9754.8125 4049.25
0.006463527239150508 7261.888888888889 2795.5555555555557
0.006578947368421052 9026.0 4159.642857142857
0.006694367497691598 9725.153846153846 3506.6923076923076
0.006809787626962142 9168.333333333334 3742.0
0.006925207756232687 9307.25 4488.625
0.007040627885503232 9118.9 3601.8
0.007156048014773777 9735.142857142857 4064.6428571428573
0.007271468144044321 10245.888888888889 4476.0
0.007386888273314866 10509.5 3770.4285714285716
0.007502308402585411 10282.90909090909 3722.7272727272725
0.007617728531855956 10424.42857142857 4121.357142857143
0.0077331486611265 10587.625 4484.25
0.007848568790397045 9657.0 5228.9375
0.00796398891966759 9632.0625 4022.75
0.008079409048938134 11719.75 6072.75
0.00819482917820868 10096.727272727272 3602.6363636363635
0.008310249307479225 11149.9 5703.2
0.008425669436749769 11313.333333333334 5105.066666666667
0.008541089566020314 10758.6 4990.2
0.00865650969529086 10571.23076923077 4164.461538461538
0.008771929824561403 11245.166666666666 6381.166666666667
0.008887349953831948 10685.5 5716.833333333333
0.009002770083102494 10225.625 5363.625
0.009118190212373038 10912.222222222223 4709.222222222223
0.009233610341643583 10453.142857142857 5123.285714285715
0.009349030470914127 11884.9 5381.0
0.009464450600184672 12669.916666666666 6105.75
0.009579870729455217 14150.111111111111 6583.222222222223
0.009695290858725761 13825.5 6177.5
0.009810710987996307 11982.4 5513.2
0.009926131117266852 12746.857142857143 5670.571428571428
0.010041551246537396 11027.333333333334 4430.166666666667
0.010156971375807941 14763.166666666666 8275.5
0.010272391505078486 12527.166666666666 5673.666666666667
0.01038781163434903 12045.375 6971.25
0.010503231763619576 13381.444444444445 7736.111111111111
0.01061865189289012 12696.4 5223.8
0.010734072022160665 10361.2 3903.0
0.01084949215143121 18532.666666666668 8812.666666666666
0.010964912280701754 13391.0 6790.0
0.0110803324099723 14873.6 7454.4
0.011195752539242845 14910.166666666666 7365.833333333333
0.011311172668513388 14394.333333333334 6793.0
0.011426592797783934 14023.8 6942.0
0.011542012927054479 12340.777777777777 6788.555555555556
0.011657433056325023 12693.25 6778.0
0.011772853185595568 11486.25 5767.0
0.011888273314866112 12108.5 7639.333333333333
0.012003693444136657 13651.285714285714 7110.714285714285
0.012119113573407203 14702.857142857143 8512.42857142857
0.012234533702677746 14652.57142857143 8523.285714285714
0.012349953831948292 15492.0 16563.6
0.012465373961218837 13877.0 13612.333333333334
0.012580794090489381 16791.0 8359.0
0.012696214219759926 17254.0 13696.5
0.012811634349030472 17589.0 8371.833333333334
0.012927054478301015 17702.333333333332 7547.333333333333
0.01304247460757156 15943.4 7378.4
0.013157894736842105 15653.5 6861.0
0.01327331486611265 16432.0 7875.0
0.013388734995383195 17985.5 8586.0
0.013504155124653739 15053.75 9127.0
0.013619575253924284 15303.0 8670.42857142857
0.01373499538319483 15098.6 7465.4
0.013850415512465374 14596.0 7435.5
0.013965835641735919 14858.1 8023.9
0.014081255771006464 15763.888888888889 8848.333333333334
0.014196675900277008 14852.0 7579.166666666667
0.014312096029547553 14107.333333333334 5724.666666666667
0.014427516158818097 14951.333333333334 7933.666666666667
0.014542936288088643 14731.2 7747.0
0.014658356417359188 14658.0 9273.666666666666
0.014773776546629732 16708.0 9926.2
0.014889196675900277 15443.125 9346.5
0.015004616805170823 15778.857142857143 8262.57142857143
0.015120036934441366 11183.75 6902.75
0.015235457063711912 13921.2 8315.6
0.015350877192982455 14302.0 5996.0
0.015466297322253 12382.666666666666 7106.0
0.015581717451523546 16634.0 9728.5
0.01569713758079409 16412.0 10605.0
0.015812557710064637 16132.0 9954.0
0.01592797783933518 17624.6 10212.0
0.016043397968605724 12722.5 7848.5
0.016158818097876268 14929.4 9781.2
0.016274238227146815 16056.666666666666 9971.0
0.01638965835641736 15185.0 8784.666666666666
0.016505078485687903 17009.75 10938.0
0.01662049861495845 18705.6 10680.2
0.016735918744228993 19788.333333333332 10186.0
0.016851338873499537 19580.5 10231.0
0.016966759002770084 20604.333333333332 16403.666666666668
0.017082179132040628 19240.166666666668 13375.833333333334
0.01719759926131117 16825.0 9781.0
0.01731301939058172 19648.0 11464.666666666666
0.017428439519852262 17282.0 9564.25
0.017543859649122806 21352.0 13015.0
0.017659279778393353 18722.5 10420.5
0.017774699907663897 20406.0 11763.666666666666
0.01789012003693444 19078.0 10580.333333333334
0.018005540166204988 18147.5 14024.666666666666
0.01812096029547553 18954.666666666668 9744.666666666666
0.018236380424746075 18911.5 10553.5
0.018351800554016622 16563.0 19545.0
0.018467220683287166 20943.5 9702.5
0.01858264081255771 16336.666666666666 10461.0
0.018698060941828253 18083.5 8777.0
0.0188134810710988 16597.5 12530.5
0.018928901200369344 16983.0 10142.25
0.019044321329639888 17390.0 8976.0
0.019159741458910435 18707.5 8628.5
0.01927516158818098 19858.5 9863.0
0.019390581717451522 19660.0 9035.0
0.01950600184672207 22176.75 19539.0
0.019621421975992613 23005.666666666668 22556.333333333332
0.019736842105263157 22217.25 19700.5
0.019852262234533704 27375.5 17094.0
0.019967682363804248 26630.5 15814.0
0.02008310249307479 27537.0 17115.0
0.02019852262234534 24989.5 14446.5
0.020313942751615882 26091.0 17430.8
0.020429362880886426 22877.14285714286 17286.14285714286
0.020544783010156973 24976.166666666668 16253.833333333334
0.020660203139427517 21946.714285714286 13545.42857142857
0.02077562326869806 20747.0 13244.2
0.020891043397968604 22303.6 13487.8
0.02100646352723915 23418.75 14440.5
0.021121883656509695 23104.0 15267.6
0.02123730378578024 19072.0 10400.0
0.021352723915050786 22379.75 14321.75
0.02146814404432133 22820.5 13443.25
0.021583564173591873 21552.25 11951.0
0.02169898430286242 14134.0 6634.0
0.021814404432132964 19073.0 9362.0
0.021929824561403508 30506.0 18947.5
0.022045244690674055 17727.0 7945.5
0.0221606648199446 20344.0 10202.666666666666
0.02239150507848569 23100.5 13300.5
0.022622345337026777 25658.0 14732.0
0.022737765466297324 25674.0 14745.0
0.022853185595567867 21597.5 11753.5
0.02296860572483841 22470.5 12016.5
0.023084025854108958 23321.666666666668 16149.0
0.023199445983379502 24833.5 18424.5
0.023314866112650046 24333.666666666668 16495.0
0.02343028624192059 21710.25 11369.25
0.023545706371191136 21243.5 11315.0
0.02366112650046168 19736.25 11477.75
0.023776546629732224 18655.75 8881.25
0.02389196675900277 18819.25 8943.0
0.024007386888273315 23962.0 19555.0
0.02412280701754386 25650.6 16096.4
0.024238227146814405 24841.0 15914.0
0.02435364727608495 26872.75 17536.0
0.024469067405355493 22909.5 11775.5
0.02458448753462604 21586.75 11310.25
0.024699907663896584 20979.666666666668 12530.666666666666
0.024815327793167127 20518.0 13158.0
0.024930747922437674 23475.5 14608.75
0.025046168051708218 18838.0 10734.0
0.025161588180978762 21489.0 15157.5
0.02527700831024931 22214.333333333332 13850.0
0.025392428439519853 24212.0 19581.0
0.025507848568790396 24046.25 14430.5
0.025623268698060944 22308.5 14704.0
0.025738688827331487 21924.5 13826.0
0.02585410895660203 24259.0 19595.0
0.025969529085872575 24095.0 11512.0
0.02608494921514312 23744.666666666668 19744.333333333332
0.02631578947368421 24131.0 11635.0
0.026431209602954756 27044.0 27589.0
0.026662049861495844 24358.5 19386.5
0.02677746999076639 19524.0 13189.5
0.026892890120036934 27613.0 27645.0
0.027008310249307478 19554.0 13196.5
0.027123730378578025 27800.0 27647.0
0.02723915050784857 27848.0 27673.0
0.027354570637119113 24627.0 22951.0
0.02746999076638966 27256.0 19749.0
0.027585410895660203 20872.666666666668 13039.0
0.027700831024930747 25334.0 20961.0
0.027816251154201294 25580.5 15303.0
0.027931671283471838 25540.666666666668 17218.333333333332
0.02804709141274238 22787.333333333332 18605.666666666668
0.02816251154201293 14742.0 6873.0
0.028277931671283472 14752.0 6873.0
0.028393351800554016 14756.0 6873.0
0.02873961218836565 25149.0 20438.0
0.028855032317636194 22427.0 12192.0
0.029085872576177285 22874.0 11418.0
0.029316712834718376 22519.0 13143.0
0.029778393351800554 24590.0 20445.0
0.029893813481071098 24595.0 20445.0
0.030009233610341645 24595.0 20445.0
0.03012465373961219 24779.0 20478.0
0.03035549399815328 24856.0 20483.0
0.030586334256694367 29341.0 24166.0
0.03070175438596491 23079.0 18019.0
0.030817174515235458 26677.0 21656.666666666668
0.030932594644506 26121.0 18697.5
0.031048014773776545 35908.0 36218.0
0.031163434903047092 27801.0 25176.5
0.031278855032317636 31714.333333333332 25303.0
0.03139427516158818 32755.0 30214.5
0.03150969529085872 31189.5 25032.25
0.031625115420129274 37852.0 24134.0
0.03174053554939982 33730.0 24176.5
0.03185595567867036 33745.0 24176.5
0.031971375807940905 29653.0 24316.0
0.03208679593721145 33788.5 24250.0
0.03220221606648199 31641.5 22451.0
0.032317636195752536 31652.5 22451.0
0.03243305632502309 27194.666666666668 21765.0
0.03254847645429363 25960.5 20476.5
0.032663896583564174 33843.5 24280.0
0.03277931671283472 28769.0 21284.0
0.03289473684210526 29724.0 24625.0
0.033010156971375805 25537.0 20750.0
0.033125577100646356 31001.0 22441.0
0.0332409972299169 24507.0 13349.0
0.033818097876269625 25912.333333333332 16052.333333333334
0.03393351800554017 25073.0 16624.5
0.03404893813481071 25088.0 16630.5
0.034164358264081256 29716.5 19171.5
0.0342797783933518 27969.0 15025.0
0.03439519852262234 27978.0 15025.0
0.03462603878116344 31727.0 23424.0
0.03474145891043398 29477.0 22045.5
0.034856879039704525 31990.0 25111.0
0.03497229916897507 31992.0 25111.0
0.03566481994459834 22500.0 13775.0
0.03578024007386888 22506.0 13775.0
0.035895660203139425 22543.0 13775.0
0.03624192059095106 25650.0 13571.0
0.036703601108033244 25669.0 13576.0
0.03681902123730379 25672.0 13576.0
0.03693444136657433 25703.0 14107.0
0.037049861495844875 25713.0 14112.0
0.03716528162511542 32436.0 19143.0
0.03728070175438596 32437.0 19143.0
0.037396121883656507 33285.5 24195.5
0.03751154201292706 33828.0 29210.0
0.0376269621421976 33836.0 29210.0
0.037742382271468145 33840.0 29210.0
0.03785780240073869 30931.0 25714.0
0.038088642659279776 33863.0 29216.0
0.038204062788550326 32855.0 19204.0
0.038434903047091414 27904.0 14293.0
0.03855032317636196 30424.0 16825.5
0.0386657433056325 30448.5 16835.5
0.03912742382271468 32922.0 19386.0
0.039242843951985226 33421.0 21108.0
0.03935826408125577 33423.0 21108.0
0.039473684210526314 30624.0 16952.0
0.039935364727608495 35819.0 19590.0
0.04005078485687904 35843.0 19590.0
0.04016620498614958 31031.0 22051.5
0.040281625115420126 32235.0 21147.5
0.04039704524469068 32386.5 21625.0
0.04051246537396122 34772.0 20565.0
0.040627885503231764 33589.0 21486.0
0.04074330563250231 34803.0 20570.0
0.041089566020313946 36000.0 19651.0
0.04120498614958449 35697.0 52807.0
0.04132040627885503 25874.0 22866.0
0.041666666666666664 29987.5 22214.0
0.04178208679593721 30215.0 22352.0
0.04189750692520776 30383.5 22385.0
0.04224376731301939 31118.0 36620.0
0.04235918744228993 36051.0 53735.0
0.04247460757156048 34729.333333333336 37897.0
0.04259002770083103 34099.0 30090.5
0.04270544783010157 41974.0 40664.0
0.04409048938134811 42525.0 41089.0
0.04466759002770083 42873.0 41642.0
0.04489843028624192 42881.0 41650.0
0.04547553093259465 36937.0 54707.0
0.04559095106186519 36940.0 54707.0
0.04582179132040628 28125.0 23940.0
0.04593721144967682 28318.0 24133.0
0.046052631578947366 28494.0 27269.0
0.046168051708217916 28502.0 27344.0
0.04651431209602955 37381.0 54858.0
0.04686057248384118 34191.0 34835.0
0.04697599261311173 34436.0 39042.0
0.04709141274238227 34439.0 39042.0
0.04720683287165282 29361.0 36364.0
0.04732225300092336 29380.0 36440.0
0.04755309325946445 31950.5 37776.5
0.047668513388735 34516.0 39115.0
0.04813019390581717 29437.0 36595.0
0.04836103416435827 29477.0 36599.0
0.0487072945521699 34735.0 41686.0
0.04882271468144044 32265.0 40411.0
0.048938134810710986 32294.0 40424.0
0.04905355493998153 29829.0 39143.0
0.04916897506925208 32459.5 40470.0
0.049284395198522624 31261.0 32108.5
0.04939981532779317 32615.666666666668 35769.0
0.04951523545706371 30547.666666666668 29156.0
0.049630655586334255 30148.5 23752.0
0.04986149584487535 31437.0 25576.0
0.050092336103416436 30185.0 23778.5
0.05020775623268698 33696.666666666664 29589.333333333332
0.050323176361957524 31513.0 33535.0
0.05043859649122807 31608.0 40923.0
0.05055401662049862 38229.0 22494.0
0.050784856879039705 34915.5 24422.5
0.05090027700831025 34944.0 24452.0
0.05101569713758079 32492.0 41814.0
0.05124653739612189 31598.0 26369.0
0.05136195752539243 32117.0 34140.0
0.051477377654662974 32634.0 41908.0
0.05170821791320406 32658.0 41908.0
0.051823638042474605 32281.0 34761.0
0.05193905817174515 31292.5 31430.5
0.05216989843028624 30779.0 35173.0
0.05228531855955679 30807.0 35173.0
0.052516158818097874 30829.0 35177.0
0.05263157894736842 33864.333333333336 28853.333333333332
0.05274699907663897 30852.0 35177.0
0.05286241920590951 35295.666666666664 29313.0
0.052977839335180056 32905.0 28128.0
0.05332409972299169 32456.0 29042.0
0.05343951985226224 32474.0 29042.0
0.05355493998153278 33475.0 29436.5
0.053670360110803325 32499.0 29042.0
0.05609418282548476 31385.0 36397.0
0.05632502308402586 31425.0 36397.0
0.0564404432132964 35604.0 38458.0
0.05701754385964912 37283.0 43972.0
0.05713296398891967 48185.0 66726.0
0.057248384118190214 48364.0 66788.0
0.05736380424746076 48403.0 66788.0
0.0574792243767313 48421.0 66788.0
0.05863342566943675 117289.0 44065.0
0.05932594644506002 29126.0 20070.0
0.05990304709141274 29645.0 20423.0
0.06001846722068329 29645.0 20423.0
0.060133887349953834 73544.5 32305.0
0.06024930747922438 29656.0 20423.0
0.06036472760849492 29664.0 20429.0
0.0608264081255771 29688.0 20455.0
0.06394275161588181 35847.0 44914.0
0.06428901200369344 35108.0 33395.0
0.06440443213296398 35110.0 33395.0
0.06451985226223453 35117.0 33395.0
0.06463527239150507 35133.0 33395.0
0.06486611265004617 36016.0 34174.0
0.06532779316712835 38250.0 40248.0
0.06555863342566944 51386.0 52673.0
0.06590489381348107 53222.0 54376.0
0.06636657433056325 41501.0 38247.0
0.06752077562326869 53325.0 54464.0
0.0716759002770083 33858.0 24846.0
0.07502308402585411 45046.0 78205.0
0.07998614958448753 55122.0 50843.0
0.08056325023084025 50326.0 33977.0
0.08137119113573407 55347.0 51080.0
0.08148661126500462 55356.0 51121.0
0.08160203139427516 55362.0 51122.0
0.08252539242843952 55479.0 51428.0
0.08264081255771007 55611.0 51620.0
0.08621883656509695 57762.0 54046.0
0.08910433979686057 66458.0 71583.0
0.08945060018467221 66468.0 71687.0
0.0896814404432133 66551.0 71723.0
0.08991228070175439 66570.0 71727.0
0.09349030470914127 66769.0 71791.0
0.09372114496768236 66816.0 72226.0
0.09383656509695291 66817.0 72226.0
0.09395198522622346 66824.0 72226.0
0.094067405355494 66836.0 72233.0
0.09429824561403509 68695.0 74072.0
0.09475992613111726 71571.0 76246.0
0.0951061865189289 50634.0 73109.0
0.09533702677747 50658.0 73109.0
0.09545244690674054 50663.0 73109.0
0.09556786703601108 50671.0 73117.0
0.09568328716528163 50672.0 73117.0
0.10237765466297322 72647.0 108438.0
0.10249307479224377 72648.0 108438.0
0.10364727608494921 72753.0 108467.0
0.10376269621421975 72763.0 108469.0
0.1038781163434903 72769.0 108469.0
0.12719298245614036 58982.0 88676.0
0.12742382271468145 59030.0 88878.0
0.12823176361957525 59335.0 89062.0
0.12903970452446906 62255.0 97992.0
0.13238688827331488 64496.0 101058.0
0.13261772853185597 69887.0 106912.0
0.13515697137580793 142077.0 122392.0
0.13700369344413665 56605.0 65094.0
0.14692982456140352 72448.0 72224.0
0.1809787626962142 104237.0 130292.0
0.18651892890120036 104234.0 160089.0
0.18674976915974145 104236.0 160092.0
0.186865189289012 104236.0 160092.0
0.18698060941828254 104261.0 160096.0
0.20140812557710064 108016.0 169352.0
0.20163896583564173 115201.0 172373.0
0.2283010156971376 120868.0 183501.0
0.2453831948291782 123569.0 190426.0
0.2577331486611265 130178.0 234999.0
0.2673130193905817 135622.0 243848.0
0.27954755309325946 112329.0 179136.0
0.4605263157894737 170886.0 309428.0
0.5975300092336103 191283.0 374522.0
0.864843028624192 257123.0 618370.0
1.0 337035.0 740762.0
