-|------------  vocabsize  n_tokens    >=2      >=2              >=3      >=3              >=4      >=4              >=5      >=5              >=100   >=100
00000           7154550    1881922580  5472866  1681684(0.089%)  4177375  4272666(0.227%)  3426366  6525693(0.347%)  2822510  8941117(0.475%)  174911  53282906(2.831%)
00001           7154548    1413903698  5472864  1681684(0.119%)  4177373  4272666(0.302%)  3426364  6525693(0.462%)  2822508  8941117(0.632%)  174909  53282906(3.768%)
00010           7154550    1881922580  5472866  1681684(0.089%)  4177375  4272666(0.227%)  3426366  6525693(0.347%)  2822510  8941117(0.475%)  174911  53282906(2.831%)
00011           7154548    1413903698  5472864  1681684(0.119%)  4177373  4272666(0.302%)  3426364  6525693(0.462%)  2822508  8941117(0.632%)  174909  53282906(3.768%)
00100           1236045    2365944602  735979   500066(0.021%)   521584   928856(0.039%)   436887   1182947(0.050%)  371631   1443971(0.061%)  53669   7196555(0.304%)
00101           1236043    1897925720  735977   500066(0.026%)   521582   928856(0.049%)   436885   1182947(0.062%)  371629   1443971(0.076%)  53667   7196555(0.379%)
00110           1236045    2634757598  735979   500066(0.019%)   521584   928856(0.035%)   436887   1182947(0.045%)  371632   1443967(0.055%)  53670   7196551(0.273%)
00111           1236043    2166738716  735977   500066(0.023%)   521582   928856(0.043%)   436885   1182947(0.055%)  371630   1443967(0.067%)  53668   7196551(0.332%)
00200           784560     2442164476  497406   287154(0.012%)   373928   534110(0.022%)   315119   710537(0.029%)   269811   891769(0.037%)   47505   5582090(0.229%)
00201           784558     1974145594  497404   287154(0.015%)   373926   534110(0.027%)   315117   710537(0.036%)   269809   891769(0.045%)   47503   5582090(0.283%)
00210           784560     2700408037  497406   287154(0.011%)   373928   534110(0.020%)   315119   710537(0.026%)   269812   891765(0.033%)   47505   5582122(0.207%)
00211           784558     2232389155  497404   287154(0.013%)   373926   534110(0.024%)   315117   710537(0.032%)   269810   891765(0.040%)   47503   5582122(0.250%)
00400           10719      2556037893  9584     1135(0.000%)     8695     2913(0.000%)     8407     3777(0.000%)     8160     4765(0.000%)     6258    56274(0.002%)
00401           10717      2088019011  9582     1135(0.000%)     8693     2913(0.000%)     8405     3777(0.000%)     8158     4765(0.000%)     6256    56274(0.003%)
00410           10719      2805142750  9584     1135(0.000%)     8695     2913(0.000%)     8407     3777(0.000%)     8161     4761(0.000%)     6258    56306(0.002%)
00411           10717      2337123868  9582     1135(0.000%)     8693     2913(0.000%)     8405     3777(0.000%)     8159     4761(0.000%)     6256    56306(0.002%)
00500           6721       3219236965  5586     1135(0.000%)     4697     2913(0.000%)     4409     3777(0.000%)     4163     4761(0.000%)     2287    54937(0.002%)
00501           6719       2751218083  5584     1135(0.000%)     4695     2913(0.000%)     4407     3777(0.000%)     4161     4761(0.000%)     2285    54937(0.002%)
00510           8709       3338101055  7196     1513(0.000%)     6039     3827(0.000%)     5527     5363(0.000%)     5128     6959(0.000%)     2332    72822(0.002%)
00511           6720       2869975453  5584     1136(0.000%)     4695     2914(0.000%)     4407     3778(0.000%)     4162     4758(0.000%)     2285    54970(0.002%)
00600           15712      2469256261  14573    1139(0.000%)     13680    2925(0.000%)     13388    3801(0.000%)     13138    4801(0.000%)     11145   60447(0.002%)
00601           15710      2001237379  14571    1139(0.000%)     13678    2925(0.000%)     13386    3801(0.000%)     13136    4801(0.000%)     11143   60447(0.003%)
00610           15712      2727697632  14573    1139(0.000%)     13680    2925(0.000%)     13388    3801(0.000%)     13139    4797(0.000%)     11145   60479(0.002%)
00611           15711      2259584537  14571    1140(0.000%)     13678    2926(0.000%)     13386    3802(0.000%)     13137    4798(0.000%)     11143   60480(0.003%)
01000           6472533    1794220427  5040295  1432238(0.080%)  3868636  3775556(0.210%)  3163997  5889473(0.328%)  2603093  8133089(0.453%)  162547  47986157(2.674%)
01001           6472531    1326958592  5040293  1432238(0.108%)  3868634  3775556(0.285%)  3163995  5889473(0.444%)  2603091  8133089(0.613%)  162545  47986157(3.616%)
01010           6472533    1794220427  5040295  1432238(0.080%)  3868636  3775556(0.210%)  3163997  5889473(0.328%)  2603093  8133089(0.453%)  162547  47986157(2.674%)
01011           6472531    1326958592  5040293  1432238(0.108%)  3868634  3775556(0.285%)  3163995  5889473(0.444%)  2603091  8133089(0.613%)  162545  47986157(3.616%)
01100           989312     2238825612  597319   391993(0.018%)   435312   716007(0.032%)   365165   926448(0.041%)   315502   1125100(0.050%)  45915   5975738(0.267%)
01101           989310     1771563777  597317   391993(0.022%)   435310   716007(0.040%)   365163   926448(0.052%)   315500   1125100(0.064%)  45913   5975738(0.337%)
01110           989313     2488209822  597320   391993(0.016%)   435313   716007(0.029%)   365166   926448(0.037%)   315503   1125100(0.045%)  45916   5975738(0.240%)
01111           989311     2020947987  597318   391993(0.019%)   435311   716007(0.035%)   365164   926448(0.046%)   315501   1125100(0.056%)  45914   5975738(0.296%)
01200           587178     2304959546  378485   208693(0.009%)   296178   373307(0.016%)   249345   513806(0.022%)   217136   642642(0.028%)   42021   4189638(0.182%)
01201           587176     1837697711  378483   208693(0.011%)   296176   373307(0.020%)   249343   513806(0.028%)   217134   642642(0.035%)   42019   4189638(0.228%)
01210           587179     2544664687  378486   208693(0.008%)   296179   373307(0.015%)   249346   513806(0.020%)   217137   642642(0.025%)   42021   4189662(0.165%)
01211           587177     2077402852  378484   208693(0.010%)   296177   373307(0.018%)   249344   513806(0.025%)   217135   642642(0.031%)   42019   4189662(0.202%)
01400           9980       2404696416  8896     1084(0.000%)     8229     2418(0.000%)     8004     3093(0.000%)     7806     3885(0.000%)     6182    49445(0.002%)
01401           9978       1937434581  8894     1084(0.000%)     8227     2418(0.000%)     8002     3093(0.000%)     7804     3885(0.000%)     6180    49445(0.003%)
01410           9982       2637228871  8897     1085(0.000%)     8230     2419(0.000%)     8005     3094(0.000%)     7807     3886(0.000%)     6182    49470(0.002%)
01411           9979       2170093047  8895     1084(0.000%)     8228     2418(0.000%)     8003     3093(0.000%)     7805     3885(0.000%)     6180    49469(0.002%)
01500           5982       3019014976  4898     1084(0.000%)     4231     2418(0.000%)     4006     3093(0.000%)     3810     3877(0.000%)     2218    47910(0.002%)
01501           5980       2551753141  4896     1084(0.000%)     4229     2418(0.000%)     4004     3093(0.000%)     3808     3877(0.000%)     2216    47911(0.002%)
01510           5983       3130051200  4899     1084(0.000%)     4232     2418(0.000%)     4007     3093(0.000%)     3811     3877(0.000%)     2218    47935(0.002%)
01511           5981       2662789365  4897     1084(0.000%)     4230     2418(0.000%)     4005     3093(0.000%)     3810     3873(0.000%)     2216    47951(0.002%)
01600           14962      2326702796  13870    1092(0.000%)     13200    2432(0.000%)     12973    3113(0.000%)     12769    3929(0.000%)     11037   54540(0.002%)
01601           14960      1859440961  13868    1092(0.000%)     13198    2432(0.000%)     12971    3113(0.000%)     12767    3929(0.000%)     11035   54540(0.003%)
01610           14963      2567887202  13871    1092(0.000%)     13201    2432(0.000%)     12974    3113(0.000%)     12770    3929(0.000%)     11037   54564(0.002%)
01611           14962      2100506073  13869    1093(0.000%)     13199    2433(0.000%)     12972    3114(0.000%)     12768    3930(0.000%)     11035   54565(0.003%)
02000           5883193    1259272522  4722348  1160845(0.092%)  3610242  3385057(0.269%)  2934818  5411329(0.430%)  2387726  7599697(0.603%)  137122  43598681(3.462%)
02001           5883191    857968763   4722346  1160845(0.135%)  3610240  3385057(0.395%)  2934816  5411329(0.631%)  2387724  7599697(0.886%)  137120  43598681(5.082%)
02010           5883193    1259272522  4722348  1160845(0.092%)  3610242  3385057(0.269%)  2934818  5411329(0.430%)  2387726  7599697(0.603%)  137122  43598681(3.462%)
02011           5883191    857968763   4722346  1160845(0.135%)  3610240  3385057(0.395%)  2934816  5411329(0.631%)  2387724  7599697(0.886%)  137120  43598681(5.082%)
02100           696696     1660277077  450012   246684(0.015%)   338528   469652(0.028%)   286162   626750(0.038%)   249047   775210(0.047%)   35485   4393099(0.265%)
02101           696694     1258973318  450010   246684(0.020%)   338526   469652(0.037%)   286160   626750(0.050%)   249045   775210(0.062%)   35483   4393099(0.349%)
02110           696697     1886314137  450013   246684(0.013%)   338529   469652(0.025%)   286163   626750(0.033%)   249048   775210(0.041%)   35486   4393099(0.233%)
02111           696695     1485010378  450011   246684(0.017%)   338527   469652(0.032%)   286161   626750(0.042%)   249046   775210(0.052%)   35484   4393099(0.296%)
02200           341652     1703079621  260649   81003(0.005%)    220864   160573(0.009%)   186132   264769(0.016%)   164785   350157(0.021%)   32747   3090963(0.181%)
02201           341650     1301775862  260647   81003(0.006%)    220862   160573(0.012%)   186130   264769(0.020%)   164783   350157(0.027%)   32745   3090963(0.237%)
02210           341652     1921388975  260649   81003(0.004%)    220864   160573(0.008%)   186132   264769(0.014%)   164785   350157(0.018%)   32747   3090963(0.161%)
02211           341650     1520085216  260647   81003(0.005%)    220862   160573(0.011%)   186130   264769(0.017%)   164783   350157(0.023%)   32745   3090963(0.203%)
02400           5410       1767888327  5284     126(0.000%)      5227     240(0.000%)      5202     315(0.000%)      5184     387(0.000%)      5026    4163(0.000%)
02401           5408       1366584568  5282     126(0.000%)      5225     240(0.000%)      5200     315(0.000%)      5182     387(0.000%)      5024    4163(0.000%)
02410           5410       1974789150  5284     126(0.000%)      5227     240(0.000%)      5202     315(0.000%)      5184     387(0.000%)      5026    4163(0.000%)
02411           5723       1573482601  5440     283(0.000%)      5332     499(0.000%)      5285     640(0.000%)      5255     760(0.000%)      5029    5385(0.000%)
02500           1422       2158340625  1300     122(0.000%)      1248     226(0.000%)      1226     292(0.000%)      1211     352(0.000%)      1116    1533(0.000%)
02501           1420       1757036866  1298     122(0.000%)      1246     226(0.000%)      1224     292(0.000%)      1209     352(0.000%)      1114    1533(0.000%)
02510           1422       2244047045  1300     122(0.000%)      1248     226(0.000%)      1226     292(0.000%)      1211     352(0.000%)      1116    1533(0.000%)
02511           1420       1842743286  1298     122(0.000%)      1246     226(0.000%)      1224     292(0.000%)      1209     352(0.000%)      1114    1533(0.000%)
02600           10335      1716278911  10200    135(0.000%)      10139    257(0.000%)      10101    371(0.000%)      10079    459(0.000%)      9704    13314(0.001%)
02601           10333      1314975152  10198    135(0.000%)      10137    257(0.000%)      10099    371(0.000%)      10077    459(0.000%)      9702    13314(0.001%)
02610           10335      1934207992  10200    135(0.000%)      10139    257(0.000%)      10101    371(0.000%)      10079    459(0.000%)      9704    13314(0.001%)
02611           10333      1532904233  10198    135(0.000%)      10137    257(0.000%)      10099    371(0.000%)      10077    459(0.000%)      9702    13314(0.001%)
10100           1130397    2365695553  693548   436849(0.018%)   496911   830123(0.035%)   417927   1067075(0.045%)  356481   1312859(0.055%)  52028   6821548(0.288%)
10101           1130395    1897706879  693546   436849(0.023%)   496909   830123(0.044%)   417925   1067075(0.056%)  356479   1312859(0.069%)  52026   6821548(0.359%)
10110           1130397    2634500305  693548   436849(0.017%)   496911   830123(0.032%)   417927   1067075(0.041%)  356482   1312855(0.050%)  52029   6821544(0.259%)
10111           1130401    2166544021  693559   436842(0.020%)   496921   830118(0.038%)   417937   1067070(0.049%)  356492   1312850(0.061%)  52037   6821652(0.315%)
10200           678920     2441909051  454981   223939(0.009%)   349260   435381(0.018%)   296167   594660(0.024%)   254664   760672(0.031%)   45865   5207071(0.213%)
10201           678918     1973920377  454979   223939(0.011%)   349258   435381(0.022%)   296165   594660(0.030%)   254662   760672(0.039%)   45863   5207071(0.264%)
10210           678920     2700144438  454981   223939(0.008%)   349260   435381(0.016%)   296167   594660(0.022%)   254665   760668(0.028%)   45865   5207103(0.193%)
10211           678918     2232155764  454979   223939(0.010%)   349258   435381(0.020%)   296165   594660(0.027%)   254663   760668(0.034%)   45863   5207103(0.233%)
10400           5141       2538128027  5136     5(0.000%)        5131     15(0.000%)       5127     27(0.000%)       5125     35(0.000%)       5092    1482(0.000%)
10401           5139       2070139353  5134     5(0.000%)        5129     15(0.000%)       5125     27(0.000%)       5123     35(0.000%)       5090    1482(0.000%)
10410           5141       2793864154  5136     5(0.000%)        5131     15(0.000%)       5127     27(0.000%)       5126     31(0.000%)       5092    1514(0.000%)
10411           5139       2325875480  5134     5(0.000%)        5129     15(0.000%)       5125     27(0.000%)       5124     31(0.000%)       5090    1514(0.000%)
10500           1143       3201285975  1138     5(0.000%)        1133     15(0.000%)       1129     27(0.000%)       1128     31(0.000%)       1121    146(0.000%)
10501           1141       2733297301  1136     5(0.000%)        1131     15(0.000%)       1127     27(0.000%)       1126     31(0.000%)       1119    146(0.000%)
10510           1143       3326816090  1138     5(0.000%)        1133     15(0.000%)       1129     27(0.000%)       1129     27(0.000%)       1121    178(0.000%)
10511           1139       2858827416  1133     6(0.000%)        1128     16(0.000%)       1126     22(0.000%)       1126     22(0.000%)       1119    158(0.000%)
10600           10137      2451361975  10127    10(0.000%)       10118    28(0.000%)       10110    52(0.000%)       10105    72(0.000%)       9980    5702(0.000%)
10601           10132      1983373301  10123    9(0.000%)        10114    27(0.000%)       10106    51(0.000%)       10101    71(0.000%)       9977    5653(0.000%)
10610           10134      2716434590  10125    9(0.000%)        10116    27(0.000%)       10108    51(0.000%)       10104    67(0.000%)       9979    5685(0.000%)
10611           10132      2248445916  10123    9(0.000%)        10114    27(0.000%)       10106    51(0.000%)       10102    67(0.000%)       9977    5685(0.000%)
11100           894962     2238591723  561382   333580(0.015%)   414333   627678(0.028%)   349201   823074(0.037%)   302581   1009554(0.045%)  44447   5655252(0.253%)
11101           894960     1771359951  561380   333580(0.019%)   414331   627678(0.035%)   349199   823074(0.046%)   302579   1009554(0.057%)  44445   5655252(0.319%)
11110           894963     2487967967  561383   333580(0.013%)   414334   627678(0.025%)   349202   823074(0.033%)   302582   1009554(0.041%)  44448   5655252(0.227%)
11111           894961     2020736195  561381   333580(0.017%)   414332   627678(0.031%)   349200   823074(0.041%)   302580   1009554(0.050%)  44446   5655252(0.280%)
11200           492835     2304719743  342556   150279(0.007%)   275205   284981(0.012%)   233387   410435(0.018%)   204217   527115(0.023%)   40554   3869133(0.168%)
11210           492836     2544416965  342557   150279(0.006%)   275206   284981(0.011%)   233388   410435(0.016%)   204218   527115(0.021%)   40554   3869157(0.152%)
11211           492834     2077185193  342555   150279(0.007%)   275204   284981(0.014%)   233386   410435(0.020%)   204216   527115(0.025%)   40552   3869157(0.186%)
11400           5131       2388252241  5125     6(0.000%)        5124     8(0.000%)        5122     14(0.000%)       5120     22(0.000%)       5083    1607(0.000%)
11401           5129       1921020469  5123     6(0.000%)        5122     8(0.000%)        5120     14(0.000%)       5118     22(0.000%)       5081    1607(0.000%)
11410           5132       2627059779  5126     6(0.000%)        5125     8(0.000%)        5123     14(0.000%)       5121     22(0.000%)       5083    1631(0.000%)
11411           5130       2159809358  5124     6(0.000%)        5123     8(0.000%)        5121     14(0.000%)       5119     22(0.000%)       5081    1631(0.000%)
11500           1133       3002532041  1127     6(0.000%)        1126     8(0.000%)        1124     14(0.000%)       1124     14(0.000%)       1119    74(0.000%)
11501           1131       2535300269  1125     6(0.000%)        1124     8(0.000%)        1122     14(0.000%)       1122     14(0.000%)       1117    74(0.000%)
11510           1134       3119702306  1128     6(0.000%)        1127     8(0.000%)        1125     14(0.000%)       1125     14(0.000%)       1119    98(0.000%)
11511           1132       2652470534  1126     6(0.000%)        1125     8(0.000%)        1123     14(0.000%)       1123     14(0.000%)       1117    98(0.000%)
11600           10113      2310273085  10099    14(0.000%)       10095    22(0.000%)       10091    34(0.000%)       10083    66(0.000%)       9938    6697(0.000%)
11601           10111      1843041313  10097    14(0.000%)       10093    22(0.000%)       10089    34(0.000%)       10081    66(0.000%)       9936    6697(0.000%)
11610           10114      2557587878  10100    14(0.000%)       10096    22(0.000%)       10092    34(0.000%)       10084    66(0.000%)       9938    6721(0.000%)
11611           10112      2090356106  10098    14(0.000%)       10094    22(0.000%)       10090    34(0.000%)       10082    66(0.000%)       9936    6721(0.000%)
12100           692038     1660277077  445898   246140(0.015%)   334932   468072(0.028%)   282885   624213(0.038%)   246040   771593(0.046%)   34827   4334159(0.261%)
12101           692036     1258973318  445896   246140(0.020%)   334930   468072(0.037%)   282883   624213(0.050%)   246038   771593(0.061%)   34825   4334159(0.344%)
12110           692039     1886314137  445899   246140(0.013%)   334933   468072(0.025%)   282886   624213(0.033%)   246041   771593(0.041%)   34828   4334159(0.230%)
12111           692037     1485010378  445897   246140(0.017%)   334931   468072(0.032%)   282884   624213(0.042%)   246039   771593(0.052%)   34826   4334159(0.292%)
12200           337035     1703069675  256558   80477(0.005%)    217283   159027(0.009%)   182868   262272(0.015%)   161791   346580(0.020%)   32109   3031888(0.178%)
12201           336992     1301775862  256533   80459(0.006%)    217266   158993(0.012%)   182853   262232(0.020%)   161776   346540(0.027%)   32087   3032023(0.233%)
12210           336994     1921388975  256535   80459(0.004%)    217268   158993(0.008%)   182855   262232(0.014%)   161778   346540(0.018%)   32089   3032023(0.158%)
12211           336992     1520085216  256533   80459(0.005%)    217266   158993(0.010%)   182853   262232(0.017%)   161776   346540(0.023%)   32087   3032023(0.199%)
12400           5112       1760551065  5106     6(0.000%)        5100     18(0.000%)       5097     27(0.000%)       5094     39(0.000%)       5025    2777(0.000%)
12401           5110       1359247306  5104     6(0.000%)        5098     18(0.000%)       5095     27(0.000%)       5092     39(0.000%)       5023    2777(0.000%)
12410           5112       1970509313  5106     6(0.000%)        5100     18(0.000%)       5097     27(0.000%)       5094     39(0.000%)       5025    2777(0.000%)
12411           5110       1569205554  5104     6(0.000%)        5098     18(0.000%)       5095     27(0.000%)       5092     39(0.000%)       5023    2777(0.000%)
12500           1124       2151003363  1122     2(0.000%)        1121     4(0.000%)        1121     4(0.000%)        1121     4(0.000%)        1115    147(0.000%)
12501           1122       1749699604  1120     2(0.000%)        1119     4(0.000%)        1119     4(0.000%)        1119     4(0.000%)        1113    147(0.000%)
12510           1641       2239758984  1640     1(0.000%)        1639     3(0.000%)        1638     6(0.000%)        1637     10(0.000%)       1570    2817(0.000%)
12511           1122       1838463449  1120     2(0.000%)        1119     4(0.000%)        1119     4(0.000%)        1119     4(0.000%)        1113    147(0.000%)

