1130401
0.00011542012927054478 1372.8589566020314 183.9052400738689
0.00023084025854108956 2057.753213367609 298.7155098543273
0.00034626038781163435 3031.729448491155 464.3267429760666
0.0004616805170821791 3953.688596491228 601.2397660818714
0.0005771006463527239 4794.334075723831 808.7082405345211
0.0006925207756232687 4922.131195335277 916.8658892128279
0.0008079409048938135 5838.330935251798 906.4676258992806
0.0009233610341643582 6445.037735849057 1106.8066037735848
0.001038781163434903 5869.264367816092 1234.6436781609195
0.0011542012927054479 7807.264516129032 1650.0774193548386
0.0012696214219759926 7640.924812030075 1769.6466165413533
0.0013850415512465374 8220.198412698413 1724.1825396825398
0.0015004616805170822 8572.954545454546 1981.8636363636363
0.001615881809787627 9451.23076923077 2164.879120879121
0.0017313019390581717 9711.021739130434 2452.1195652173915
0.0018467220683287165 10198.942528735632 2091.5632183908046
0.0019621421975992612 9714.236842105263 2368.5789473684213
0.002077562326869806 12188.545454545454 2951.1666666666665
0.0021929824561403508 11829.439393939394 3073.3636363636365
0.0023084025854108957 12429.117647058823 3448.9803921568628
0.0024238227146814403 12768.489361702128 3990.744680851064
0.0025392428439519853 14111.65306122449 3983.081632653061
0.00265466297322253 14952.157894736842 3922.6052631578946
0.002770083102493075 15908.15909090909 4001.159090909091
0.0028855032317636198 15446.694444444445 4562.916666666667
0.0030009233610341643 13512.222222222223 3307.8333333333335
0.0031163434903047093 13946.76923076923 3779.897435897436
0.003231763619575254 13675.363636363636 3369.060606060606
0.003347183748845799 13754.155555555555 3443.8
0.0034626038781163434 17731.70588235294 4269.617647058823
0.0035780240073868884 17574.25 3505.6875
0.003693444136657433 18699.59259259259 3131.4814814814813
0.003808864265927978 15236.827586206897 3536.2758620689656
0.0039242843951985225 15885.966666666667 3602.5
0.004039704524469067 20671.08695652174 4548.347826086957
0.004155124653739612 18793.733333333334 4624.1
0.004270544783010157 17837.333333333332 3881.375
0.0043859649122807015 20032.85185185185 4384.592592592592
0.004501385041551247 22099.739130434784 5638.913043478261
0.0046168051708217915 21628.833333333332 5875.916666666667
0.004732225300092336 19282.95238095238 7347.047619047619
0.004847645429362881 23717.70588235294 8364.35294117647
0.004963065558633426 21720.88888888889 7075.333333333333
0.0050784856879039705 20908.333333333332 6594.0
0.005193905817174515 22826.14285714286 5958.047619047619
0.00530932594644506 20424.8 5644.6
0.005424746075715605 23624.0 6544.0
0.00554016620498615 28203.846153846152 6959.153846153846
0.005655586334256694 25178.65 5674.05
0.0057710064635272396 19971.8125 5632.125
0.005886426592797784 22823.85 7729.55
0.006001846722068329 25035.722222222223 8799.333333333334
0.006117266851338873 25288.2 6088.733333333334
0.006232686980609419 24691.0 5920.923076923077
0.006348107109879963 25270.285714285714 7165.714285714285
0.006463527239150508 23859.6875 8727.8125
0.006578947368421052 21747.739130434784 8506.652173913044
0.006694367497691598 23804.833333333332 6672.666666666667
0.006809787626962142 25243.14285714286 6482.928571428572
0.006925207756232687 30674.4 7872.4
0.007040627885503232 25065.533333333333 8103.2
0.007156048014773777 35581.545454545456 9778.727272727272
0.007271468144044321 32333.0 9042.0
0.007386888273314866 26188.0 7845.75
0.007502308402585411 24473.75 9375.5
0.007617728531855956 25977.2 8326.0
0.0077331486611265 31372.0 10067.545454545454
0.007848568790397045 29302.2 9179.133333333333
0.00796398891966759 27350.46153846154 7172.2307692307695
0.008079409048938134 35613.9 10217.8
0.00819482917820868 35656.53846153846 11202.923076923076
0.008310249307479225 27424.625 8153.0
0.008425669436749769 31854.81818181818 8218.636363636364
0.008541089566020314 31573.533333333333 8906.333333333334
0.00865650969529086 34531.75 11549.333333333334
0.008771929824561403 33583.90909090909 11084.454545454546
0.008887349953831948 36199.444444444445 15546.0
0.009002770083102494 30515.14285714286 11742.57142857143
0.009118190212373038 29428.11111111111 9809.888888888889
0.009233610341643583 31530.1 10318.9
0.009349030470914127 27910.14285714286 15476.57142857143
0.009464450600184672 32187.18181818182 15493.181818181818
0.009579870729455217 28204.5 9032.375
0.009695290858725761 32266.2 7564.8
0.009810710987996307 31964.571428571428 9194.0
0.009926131117266852 34157.11111111111 15666.333333333334
0.010041551246537396 45446.375 15901.75
0.010156971375807941 38687.333333333336 16509.833333333332
0.010272391505078486 38765.42857142857 16376.285714285714
0.01038781163434903 36489.625 20788.0
0.010503231763619576 30533.875 21903.25
0.01061865189289012 41666.0 19917.375
0.010734072022160665 37245.90909090909 17662.454545454544
0.01084949215143121 36758.833333333336 17330.333333333332
0.010964912280701754 42714.5 17972.5
0.0110803324099723 33581.142857142855 16525.0
0.011195752539242845 42880.5 19191.5
0.011311172668513388 30480.6 25463.0
0.011426592797783934 34274.28571428572 20804.714285714286
0.011542012927054479 36667.75 38976.0
0.011657433056325023 35434.0 15192.0
0.011772853185595568 32867.0 17513.75
0.011888273314866112 21413.0 7579.0
0.012003693444136657 39115.25 34499.0
0.012119113573407203 40346.0 25313.333333333332
0.012234533702677746 44857.5 32625.75
0.012349953831948292 41401.666666666664 27066.0
0.012465373961218837 42278.857142857145 23617.0
0.012580794090489381 43210.5 20975.5
0.012696214219759926 48007.5 15641.0
0.012811634349030472 43969.4 17544.4
0.012927054478301015 47233.833333333336 14998.333333333334
0.01304247460757156 40500.666666666664 14761.833333333334
0.013157894736842105 49863.666666666664 16136.333333333334
0.01327331486611265 43842.0 15933.5
0.013388734995383195 44573.71428571428 15668.42857142857
0.013504155124653739 41697.25 14684.5
0.013619575253924284 47109.8 20112.0
0.01373499538319483 40742.57142857143 22280.0
0.013850415512465374 48561.8 26217.2
0.013965835641735919 44067.142857142855 34437.142857142855
0.014081255771006464 48490.0 22018.333333333332
0.014196675900277008 40904.8 20297.2
0.014312096029547553 49830.0 30208.6
0.014427516158818097 54605.5 25465.75
0.014542936288088643 62019.0 26526.8
0.014658356417359188 49708.0 29883.0
0.014773776546629732 58455.75 29633.0
0.014889196675900277 60853.0 27094.25
0.015004616805170823 63282.666666666664 31796.666666666668
0.015120036934441366 62362.142857142855 39225.42857142857
0.015235457063711912 60109.42857142857 36391.142857142855
0.015350877192982455 63107.833333333336 39658.166666666664
0.015466297322253 53827.75 29601.125
0.015581717451523546 52156.875 32952.5
0.01569713758079409 54412.0 44707.666666666664
0.015812557710064637 46114.0 31432.4
0.01592797783933518 41288.142857142855 24926.0
0.016043397968605724 45145.166666666664 20215.833333333332
0.016158818097876268 36132.0 16131.4
0.016274238227146815 39640.5 23987.166666666668
0.01638965835641736 37221.0 25183.5
0.016505078485687903 45010.0 21588.4
0.01662049861495845 50891.333333333336 25168.666666666668
0.016735918744228993 51254.2 19560.8
0.016851338873499537 46768.5 28461.5
0.016966759002770084 50684.5 17606.25
0.017082179132040628 62418.0 23806.0
0.01719759926131117 55692.166666666664 23938.333333333332
0.01731301939058172 42996.333333333336 21476.333333333332
0.017428439519852262 57551.0 24160.0
0.017543859649122806 59977.0 19605.5
0.017659279778393353 90223.0 31491.0
0.017774699907663897 38322.0 23955.0
0.01789012003693444 43729.5 25047.0
0.018005540166204988 40363.0 16428.5
0.018236380424746075 46876.71428571428 14803.0
0.018351800554016622 44721.57142857143 18529.0
0.018467220683287166 49647.4 27297.2
0.01858264081255771 44673.0 16703.5
0.018698060941828253 39140.5 13447.0
0.018928901200369344 46621.0 26332.666666666668
0.019044321329639888 47945.333333333336 21299.0
0.019159741458910435 68479.0 46874.5
0.01927516158818098 68783.0 47745.0
0.019390581717451522 59516.5 25938.0
0.01950600184672207 56573.666666666664 24055.0
0.019621421975992613 62095.5 20998.0
0.019736842105263157 68090.0 34525.666666666664
0.019852262234533704 64769.0 30245.25
0.019967682363804248 95351.0 9925.0
0.02008310249307479 47949.0 20430.0
0.02019852262234534 57208.666666666664 26504.333333333332
0.020313942751615882 65659.66666666667 30882.333333333332
0.020429362880886426 55234.333333333336 34331.0
0.020544783010156973 62947.0 32912.5
0.020660203139427517 64582.75 37991.25
0.02077562326869806 61646.0 31168.0
0.020891043397968604 62740.4 28959.2
0.02100646352723915 60052.666666666664 27025.0
0.021121883656509695 56468.5 29337.25
0.02123730378578024 58124.0 32854.333333333336
0.021352723915050786 59959.0 38418.0
0.02146814404432133 60653.666666666664 43364.666666666664
0.021583564173591873 72085.66666666667 44800.333333333336
0.02169898430286242 72097.66666666667 44808.333333333336
0.021814404432132964 66185.75 43525.5
0.021929824561403508 69512.0 50994.5
0.022045244690674055 83969.66666666667 61006.0
0.0221606648199446 73098.0 46815.0
0.022276084949215142 78341.0 38007.0
0.02239150507848569 57420.333333333336 24861.333333333332
0.022506925207756233 63589.5 47288.0
0.022622345337026777 63702.0 39614.5
0.022737765466297324 68344.5 42277.25
0.022853185595567867 63357.25 40526.25
0.02296860572483841 83551.5 57000.5
0.023084025854108958 73628.25 41882.0
0.023199445983379502 72444.33333333333 54412.0
0.023314866112650046 66545.0 56118.0
0.02343028624192059 88599.0 76061.0
0.023545706371191136 76290.5 63192.0
0.02366112650046168 63223.5 44254.0
0.023776546629732224 85011.5 56985.5
0.02389196675900277 84579.0 44133.0
0.02412280701754386 66413.66666666667 32586.0
0.024238227146814405 66129.0 35945.5
0.024699907663896584 47450.0 27401.0
0.024815327793167127 49929.0 22550.0
0.024930747922437674 31953.0 18442.0
0.025046168051708218 32178.0 19016.0
0.025392428439519853 32215.0 19252.0
0.025507848568790396 79266.5 35232.5
0.025623268698060944 56257.5 29085.0
0.025738688827331487 80329.0 38921.0
0.02585410895660203 80363.0 39272.0
0.025969529085872575 67951.5 31086.5
0.02608494921514312 62239.5 27368.0
0.026200369344413665 73000.25 37411.75
0.02631578947368421 67990.0 31096.0
0.026431209602954756 55542.0 22910.0
0.0265466297322253 61070.666666666664 35655.0
0.026662049861495844 50565.0 30049.0
0.02677746999076639 50607.0 30051.0
0.026892890120036934 55628.0 22919.0
0.027008310249307478 70673.66666666667 36831.0
0.027123730378578025 70902.0 36928.333333333336
0.02723915050784857 66908.0 39338.0
0.027585410895660203 78327.0 55790.0
0.027700831024930747 79137.66666666667 46470.333333333336
0.027816251154201294 87589.0 44331.0
0.027931671283471838 78499.0 55880.0
0.02804709141274238 78541.0 55935.0
0.028277931671283472 56414.0 23499.0
0.028393351800554016 59139.5 29736.5
0.02850877192982456 68685.5 38865.0
0.028624192059095107 102228.0 22900.0
0.02873961218836565 102257.0 22901.0
0.028855032317636194 88016.0 34563.0
0.02897045244690674 73082.0 43152.0
0.02920129270544783 58915.666666666664 38930.0
0.029316712834718376 78366.0 60538.0
0.02943213296398892 63321.0 36250.0
0.029547553093259463 63327.0 36250.0
0.02966297322253001 63417.0 36260.0
0.029778393351800554 75928.0 41094.0
0.029893813481071098 73775.5 32586.0
0.030009233610341645 68291.0 23073.0
0.03012465373961219 75119.5 32880.5
0.030240073868882732 71544.0 33706.333333333336
0.03035549399815328 67585.66666666667 36613.0
0.030470914127423823 77729.0 42246.5
0.030586334256694367 78296.0 48909.666666666664
0.03070175438596491 56566.0 30699.0
0.030817174515235458 68408.0 23100.0
0.030932594644506 68409.0 23100.0
0.031163434903047092 92321.0 49801.0
0.031278855032317636 92323.0 49805.0
0.03139427516158818 92325.0 49805.0
0.03150969529085872 57943.0 31393.0
0.031625115420129274 74702.5 41825.5
0.03174053554939982 58190.0 31494.0
0.03185595567867036 74820.0 41867.0
0.031971375807940905 74840.0 41876.0
0.03208679593721145 68866.0 23229.0
0.03220221606648199 68887.0 23229.0
0.032317636195752536 69093.0 24532.0
0.03243305632502309 63769.5 28145.0
0.032663896583564174 92296.0 52493.0
0.03277931671283472 75633.5 42184.0
0.03289473684210526 97547.0 32339.0
0.033010156971375805 78672.5 32168.0
0.033125577100646356 59025.0 31881.0
0.03393351800554017 105498.0 37161.0
0.03404893813481071 91588.0 45652.5
0.034164358264081256 39483.0 22611.0
0.0342797783933518 105580.0 37168.0
0.03439519852262234 85462.0 56351.5
0.03451061865189289 80135.0 43317.5
0.03474145891043398 66523.0 40601.5
0.034856879039704525 86614.5 49215.0
0.03497229916897507 86874.25 49454.0
0.03508771929824561 80898.0 49874.6
0.035203139427516156 84103.33333333333 44990.666666666664
0.035318559556786706 70261.0 13994.0
0.03543397968605725 76658.5 39409.5
0.035549399815327794 80289.0 64825.0
0.03566481994459834 62036.0 33734.0
0.03578024007386888 62133.0 33917.0
0.035895660203139425 80407.0 64928.0
0.036011080332409975 93244.0 55444.0
0.03612650046168052 102566.0 57605.0
0.03624192059095106 102570.0 57605.0
0.036357340720221606 102600.0 57605.0
0.03647276084949215 63720.5 44132.0
0.036588180978762694 80387.0 62186.75
0.036703601108033244 73848.0 30870.5
0.03681902123730379 78307.66666666667 42533.333333333336
0.03693444136657433 94691.0 56193.0
0.037049861495844875 95318.0 60201.0
0.03716528162511542 86054.0 65730.66666666667
0.03728070175438596 86110.66666666667 66343.0
0.037396121883656507 97189.5 80337.0
0.03751154201292706 98989.0 100450.0
0.0376269621421976 96668.0 76332.5
0.03797322253000923 88553.5 53353.5
0.038088642659279776 95454.0 60313.0
0.038204062788550326 84934.0 56282.0
0.03831948291782087 95575.0 60547.0
0.038434903047091414 95588.0 60554.0
0.03855032317636196 97702.5 80698.0
0.0386657433056325 99372.0 100556.0
0.038896583564173595 99463.0 100606.0
0.03901200369344414 104680.0 69938.0
0.03912742382271468 111605.0 40293.0
0.039242843951985226 111608.0 40305.0
0.03935826408125577 102295.0 50040.0
0.039473684210526314 111639.0 40317.0
0.03958910433979686 92940.0 90148.0
0.03970452446906741 92949.0 90148.0
0.03981994459833795 92950.0 90148.0
0.039935364727608495 92957.0 90148.0
0.04005078485687904 88469.0 67003.0
0.040281625115420126 95344.0 76349.5
0.04039704524469068 93121.0 90318.0
0.04051246537396122 66742.0 40951.0
0.040627885503231764 97757.5 44220.0
0.04074330563250231 75182.5 44175.0
0.04085872576177285 82136.33333333333 56524.666666666664
0.040974145891043395 67018.0 41092.0
0.041089566020313946 145024.0 107552.0
0.04120498614958449 136707.5 81951.5
0.04132040627885503 124276.33333333333 75102.33333333333
0.04143582640812558 122226.5 84502.5
0.04155124653739612 122236.0 84514.0
0.041666666666666664 145040.0 107598.0
0.04178208679593721 145049.0 107600.0
0.04189750692520776 145234.0 107605.0
0.042128347183748846 145247.0 107643.0
0.04247460757156048 106435.0 62958.0
0.04259002770083103 124526.0 105770.5
0.04270544783010157 124530.0 105771.0
0.042820867959372115 125322.0 105900.5
0.04293628808864266 145295.0 107674.0
0.0430517082179132 117173.0 79568.0
0.043167128347183746 97216.0 56860.0
0.04339796860572484 127130.0 85151.5
0.043513388734995384 89213.0 51546.0
0.04362880886426593 89222.0 51549.0
0.04374422899353647 99105.5 56981.0
0.043975069252077566 114611.0 74173.0
0.04409048938134811 117469.5 80021.5
0.04420590951061865 133942.0 82485.0
0.04466759002770083 97564.0 81491.0
0.045706371191135735 126675.0 57436.0
0.04582179132040628 126785.0 57451.0
0.046052631578947366 283233.0 77566.0
0.04662973222530009 99709.0 82368.0
0.04778393351800554 112006.0 70097.0
0.04824561403508772 109123.0 102986.0
0.04836103416435827 109138.0 102987.0
0.04847645429362881 109143.0 102987.0
0.0487072945521699 109149.0 102997.0
0.04905355493998153 109195.0 103002.0
0.04916897506925208 109245.0 103468.0
0.04986149584487535 100491.0 57734.0
0.04997691597414589 100497.0 57734.0
0.050092336103416436 100556.0 57747.0
0.05020775623268698 100563.0 57747.0
0.05055401662049862 109616.0 103782.0
0.05066943674976916 109620.0 103782.0
0.050784856879039705 106230.0 80772.5
0.05090027700831025 106231.0 80772.5
0.05101569713758079 118217.5 90045.0
0.051131117266851336 128423.0 84267.0
0.05124653739612189 109812.0 103808.0
0.051477377654662974 106382.0 80953.0
0.05159279778393352 109829.0 103813.0
0.05170821791320406 111375.0 105050.0
0.05193905817174515 102979.0 58161.0
0.0520544783010157 102990.0 58170.0
0.053670360110803325 103595.0 58484.0
0.05378578024007387 103601.0 58484.0
0.0541320406278855 130500.0 116197.0
0.05424746075715605 103625.0 58509.0
0.054362880886426594 103639.0 58521.0
0.05447830101569714 103640.0 58525.0
0.05459372114496768 116600.0 72968.0
0.054709141274238225 129556.0 87395.0
0.05482456140350877 130033.0 87685.0
0.05505540166204986 130054.0 87688.0
0.05517082179132041 103753.0 59206.0
0.05528624192059095 103787.0 59216.0
0.055401662049861494 103792.0 59216.0
0.05551708217913204 104066.0 59497.0
0.05597876269621422 109955.0 79137.0
0.057248384118190214 163425.0 148394.0
0.0574792243767313 163804.0 148585.0
0.057594644506001845 132255.0 89278.0
0.05771006463527239 132390.0 89794.0
0.05782548476454294 132392.0 89794.0
0.06059556786703601 120748.0 106067.0
0.06071098799630656 120838.0 106073.0
0.061172668513388734 121626.0 106270.0
0.062326869806094184 187556.0 171986.0
0.06244228993536473 121761.0 106405.0
0.06255771006463527 121773.0 106417.0
0.06267313019390582 121779.0 106417.0
0.0629039704524469 112325.0 83123.0
0.06301939058171745 113864.0 83489.0
0.06382733148661127 157694.0 105291.0
0.0641735918744229 142252.0 106390.5
0.06428901200369344 126803.0 107490.0
0.06440443213296398 139427.0 101690.0
0.06451985226223453 139601.0 101702.0
0.06463527239150507 127425.0 151032.0
0.06498153277931672 151582.5 127939.0
0.06509695290858726 127453.0 151036.0
0.0652123730378578 127981.0 151332.0
0.06567405355493998 126149.5 68181.0
0.06752077562326869 176209.0 105039.0
0.06763619575253925 176211.0 105041.0
0.06775161588180979 176214.0 105041.0
0.06798245614035088 178074.0 105975.0
0.06809787626962142 155830.5 140139.5
0.06821329639889197 220467.0 119069.0
0.07710064635272391 135418.0 93229.0
0.07790858725761773 135938.0 93370.0
0.0796398891966759 212861.0 126907.0
0.07987072945521699 136734.0 95004.0
0.08010156971375808 136746.0 95007.0
0.08044783010156971 136801.0 95016.0
0.08056325023084025 136803.0 95021.0
0.08137119113573407 137762.0 97154.0
0.08160203139427516 166461.0 114693.0
0.0817174515235457 166465.0 114696.0
0.08183287165281625 166550.0 114720.0
0.08229455216989844 138227.0 97527.0
0.08518005540166206 146518.0 101079.0
0.08541089566020314 146554.0 101079.0
0.08621883656509695 169037.0 116491.0
0.08633425669436749 169061.0 116494.0
0.08644967682363804 169063.0 116496.0
0.0865650969529086 169064.0 116496.0
0.08714219759926131 191305.0 148652.0
0.09256694367497692 182623.0 128883.0
0.09464450600184672 184210.0 130176.0
0.09475992613111726 184214.0 130177.0
0.09487534626038781 184234.0 130243.0
0.09522160664819945 184610.0 130798.0
0.09683748845798708 185390.0 131250.0
0.09718374884579871 185453.0 131403.0
0.09729916897506925 185454.0 131403.0
0.09879963065558633 195618.0 132620.0
0.10168513388734995 201968.0 148102.0
0.10191597414589104 202829.0 148472.0
0.108264081255771 173206.0 126436.0
0.10837950138504156 173238.0 126436.0
0.10918744228993536 188854.0 156172.0
0.109533702677747 181765.0 127830.0
0.11103416435826408 279152.0 223198.0
0.11772853185595568 193404.0 158537.0
0.12361495844875346 196048.0 233788.0
0.12476915974145891 210025.0 171289.0
0.12511542012927054 210196.0 171420.0
0.12592336103416435 210363.0 171638.0
0.12938596491228072 214713.0 180327.0
0.1298476454293629 198236.0 148275.0
0.12996306555863343 198242.0 148275.0
0.13019390581717452 203235.0 155167.0
0.1329639889196676 258034.0 160287.0
0.14219759926131118 248962.0 210854.0
0.1981763619575254 389070.0 371850.0
0.21814404432132964 434430.0 381775.0
0.2530009233610342 333610.0 414115.0
0.27516158818097874 409558.0 371141.0
0.31867497691597413 400861.0 463980.0
0.33748845798707294 512769.0 543127.0
0.41712834718374886 615529.0 670034.0
0.735803324099723 810884.0 1134014.0
0.9539473684210527 1038695.0 1515789.0
1.0 1130401.0 1593355.0
