714667
0.0001 958 4 0
0.0001 1482 9 0
0.0002 2180 14 0
0.0003 2792 17 0
0.0003 3230 24 0
0.0004 3603 25 0
0.0005 3859 27 0
0.0006 4222 28 0
0.0006 4852 37 0
0.0007 5090 42 0
0.0008 5238 40 0
0.0008 5778 48 0
0.0009 5995 35 0
0.0010 6599 39 0
0.0010 6782 50 0
0.0011 6775 88 0
0.0012 7239 77 0
0.0012 7446 87 0
0.0013 7689 110 0
0.0014 7757 109 0
0.0015 8501 111 0
0.0015 8050 121 0
0.0016 8591 114 0
0.0017 8982 110 0
0.0017 8799 97 0
0.0018 9535 141 0
0.0019 9665 90 0
0.0019 9493 131 0
0.0020 9578 167 0
0.0021 9746 134 0
0.0021 10278 151 0
0.0022 9482 128 0
0.0023 10336 126 0
0.0024 10068 121 0
0.0024 10768 171 0
0.0025 11516 186 0
0.0026 11298 171 0
0.0026 11799 232 0
0.0027 11845 115 0
0.0028 12197 131 0
0.0028 12084 159 0
0.0029 12192 120 0
0.0030 11991 123 0
0.0030 13057 167 0
0.0031 12957 236 0
0.0032 12806 180 0
0.0033 13328 240 0
0.0033 13747 213 0
0.0034 13007 191 0
0.0035 13120 185 0
0.0035 12982 182 0
0.0036 13267 217 0
0.0037 12517 173 0
0.0037 12134 239 0
0.0038 14797 283 0
0.0039 13546 350 0
0.0039 14829 283 0
0.0040 13820 385 0
0.0041 14414 383 0
0.0042 16121 265 0
0.0042 16314 211 0
0.0043 14927 165 0
0.0044 14298 223 0
0.0044 14885 190 0
0.0045 16208 413 0
0.0046 17505 451 0
0.0046 17704 276 0
0.0047 16505 325 0
0.0048 18504 501 0
0.0048 19508 878 0
0.0049 17805 931 0
0.0050 15426 725 0
0.0051 17387 903 0
0.0051 15845 932 0
0.0052 17825 668 0
0.0053 16197 985 0
0.0053 17981 406 0
0.0054 16524 409 0
0.0055 17367 506 0
0.0055 17179 532 0
0.0056 20357 307 0
0.0057 17406 248 0
0.0057 18044 356 0
0.0058 20454 512 0
0.0059 18258 336 0
0.0060 18941 482 0
0.0060 26289 218 0
0.0061 18676 296 0
0.0062 18505 596 0
0.0062 17365 393 0
0.0063 14929 570 0
0.0064 18011 311 0
0.0064 16252 391 0
0.0065 16633 622 0
0.0066 29663 541 0
0.0067 18545 277 0
0.0067 19350 167 0
0.0068 21153 511 0
0.0069 20099 305 0
0.0069 23587 750 0
0.0070 17184 254 0
0.0071 18912 439 0
0.0071 18090 339 0
0.0072 20576 304 0
0.0073 19716 303 0
0.0073 16658 258 0
0.0074 54365 1000 0
0.0075 18578 786 0
0.0076 17085 384 0
0.0076 20103 214 0
0.0077 18272 249 0
0.0078 21993 994 0
0.0078 36856 551 0
0.0079 20697 296 0
0.0080 24090 166 0
0.0081 20161 362 0
0.0082 18628 1037 0
0.0082 23130 1223 0
0.0084 20908 321 0
0.0085 24553 137 0
0.0085 31159 505 0
0.0086 29085 916 0
0.0087 24978 2054 0
0.0087 23646 1240 0
0.0089 20782 268 0
0.0090 26444 2000 0
0.0091 32285 815 0
0.0092 18401 148 0
0.0093 29564 126 0
0.0094 24467 416 0
0.0094 26268 397 0
0.0095 25274 504 0
0.0096 32873 917 0
0.0096 23104 121 0
0.0097 28798 419 0
0.0100 23917 250 0
0.0100 22261 321 0
0.0101 26246 490 0
0.0102 47500 362 0
0.0103 27091 266 0
0.0103 27160 266 0
0.0105 26173 315 0
0.0105 33036 703 0
0.0106 27107 1107 0
0.0107 20526 927 0
0.0107 33426 1306 0
0.0108 21782 244 0
0.0109 26051 426 0
0.0109 25517 731 0
0.0110 22075 246 0
0.0112 31776 468 0
0.0112 28354 509 0
0.0113 29534 394 0
0.0114 94694 492 0
0.0115 35766 341 0
0.0116 26920 425 0
0.0116 27082 344 0
0.0118 26803 456 0
0.0120 35986 609 0
0.0121 31296 1372 0
0.0123 48135 457 0
0.0124 37709 833 0
0.0125 37631 557 0
0.0125 40087 833 0
0.0127 57763 1191 0
0.0127 46886 995 0
0.0128 34062 804 0
0.0129 35677 716 0
0.0130 28992 1286 0
0.0133 30438 874 0
0.0134 35210 823 0
0.0134 30724 1909 0
0.0137 58373 1208 0
0.0138 31718 640 0
0.0139 47966 1022 0
0.0139 25088 288 0
0.0141 34987 706 0
0.0142 35385 2443 0
0.0143 96507 494 0
0.0143 48397 1170 0
0.0145 30827 1304 0
0.0147 44613 577 0
0.0148 37165 1047 0
0.0149 99309 500 0
0.0155 45808 1506 0
0.0159 48602 1029 0
0.0161 41086 1587 0
0.0164 28003 369 0
0.0166 31289 369 0
0.0167 34805 649 0
0.0168 36745 462 0
0.0168 34169 650 0
0.0170 44985 841 0
0.0171 70561 503 0
0.0172 41210 671 0
0.0173 53919 2215 0
0.0174 41097 438 0
0.0177 42549 677 0
0.0179 52762 1031 0
0.0183 46881 1214 0
0.0186 45804 819 0
0.0188 50863 1635 0
0.0193 47403 1225 0
0.0195 44708 929 0
0.0197 56617 1065 0
0.0199 73358 671 0
0.0200 44671 3552 0
0.0206 45328 693 0
0.0206 36894 943 0
0.0209 38595 1507 0
0.0210 43795 1669 0
0.0214 39827 984 0
0.0215 48789 1384 0
0.0216 50285 1351 0
0.0218 47553 839 0
0.0221 39466 1518 0
0.0223 45175 1775 0
0.0224 53124 1311 0
0.0227 49775 1779 0
0.0227 48903 2994 0
0.0228 44565 772 0
0.0229 50100 1470 0
0.0232 46470 1365 0
0.0233 39686 1028 0
0.0234 50188 1396 0
0.0235 54939 1311 0
0.0237 60167 2515 0
0.0238 47688 3671 0
0.0240 41836 566 0
0.0245 47346 3223 0
0.0250 43473 629 0
0.0251 50690 1911 0
0.0254 58276 1835 0
0.0256 48560 822 0
0.0259 59245 1940 0
0.0265 56762 3057 0
0.0265 44170 670 0
0.0274 58373 1941 0
0.0275 85086 1136 0
0.0278 62242 1402 0
0.0278 61022 2045 0
0.0280 42863 1257 0
0.0289 57650 1359 0
0.0294 55163 1775 0
0.0295 61160 2205 0
0.0296 55647 1110 0
0.0299 76455 2029 0
0.0301 65795 2114 0
0.0305 56106 2746 0
0.0305 58610 1567 0
0.0306 78804 2118 0
0.0308 47865 936 0
0.0309 57771 2802 0
0.0310 59265 2136 0
0.0311 60812 1112 0
0.0312 72243 1787 0
0.0318 65460 2233 0
0.0319 59802 1384 0
0.0323 54993 1900 0
0.0323 58599 3808 0
0.0329 86825 2202 0
0.0331 67340 2247 0
0.0333 64677 2432 0
0.0337 61401 1024 0
0.0340 60712 3352 0
0.0341 90025 2126 0
0.0342 65418 2784 0
0.0346 64254 1521 0
0.0349 66350 1125 0
0.0351 61572 1783 0
0.0353 138635 1932 0
0.0359 51346 1553 0
0.0362 61981 3953 0
0.0373 69938 1238 0
0.0378 91289 2388 0
0.0384 68661 1238 0
0.0384 68578 2912 0
0.0387 71929 2959 0
0.0391 65961 3769 0
0.0393 69608 2517 0
0.0393 70129 4845 0
0.0394 71679 1300 0
0.0395 66303 3019 0
0.0400 67084 1874 0
0.0403 60762 2607 0
0.0406 81536 2721 0
0.0408 86759 2704 0
0.0411 61545 1733 0
0.0413 72414 2399 0
0.0414 77430 3234 0
0.0418 65174 2739 0
0.0418 79532 4979 0
0.0422 72935 5162 0
0.0429 85243 3028 0
0.0432 90820 2491 0
0.0434 88641 7950 0
0.0436 69634 3266 0
0.0440 98303 3286 0
0.0441 88960 8006 0
0.0447 74262 2120 0
0.0448 72515 3303 0
0.0452 89759 8011 0
0.0453 79062 2591 0
0.0454 84414 1389 0
0.0468 91463 8023 0
0.0472 77398 5375 0
0.0481 76036 3418 0
0.0484 92874 8071 0
0.0486 83521 3299 0
0.0499 80849 2559 0
0.0500 91591 3706 0
0.1000 150938 8046 0
0.1500 196469 10898 0
0.2001 255851 14440 0
0.2501 349958 16949 0
0.3000 374818 18950 0
0.3500 408254 22147 0
0.4000 438598 24926 0
0.4500 461883 28412 0
0.5000 486206 33811 0
0.5500 511409 37148 0
0.6000 535113 39746 0
0.6500 564617 43084 0
0.7001 587389 46723 0
0.7500 608219 49928 0
0.7999 634130 51475 0
0.8500 660344 59549 0
0.9000 677991 63564 0
0.9500 697100 66653 0
1.0000 714667 69535 0
