1588777
0.0001 1224 0 0
0.0001 1916 0 0
0.0002 2973 0 0
0.0003 3529 0 0
0.0003 4236 0 0
0.0004 5041 0 0
0.0005 5277 0 0
0.0006 5881 0 0
0.0006 6268 0 0
0.0007 7205 0 0
0.0008 7352 0 0
0.0008 7525 0 0
0.0009 8259 0 0
0.0010 8992 0 0
0.0010 8646 0 0
0.0011 9351 0 0
0.0012 10246 0 0
0.0012 9953 0 0
0.0013 10025 0 0
0.0014 9809 0 0
0.0015 10858 0 0
0.0015 11563 0 0
0.0016 11336 0 0
0.0017 12149 0 0
0.0017 11808 0 0
0.0018 11972 0 0
0.0019 12801 0 0
0.0019 13777 0 0
0.0020 13760 0 0
0.0021 14558 0 0
0.0021 15170 0 0
0.0022 14022 0 0
0.0023 13920 0 0
0.0024 16488 0 0
0.0024 14397 0 0
0.0025 14547 0 0
0.0026 15578 0 0
0.0026 15587 0 0
0.0027 15526 0 0
0.0028 15208 0 0
0.0028 19275 0 0
0.0029 16519 0 0
0.0030 15746 0 0
0.0030 18406 0 0
0.0031 21439 0 0
0.0032 18902 0 0
0.0033 19920 0 0
0.0033 18189 0 0
0.0034 17656 0 0
0.0035 20963 0 0
0.0035 19596 0 0
0.0036 19234 0 0
0.0037 22592 0 0
0.0037 19543 0 0
0.0038 20672 0 0
0.0039 19833 0 0
0.0039 19657 0 0
0.0040 24736 0 0
0.0041 19288 0 0
0.0042 19890 0 0
0.0042 23610 0 0
0.0043 20083 0 0
0.0044 22248 0 0
0.0044 20478 0 0
0.0045 21313 0 0
0.0046 26620 0 0
0.0046 23600 0 0
0.0047 28762 0 0
0.0048 22815 0 0
0.0048 21886 0 0
0.0049 20917 0 0
0.0050 20422 0 0
0.0051 23748 0 0
0.0051 25264 0 0
0.0052 25323 0 0
0.0053 24383 0 0
0.0053 26890 0 0
0.0054 26641 0 0
0.0055 23829 0 0
0.0055 29503 0 0
0.0056 26417 0 0
0.0057 25769 0 0
0.0057 23458 0 0
0.0058 19864 0 0
0.0059 23883 0 0
0.0060 26834 0 0
0.0060 25096 0 0
0.0061 22773 0 0
0.0062 21757 0 0
0.0062 18366 0 0
0.0063 27229 0 0
0.0064 27255 0 0
0.0064 31567 0 0
0.0065 23934 0 0
0.0066 30694 0 0
0.0067 27632 0 0
0.0067 28769 0 0
0.0068 23593 0 0
0.0069 28244 0 0
0.0069 28121 0 0
0.0070 26547 0 0
0.0071 29340 0 0
0.0071 36340 0 0
0.0072 25465 0 0
0.0073 39574 0 0
0.0073 25300 0 0
0.0074 26411 0 0
0.0075 39660 0 0
0.0076 28096 0 0
0.0076 30265 0 0
0.0077 28592 0 0
0.0078 35270 0 0
0.0078 34291 0 0
0.0079 29380 0 0
0.0080 29438 0 0
0.0080 27966 0 0
0.0081 71331 0 0
0.0082 47796 0 0
0.0082 36268 0 0
0.0083 39623 0 0
0.0084 30307 0 0
0.0085 33772 0 0
0.0086 40771 0 0
0.0087 31639 0 0
0.0088 54458 0 0
0.0089 48224 0 0
0.0090 33949 0 0
0.0091 27850 0 0
0.0091 31772 0 0
0.0094 37783 0 0
0.0095 37831 0 0
0.0096 46242 0 0
0.0097 126183 0 0
0.0099 44581 0 0
0.0100 55839 0 0
0.0101 56303 0 0
0.0103 39222 0 0
0.0104 47657 0 0
0.0105 97448 0 0
0.0105 32430 0 0
0.0106 50807 0 0
0.0107 42834 0 0
0.0108 84484 0 0
0.0110 61822 0 0
0.0111 49214 0 0
0.0112 34070 0 0
0.0112 56177 0 0
0.0113 67157 0 0
0.0116 43162 0 0
0.0118 31429 0 0
0.0119 56660 0 0
0.0121 85328 0 0
0.0122 50006 0 0
0.0123 43125 0 0
0.0123 53081 0 0
0.0124 39278 0 0
0.0125 53526 0 0
0.0125 47467 0 0
0.0126 58135 0 0
0.0128 66101 0 0
0.0129 80159 0 0
0.0131 70453 0 0
0.0132 55357 0 0
0.0134 70731 0 0
0.0134 37903 0 0
0.0135 55966 0 0
0.0136 87148 0 0
0.0137 72491 0 0
0.0138 52528 0 0
0.0140 61825 0 0
0.0141 88211 0 0
0.0142 62380 0 0
0.0143 43168 0 0
0.0143 50635 0 0
0.0146 68899 0 0
0.0148 63217 0 0
0.0148 45439 0 0
0.0151 85111 0 0
0.0152 58841 0 0
0.0153 69531 0 0
0.0155 46578 0 0
0.0158 55521 0 0
0.0161 88008 0 0
0.0165 56525 0 0
0.0167 50451 0 0
0.0168 72866 0 0
0.0169 82871 0 0
0.0170 51682 0 0
0.0175 88001 0 0
0.0175 84651 0 0
0.0178 151171 0 0
0.0180 88184 0 0
0.0181 58251 0 0
0.0181 98557 0 0
0.0184 61938 0 0
0.0190 60851 0 0
0.0193 59761 0 0
0.0194 129823 0 0
0.0195 70279 0 0
0.0196 62877 0 0
0.0199 67706 0 0
0.0202 64148 0 0
0.0203 92072 0 0
0.0204 92681 0 0
0.0205 108406 0 0
0.0207 80868 0 0
0.0213 71307 0 0
0.0222 80875 0 0
0.0227 83952 0 0
0.0228 71000 0 0
0.0233 83556 0 0
0.0236 84534 0 0
0.0237 92980 0 0
0.0238 158001 0 0
0.0242 148879 0 0
0.0243 83836 0 0
0.0245 110638 0 0
0.0246 92223 0 0
0.0249 87403 0 0
0.0250 120800 0 0
0.0251 114874 0 0
0.0253 113628 0 0
0.0255 86815 0 0
0.0262 110211 0 0
0.0267 93672 0 0
0.0271 109159 0 0
0.0274 75525 0 0
0.0276 148315 0 0
0.0278 99918 0 0
0.0280 81356 0 0
0.0282 118134 0 0
0.0294 98233 0 0
0.0298 84502 0 0
0.0301 152048 0 0
0.0306 115849 0 0
0.0307 94393 0 0
0.0313 105835 0 0
0.0317 213687 0 0
0.0317 124566 0 0
0.0319 100053 0 0
0.0319 120821 0 0
0.0320 107976 0 0
0.0328 129058 0 0
0.0330 158221 0 0
0.0337 129795 0 0
0.0346 153927 0 0
0.0348 188351 0 0
0.0350 122922 0 0
0.0354 109551 0 0
0.0355 118161 0 0
0.0355 130770 0 0
0.0357 143805 0 0
0.0358 113058 0 0
0.0359 133616 0 0
0.0371 95961 0 0
0.0375 132460 0 0
0.0376 100944 0 0
0.0378 178974 0 0
0.0378 143807 0 0
0.0382 149358 0 0
0.0386 129727 0 0
0.0387 99453 0 0
0.0395 114999 0 0
0.0399 130201 0 0
0.0401 201114 0 0
0.0402 178294 0 0
0.0408 128315 0 0
0.0412 143323 0 0
0.0413 191697 0 0
0.0416 142968 0 0
0.0418 194267 0 0
0.0419 135721 0 0
0.0423 148124 0 0
0.0425 107407 0 0
0.0436 138585 0 0
0.0438 145015 0 0
0.0445 142339 0 0
0.0447 211956 0 0
0.0448 147656 0 0
0.0472 175178 0 0
0.0488 154615 0 0
0.0499 172607 0 0
0.0500 172853 0 0
0.1000 312323 0 0
0.1500 406600 0 0
0.2001 469994 0 0
0.2501 529487 0 0
0.3001 600060 0 0
0.3500 669573 0 0
0.4000 729322 0 0
0.4500 780921 0 0
0.5000 862555 0 0
0.5500 966664 0 0
0.6000 1033303 0 0
0.6500 1112804 0 0
0.7000 1233078 0 0
0.7500 1299343 0 0
0.8000 1365325 0 0
0.8500 1425086 0 0
0.9000 1521144 0 0
0.9500 1559350 0 0
1.0000 1588777 0 0
