14960
0.00011542012927054478 1009.7176823638042 0.0
0.00023084025854108956 1556.818894389439 0.0
0.00034626038781163435 2176.4592803030305 0.0
0.0004616805170821791 2589.11209439528 0.0
0.0005771006463527239 2996.9040178571427 0.0
0.0006925207756232687 3329.247023809524 0.0
0.0008079409048938135 3512.205426356589 0.0
0.0009233610341643582 3837.153846153846 0.0
0.001038781163434903 4170.093922651934 0.0
0.0011542012927054479 4290.150326797386 0.0
0.0012696214219759926 4492.365671641791 0.0
0.0013850415512465374 4721.063492063492 0.0
0.0015004616805170822 5038.678899082569 0.0
0.001615881809787627 4861.141592920354 0.0
0.0017313019390581717 5347.069767441861 0.0
0.0018467220683287165 5433.455696202532 0.0
0.0019621421975992612 5618.361111111111 0.0
0.002077562326869806 5542.765625 0.0
0.0021929824561403508 5792.0 0.0
0.0023084025854108957 5566.833333333333 0.0
0.0024238227146814403 5878.315789473684 0.0
0.0025392428439519853 6169.452830188679 0.0
0.00265466297322253 6431.36170212766 0.0
0.002770083102493075 6237.583333333333 0.0
0.0028855032317636198 6501.388888888889 0.0
0.0030009233610341643 6460.761904761905 0.0
0.0031163434903047093 6582.71875 0.0
0.003231763619575254 6589.090909090909 0.0
0.003347183748845799 7099.7692307692305 0.0
0.0034626038781163434 6859.285714285715 0.0
0.0035780240073868884 6715.866666666667 0.0
0.003693444136657433 7065.04 0.0
0.003808864265927978 6785.666666666667 0.0
0.0039242843951985225 6778.84 0.0
0.004039704524469067 6885.518518518518 0.0
0.004155124653739612 7108.8421052631575 0.0
0.004270544783010157 7324.105263157895 0.0
0.0043859649122807015 7025.136363636364 0.0
0.004501385041551247 7184.1 0.0
0.0046168051708217915 7026.388888888889 0.0
0.004732225300092336 7342.611111111111 0.0
0.004847645429362881 7603.058823529412 0.0
0.004963065558633426 7407.7692307692305 0.0
0.0050784856879039705 7269.0 0.0
0.005193905817174515 7534.739130434783 0.0
0.00530932594644506 7534.0 0.0
0.005424746075715605 7855.142857142857 0.0
0.00554016620498615 7492.933333333333 0.0
0.005655586334256694 7824.380952380952 0.0
0.0057710064635272396 7749.470588235294 0.0
0.005886426592797784 7692.9473684210525 0.0
0.006001846722068329 8004.2 0.0
0.006117266851338873 7683.083333333333 0.0
0.006232686980609419 8196.1 0.0
0.006348107109879963 7646.222222222223 0.0
0.006463527239150508 8099.428571428572 0.0
0.006578947368421052 8179.7 0.0
0.006694367497691598 8132.363636363636 0.0
0.006809787626962142 8185.153846153846 0.0
0.006925207756232687 7940.0 0.0
0.007040627885503232 7955.1875 0.0
0.007156048014773777 7840.0 0.0
0.007271468144044321 8068.75 0.0
0.007386888273314866 8181.076923076923 0.0
0.007502308402585411 8263.727272727272 0.0
0.007617728531855956 8391.444444444445 0.0
0.0077331486611265 8374.0 0.0
0.007848568790397045 8529.166666666666 0.0
0.00796398891966759 8497.2 0.0
0.008079409048938134 8600.75 0.0
0.00819482917820868 8921.25 0.0
0.008310249307479225 8874.42857142857 0.0
0.008425669436749769 8539.333333333334 0.0
0.008541089566020314 8389.833333333334 0.0
0.00865650969529086 8585.0 0.0
0.008771929824561403 8610.375 0.0
0.008887349953831948 8489.1 0.0
0.009002770083102494 8648.875 0.0
0.009118190212373038 8656.2 0.0
0.009233610341643583 8574.0 0.0
0.009349030470914127 8547.0 0.0
0.009464450600184672 8427.0 0.0
0.009579870729455217 8426.833333333334 0.0
0.009695290858725761 8557.777777777777 0.0
0.009810710987996307 8649.0 0.0
0.009926131117266852 8852.5 0.0
0.010041551246537396 8674.0 0.0
0.010156971375807941 8672.416666666666 0.0
0.010272391505078486 8808.285714285714 0.0
0.01038781163434903 8835.75 0.0
0.010503231763619576 8952.875 0.0
0.01061865189289012 8904.25 0.0
0.010734072022160665 8864.875 0.0
0.01084949215143121 8947.666666666666 0.0
0.010964912280701754 8917.111111111111 0.0
0.0110803324099723 8897.666666666666 0.0
0.011195752539242845 8847.3 0.0
0.011311172668513388 9001.166666666666 0.0
0.011426592797783934 8980.857142857143 0.0
0.011542012927054479 8890.333333333334 0.0
0.011657433056325023 8921.666666666666 0.0
0.011772853185595568 9021.7 0.0
0.011888273314866112 8967.6 0.0
0.012003693444136657 8879.666666666666 0.0
0.012119113573407203 9116.6 0.0
0.012234533702677746 8895.125 0.0
0.012349953831948292 9204.75 0.0
0.012465373961218837 8975.0 0.0
0.012580794090489381 8738.4 0.0
0.012696214219759926 8724.6 0.0
0.012811634349030472 8782.5 0.0
0.012927054478301015 8696.0 0.0
0.01304247460757156 9720.5 0.0
0.013157894736842105 9128.666666666666 0.0
0.01327331486611265 8734.6 0.0
0.013388734995383195 9285.57142857143 0.0
0.013504155124653739 9396.42857142857 0.0
0.013619575253924284 9263.6 0.0
0.01373499538319483 9273.75 0.0
0.013850415512465374 9202.857142857143 0.0
0.013965835641735919 9266.285714285714 0.0
0.014081255771006464 9188.166666666666 0.0
0.014196675900277008 9075.8 0.0
0.014312096029547553 9500.333333333334 0.0
0.014427516158818097 9047.25 0.0
0.014542936288088643 9201.125 0.0
0.014658356417359188 9168.333333333334 0.0
0.014773776546629732 9325.0 0.0
0.014889196675900277 9461.0 0.0
0.015004616805170823 9260.0 0.0
0.015120036934441366 9261.75 0.0
0.015235457063711912 9131.0 0.0
0.015350877192982455 8970.0 0.0
0.015466297322253 9525.0 0.0
0.015581717451523546 9509.5 0.0
0.01569713758079409 9440.666666666666 0.0
0.015812557710064637 9103.5 0.0
0.01592797783933518 8927.0 0.0
0.016043397968605724 8573.0 0.0
0.016158818097876268 9227.0 0.0
0.016274238227146815 9864.666666666666 0.0
0.01638965835641736 9235.666666666666 0.0
0.016505078485687903 9032.0 0.0
0.01662049861495845 9203.0 0.0
0.016735918744228993 10372.0 0.0
0.016851338873499537 10014.0 0.0
0.017082179132040628 10415.0 0.0
0.01719759926131117 9330.5 0.0
0.01731301939058172 9537.57142857143 0.0
0.017428439519852262 9704.0 0.0
0.017543859649122806 9210.666666666666 0.0
0.017659279778393353 9321.75 0.0
0.017774699907663897 9851.0 0.0
0.01789012003693444 9424.333333333334 0.0
0.018005540166204988 9662.0 0.0
0.01812096029547553 9288.5 0.0
0.018236380424746075 9009.0 0.0
0.018351800554016622 9512.25 0.0
0.018467220683287166 9133.0 0.0
0.01858264081255771 9330.0 0.0
0.018698060941828253 9037.0 0.0
0.0188134810710988 9496.0 0.0
0.018928901200369344 9358.0 0.0
0.019044321329639888 9355.5 0.0
0.019159741458910435 9744.0 0.0
0.01927516158818098 9730.0 0.0
0.019390581717451522 9045.5 0.0
0.01950600184672207 10423.0 0.0
0.019621421975992613 9576.333333333334 0.0
0.019736842105263157 9870.2 0.0
0.019852262234533704 9788.0 0.0
0.019967682363804248 9584.333333333334 0.0
0.02019852262234534 9586.0 0.0
0.020313942751615882 9886.0 0.0
0.020429362880886426 9891.5 0.0
0.020544783010156973 10028.0 0.0
0.020660203139427517 9952.666666666666 0.0
0.02077562326869806 10031.5 0.0
0.020891043397968604 10107.333333333334 0.0
0.02100646352723915 9807.0 0.0
0.021121883656509695 10094.666666666666 0.0
0.02123730378578024 9945.0 0.0
0.021352723915050786 9990.5 0.0
0.02146814404432133 10176.0 0.0
0.021583564173591873 10006.2 0.0
0.02169898430286242 10325.0 0.0
0.021814404432132964 9911.0 0.0
0.021929824561403508 10288.0 0.0
0.022045244690674055 10028.0 0.0
0.0221606648199446 9663.0 0.0
0.022276084949215142 9984.0 0.0
0.02239150507848569 9804.333333333334 0.0
0.022506925207756233 10120.0 0.0
0.022737765466297324 10377.0 0.0
0.02296860572483841 9807.5 0.0
0.023084025854108958 9840.666666666666 0.0
0.023199445983379502 10066.5 0.0
0.023314866112650046 10096.0 0.0
0.023545706371191136 9847.5 0.0
0.02366112650046168 9871.666666666666 0.0
0.02389196675900277 9854.0 0.0
0.02435364727608495 10112.5 0.0
0.024469067405355493 10113.0 0.0
0.024699907663896584 10114.0 0.0
0.024930747922437674 9901.0 0.0
0.025046168051708218 10130.5 0.0
0.025161588180978762 10160.5 0.0
0.02527700831024931 9896.0 0.0
0.025392428439519853 10205.333333333334 0.0
0.025507848568790396 9907.666666666666 0.0
0.025738688827331487 9628.0 0.0
0.025969529085872575 9591.0 0.0
0.02608494921514312 10020.0 0.0
0.026200369344413665 9985.75 0.0
0.026431209602954756 10201.5 0.0
0.0265466297322253 9763.5 0.0
0.02677746999076639 10436.0 0.0
0.026892890120036934 10436.5 0.0
0.027008310249307478 10731.0 0.0
0.027123730378578025 10750.0 0.0
0.02746999076638966 9905.0 0.0
0.027585410895660203 10247.5 0.0
0.027816251154201294 10764.0 0.0
0.02816251154201293 10014.0 0.0
0.028277931671283472 11141.0 0.0
0.028393351800554016 10015.0 0.0
0.02850877192982456 10579.0 0.0
0.02873961218836565 9868.5 0.0
0.028855032317636194 9846.5 0.0
0.02897045244690674 10189.5 0.0
0.029085872576177285 9726.0 0.0
0.02920129270544783 10530.0 0.0
0.029316712834718376 10530.0 0.0
0.02943213296398892 10857.0 0.0
0.029547553093259463 9995.333333333334 0.0
0.029778393351800554 10085.0 0.0
0.029893813481071098 9792.0 0.0
0.030009233610341645 10086.0 0.0
0.03012465373961219 9943.5 0.0
0.03035549399815328 9802.0 0.0
0.030470914127423823 9804.0 0.0
0.030586334256694367 9818.0 0.0
0.031625115420129274 9857.0 0.0
0.03185595567867036 10284.0 0.0
0.031971375807940905 10070.5 0.0
0.03208679593721145 10285.0 0.0
0.03220221606648199 10286.0 0.0
0.032317636195752536 10287.0 0.0
0.03243305632502309 10287.0 0.0
0.03254847645429363 10609.0 0.0
0.03277931671283472 10297.0 0.0
0.03289473684210526 10297.0 0.0
0.033010156971375805 10302.0 0.0
0.033125577100646356 10303.0 0.0
0.0332409972299169 10305.0 0.0
0.03335641735918744 10305.0 0.0
0.03347183748845799 10308.0 0.0
0.03358725761772853 10336.0 0.0
0.033702677746999074 10336.0 0.0
0.033818097876269625 10346.0 0.0
0.03393351800554017 11279.0 0.0
0.03404893813481071 11279.0 0.0
0.034164358264081256 11279.0 0.0
0.0342797783933518 10360.0 0.0
0.03439519852262234 10360.0 0.0
0.03451061865189289 10360.0 0.0
0.03508771929824561 11286.0 0.0
0.03566481994459834 10382.0 0.0
0.036011080332409975 10392.0 0.0
0.03612650046168052 10844.5 0.0
0.03624192059095106 10394.0 0.0
0.036357340720221606 10397.0 0.0
0.03681902123730379 10951.0 0.0
0.03728070175438596 10402.0 0.0
0.0376269621421976 10360.0 0.0
0.037742382271468145 10361.0 0.0
0.03785780240073869 10425.0 0.0
0.038088642659279776 10262.5 0.0
0.038204062788550326 10310.666666666666 0.0
0.03831948291782087 10427.0 0.0
0.038434903047091414 10312.0 0.0
0.03855032317636196 10405.0 0.0
0.0386657433056325 10408.0 0.0
0.038781163434903045 10344.666666666666 0.0
0.038896583564173595 10182.5 0.0
0.03901200369344414 10410.5 0.0
0.03912742382271468 10830.5 0.0
0.039242843951985226 10507.0 0.0
0.03935826408125577 11159.0 0.0
0.039473684210526314 10151.0 0.0
0.04005078485687904 10475.5 0.0
0.04016620498614958 10443.0 0.0
0.04039704524469068 10848.0 0.0
0.04074330563250231 10131.0 0.0
0.04120498614958449 11454.0 0.0
0.04132040627885503 11456.0 0.0
0.04143582640812558 11456.0 0.0
0.041666666666666664 11456.0 0.0
0.04178208679593721 11361.0 0.0
0.04235918744228993 10888.0 0.0
0.04247460757156048 11183.5 0.0
0.04270544783010157 10888.0 0.0
0.042820867959372115 10593.5 0.0
0.04293628808864266 10888.0 0.0
0.043167128347183746 10594.0 0.0
0.0432825484764543 10595.0 0.0
0.04339796860572484 10890.0 0.0
0.04409048938134811 11652.0 0.0
0.0443213296398892 10767.0 0.0
0.044552169898430284 10767.0 0.0
0.04466759002770083 10537.0 0.0
0.04478301015697138 10538.333333333334 0.0
0.04489843028624192 10528.0 0.0
0.045013850415512466 10315.0 0.0
0.04512927054478301 10651.5 0.0
0.04524469067405355 10761.0 0.0
0.0453601108033241 10762.0 0.0
0.04547553093259465 10762.0 0.0
0.045706371191135735 10762.0 0.0
0.04582179132040628 10530.0 0.0
0.046052631578947366 10531.0 0.0
0.04651431209602955 10519.0 0.0
0.04662973222530009 10539.0 0.0
0.04697599261311173 10541.0 0.0
0.04720683287165282 10769.5 0.0
0.04732225300092336 10733.5 0.0
0.047437673130193904 10734.0 0.0
0.047668513388735 10779.5 0.0
0.04778393351800554 11045.0 0.0
0.047899353647276086 10834.666666666666 0.0
0.04801477377654663 10945.0 0.0
0.04813019390581717 10641.0 0.0
0.04824561403508772 10641.333333333334 0.0
0.04836103416435827 10485.0 0.0
0.04847645429362881 10485.0 0.0
0.0487072945521699 10398.0 0.0
0.04905355493998153 10399.0 0.0
0.04916897506925208 10710.5 0.0
0.049284395198522624 10399.0 0.0
0.04939981532779317 10925.5 0.0
0.04951523545706371 10901.0 0.0
0.049630655586334255 10993.0 0.0
0.0497460757156048 10839.0 0.0
0.04997691597414589 11010.0 0.0
0.050092336103416436 10829.5 0.0
0.05020775623268698 11010.0 0.0
0.050323176361957524 11010.5 0.0
0.05043859649122807 11027.0 0.0
0.05055401662049862 10792.0 0.0
0.05066943674976916 10776.5 0.0
0.050784856879039705 10557.0 0.0
0.05090027700831025 10557.0 0.0
0.05101569713758079 10777.0 0.0
0.051131117266851336 10777.0 0.0
0.05216989843028624 10997.0 0.0
0.05228531855955679 10998.0 0.0
0.05263157894736842 10526.0 0.0
0.05274699907663897 10998.0 0.0
0.052977839335180056 11007.0 0.0
0.0530932594644506 10788.5 0.0
0.05332409972299169 11388.0 0.0
0.05355493998153278 10791.5 0.0
0.053670360110803325 11388.0 0.0
0.05378578024007387 11388.0 0.0
0.05390120036934441 11200.0 0.0
0.054016620498614956 11012.0 0.0
0.0541320406278855 11200.5 0.0
0.05424746075715605 11201.5 0.0
0.054362880886426594 11013.0 0.0
0.05447830101569714 10795.5 0.0
0.05609418282548476 10017.0 0.0
0.056902123730378576 10928.0 0.0
0.05701754385964912 10928.0 0.0
0.05713296398891967 10832.0 0.0
0.057248384118190214 10928.0 0.0
0.05736380424746076 10832.0 0.0
0.05771006463527239 10043.0 0.0
0.058748845798707296 10836.0 0.0
0.05932594644506002 11078.0 0.0
0.05955678670360111 11102.5 0.0
0.05967220683287165 11124.0 0.0
0.05990304709141274 11125.0 0.0
0.06001846722068329 11125.0 0.0
0.060133887349953834 11125.0 0.0
0.06024930747922438 11125.0 0.0
0.06036472760849492 11129.0 0.0
0.06071098799630656 11129.0 0.0
0.0608264081255771 11129.0 0.0
0.061634349030470915 11142.0 0.0
0.06428901200369344 11300.0 0.0
0.06451985226223453 11300.0 0.0
0.06463527239150507 11301.0 0.0
0.06486611265004617 11303.0 0.0
0.06509695290858726 11082.0 0.0
0.06532779316712835 11307.0 0.0
0.06555863342566944 11307.0 0.0
0.06567405355493998 11307.0 0.0
0.06694367497691597 10870.0 0.0
0.06705909510618652 11091.0 0.0
0.06717451523545706 11312.0 0.0
0.0672899353647276 11312.0 0.0
0.06763619575253925 10872.0 0.0
0.06775161588180979 10872.0 0.0
0.06786703601108034 10875.0 0.0
0.06867497691597414 11778.0 0.0
0.06902123730378577 11790.0 0.0
0.07132963988919667 11799.0 0.0
0.07144506001846722 11865.0 0.0
0.07156048014773776 11866.0 0.0
0.0716759002770083 11866.0 0.0
0.07179132040627885 11871.0 0.0
0.08806555863342568 11074.0 0.0
0.08818097876269622 11074.0 0.0
0.08829639889196676 11074.0 0.0
0.08852723915050785 11432.0 0.0
0.0886426592797784 11435.0 0.0
0.08875807940904894 11075.0 0.0
0.08887349953831948 11436.0 0.0
0.08956602031394276 11438.0 0.0
0.0896814404432133 11438.0 0.0
0.08979686057248384 11438.0 0.0
0.09014312096029548 11440.0 0.0
0.09037396121883656 11440.0 0.0
0.0904893813481071 11440.0 0.0
0.09083564173591874 11440.0 0.0
0.0909510618651893 11441.0 0.0
0.0917590027700831 11077.0 0.0
0.09187442289935364 11260.0 0.0
0.09198984302862419 11077.0 0.0
0.09210526315789473 11443.0 0.0
0.09222068328716528 11445.0 0.0
0.09383656509695291 11495.0 0.0
0.09418282548476455 11495.0 0.0
0.09429824561403509 11495.0 0.0
0.09441366574330563 11495.0 0.0
0.09452908587257618 11333.0 0.0
0.09487534626038781 11495.0 0.0
0.0951061865189289 11495.0 0.0
0.09568328716528163 11114.0 0.0
0.09579870729455217 11114.0 0.0
0.09591412742382271 11114.0 0.0
0.0961449676823638 11114.0 0.0
0.09626038781163435 11126.0 0.0
0.09649122807017543 11131.0 0.0
0.09718374884579871 11151.0 0.0
0.0974145891043398 11556.0 0.0
0.09764542936288088 11568.5 0.0
0.09776084949215143 11569.0 0.0
0.09787626962142197 11569.0 0.0
0.09926131117266851 11577.0 0.0
0.0994921514312096 11589.0 0.0
0.0997229916897507 11589.0 0.0
0.09983841181902124 11589.0 0.0
0.10203139427516159 11612.0 0.0
0.10237765466297322 11612.0 0.0
0.10249307479224377 11612.0 0.0
0.10260849492151432 11612.0 0.0
0.10295475530932595 11612.0 0.0
0.10318559556786704 11612.0 0.0
0.10341643582640812 11621.0 0.0
0.10364727608494921 12487.0 0.0
0.1038781163434903 11592.0 0.0
0.1041089566020314 11600.0 0.0
0.10872576177285319 11641.0 0.0
0.10907202216066482 11642.0 0.0
0.10999538319482918 11644.0 0.0
0.11022622345337027 11644.0 0.0
0.11126500461680518 11646.0 0.0
0.11138042474607572 11646.0 0.0
0.11161126500461681 11646.0 0.0
0.11172668513388735 11646.0 0.0
0.11195752539242844 11646.0 0.0
0.11218836565096953 11647.0 0.0
0.11265004616805172 11647.0 0.0
0.11368882733148661 11648.0 0.0
0.11403508771929824 11648.0 0.0
0.1141505078485688 11648.0 0.0
0.1340027700831025 11713.0 0.0
0.1345798707294552 11713.0 0.0
0.13469529085872575 11713.0 0.0
0.13515697137580793 11713.0 0.0
0.1352723915050785 11713.0 0.0
0.13550323176361959 11713.0 0.0
0.13769621421975992 11720.0 0.0
0.13781163434903046 11720.0 0.0
0.13815789473684212 11720.0 0.0
0.1396583564173592 12212.0 0.0
0.14127423822714683 11720.0 0.0
0.1415050784856879 11722.0 0.0
0.14162049861495846 12220.0 0.0
0.1419667590027701 12221.0 0.0
0.1837488457987073 12644.0 0.0
0.18386426592797783 12644.0 0.0
0.19171283471837489 12682.0 0.0
0.1981763619575254 12775.0 0.0
0.19829178208679593 12775.0 0.0
0.1994459833795014 12778.0 0.0
0.2386888273314866 12144.0 0.0
0.25369344413665745 13174.0 0.0
0.25392428439519854 13174.0 0.0
0.25403970452446906 13174.0 0.0
0.25415512465373963 13174.0 0.0
0.26361957525392427 12175.0 0.0
0.264196675900277 12188.0 0.0
0.3129039704524469 13304.0 0.0
0.31636657433056325 13308.0 0.0
0.31671283471837486 13308.0 0.0
0.3177516158818098 13309.0 0.0
0.3183287165281625 13309.0 0.0
0.31844413665743304 13309.0 0.0
0.3185595567867036 13309.0 0.0
0.3187903970452447 13309.0 0.0
0.3189058171745152 13309.0 0.0
0.31994459833795014 13309.0 0.0
0.3201754385964912 13309.0 0.0
0.3202908587257618 13309.0 0.0
0.32075253924284397 13313.0 0.0
0.3380655586334257 13352.0 0.0
0.3382963988919668 13352.0 0.0
0.33910433979686055 13352.0 0.0
0.3392197599261311 13352.0 0.0
0.33933518005540164 13352.0 0.0
0.33956602031394273 13353.0 0.0
0.3683056325023084 12708.0 0.0
0.37903970452446906 13424.0 0.0
0.42278393351800553 12814.0 0.0
0.8018236380424746 14167.0 0.0
0.8963527239150508 14268.0 0.0
1.0 14960.0 0.0
