1132
0.00011542012927054478 553.9511772853185 167.9862650046168
0.00023084025854108956 753.9931534434152 318.7692307692308
0.00034626038781163435 872.2871842843779 415.6304957904584
0.0004616805170821791 936.5145038167939 587.4396946564885
0.0005771006463527239 974.8914405010438 666.286012526096
0.0006925207756232687 1004.131195335277 839.5743440233236
0.0008079409048938135 1015.1628787878788 772.0
0.0009233610341643582 1032.4028436018957 1008.0379146919431
0.001038781163434903 1040.44099378882 1210.9627329192547
0.0011542012927054479 1048.3223684210527 1498.907894736842
0.0012696214219759926 1058.9099099099099 2039.4234234234234
0.0013850415512465374 1063.5740740740741 1639.7222222222222
0.0015004616805170822 1068.6129032258063 1522.9462365591398
0.001615881809787627 1071.7032967032967 2006.7472527472528
0.0017313019390581717 1074.943661971831 1930.0
0.0018467220683287165 1076.7428571428572 2796.7428571428572
0.0019621421975992612 1081.8727272727272 3295.2727272727275
0.002077562326869806 1083.5151515151515 2602.121212121212
0.0021929824561403508 1088.157894736842 3469.2982456140353
0.0023084025854108957 1088.2641509433963 2599.7169811320755
0.0024238227146814403 1089.8863636363637 6011.227272727273
0.0025392428439519853 1091.4418604651162 5065.720930232558
0.00265466297322253 1093.5833333333333 6235.055555555556
0.002770083102493075 1090.5135135135135 3192.7027027027025
0.0028855032317636198 1093.1142857142856 5018.857142857143
0.0030009233610341643 1094.735294117647 5452.235294117647
0.0031163434903047093 1096.923076923077 6680.538461538462
0.003231763619575254 1098.68 5841.96
0.003347183748845799 1095.962962962963 8084.925925925926
0.0034626038781163434 1094.2962962962963 8786.25925925926
0.0035780240073868884 1097.6666666666667 4849.888888888889
0.003693444136657433 1098.576923076923 5046.115384615385
0.003808864265927978 1096.1304347826087 3977.391304347826
0.0039242843951985225 1099.5 4163.136363636364
0.004039704524469067 1095.421052631579 8879.947368421053
0.004155124653739612 1101.2857142857142 8516.17857142857
0.004270544783010157 1099.4285714285713 4680.0
0.0043859649122807015 1102.15 9741.9
0.004501385041551247 1101.0 3688.4
0.0046168051708217915 1100.904761904762 8223.285714285714
0.004732225300092336 1102.55 5385.3
0.004847645429362881 1102.4615384615386 4729.153846153846
0.004963065558633426 1103.2 7663.45
0.0050784856879039705 1103.5925925925926 8075.7037037037035
0.005193905817174515 1102.7333333333333 7701.333333333333
0.00530932594644506 1102.111111111111 5135.611111111111
0.005424746075715605 1103.3181818181818 10122.454545454546
0.00554016620498615 1102.7333333333333 7545.066666666667
0.005655586334256694 1103.6842105263158 8039.210526315789
0.0057710064635272396 1104.125 7919.0625
0.005886426592797784 1104.7857142857142 8054.0
0.006001846722068329 1105.6363636363637 10282.90909090909
0.006117266851338873 1105.2307692307693 13307.538461538461
0.006232686980609419 1106.5 8714.9
0.006348107109879963 1105.3846153846155 6154.7692307692305
0.006463527239150508 1106.9375 7411.9375
0.006578947368421052 1107.0714285714287 8666.07142857143
0.006694367497691598 1107.5625 11190.3125
0.006809787626962142 1108.642857142857 10120.214285714286
0.006925207756232687 1108.0 11309.384615384615
0.007040627885503232 1107.9 12899.5
0.007156048014773777 1109.0 9621.2
0.007271468144044321 1109.6153846153845 12435.384615384615
0.007386888273314866 1108.875 7114.5
0.007502308402585411 1108.2222222222222 15407.444444444445
0.007617728531855956 1108.1 9485.5
0.0077331486611265 1109.9 10635.0
0.007848568790397045 1109.4 15682.9
0.00796398891966759 1108.8 12925.4
0.008079409048938134 1107.4 9967.2
0.00819482917820868 1108.0 12705.8
0.008310249307479225 1105.8 7945.8
0.008425669436749769 1107.6666666666667 7255.833333333333
0.008541089566020314 1105.75 10977.0
0.00865650969529086 1108.142857142857 12723.142857142857
0.008771929824561403 1107.6666666666667 8037.333333333333
0.008887349953831948 1108.0 11501.0
0.009002770083102494 1108.7142857142858 15049.857142857143
0.009118190212373038 1108.75 8420.416666666666
0.009233610341643583 1106.25 8293.0
0.009349030470914127 1108.1666666666667 9439.0
0.009464450600184672 1108.0 10114.0
0.009579870729455217 1107.8 11934.7
0.009695290858725761 1107.1666666666667 12716.166666666666
0.009810710987996307 1108.4 14651.5
0.009926131117266852 1108.909090909091 15838.818181818182
0.010041551246537396 1107.4 12813.6
0.010156971375807941 1109.0 12723.8
0.010272391505078486 1108.4 16249.8
0.01038781163434903 1109.857142857143 16576.85714285714
0.010503231763619576 1109.6 12422.0
0.01061865189289012 1112.0 14677.5
0.010734072022160665 1110.0 15253.0
0.01084949215143121 1109.0 10262.0
0.010964912280701754 1110.0 21514.6
0.0110803324099723 1110.2 12761.6
0.011195752539242845 1109.6666666666667 9038.166666666666
0.011311172668513388 1110.111111111111 17935.222222222223
0.011426592797783934 1109.2 17456.3
0.011542012927054479 1110.0 19410.25
0.011657433056325023 1112.0 16755.0
0.011772853185595568 1114.5 15825.5
0.011888273314866112 1112.4 14059.6
0.012003693444136657 1111.6 15145.8
0.012119113573407203 1108.3333333333333 13719.0
0.012234533702677746 1111.3333333333333 18057.333333333332
0.012349953831948292 1107.6666666666667 14855.333333333334
0.012580794090489381 1108.5 14281.5
0.012696214219759926 1110.75 24343.75
0.012811634349030472 1111.2 20974.0
0.012927054478301015 1111.6666666666667 24476.666666666668
0.01304247460757156 1111.0 18755.285714285714
0.013157894736842105 1111.25 23207.25
0.01327331486611265 1110.4285714285713 15609.42857142857
0.013388734995383195 1110.857142857143 18312.85714285714
0.013504155124653739 1108.3333333333333 15507.0
0.013619575253924284 1109.8 16485.2
0.01373499538319483 1108.8333333333333 15762.0
0.013850415512465374 1108.5 17693.0
0.013965835641735919 1110.1666666666667 14665.0
0.014081255771006464 1110.5 20654.5
0.014196675900277008 1111.0 24359.5
0.014312096029547553 1110.5 15290.5
0.014427516158818097 1110.4 22014.2
0.014542936288088643 1110.75 20170.75
0.014658356417359188 1112.3333333333333 20501.0
0.014773776546629732 1111.4 18975.0
0.014889196675900277 1108.0 15013.0
0.015004616805170823 1110.0 7039.0
0.015120036934441366 1111.5 16486.5
0.015350877192982455 1110.0 7417.0
0.015466297322253 1111.0 12480.0
0.015581717451523546 1110.5 25212.5
0.01569713758079409 1110.25 25351.75
0.015812557710064637 1109.5 19230.5
0.01592797783933518 1110.0 20844.666666666668
0.016043397968605724 1115.0 22028.0
0.01638965835641736 1110.3333333333333 21042.333333333332
0.016505078485687903 1108.0 15517.0
0.01662049861495845 1106.0 9527.0
0.016735918744228993 1109.5 27133.0
0.016851338873499537 1110.3333333333333 24716.333333333332
0.016966759002770084 1109.3333333333333 24566.0
0.017082179132040628 1111.0 25275.0
0.01719759926131117 1109.5 27246.0
0.01731301939058172 1110.75 32733.0
0.017428439519852262 1110.0 30221.666666666668
0.017543859649122806 1110.5 33619.0
0.017659279778393353 1110.0 31854.0
0.017774699907663897 1111.6666666666667 36664.666666666664
0.01789012003693444 1113.0 32257.0
0.018005540166204988 1109.0 24766.0
0.01812096029547553 1110.75 37353.5
0.018236380424746075 1109.5 21671.0
0.018351800554016622 1110.6666666666667 21342.333333333332
0.018467220683287166 1112.6666666666667 39513.333333333336
0.01858264081255771 1110.0 25658.0
0.018698060941828253 1110.6666666666667 22718.0
0.0188134810710988 1109.0 12445.0
0.018928901200369344 1111.0 19320.0
0.019044321329639888 1110.5 14042.5
0.01927516158818098 1113.0 39570.0
0.019390581717451522 1113.0 39580.0
0.01950600184672207 1109.0 10421.0
0.019621421975992613 1112.0 13774.0
0.019736842105263157 1111.0 20565.0
0.019852262234533704 1110.0 32762.0
0.019967682363804248 1110.0 32781.0
0.02008310249307479 1115.0 27120.0
0.02019852262234534 1112.5 29974.0
0.020313942751615882 1115.0 27155.0
0.020660203139427517 1109.0 13492.0
0.020891043397968604 1112.5 22512.5
0.02123730378578024 1116.0 32313.0
0.02169898430286242 1111.0 23444.0
0.021814404432132964 1115.0 28227.0
0.021929824561403508 1113.0 25912.0
0.022045244690674055 1112.5 21137.0
0.0221606648199446 1110.5 19283.5
0.022276084949215142 1113.0 36748.0
0.02239150507848569 1113.0 25980.5
0.022506925207756233 1113.0 27003.333333333332
0.022622345337026777 1113.1666666666667 27103.5
0.022737765466297324 1116.0 33060.0
0.022853185595567867 1111.75 22335.0
0.02296860572483841 1111.0 14086.0
0.023084025854108958 1112.5 25602.0
0.023199445983379502 1111.0 15750.0
0.023314866112650046 1112.5 24832.5
0.02343028624192059 1112.0 30837.5
0.023545706371191136 1112.0 30882.5
0.02366112650046168 1112.0 30955.0
0.023776546629732224 1112.0 29001.0
0.02389196675900277 1115.0 33104.75
0.024007386888273315 1112.0 29118.0
0.02412280701754386 1115.0 35267.5
0.024238227146814405 1119.5 38537.5
0.02458448753462604 1116.0 33635.0
0.024815327793167127 1117.5 30288.0
0.024930747922437674 1112.5 28075.5
0.025046168051708218 1123.0 43521.0
0.025161588180978762 1115.0 40750.0
0.02527700831024931 1113.0 29672.5
0.025392428439519853 1111.0 35963.0
0.025507848568790396 1114.5 39566.5
0.025738688827331487 1113.0 31859.333333333332
0.02585410895660203 1115.25 34073.75
0.025969529085872575 1117.5 41723.0
0.02608494921514312 1112.0 21179.0
0.026200369344413665 1115.0 41008.0
0.02631578947368421 1115.0 41032.0
0.026431209602954756 1115.0 41088.0
0.0265466297322253 1115.0 41088.0
0.026662049861495844 1115.0 41990.0
0.02677746999076639 1115.0 41990.0
0.026892890120036934 1110.0 14188.0
0.027008310249307478 1115.0 41998.0
0.027123730378578025 1114.0 40802.0
0.02723915050784857 1114.0 41173.0
0.027354570637119113 1114.0 41173.0
0.02746999076638966 1113.0 29977.5
0.027585410895660203 1114.0 41173.0
0.027700831024930747 1110.0 14369.0
0.027816251154201294 1113.0 29978.0
0.027931671283471838 1110.0 14369.0
0.02804709141274238 1114.0 41284.0
0.02816251154201293 1114.0 41355.0
0.028393351800554016 1113.5 31202.5
0.02850877192982456 1113.0 21055.0
0.028624192059095107 1114.0 41410.0
0.02873961218836565 1115.0 40520.0
0.028855032317636194 1114.0 41582.0
0.02897045244690674 1115.0 48143.0
0.029085872576177285 1115.0 48145.0
0.02920129270544783 1114.5 47121.0
0.029316712834718376 1110.0 14440.0
0.02943213296398892 1112.3333333333333 27265.666666666668
0.029547553093259463 1113.0 35018.333333333336
0.02966297322253001 1114.5 45501.5
0.029778393351800554 1114.0 39122.666666666664
0.029893813481071098 1114.5 45571.5
0.030009233610341645 1115.0 42909.0
0.03012465373961219 1115.0 48916.0
0.030240073868882732 1113.75 39376.75
0.03035549399815328 1113.5 40960.5
0.030470914127423823 1115.0 46075.5
0.030817174515235458 1113.0 33042.5
0.030932594644506 1113.0 39101.0
0.031048014773776545 1113.0 31081.0
0.031163434903047092 1113.0 33669.0
0.031278855032317636 1113.2 33269.8
0.03139427516158818 1113.6666666666667 38048.333333333336
0.03150969529085872 1114.25 38880.75
0.031625115420129274 1114.6666666666667 38742.666666666664
0.03174053554939982 1114.0 43063.5
0.03185595567867036 1111.0 16379.0
0.03208679593721145 1111.0 16953.0
0.03220221606648199 1115.0 46832.0
0.032317636195752536 1111.0 16954.0
0.03243305632502309 1112.5 26544.5
0.03254847645429363 1113.0 31914.0
0.03277931671283472 1115.0 47478.0
0.03289473684210526 1115.0 47479.0
0.033010156971375805 1114.0 36232.0
0.0332409972299169 1112.5 26990.0
0.03335641735918744 1111.0 17731.0
0.03347183748845799 1118.0 55001.0
0.03358725761772853 1117.5 48834.5
0.034164358264081256 1117.3333333333333 53653.666666666664
0.0342797783933518 1118.5 56462.0
0.03462603878116344 1118.5 56491.5
0.03474145891043398 1119.0 58808.0
0.034856879039704525 1115.0 48236.0
0.03508771929824561 1115.0 48264.0
0.035318559556786706 1119.0 59171.0
0.03543397968605725 1116.5 52297.0
0.035549399815327794 1118.0 56327.0
0.03578024007386888 1116.5 52339.0
0.036011080332409975 1116.0 47954.0
0.036703601108033244 1114.0 44353.0
0.03681902123730379 1116.5 52192.0
0.03693444136657433 1119.0 60395.0
0.037049861495844875 1119.0 60397.0
0.03728070175438596 1113.0 36308.0
0.037396121883656507 1116.5 52448.0
0.03751154201292706 1113.5 40353.5
0.0376269621421976 1114.0 44399.0
0.037742382271468145 1114.0 44401.0
0.03785780240073869 1113.5 40422.0
0.03797322253000923 1113.5 40465.0
0.038088642659279776 1114.0 40548.0
0.038204062788550326 1114.0 44607.0
0.03831948291782087 1115.0 56140.0
0.03901200369344414 1114.0 59480.0
0.039242843951985226 1114.5 61238.0
0.03958910433979686 1115.0 47743.0
0.03970452446906741 1119.0 68404.0
0.03981994459833795 1115.0 47743.0
0.039935364727608495 1115.0 54939.5
0.04005078485687904 1115.0 62135.0
0.04016620498614958 1115.0 62138.0
0.040281625115420126 1115.0 62138.0
0.04039704524469068 1115.0 62158.0
0.040627885503231764 1114.5 62671.5
0.04074330563250231 1114.0 63112.0
0.04155124653739612 1119.0 69428.0
0.04178208679593721 1115.0 48363.0
0.0420129270544783 1115.0 48363.0
0.042128347183748846 1115.0 64700.0
0.04224376731301939 1115.0 56841.0
0.04235918744228993 1115.0 65367.0
0.0430517082179132 1115.0 67649.0
0.043167128347183746 1115.0 58173.0
0.04374422899353647 1118.0 65747.0
0.043859649122807015 1118.0 65792.0
0.04409048938134811 1118.0 65792.0
0.04420590951061865 1118.0 65792.0
0.04443674976915974 1116.0 48772.0
0.044552169898430284 1115.5 58871.5
0.04466759002770083 1115.0 70191.0
0.04478301015697138 1118.0 65804.0
0.04489843028624192 1117.0 57434.0
0.04547553093259465 1118.0 66003.0
0.04559095106186519 1115.6666666666667 56961.666666666664
0.045706371191135735 1115.6666666666667 56962.0
0.04582179132040628 1118.0 66137.0
0.04593721144967682 1114.5 52749.5
0.046168051708217916 1113.0 52104.0
0.04628347183748846 1118.0 66625.0
0.04651431209602955 1113.0 52104.0
0.046745152354570635 1114.0 62130.0
0.04686057248384118 1115.0 72152.0
0.04697599261311173 1114.0 62157.0
0.04709141274238227 1115.5 59413.5
0.04732225300092336 1113.0 52271.0
0.047437673130193904 1115.0 60152.5
0.04755309325946445 1116.0 62422.0
0.047668513388735 1114.0 66543.0
0.047899353647276086 1113.0 52300.0
0.04813019390581717 1115.0 66117.0
0.04824561403508772 1114.0 66712.0
0.04836103416435827 1114.0 64468.333333333336
0.04847645429362881 1114.0 64472.0
0.048591874422899355 1117.6666666666667 67113.0
0.0487072945521699 1114.6666666666667 60214.666666666664
0.04882271468144044 1115.0 73801.0
0.048938134810710986 1114.0 63393.5
0.04905355493998153 1116.0 72257.5
0.04916897506925208 1117.0 70615.0
0.049284395198522624 1116.5 62372.5
0.04939981532779317 1116.5 62372.5
0.049630655586334255 1115.3333333333333 59271.0
0.0497460757156048 1121.0 74489.5
0.04986149584487535 1125.0 78420.0
0.04997691597414589 1121.0 74962.0
0.05020775623268698 1125.0 78457.0
0.050323176361957524 1125.0 78494.0
0.05055401662049862 1125.0 79123.0
0.05066943674976916 1121.5 74076.0
0.050784856879039705 1117.5 70400.5
0.05090027700831025 1117.0 74881.0
0.051131117266851336 1125.0 79320.0
0.051477377654662974 1117.5 73176.0
0.05159279778393352 1120.5 69916.5
0.05170821791320406 1117.0 64660.5
0.051823638042474605 1117.0 64719.5
0.05193905817174515 1120.0 75930.33333333333
0.0520544783010157 1117.0 76677.0
0.05216989843028624 1117.5 73535.5
0.05228531855955679 1117.0 76711.0
0.05240073868882733 1118.0 72091.0
0.05274699907663897 1125.0 81705.0
0.052977839335180056 1116.0 59673.0
0.0530932594644506 1117.5 78147.5
0.053208679593721143 1117.0 83928.0
0.05332409972299169 1117.5 81414.5
0.05355493998153278 1117.0 69368.0
0.053670360110803325 1117.0 84323.0
0.05378578024007387 1118.0 78953.0
0.05390120036934441 1117.0 84567.0
0.054016620498614956 1117.0 84709.0
0.0541320406278855 1117.0 84771.0
0.05447830101569714 1117.0 86226.0
0.05459372114496768 1117.0 86226.0
0.054709141274238225 1116.5 73497.5
0.05517082179132041 1116.0 61110.0
0.055401662049861494 1116.0 65384.0
0.05551708217913204 1116.0 69548.0
0.05563250230840259 1120.0 79773.5
0.05574792243767313 1125.0 87663.0
0.055863342566943676 1115.0 71891.0
0.05597876269621422 1115.5 81122.5
0.05609418282548476 1120.0 80368.5
0.05620960295475531 1115.0 72201.0
0.05632502308402586 1115.0 72272.0
0.0564404432132964 1115.0 72272.0
0.056555863342566945 1120.0 80847.0
0.056902123730378576 1119.0 91069.0
0.05701754385964912 1116.0 91941.5
0.05713296398891967 1116.0 92065.0
0.057248384118190214 1125.0 89762.0
0.0574792243767313 1116.0 84983.0
0.057594644506001845 1125.0 90223.0
0.05782548476454294 1125.0 90298.0
0.05794090489381348 1125.0 90348.0
0.05805632502308403 1118.0 97591.0
0.05817174515235457 1118.0 97591.0
0.05840258541089566 1118.0 98924.0
0.05863342566943675 1125.0 91137.0
0.05921052631578947 1116.0 73008.0
0.06036472760849492 1117.0 78279.0
0.061980609418282546 1114.0 62041.0
0.06267313019390582 1118.0 82226.0
0.06278855032317636 1119.0 88746.0
0.06313481071098799 1120.0 82571.0
0.06336565096952909 1120.0 82577.0
0.06348107109879964 1118.0 105133.0
0.06359649122807018 1118.0 105133.0
0.06394275161588181 1117.3333333333333 83727.0
0.06451985226223453 1120.0 82978.0
0.06463527239150507 1120.0 82978.0
0.06475069252077563 1120.0 109979.0
0.06486611265004617 1114.0 63312.0
0.06532779316712835 1125.0 94714.0
0.06544321329639889 1117.5 105305.0
0.06555863342566944 1121.5 100834.5
0.06567405355493998 1121.5 100921.5
0.06578947368421052 1125.0 95001.0
0.06590489381348107 1117.0 104580.0
0.06602031394275161 1117.0 104580.0
0.06659741458910434 1117.0 104814.0
0.06671283471837489 1117.0 107298.0
0.06682825484764543 1117.0 107301.0
0.06694367497691597 1116.5 98159.5
0.06705909510618652 1117.0 107302.0
0.06717451523545706 1117.0 107387.0
0.0672899353647276 1116.0 89053.0
0.06740535549399815 1116.0 89053.0
0.06752077562326869 1116.0 89053.0
0.06763619575253925 1116.0 89053.0
0.06786703601108034 1117.0 107419.0
0.06925207756232687 1125.0 104188.0
0.06936749769159742 1125.0 104188.0
0.0698291782086796 1125.0 104317.0
0.06994459833795014 1125.0 104327.0
0.07029085872576177 1125.0 104330.0
0.07052169898430287 1115.0 65855.0
0.07063711911357341 1115.0 65862.0
0.0708679593721145 1115.0 66372.0
0.07098337950138504 1115.0 66372.0
0.07109879963065559 1115.0 66375.0
0.0716759002770083 1115.0 66601.0
0.07179132040627885 1116.0 66693.0
0.0719067405355494 1120.5 85621.5
0.07202216066481995 1116.0 66955.0
0.0721375807940905 1116.0 67174.0
0.07225300092336104 1125.0 104722.0
0.07236842105263158 1116.0 70323.0
0.07248384118190213 1125.0 104722.0
0.07271468144044321 1116.0 71527.0
0.0729455216989843 1119.0 114299.0
0.07306094182825484 1119.0 114299.0
0.07317636195752539 1122.0 109513.5
0.07329178208679593 1119.0 114299.0
0.07340720221606649 1119.0 114305.0
0.07363804247460758 1119.0 119886.0
0.07386888273314866 1119.0 119963.0
0.07398430286241921 1125.0 105107.0
0.07409972299168975 1125.0 105107.0
0.07456140350877193 1125.0 106405.0
0.07467682363804247 1125.0 106405.0
0.07479224376731301 1125.0 106406.0
0.07571560480147738 1122.0 113400.5
0.07583102493074792 1125.0 106517.0
0.07594644506001846 1122.0 113440.5
0.07606186518928901 1122.0 113441.0
0.0762927054478301 1125.0 106534.0
0.07640812557710065 1119.0 120374.0
0.07663896583564174 1125.0 106632.0
0.07675438596491228 1125.0 106707.0
0.07686980609418283 1125.0 107072.0
0.07721606648199446 1122.0 114033.0
0.077331486611265 1119.0 120944.0
0.07744690674053555 1125.0 107197.0
0.07756232686980609 1119.0 120969.0
0.07767774699907663 1122.0 114217.0
0.07779316712834719 1122.0 114263.5
0.07790858725761773 1122.0 114270.5
0.07802400738688828 1125.0 107313.0
0.07813942751615882 1117.0 75532.0
0.07825484764542937 1117.0 75532.0
0.07894736842105263 1117.0 76083.0
0.07906278855032317 1117.0 76093.0
0.07917820867959371 1117.0 76247.0
0.07929362880886427 1117.0 77982.0
0.08102493074792244 1117.0 106456.0
0.08114035087719298 1118.0 106542.0
0.08125577100646353 1118.0 106544.0
0.08137119113573407 1118.0 106601.0
0.08148661126500462 1118.0 106602.0
0.08160203139427516 1118.0 106602.0
0.0817174515235457 1118.0 106682.0
0.08344875346260387 1125.0 109731.0
0.08367959372114497 1125.0 109739.0
0.08379501385041552 1121.5 108352.5
0.08391043397968606 1121.5 108468.5
0.08414127423822715 1125.0 110006.0
0.08437211449676824 1118.0 107026.0
0.08460295475530932 1125.0 110048.0
0.08471837488457987 1125.0 110048.0
0.08494921514312095 1125.0 110069.0
0.08518005540166206 1118.0 108224.0
0.08552631578947369 1118.0 108225.0
0.08564173591874423 1118.0 108225.0
0.08575715604801477 1125.0 110137.0
0.08598799630655586 1125.0 110142.0
0.0861034164358264 1125.0 110460.0
0.08633425669436749 1125.0 110460.0
0.08644967682363804 1125.0 110460.0
0.08679593721144968 1125.0 110577.0
0.08702677746999077 1125.0 110583.0
0.0873730378578024 1125.0 110589.0
0.08760387811634349 1125.0 112716.0
0.08783471837488457 1125.0 113882.0
0.08887349953831948 1126.0 134146.0
0.09002770083102493 1118.0 100631.0
0.09533702677747 1118.0 114116.0
0.09545244690674054 1118.0 114117.0
0.09556786703601108 1118.0 114117.0
0.09591412742382271 1118.0 114277.0
0.09602954755309326 1118.0 114445.0
0.09672206832871653 1118.0 114774.0
0.09810710987996306 1120.0 141857.0
0.0994921514312096 1118.0 116073.0
0.09960757156048015 1118.0 116073.0
0.0997229916897507 1118.0 116136.0
0.09995383194829179 1118.0 116144.0
0.10018467220683287 1118.0 116182.0
0.10030009233610342 1118.0 116624.0
0.1018005540166205 1120.0 151986.0
0.10203139427516159 1120.0 152239.0
0.10676361957525392 1120.0 157115.0
0.10687903970452448 1120.0 157119.0
0.10699445983379502 1120.0 157133.0
0.1139196675900277 1119.0 169603.0
0.11426592797783934 1119.0 174559.0
0.11472760849492152 1119.0 174566.0
0.11518928901200369 1121.0 203532.0
0.11530470914127423 1121.0 204048.0
0.11553554939981532 1121.0 204072.0
0.11565096952908588 1121.0 204160.0
0.11599722991689751 1121.0 204161.0
0.12049861495844875 1119.0 181527.0
0.12084487534626039 1119.0 184324.0
0.12142197599261312 1121.0 206462.0
0.1216528162511542 1121.0 207093.0
0.12188365650969529 1121.0 207969.0
0.12303785780240074 1120.0 191971.0
0.12315327793167129 1120.0 191971.0
0.12326869806094183 1120.0 191971.0
0.12338411819021237 1119.0 176967.0
0.12349953831948292 1119.0 176967.0
0.12361495844875346 1119.0 176967.0
0.123730378578024 1119.0 176968.0
0.12396121883656509 1119.0 176976.0
0.12407663896583564 1119.0 177084.0
0.12430747922437674 1120.0 196728.0
0.12442289935364728 1120.0 196762.0
0.12465373961218837 1120.0 196804.0
0.12511542012927054 1119.5 188480.5
0.12534626038781163 1119.5 188710.5
0.12546168051708217 1119.0 178827.0
0.12557710064635272 1119.0 178874.0
0.1258079409048938 1120.0 198657.0
0.12615420129270544 1120.0 198678.0
0.12638504155124652 1120.0 198678.0
0.1265004616805171 1120.0 198678.0
0.12673130193905818 1120.0 198692.0
0.12684672206832873 1120.0 198692.0
0.12707756232686981 1119.0 179238.0
0.12719298245614036 1120.0 198869.0
0.1273084025854109 1120.0 198869.0
0.12742382271468145 1120.0 198869.0
0.12869344413665743 1119.0 180715.0
0.12903970452446906 1119.0 180716.0
0.1291551246537396 1119.0 180717.0
0.12938596491228072 1119.0 180721.0
0.12950138504155126 1119.0 180736.0
0.1296168051708218 1119.0 180736.0
0.13123268698060941 1119.0 181003.0
0.13157894736842105 1120.0 199870.0
0.1316943674976916 1119.0 189675.0
0.13307940904893814 1120.0 201042.0
0.13319482917820868 1120.0 201668.0
0.1340027700831025 1120.0 201926.0
0.13446445060018467 1120.0 202224.0
0.1345798707294552 1120.0 202234.0
0.13504155124653738 1120.0 202251.0
0.13515697137580793 1120.0 202251.0
0.1352723915050785 1120.0 202268.0
0.13584949215143122 1120.0 202337.0
0.13596491228070176 1120.0 202338.0
0.15916435826408126 1120.0 218088.0
0.15939519852262235 1120.0 218089.0
0.15962603878116344 1120.0 218096.0
0.16089566020313942 1120.0 218292.0
0.16101108033240996 1120.0 218292.0
0.16124192059095105 1120.0 218292.0
0.16135734072022162 1120.0 218305.0
0.16147276084949216 1120.0 218305.0
0.16170360110803325 1120.0 218352.0
0.1618190212373038 1120.0 218353.0
0.16193444136657434 1120.0 218353.0
0.16204986149584488 1120.0 219001.0
0.1626269621421976 1120.0 219030.0
0.16274238227146814 1120.0 219030.0
0.1649353647276085 1124.0 199602.0
0.16528162511542013 1124.0 199607.0
0.16539704524469068 1124.0 199607.0
0.16551246537396122 1124.0 199614.0
0.16562788550323176 1124.0 199691.0
0.16585872576177285 1124.0 199691.0
0.16608956602031394 1124.0 199711.0
0.16620498614958448 1124.0 199713.0
0.1680517082179132 1124.0 201091.0
0.16816712834718375 1124.0 201091.0
0.1682825484764543 1124.0 201208.0
0.16839796860572484 1124.0 201210.0
0.16851338873499538 1124.0 201210.0
0.16874422899353647 1124.0 201957.0
0.16885964912280702 1124.0 201957.0
0.1690904893813481 1124.0 201959.0
0.1693213296398892 1124.0 201959.0
0.17001385041551245 1124.0 202112.0
0.17012927054478302 1124.0 202186.0
0.1703601108033241 1124.0 202263.0
0.18178670360110805 1120.0 227789.0
0.18524930747922438 1120.0 230143.0
0.21191135734072022 1122.0 308600.0
0.21202677746999077 1122.0 308600.0
0.2131809787626962 1122.0 309662.0
0.21329639889196675 1122.0 309662.0
0.21502770083102493 1122.0 310410.0
0.21525854108956602 1122.0 310594.0
0.21537396121883656 1122.0 310614.0
0.2154893813481071 1122.0 310650.0
0.21560480147737765 1122.0 310663.0
0.2157202216066482 1122.0 310666.0
0.21583564173591874 1122.0 310699.0
0.21618190212373037 1122.0 311610.0
0.2162973222530009 1122.0 311827.0
0.21872114496768236 1122.0 313481.0
0.22645429362880887 1122.0 320340.0
0.2265697137580794 1122.0 320359.0
0.22864727608494922 1122.0 320503.0
0.22876269621421977 1122.0 320504.0
0.2288781163434903 1122.0 320504.0
0.22899353647276086 1122.0 320504.0
0.22922437673130194 1122.0 320512.0
0.23257156048014774 1122.0 322752.0
0.23268698060941828 1122.0 322822.0
0.23280240073868882 1122.0 322826.0
0.23291782086795937 1122.0 322826.0
0.23314866112650046 1122.0 327475.0
0.23361034164358263 1122.0 327800.0
0.23384118190212372 1122.0 333548.0
0.2347645429362881 1122.0 333776.0
0.23499538319482918 1122.0 334007.0
0.23591874422899353 1122.0 335438.0
0.23684210526315788 1122.0 335587.0
0.23926592797783933 1122.0 341709.0
0.23938134810710987 1122.0 341709.0
0.2397276084949215 1122.0 341801.0
0.23984302862419207 1122.0 341802.0
0.24007386888273316 1122.0 341922.0
0.24065096952908588 1122.0 342150.0
0.24411357340720222 1122.0 384548.0
0.24422899353647276 1122.0 384548.0
0.24561403508771928 1121.0 308422.0
0.25380886426592797 1122.0 394819.0
0.25392428439519854 1122.0 394841.0
0.25403970452446906 1122.0 394841.0
0.26177285318559557 1122.0 399580.0
0.26188827331486614 1122.0 399587.0
0.26200369344413665 1122.0 399708.0
0.43236380424746074 1124.0 601971.0
0.5640581717451524 1125.0 791646.0
0.5647506925207756 1125.0 792111.0
0.5832179132040628 1126.0 878694.0
0.5849492151431209 1126.0 879436.0
0.6496999076638966 1127.0 989415.0
0.8953139427516159 1128.0 1297837.0
0.8978531855955678 1128.0 1299251.0
0.9111265004616805 1128.0 1321287.0
1.0 1132.0 1455433.0
