6721
0.00011542012927054478 579.6735918744229 0.0
0.00023084025854108956 786.9757207890743 0.0
0.00034626038781163435 902.7237851662404 0.0
0.0004616805170821791 977.1555252387449 0.0
0.0005771006463527239 1015.8828282828283 0.0
0.0006925207756232687 1042.7783933518006 0.0
0.0008079409048938135 1073.851590106007 0.0
0.0009233610341643582 1105.5105485232068 0.0
0.001038781163434903 1120.9855072463768 0.0
0.0011542012927054479 1130.4934210526317 0.0
0.0012696214219759926 1146.7714285714285 0.0
0.0013850415512465374 1156.4453125 0.0
0.0015004616805170822 1190.8631578947368 0.0
0.001615881809787627 1171.8297872340424 0.0
0.0017313019390581717 1195.911111111111 0.0
0.0018467220683287165 1198.7469879518073 0.0
0.0019621421975992612 1202.3809523809523 0.0
0.002077562326869806 1236.1466666666668 0.0
0.0021929824561403508 1212.46875 0.0
0.0023084025854108957 1208.5762711864406 0.0
0.0024238227146814403 1240.8085106382978 0.0
0.0025392428439519853 1262.2954545454545 0.0
0.00265466297322253 1248.375 0.0
0.002770083102493075 1251.8478260869565 0.0
0.0028855032317636198 1242.8181818181818 0.0
0.0030009233610341643 1301.7209302325582 0.0
0.0031163434903047093 1288.1515151515152 0.0
0.003231763619575254 1300.7777777777778 0.0
0.003347183748845799 1275.5 0.0
0.0034626038781163434 1238.6896551724137 0.0
0.0035780240073868884 1326.6333333333334 0.0
0.003693444136657433 1275.1724137931035 0.0
0.003808864265927978 1311.35 0.0
0.0039242843951985225 1281.1666666666667 0.0
0.004039704524469067 1360.842105263158 0.0
0.004155124653739612 1405.1666666666667 0.0
0.004270544783010157 1425.2857142857142 0.0
0.0043859649122807015 1383.2727272727273 0.0
0.004501385041551247 1420.5294117647059 0.0
0.0046168051708217915 1408.0666666666666 0.0
0.004732225300092336 1404.8 0.0
0.004847645429362881 1364.9333333333334 0.0
0.004963065558633426 1435.65 0.0
0.0050784856879039705 1464.3181818181818 0.0
0.005193905817174515 1428.0 0.0
0.00530932594644506 1556.6666666666667 0.0
0.005424746075715605 1453.952380952381 0.0
0.00554016620498615 1432.4117647058824 0.0
0.005655586334256694 1306.9375 0.0
0.0057710064635272396 1405.2307692307693 0.0
0.005886426592797784 1503.6666666666667 0.0
0.006001846722068329 1368.2 0.0
0.006117266851338873 1375.0714285714287 0.0
0.006232686980609419 1558.6875 0.0
0.006348107109879963 1389.2307692307693 0.0
0.006463527239150508 1466.9166666666667 0.0
0.006578947368421052 1437.7142857142858 0.0
0.006694367497691598 1397.05 0.0
0.006809787626962142 1398.0555555555557 0.0
0.006925207756232687 1496.142857142857 0.0
0.007040627885503232 1344.875 0.0
0.007156048014773777 1454.1538461538462 0.0
0.007271468144044321 1517.9333333333334 0.0
0.007386888273314866 1526.5555555555557 0.0
0.007502308402585411 1505.0 0.0
0.007617728531855956 1498.7 0.0
0.0077331486611265 1447.7272727272727 0.0
0.007848568790397045 1534.7777777777778 0.0
0.00796398891966759 1563.111111111111 0.0
0.008079409048938134 1470.090909090909 0.0
0.00819482917820868 1492.3333333333333 0.0
0.008310249307479225 1730.7777777777778 0.0
0.008425669436749769 1654.5 0.0
0.008541089566020314 1451.75 0.0
0.00865650969529086 1482.3333333333333 0.0
0.008771929824561403 1672.2 0.0
0.008887349953831948 1640.8 0.0
0.009002770083102494 1535.4 0.0
0.009118190212373038 1664.2857142857142 0.0
0.009233610341643583 1571.125 0.0
0.009349030470914127 1675.0 0.0
0.009464450600184672 1501.0 0.0
0.009579870729455217 1642.0 0.0
0.009695290858725761 1631.4 0.0
0.009810710987996307 1643.8333333333333 0.0
0.009926131117266852 1467.25 0.0
0.010041551246537396 1559.111111111111 0.0
0.010156971375807941 1557.875 0.0
0.010272391505078486 1716.2 0.0
0.01038781163434903 1659.8333333333333 0.0
0.010503231763619576 1603.4 0.0
0.01061865189289012 1663.5714285714287 0.0
0.010734072022160665 1658.6 0.0
0.01084949215143121 1588.125 0.0
0.010964912280701754 1410.857142857143 0.0
0.0110803324099723 1928.5 0.0
0.011195752539242845 1941.857142857143 0.0
0.011311172668513388 1735.7777777777778 0.0
0.011426592797783934 1717.5 0.0
0.011542012927054479 1771.875 0.0
0.011657433056325023 1786.9 0.0
0.011772853185595568 1707.5 0.0
0.011888273314866112 1782.8 0.0
0.012003693444136657 1658.1666666666667 0.0
0.012119113573407203 1576.0 0.0
0.012234533702677746 1559.0 0.0
0.012349953831948292 1718.0 0.0
0.012465373961218837 1578.4 0.0
0.012580794090489381 1613.8 0.0
0.012696214219759926 1739.857142857143 0.0
0.012811634349030472 1577.6 0.0
0.012927054478301015 1532.142857142857 0.0
0.01304247460757156 1712.0 0.0
0.013157894736842105 1772.3333333333333 0.0
0.01327331486611265 1764.4 0.0
0.013388734995383195 1635.3333333333333 0.0
0.013504155124653739 1538.0 0.0
0.013619575253924284 1640.2 0.0
0.01373499538319483 1432.8 0.0
0.013850415512465374 1540.0 0.0
0.013965835641735919 1678.4444444444443 0.0
0.014081255771006464 1649.4285714285713 0.0
0.014196675900277008 1721.0 0.0
0.014312096029547553 1637.0 0.0
0.014427516158818097 1778.2 0.0
0.014542936288088643 1770.0 0.0
0.014658356417359188 1542.5 0.0
0.014773776546629732 1552.75 0.0
0.014889196675900277 1475.0 0.0
0.015004616805170823 1480.2 0.0
0.015120036934441366 1571.6666666666667 0.0
0.015235457063711912 1704.5 0.0
0.015350877192982455 1549.0 0.0
0.015466297322253 1497.0 0.0
0.015581717451523546 1610.2 0.0
0.01569713758079409 1684.25 0.0
0.015812557710064637 1645.4 0.0
0.01592797783933518 1572.0 0.0
0.016043397968605724 1596.5 0.0
0.016158818097876268 1512.0 0.0
0.016274238227146815 1541.0 0.0
0.01638965835641736 1722.0 0.0
0.016505078485687903 2233.0 0.0
0.01662049861495845 2233.0 0.0
0.016735918744228993 1744.0 0.0
0.016851338873499537 1441.0 0.0
0.016966759002770084 1606.3333333333333 0.0
0.017082179132040628 2140.5 0.0
0.01719759926131117 2140.5 0.0
0.01731301939058172 2141.0 0.0
0.017428439519852262 1441.0 0.0
0.017543859649122806 2292.5 0.0
0.017659279778393353 2065.0 0.0
0.017774699907663897 2306.6666666666665 0.0
0.01789012003693444 2445.5 0.0
0.018005540166204988 2292.5 0.0
0.01812096029547553 2074.0 0.0
0.018236380424746075 2537.0 0.0
0.018351800554016622 2227.0 0.0
0.018467220683287166 2195.3333333333335 0.0
0.01858264081255771 1981.0 0.0
0.018698060941828253 1982.0 0.0
0.0188134810710988 1951.0 0.0
0.018928901200369344 2067.5 0.0
0.019044321329639888 2528.5 0.0
0.019159741458910435 1885.75 0.0
0.01927516158818098 1844.0 0.0
0.019390581717451522 1904.75 0.0
0.01950600184672207 1876.0 0.0
0.019621421975992613 1674.5 0.0
0.019736842105263157 1692.0 0.0
0.019852262234533704 1836.4 0.0
0.019967682363804248 1597.6666666666667 0.0
0.02008310249307479 1444.0 0.0
0.020313942751615882 1444.0 0.0
0.020429362880886426 1754.3333333333333 0.0
0.020544783010156973 1773.0 0.0
0.020660203139427517 1674.5 0.0
0.02077562326869806 1907.0 0.0
0.020891043397968604 2023.0 0.0
0.02100646352723915 1884.5 0.0
0.02123730378578024 2282.0 0.0
0.021352723915050786 2422.5 0.0
0.02146814404432133 2041.0 0.0
0.021583564173591873 1924.0 0.0
0.02169898430286242 2279.6666666666665 0.0
0.021814404432132964 2024.0 0.0
0.021929824561403508 1998.0 0.0
0.022045244690674055 2342.3333333333335 0.0
0.0221606648199446 2028.0 0.0
0.022276084949215142 2094.0 0.0
0.02239150507848569 1856.0 0.0
0.022506925207756233 2112.25 0.0
0.022622345337026777 1989.8 0.0
0.022737765466297324 2188.5 0.0
0.022853185595567867 2229.0 0.0
0.02296860572483841 2099.0 0.0
0.023084025854108958 2116.25 0.0
0.023199445983379502 2057.75 0.0
0.023314866112650046 1956.4 0.0
0.02343028624192059 1983.25 0.0
0.02366112650046168 1650.5 0.0
0.023776546629732224 1924.3333333333333 0.0
0.02389196675900277 1806.25 0.0
0.024007386888273315 2038.75 0.0
0.02412280701754386 1452.0 0.0
0.024238227146814405 1874.0 0.0
0.02435364727608495 2293.0 0.0
0.02458448753462604 2112.5 0.0
0.024815327793167127 2398.0 0.0
0.024930747922437674 1707.0 0.0
0.025046168051708218 3089.0 0.0
0.025392428439519853 1849.0 0.0
0.025507848568790396 1342.0 0.0
0.025623268698060944 1342.0 0.0
0.025738688827331487 1758.0 0.0
0.02585410895660203 1830.0 0.0
0.025969529085872575 1974.0 0.0
0.02608494921514312 2273.3333333333335 0.0
0.026200369344413665 1994.0 0.0
0.02631578947368421 1814.5 0.0
0.026431209602954756 2052.0 0.0
0.0265466297322253 1455.0 0.0
0.026662049861495844 2174.0 0.0
0.02677746999076639 1805.0 0.0
0.026892890120036934 2028.25 0.0
0.027008310249307478 1991.0 0.0
0.027123730378578025 1991.0 0.0
0.02723915050784857 2527.0 0.0
0.027354570637119113 2177.0 0.0
0.02746999076638966 1606.0 0.0
0.027585410895660203 2528.0 0.0
0.027700831024930747 1498.0 0.0
0.027816251154201294 2085.0 0.0
0.027931671283471838 2068.0 0.0
0.02816251154201293 1827.0 0.0
0.028277931671283472 1827.0 0.0
0.02873961218836565 2120.0 0.0
0.029316712834718376 2535.5 0.0
0.02943213296398892 1822.0 0.0
0.02966297322253001 1519.0 0.0
0.029778393351800554 1519.0 0.0
0.029893813481071098 1519.0 0.0
0.030009233610341645 2002.0 0.0
0.03012465373961219 2002.0 0.0
0.030586334256694367 1519.0 0.0
0.03070175438596491 1883.0 0.0
0.030817174515235458 1884.0 0.0
0.030932594644506 1851.5 0.0
0.031048014773776545 2192.5 0.0
0.031278855032317636 2089.6666666666665 0.0
0.03139427516158818 2192.5 0.0
0.03150969529085872 1861.5 0.0
0.031625115420129274 2307.6666666666665 0.0
0.03174053554939982 2374.25 0.0
0.03185595567867036 2588.5 0.0
0.031971375807940905 2528.0 0.0
0.03208679593721145 2284.0 0.0
0.03220221606648199 2481.3333333333335 0.0
0.032317636195752536 2365.0 0.0
0.03243305632502309 2544.0 0.0
0.03254847645429363 2576.0 0.0
0.032663896583564174 2608.0 0.0
0.03277931671283472 1985.0 0.0
0.03289473684210526 2063.5 0.0
0.033010156971375805 2140.0 0.0
0.033125577100646356 2608.0 0.0
0.0332409972299169 2608.0 0.0
0.03335641735918744 2608.0 0.0
0.03358725761772853 2449.0 0.0
0.03404893813481071 2396.0 0.0
0.034164358264081256 2120.0 0.0
0.0342797783933518 2120.0 0.0
0.03439519852262234 1905.0 0.0
0.03451061865189289 1905.0 0.0
0.03462603878116344 1905.0 0.0
0.03474145891043398 1827.6666666666667 0.0
0.034856879039704525 1875.0 0.0
0.03508771929824561 1845.0 0.0
0.035203139427516156 1876.0 0.0
0.035318559556786706 1876.0 0.0
0.035549399815327794 1845.0 0.0
0.036011080332409975 3146.0 0.0
0.03612650046168052 2398.0 0.0
0.036703601108033244 1877.0 0.0
0.03681902123730379 1883.0 0.0
0.03693444136657433 1883.0 0.0
0.03728070175438596 1873.0 0.0
0.037396121883656507 1873.0 0.0
0.03751154201292706 1878.0 0.0
0.038088642659279776 2601.0 0.0
0.038204062788550326 2168.0 0.0
0.038896583564173595 2464.0 0.0
0.03901200369344414 2464.0 0.0
0.03935826408125577 1873.0 0.0
0.03970452446906741 1874.0 0.0
0.03981994459833795 1874.0 0.0
0.04016620498614958 1874.0 0.0
0.040281625115420126 1874.0 0.0
0.04039704524469068 1874.0 0.0
0.04051246537396122 1874.0 0.0
0.040627885503231764 2612.0 0.0
0.04074330563250231 2582.5 0.0
0.04085872576177285 2555.0 0.0
0.040974145891043395 2195.5 0.0
0.041089566020313946 1836.0 0.0
0.04143582640812558 2567.0 0.0
0.04155124653739612 1836.0 0.0
0.04247460757156048 1915.0 0.0
0.04259002770083103 1896.0 0.0
0.04293628808864266 1878.0 0.0
0.043167128347183746 1847.0 0.0
0.0432825484764543 1887.5 0.0
0.043513388734995384 1915.0 0.0
0.04362880886426593 1887.5 0.0
0.04374422899353647 1887.5 0.0
0.043859649122807015 1881.0 0.0
0.043975069252077566 1881.0 0.0
0.04409048938134811 1847.0 0.0
0.04420590951061865 1928.0 0.0
0.0443213296398892 1928.0 0.0
0.04443674976915974 1887.5 0.0
0.04466759002770083 1928.0 0.0
0.04489843028624192 1847.0 0.0
0.045013850415512466 1847.0 0.0
0.04524469067405355 1889.0 0.0
0.0453601108033241 1889.0 0.0
0.04582179132040628 1889.0 0.0
0.04628347183748846 1928.0 0.0
0.046398891966759004 1928.0 0.0
0.04662973222530009 2401.0 0.0
0.046745152354570635 2166.5 0.0
0.04686057248384118 1928.0 0.0
0.04732225300092336 1928.0 0.0
0.047437673130193904 1928.0 0.0
0.047668513388735 1928.0 0.0
0.047899353647276086 2001.0 0.0
0.04801477377654663 2684.0 0.0
0.04813019390581717 1964.5 0.0
0.04824561403508772 1936.3333333333333 0.0
0.04836103416435827 1928.0 0.0
0.04847645429362881 1928.0 0.0
0.048591874422899355 1928.0 0.0
0.04882271468144044 1928.0 0.0
0.04905355493998153 1929.0 0.0
0.04916897506925208 1929.0 0.0
0.05066943674976916 2139.0 0.0
0.050784856879039705 2139.0 0.0
0.05090027700831025 2139.0 0.0
0.05101569713758079 2139.0 0.0
0.051131117266851336 2139.0 0.0
0.05124653739612189 2139.0 0.0
0.05136195752539243 2139.0 0.0
0.051477377654662974 2595.0 0.0
0.05193905817174515 2595.0 0.0
0.0520544783010157 2595.0 0.0
0.05286241920590951 2595.0 0.0
0.052977839335180056 2139.0 0.0
0.0530932594644506 2139.0 0.0
0.05355493998153278 2596.0 0.0
0.053670360110803325 2367.5 0.0
0.054362880886426594 2694.0 0.0
0.05447830101569714 2694.0 0.0
0.054709141274238225 2381.5 0.0
0.05505540166204986 2695.0 0.0
0.05517082179132041 2542.3333333333335 0.0
0.05528624192059095 2695.0 0.0
0.055401662049861494 2695.0 0.0
0.05563250230840259 2695.0 0.0
0.05574792243767313 2139.0 0.0
0.055863342566943676 2139.0 0.0
0.05597876269621422 2139.0 0.0
0.05678670360110803 2695.0 0.0
0.056902123730378576 2709.0 0.0
0.05701754385964912 2832.5 0.0
0.057248384118190214 2722.0 0.0
0.05736380424746076 2795.0 0.0
0.0574792243767313 2722.0 0.0
0.057594644506001845 2837.0 0.0
0.05771006463527239 2951.0 0.0
0.05782548476454294 2951.0 0.0
0.05805632502308403 2951.0 0.0
0.058287165281625114 2713.0 0.0
0.05851800554016621 2713.0 0.0
0.05886426592797784 2659.0 0.0
0.06001846722068329 2966.0 0.0
0.06024930747922438 2966.0 0.0
0.06071098799630656 2669.0 0.0
0.06174976915974146 2966.0 0.0
0.06244228993536473 2966.0 0.0
0.06255771006463527 2966.0 0.0
0.06278855032317636 2966.0 0.0
0.0629039704524469 2676.0 0.0
0.06301939058171745 2821.0 0.0
0.06325023084025855 2676.0 0.0
0.06336565096952909 2676.0 0.0
0.06348107109879964 2676.0 0.0
0.06382733148661127 2676.0 0.0
0.06440443213296398 2677.0 0.0
0.06486611265004617 2677.0 0.0
0.06498153277931672 2677.0 0.0
0.06509695290858726 2679.0 0.0
0.0652123730378578 2831.0 0.0
0.06532779316712835 2831.0 0.0
0.06544321329639889 2831.0 0.0
0.06555863342566944 2831.0 0.0
0.06567405355493998 2755.0 0.0
0.06578947368421052 2755.0 0.0
0.06590489381348107 2755.0 0.0
0.06602031394275161 2679.0 0.0
0.06613573407202217 2831.0 0.0
0.06636657433056325 2831.0 0.0
0.0664819944598338 2831.0 0.0
0.06671283471837489 2679.0 0.0
0.06694367497691597 2679.0 0.0
0.06705909510618652 2679.0 0.0
0.06879039704524469 3165.0 0.0
0.06890581717451523 3165.0 0.0
0.06936749769159742 3165.0 0.0
0.0695983379501385 3165.0 0.0
0.06994459833795014 3168.0 0.0
0.07017543859649122 3072.5 0.0
0.07109879963065559 3171.0 0.0
0.07121421975992613 3171.0 0.0
0.07132963988919667 2696.0 0.0
0.07144506001846722 2979.0 0.0
0.07179132040627885 2696.0 0.0
0.07202216066481995 2221.0 0.0
0.0721375807940905 2696.0 0.0
0.07248384118190213 3171.0 0.0
0.07386888273314866 3003.5 0.0
0.07398430286241921 3003.5 0.0
0.07409972299168975 2643.5 0.0
0.0742151431209603 2716.3333333333335 0.0
0.07433056325023084 2836.0 0.0
0.07479224376731301 2934.0 0.0
0.07490766389658357 2934.0 0.0
0.07502308402585411 2934.0 0.0
0.0752539242843952 2934.0 0.0
0.07536934441366575 3065.5 0.0
0.07548476454293629 3065.5 0.0
0.08183287165281625 3197.0 0.0
0.08206371191135733 3197.0 0.0
0.08391043397968606 2964.0 0.0
0.0840258541089566 2964.0 0.0
0.08633425669436749 3048.0 0.0
0.0865650969529086 3198.0 0.0
0.08679593721144968 3055.0 0.0
0.08691135734072022 3055.0 0.0
0.08714219759926131 3111.0 0.0
0.08725761772853186 3111.0 0.0
0.0873730378578024 3111.0 0.0
0.08748845798707294 3111.0 0.0
0.08771929824561403 3050.0 0.0
0.08829639889196676 3111.0 0.0
0.08875807940904894 3111.0 0.0
0.08979686057248384 3581.0 0.0
0.08991228070175439 3581.0 0.0
0.09002770083102493 3111.0 0.0
0.09106648199445984 3111.0 0.0
0.09118190212373038 3111.0 0.0
0.09141274238227147 3111.0 0.0
0.0917590027700831 3180.0 0.0
0.09187442289935364 3180.0 0.0
0.09198984302862419 3180.0 0.0
0.09210526315789473 3180.0 0.0
0.09245152354570638 3587.0 0.0
0.09256694367497692 3587.0 0.0
0.09268236380424746 3587.0 0.0
0.09314404432132964 3216.0 0.0
0.09325946445060018 3216.0 0.0
0.09337488457987073 3383.5 0.0
0.09349030470914127 3587.0 0.0
0.09372114496768236 3181.0 0.0
0.09383656509695291 3181.0 0.0
0.09499076638965835 3595.0 0.0
0.0951061865189289 3595.0 0.0
0.09522160664819945 3595.0 0.0
0.09556786703601108 3595.0 0.0
0.09579870729455217 3188.0 0.0
0.09637580794090489 3188.0 0.0
0.09695290858725762 3190.0 0.0
0.09706832871652817 3190.0 0.0
0.09718374884579871 3190.0 0.0
0.09729916897506925 3190.0 0.0
0.0974145891043398 3190.0 0.0
0.09753000923361034 3190.0 0.0
0.09776084949215143 3190.0 0.0
0.09787626962142197 3190.0 0.0
0.09810710987996306 3190.0 0.0
0.09822253000923362 3190.0 0.0
0.09833795013850416 3190.0 0.0
0.09879963065558633 3190.0 0.0
0.10214681440443213 3190.0 0.0
0.10514773776546629 3846.0 0.0
0.10526315789473684 3846.0 0.0
0.10803324099722991 3865.0 0.0
0.108264081255771 3894.0 0.0
0.10861034164358264 3894.0 0.0
0.10872576177285319 3894.0 0.0
0.11034164358264081 3203.0 0.0
0.1105724838411819 3207.0 0.0
0.11103416435826408 3894.0 0.0
0.11126500461680518 3896.0 0.0
0.11138042474607572 3896.0 0.0
0.11172668513388735 3896.0 0.0
0.1118421052631579 3896.0 0.0
0.11195752539242844 3896.0 0.0
0.1128808864265928 3661.0 0.0
0.11299630655586335 3661.0 0.0
0.11311172668513389 3661.0 0.0
0.11322714681440443 3661.0 0.0
0.11334256694367498 3661.0 0.0
0.12015235457063712 3516.0 0.0
0.12026777469990767 3516.0 0.0
0.12673130193905818 3476.0 0.0
0.12788550323176362 3476.0 0.0
0.12846260387811634 3476.0 0.0
0.12857802400738688 3476.0 0.0
0.1291551246537396 3476.0 0.0
0.12938596491228072 3476.0 0.0
0.1298476454293629 3480.0 0.0
0.13030932594644506 3480.0 0.0
0.13054016620498615 3480.0 0.0
0.1306555863342567 3480.0 0.0
0.13492613111726684 3648.0 0.0
0.1368882733148661 3648.0 0.0
0.13700369344413665 3648.0 0.0
0.13746537396121883 3673.0 0.0
0.13758079409048937 3673.0 0.0
0.13769621421975992 3673.0 0.0
0.13804247460757155 3673.0 0.0
0.1386195752539243 3673.0 0.0
0.13873499538319484 3673.0 0.0
0.14092797783933517 3674.0 0.0
0.1458910433979686 3691.0 0.0
0.14635272391505078 2654.0 0.0
0.14658356417359186 2654.0 0.0
0.14704524469067407 2654.0 0.0
0.14785318559556787 2751.0 0.0
0.15039242843951986 3595.0 0.0
0.15096952908587258 3595.0 0.0
0.15120036934441367 3595.0 0.0
0.1513157894736842 3595.0 0.0
0.1523545706371191 3619.0 0.0
0.15246999076638965 3619.0 0.0
0.15327793167128348 3619.0 0.0
0.15339335180055402 3619.0 0.0
0.15350877192982457 3619.0 0.0
0.1536241920590951 3619.0 0.0
0.15373961218836565 3619.0 0.0
0.15466297322253 3619.0 0.0
0.15477839335180055 3619.0 0.0
0.1548938134810711 3619.0 0.0
0.16078024007386887 3652.0 0.0
0.16089566020313942 3652.0 0.0
0.16101108033240996 3652.0 0.0
0.1611265004616805 3652.0 0.0
0.16124192059095105 3652.0 0.0
0.16135734072022162 3652.0 0.0
0.1757848568790397 3972.0 0.0
0.17590027700831026 3972.0 0.0
0.17647737765466298 3972.0 0.0
0.17843951985226222 3972.0 0.0
0.17947830101569714 3972.0 0.0
0.18513388734995384 3981.0 0.0
0.19136657433056325 4805.0 0.0
0.19413665743305633 3813.0 0.0
0.19436749769159742 3813.0 0.0
0.19494459833795014 4812.0 0.0
0.19506001846722068 3814.0 0.0
0.19517543859649122 3814.0 0.0
0.1954062788550323 3814.0 0.0
0.19575253924284394 3814.0 0.0
0.1958679593721145 3814.0 0.0
0.19598337950138503 3814.0 0.0
0.19621421975992612 3814.0 0.0
0.1963296398891967 3814.0 0.0
0.19644506001846723 3814.0 0.0
0.21064173591874422 3824.0 0.0
0.22530009233610343 4612.0 0.0
0.22541551246537397 4612.0 0.0
0.2257617728531856 4612.0 0.0
0.22864727608494922 4618.0 0.0
0.23199445983379502 4655.0 0.0
0.23210987996306556 4655.0 0.0
0.23603416435826408 4656.0 0.0
0.23626500461680516 4656.0 0.0
0.23938134810710987 4661.0 0.0
0.23949676823638041 4661.0 0.0
0.23961218836565096 4661.0 0.0
0.23995844875346262 4661.0 0.0
0.24007386888273316 4297.5 0.0
0.24053554939981533 4661.0 0.0
0.2409972299168975 4661.0 0.0
0.2412280701754386 4674.0 0.0
0.24145891043397968 4674.0 0.0
0.24157433056325023 4674.0 0.0
0.24469067405355494 4674.0 0.0
0.24480609418282548 4674.0 0.0
0.24503693444136657 4674.0 0.0
0.24549861495844874 4678.0 0.0
0.24561403508771928 4678.0 0.0
0.24572945521698986 4681.0 0.0
0.24596029547553094 4681.0 0.0
0.24619113573407203 4681.0 0.0
0.24630655586334257 4681.0 0.0
0.2466528162511542 4681.0 0.0
0.24699907663896584 3962.0 0.0
0.247460757156048 4681.0 0.0
0.24757617728531855 4681.0 0.0
0.2476915974145891 4681.0 0.0
0.24780701754385964 4681.0 0.0
0.29605263157894735 4707.0 0.0
0.2980147737765466 4708.0 0.0
0.2996306555863343 4710.0 0.0
0.4474838411819021 4856.0 0.0
0.558056325023084 5230.0 0.0
0.7530009233610342 6311.0 0.0
1.0 6721.0 0.0
