9499013
0.0001 1684 0 0
0.0001 2664 0 0
0.0002 4408 0 0
0.0003 5807 0 0
0.0003 7360 0 0
0.0004 7934 0 0
0.0005 10189 0 0
0.0006 10881 0 0
0.0006 11739 0 0
0.0007 12608 0 0
0.0008 14068 0 0
0.0008 15670 0 0
0.0009 14923 0 0
0.0010 16869 0 0
0.0010 18725 0 0
0.0011 19470 0 0
0.0012 20902 0 0
0.0012 21216 0 0
0.0013 21386 0 0
0.0014 23299 0 0
0.0015 22341 0 0
0.0015 26791 0 0
0.0016 26377 0 0
0.0017 26153 0 0
0.0017 25768 0 0
0.0018 27462 0 0
0.0019 31360 0 0
0.0019 30633 0 0
0.0020 32818 0 0
0.0021 31869 0 0
0.0021 35463 0 0
0.0022 34515 0 0
0.0023 33555 0 0
0.0024 34247 0 0
0.0024 35420 0 0
0.0025 34980 0 0
0.0026 39604 0 0
0.0026 44981 0 0
0.0027 41563 0 0
0.0028 44100 0 0
0.0028 40411 0 0
0.0029 41122 0 0
0.0030 41315 0 0
0.0030 50516 0 0
0.0031 45928 0 0
0.0032 43857 0 0
0.0033 44952 0 0
0.0033 51585 0 0
0.0034 48649 0 0
0.0035 48312 0 0
0.0035 47194 0 0
0.0036 49063 0 0
0.0037 60047 0 0
0.0037 51413 0 0
0.0038 54972 0 0
0.0039 59294 0 0
0.0039 59980 0 0
0.0040 48818 0 0
0.0041 61974 0 0
0.0042 55632 0 0
0.0042 62739 0 0
0.0043 68367 0 0
0.0044 65800 0 0
0.0044 66650 0 0
0.0045 62671 0 0
0.0046 64013 0 0
0.0046 61514 0 0
0.0047 58716 0 0
0.0048 77040 0 0
0.0048 68066 0 0
0.0049 85159 0 0
0.0050 70908 0 0
0.0051 70841 0 0
0.0051 78508 0 0
0.0052 67390 0 0
0.0053 72927 0 0
0.0053 65656 0 0
0.0054 77530 0 0
0.0055 94689 0 0
0.0055 78655 0 0
0.0056 68321 0 0
0.0057 79422 0 0
0.0057 76538 0 0
0.0058 76661 0 0
0.0059 83145 0 0
0.0060 79560 0 0
0.0060 81328 0 0
0.0061 111784 0 0
0.0062 79141 0 0
0.0062 82234 0 0
0.0063 94948 0 0
0.0064 82142 0 0
0.0064 81141 0 0
0.0065 99953 0 0
0.0066 83276 0 0
0.0067 211812 0 0
0.0067 116636 0 0
0.0068 86720 0 0
0.0069 66582 0 0
0.0069 77883 0 0
0.0070 67976 0 0
0.0071 83286 0 0
0.0071 106706 0 0
0.0072 101763 0 0
0.0073 89294 0 0
0.0073 105906 0 0
0.0074 109265 0 0
0.0076 184950 0 0
0.0076 113759 0 0
0.0077 71051 0 0
0.0078 128438 0 0
0.0078 83370 0 0
0.0080 112074 0 0
0.0080 86317 0 0
0.0081 64932 0 0
0.0082 128535 0 0
0.0082 101354 0 0
0.0083 90501 0 0
0.0084 111820 0 0
0.0085 117501 0 0
0.0087 116078 0 0
0.0088 140824 0 0
0.0089 121831 0 0
0.0090 134784 0 0
0.0091 124621 0 0
0.0091 101456 0 0
0.0092 128602 0 0
0.0093 195164 0 0
0.0094 124607 0 0
0.0095 162493 0 0
0.0096 123494 0 0
0.0096 155509 0 0
0.0098 140277 0 0
0.0099 111365 0 0
0.0100 85123 0 0
0.0101 123813 0 0
0.0102 99508 0 0
0.0103 108581 0 0
0.0103 120747 0 0
0.0104 187081 0 0
0.0105 123752 0 0
0.0105 108244 0 0
0.0107 92092 0 0
0.0108 251242 0 0
0.0113 237276 0 0
0.0114 209248 0 0
0.0116 266645 0 0
0.0117 155473 0 0
0.0118 145004 0 0
0.0124 175641 0 0
0.0128 176868 0 0
0.0129 192380 0 0
0.0130 219776 0 0
0.0130 184485 0 0
0.0131 201240 0 0
0.0132 140839 0 0
0.0133 137247 0 0
0.0135 164163 0 0
0.0136 201769 0 0
0.0137 145415 0 0
0.0139 184157 0 0
0.0140 109057 0 0
0.0142 233385 0 0
0.0143 237154 0 0
0.0145 155852 0 0
0.0146 418667 0 0
0.0149 330121 0 0
0.0152 190072 0 0
0.0154 215438 0 0
0.0155 229390 0 0
0.0159 267259 0 0
0.0160 212135 0 0
0.0163 232482 0 0
0.0165 317661 0 0
0.0172 318126 0 0
0.0172 246277 0 0
0.0175 146149 0 0
0.0175 317533 0 0
0.0177 528917 0 0
0.0179 218342 0 0
0.0179 298638 0 0
0.0181 216481 0 0
0.0184 252294 0 0
0.0185 332161 0 0
0.0192 274705 0 0
0.0193 357709 0 0
0.0195 336068 0 0
0.0196 232984 0 0
0.0198 321984 0 0
0.0205 357601 0 0
0.0206 336281 0 0
0.0206 375638 0 0
0.0210 337681 0 0
0.0211 314727 0 0
0.0212 248467 0 0
0.0215 253515 0 0
0.0216 400142 0 0
0.0217 494993 0 0
0.0218 365506 0 0
0.0218 372248 0 0
0.0219 432862 0 0
0.0220 202884 0 0
0.0229 406061 0 0
0.0236 406806 0 0
0.0240 390772 0 0
0.0244 411204 0 0
0.0248 271789 0 0
0.0252 334847 0 0
0.0255 417985 0 0
0.0256 467032 0 0
0.0256 443747 0 0
0.0260 413176 0 0
0.0263 238810 0 0
0.0264 386697 0 0
0.0269 475114 0 0
0.0269 505360 0 0
0.0272 404696 0 0
0.0276 411523 0 0
0.0276 546034 0 0
0.0278 462867 0 0
0.0279 283748 0 0
0.0283 399682 0 0
0.0285 476959 0 0
0.0287 305243 0 0
0.0292 614434 0 0
0.0294 492806 0 0
0.0298 351864 0 0
0.0301 484843 0 0
0.0303 340784 0 0
0.0308 500601 0 0
0.0311 340948 0 0
0.0318 560897 0 0
0.0319 476598 0 0
0.0325 530503 0 0
0.0327 459722 0 0
0.0328 567268 0 0
0.0330 367432 0 0
0.0335 541291 0 0
0.0337 388170 0 0
0.0340 515397 0 0
0.0345 703033 0 0
0.0346 754510 0 0
0.0349 547466 0 0
0.0351 609918 0 0
0.0352 583938 0 0
0.0355 379672 0 0
0.0355 582846 0 0
0.0362 427256 0 0
0.0362 598681 0 0
0.0365 731221 0 0
0.0367 570768 0 0
0.0368 637961 0 0
0.0373 491953 0 0
0.0375 446224 0 0
0.0378 507707 0 0
0.0383 587604 0 0
0.0394 576221 0 0
0.0403 544704 0 0
0.0404 807293 0 0
0.0408 551219 0 0
0.0409 623362 0 0
0.0411 579509 0 0
0.0414 547126 0 0
0.0415 470242 0 0
0.0427 481256 0 0
0.0436 603259 0 0
0.0439 695102 0 0
0.0451 677160 0 0
0.0452 620094 0 0
0.0459 607225 0 0
0.0499 665693 0 0
0.0500 728725 0 0
0.1000 1130499 0 0
0.1500 1722574 0 0
0.2001 2261424 0 0
0.2501 2862416 0 0
0.3001 3436188 0 0
0.3500 3801625 0 0
0.4000 4287618 0 0
0.4501 4632716 0 0
0.5000 5057351 0 0
0.5500 5443865 0 0
0.6000 5882458 0 0
0.6500 6308802 0 0
0.7000 6869776 0 0
0.7500 7274091 0 0
0.8000 7636552 0 0
0.8500 8032618 0 0
0.9000 8461929 0 0
0.9500 9011668 0 0
1.0000 9499013 0 0
