696697
0.00011542012927054478 781.8985457063712 0.0
0.00023084025854108956 1189.4140834290088 0.0
0.00034626038781163435 1763.7071651090343 0.0
0.0004616805170821791 2187.690936106984 0.0
0.0005771006463527239 2793.2693156732894 0.0
0.0006925207756232687 2991.823708206687 0.0
0.0008079409048938135 3269.098484848485 0.0
0.0009233610341643582 4005.148837209302 0.0
0.001038781163434903 4408.0432432432435 0.0
0.0011542012927054479 4364.919540229885 0.0
0.0012696214219759926 4939.067796610169 0.0
0.0013850415512465374 5370.626016260163 0.0
0.0015004616805170822 5386.970297029703 0.0
0.001615881809787627 5664.349514563107 0.0
0.0017313019390581717 5846.701149425287 0.0
0.0018467220683287165 6354.666666666667 0.0
0.0019621421975992612 5833.191780821918 0.0
0.002077562326869806 6149.569230769231 0.0
0.0021929824561403508 5626.709090909091 0.0
0.0023084025854108957 6616.803278688524 0.0
0.0024238227146814403 6916.8490566037735 0.0
0.0025392428439519853 5919.75 0.0
0.00265466297322253 7268.314285714286 0.0
0.002770083102493075 7476.388888888889 0.0
0.0028855032317636198 7350.8421052631575 0.0
0.0030009233610341643 7584.807692307692 0.0
0.0031163434903047093 7283.961538461538 0.0
0.003231763619575254 7854.170731707317 0.0
0.003347183748845799 7996.461538461538 0.0
0.0034626038781163434 8104.25 0.0
0.0035780240073868884 10304.346153846154 0.0
0.003693444136657433 9490.5 0.0
0.003808864265927978 9213.8 0.0
0.0039242843951985225 8699.208333333334 0.0
0.004039704524469067 9114.25 0.0
0.004155124653739612 9305.12 0.0
0.004270544783010157 11862.72 0.0
0.0043859649122807015 11008.2 0.0
0.004501385041551247 9664.5 0.0
0.0046168051708217915 10540.57142857143 0.0
0.004732225300092336 8918.8125 0.0
0.004847645429362881 9743.869565217392 0.0
0.004963065558633426 12580.35 0.0
0.0050784856879039705 11789.35 0.0
0.005193905817174515 12129.625 0.0
0.00530932594644506 10989.538461538461 0.0
0.005424746075715605 8466.5 0.0
0.00554016620498615 14704.25 0.0
0.005655586334256694 14136.333333333334 0.0
0.0057710064635272396 14399.181818181818 0.0
0.005886426592797784 14388.714285714286 0.0
0.006001846722068329 12054.416666666666 0.0
0.006117266851338873 12492.466666666667 0.0
0.006232686980609419 13384.357142857143 0.0
0.006348107109879963 14538.933333333332 0.0
0.006463527239150508 12802.818181818182 0.0
0.006578947368421052 14259.785714285714 0.0
0.006694367497691598 14513.181818181818 0.0
0.006809787626962142 17074.846153846152 0.0
0.006925207756232687 15719.545454545454 0.0
0.007040627885503232 17350.5 0.0
0.007156048014773777 16868.090909090908 0.0
0.007271468144044321 15458.8 0.0
0.007386888273314866 16739.615384615383 0.0
0.007502308402585411 16500.4 0.0
0.007617728531855956 20345.571428571428 0.0
0.0077331486611265 16840.545454545456 0.0
0.007848568790397045 16249.777777777777 0.0
0.00796398891966759 13508.8 0.0
0.008079409048938134 15082.57142857143 0.0
0.00819482917820868 17734.083333333332 0.0
0.008310249307479225 17446.9375 0.0
0.008425669436749769 15738.285714285714 0.0
0.008541089566020314 15001.818181818182 0.0
0.00865650969529086 12598.5 0.0
0.008771929824561403 15434.285714285714 0.0
0.008887349953831948 16398.5 0.0
0.009002770083102494 13824.875 0.0
0.009118190212373038 16063.888888888889 0.0
0.009233610341643583 19189.25 0.0
0.009349030470914127 16737.14285714286 0.0
0.009464450600184672 15568.333333333334 0.0
0.009579870729455217 18041.14285714286 0.0
0.009695290858725761 17101.125 0.0
0.009810710987996307 19106.0 0.0
0.009926131117266852 21730.9 0.0
0.010041551246537396 24242.625 0.0
0.010156971375807941 18806.0 0.0
0.010272391505078486 19994.666666666668 0.0
0.01038781163434903 19100.0 0.0
0.010503231763619576 17801.666666666668 0.0
0.01061865189289012 23203.666666666668 0.0
0.010734072022160665 16212.666666666666 0.0
0.01084949215143121 18046.8 0.0
0.010964912280701754 22466.6 0.0
0.0110803324099723 20108.75 0.0
0.011195752539242845 24904.0 0.0
0.011311172668513388 19753.166666666668 0.0
0.011426592797783934 16649.0 0.0
0.011542012927054479 25337.0 0.0
0.011657433056325023 23626.0 0.0
0.011772853185595568 25410.0 0.0
0.011888273314866112 27977.75 0.0
0.012003693444136657 25744.8 0.0
0.012119113573407203 28981.5 0.0
0.012234533702677746 24128.0 0.0
0.012349953831948292 25573.666666666668 0.0
0.012465373961218837 27144.0 0.0
0.012580794090489381 25932.666666666668 0.0
0.012696214219759926 22703.0 0.0
0.012811634349030472 25072.5 0.0
0.012927054478301015 21043.666666666668 0.0
0.01304247460757156 24853.666666666668 0.0
0.013157894736842105 25522.714285714286 0.0
0.01327331486611265 26626.166666666668 0.0
0.013388734995383195 25840.555555555555 0.0
0.013504155124653739 25904.5 0.0
0.013619575253924284 23870.6 0.0
0.01373499538319483 22787.6 0.0
0.013850415512465374 28167.625 0.0
0.013965835641735919 18380.0 0.0
0.014081255771006464 20636.0 0.0
0.014196675900277008 24489.5 0.0
0.014312096029547553 20042.5 0.0
0.014427516158818097 26097.666666666668 0.0
0.014542936288088643 30613.0 0.0
0.014658356417359188 30976.0 0.0
0.014773776546629732 29434.25 0.0
0.015004616805170823 27409.833333333332 0.0
0.015120036934441366 29384.333333333332 0.0
0.015235457063711912 24066.666666666668 0.0
0.015581717451523546 28948.6 0.0
0.01569713758079409 28998.333333333332 0.0
0.015812557710064637 28532.666666666668 0.0
0.01592797783933518 32874.0 0.0
0.016043397968605724 36537.5 0.0
0.016158818097876268 36170.0 0.0
0.016274238227146815 26967.333333333332 0.0
0.01638965835641736 28729.333333333332 0.0
0.016505078485687903 32802.0 0.0
0.01662049861495845 34598.666666666664 0.0
0.016735918744228993 34241.0 0.0
0.016851338873499537 40764.6 0.0
0.016966759002770084 35166.0 0.0
0.017082179132040628 32873.6 0.0
0.01719759926131117 31665.75 0.0
0.01731301939058172 27603.0 0.0
0.017543859649122806 32943.0 0.0
0.017659279778393353 35612.5 0.0
0.017774699907663897 25099.5 0.0
0.018005540166204988 36858.0 0.0
0.01812096029547553 32577.666666666668 0.0
0.018236380424746075 29796.25 0.0
0.018351800554016622 26230.5 0.0
0.018467220683287166 39022.0 0.0
0.01858264081255771 35338.0 0.0
0.018698060941828253 37129.0 0.0
0.0188134810710988 37159.0 0.0
0.018928901200369344 38297.0 0.0
0.019044321329639888 28055.5 0.0
0.019159741458910435 29496.25 0.0
0.01927516158818098 31667.0 0.0
0.019390581717451522 32258.25 0.0
0.01950600184672207 34434.5 0.0
0.019621421975992613 38533.666666666664 0.0
0.019736842105263157 26916.0 0.0
0.019852262234533704 24815.0 0.0
0.019967682363804248 26196.0 0.0
0.02008310249307479 26597.5 0.0
0.02019852262234534 40326.0 0.0
0.020313942751615882 34500.0 0.0
0.020429362880886426 36712.333333333336 0.0
0.020544783010156973 36923.0 0.0
0.020660203139427517 33236.666666666664 0.0
0.02077562326869806 34601.0 0.0
0.020891043397968604 32734.0 0.0
0.02100646352723915 29339.0 0.0
0.021121883656509695 32937.0 0.0
0.02123730378578024 34107.0 0.0
0.021352723915050786 37022.75 0.0
0.02146814404432133 37492.333333333336 0.0
0.021583564173591873 31275.0 0.0
0.021814404432132964 36574.5 0.0
0.021929824561403508 40030.75 0.0
0.022045244690674055 37146.5 0.0
0.0221606648199446 36534.25 0.0
0.022276084949215142 36772.5 0.0
0.02239150507848569 36817.5 0.0
0.022506925207756233 35695.333333333336 0.0
0.022622345337026777 34901.0 0.0
0.022737765466297324 27751.75 0.0
0.022853185595567867 32682.5 0.0
0.02296860572483841 29673.0 0.0
0.023084025854108958 31283.6 0.0
0.023199445983379502 35288.0 0.0
0.023314866112650046 34131.0 0.0
0.02343028624192059 33855.0 0.0
0.023545706371191136 36211.5 0.0
0.02366112650046168 37248.0 0.0
0.023776546629732224 29647.0 0.0
0.02389196675900277 76392.0 0.0
0.024007386888273315 32653.0 0.0
0.02412280701754386 38357.0 0.0
0.024238227146814405 33263.0 0.0
0.02435364727608495 35014.25 0.0
0.024469067405355493 43521.5 0.0
0.02458448753462604 33133.0 0.0
0.024699907663896584 32742.0 0.0
0.024815327793167127 41297.0 0.0
0.024930747922437674 42511.0 0.0
0.025046168051708218 37207.25 0.0
0.025161588180978762 41475.5 0.0
0.02527700831024931 41531.5 0.0
0.025392428439519853 37979.0 0.0
0.025507848568790396 42643.0 0.0
0.025623268698060944 39283.0 0.0
0.025738688827331487 32699.0 0.0
0.02585410895660203 48215.0 0.0
0.02608494921514312 46868.75 0.0
0.026200369344413665 41629.0 0.0
0.02631578947368421 40327.0 0.0
0.0265466297322253 27499.0 0.0
0.026662049861495844 49126.0 0.0
0.02677746999076639 21148.0 0.0
0.026892890120036934 40279.0 0.0
0.027008310249307478 33973.0 0.0
0.027123730378578025 30529.0 0.0
0.02723915050784857 21665.0 0.0
0.027354570637119113 21667.0 0.0
0.02746999076638966 35970.333333333336 0.0
0.027585410895660203 61246.0 0.0
0.027700831024930747 21680.0 0.0
0.027816251154201294 49468.0 0.0
0.027931671283471838 33791.333333333336 0.0
0.02804709141274238 40124.0 0.0
0.02816251154201293 31276.0 0.0
0.028277931671283472 36962.75 0.0
0.028393351800554016 36393.333333333336 0.0
0.02850877192982456 36474.0 0.0
0.028624192059095107 42096.0 0.0
0.02873961218836565 41437.75 0.0
0.028855032317636194 47719.666666666664 0.0
0.02897045244690674 54311.0 0.0
0.029085872576177285 44557.0 0.0
0.029316712834718376 36245.0 0.0
0.02943213296398892 39623.0 0.0
0.029547553093259463 65437.333333333336 0.0
0.02966297322253001 64132.75 0.0
0.029778393351800554 52570.0 0.0
0.029893813481071098 76220.0 0.0
0.030009233610341645 50422.0 0.0
0.03012465373961219 44447.0 0.0
0.030240073868882732 39804.0 0.0
0.03035549399815328 69906.5 0.0
0.030470914127423823 52537.5 0.0
0.030586334256694367 65270.0 0.0
0.030932594644506 23688.0 0.0
0.031163434903047092 23706.0 0.0
0.031278855032317636 23743.0 0.0
0.03139427516158818 100328.0 0.0
0.031625115420129274 41112.0 0.0
0.03174053554939982 33297.0 0.0
0.031971375807940905 33321.0 0.0
0.03208679593721145 43126.0 0.0
0.03220221606648199 43134.0 0.0
0.03277931671283472 105087.0 0.0
0.03289473684210526 50601.0 0.0
0.033010156971375805 53610.0 0.0
0.033125577100646356 53619.0 0.0
0.03335641735918744 43485.0 0.0
0.03347183748845799 43500.0 0.0
0.03358725761772853 67606.0 0.0
0.033702677746999074 49462.0 0.0
0.033818097876269625 48549.333333333336 0.0
0.03404893813481071 49452.666666666664 0.0
0.034164358264081256 51031.0 0.0
0.0342797783933518 47333.5 0.0
0.03439519852262234 47478.0 0.0
0.03451061865189289 47681.5 0.0
0.03462603878116344 51301.0 0.0
0.034856879039704525 60810.0 0.0
0.03497229916897507 60813.0 0.0
0.03508771929824561 60836.0 0.0
0.035203139427516156 65400.666666666664 0.0
0.035318559556786706 90299.0 0.0
0.035549399815327794 67918.0 0.0
0.03566481994459834 46965.0 0.0
0.036011080332409975 90530.0 0.0
0.03612650046168052 53239.666666666664 0.0
0.03624192059095106 60430.5 0.0
0.03647276084949215 59564.0 0.0
0.036588180978762694 53328.5 0.0
0.036703601108033244 53630.0 0.0
0.03681902123730379 49081.666666666664 0.0
0.03693444136657433 49813.0 0.0
0.037049861495844875 50690.0 0.0
0.03716528162511542 54031.0 0.0
0.03728070175438596 61108.0 0.0
0.037396121883656507 64656.5 0.0
0.03751154201292706 61544.0 0.0
0.0376269621421976 61547.0 0.0
0.037742382271468145 46886.0 0.0
0.03785780240073869 67836.0 0.0
0.03797322253000923 50821.0 0.0
0.038088642659279776 58307.5 0.0
0.038204062788550326 54581.0 0.0
0.03831948291782087 47843.0 0.0
0.038434903047091414 68086.0 0.0
0.03855032317636196 69300.0 0.0
0.0386657433056325 53851.0 0.0
0.038781163434903045 69377.0 0.0
0.03901200369344414 69388.0 0.0
0.03912742382271468 68801.5 0.0
0.039242843951985226 64833.0 0.0
0.03935826408125577 55710.333333333336 0.0
0.039473684210526314 68818.0 0.0
0.03970452446906741 54381.0 0.0
0.04005078485687904 54692.0 0.0
0.04016620498614958 56141.0 0.0
0.040281625115420126 57473.0 0.0
0.04039704524469068 57476.0 0.0
0.04051246537396122 57532.0 0.0
0.040627885503231764 48747.0 0.0
0.04074330563250231 57536.0 0.0
0.040974145891043395 42238.0 0.0
0.041089566020313946 46683.5 0.0
0.04120498614958449 45313.5 0.0
0.04132040627885503 48097.666666666664 0.0
0.04143582640812558 43025.0 0.0
0.041666666666666664 59481.0 0.0
0.04189750692520776 59493.0 0.0
0.0420129270544783 47351.0 0.0
0.042128347183748846 48275.0 0.0
0.04235918744228993 51299.0 0.0
0.04259002770083103 45219.5 0.0
0.04270544783010157 49807.0 0.0
0.0430517082179132 49979.0 0.0
0.04420590951061865 54528.0 0.0
0.0443213296398892 81521.0 0.0
0.04443674976915974 95472.5 0.0
0.045013850415512466 58751.0 0.0
0.04524469067405355 58992.0 0.0
0.0453601108033241 54553.5 0.0
0.04547553093259465 54571.5 0.0
0.04559095106186519 59199.0 0.0
0.045706371191135735 50203.0 0.0
0.04582179132040628 70526.0 0.0
0.04593721144967682 68251.0 0.0
0.046052631578947366 68255.0 0.0
0.046168051708217916 68256.0 0.0
0.04628347183748846 68363.0 0.0
0.046398891966759004 68402.0 0.0
0.04662973222530009 139960.5 0.0
0.046745152354570635 81711.0 0.0
0.04686057248384118 69925.0 0.0
0.04709141274238227 69945.0 0.0
0.04720683287165282 82247.0 0.0
0.04732225300092336 69983.0 0.0
0.047668513388735 71310.0 0.0
0.04778393351800554 71412.0 0.0
0.04801477377654663 85871.0 0.0
0.04824561403508772 72509.0 0.0
0.04836103416435827 72543.0 0.0
0.049284395198522624 86203.0 0.0
0.04997691597414589 55412.0 0.0
0.050092336103416436 86303.0 0.0
0.05020775623268698 70866.0 0.0
0.050323176361957524 70871.5 0.0
0.05043859649122807 55436.0 0.0
0.05055401662049862 65329.5 0.0
0.05066943674976916 65722.33333333333 0.0
0.050784856879039705 51565.0 0.0
0.05090027700831025 47577.0 0.0
0.05101569713758079 61535.0 0.0
0.051131117266851336 51606.5 0.0
0.05124653739612189 55582.0 0.0
0.05136195752539243 51665.0 0.0
0.051477377654662974 55619.0 0.0
0.05170821791320406 64430.5 0.0
0.051823638042474605 55643.0 0.0
0.05193905817174515 55706.0 0.0
0.05240073868882733 73337.0 0.0
0.052516158818097874 54193.0 0.0
0.05263157894736842 60643.333333333336 0.0
0.05343951985226224 73074.0 0.0
0.05355493998153278 63459.5 0.0
0.053670360110803325 73315.0 0.0
0.05378578024007387 53861.0 0.0
0.05424746075715605 53873.0 0.0
0.054362880886426594 72301.0 0.0
0.05447830101569714 63111.0 0.0
0.054709141274238225 72389.0 0.0
0.05517082179132041 54161.0 0.0
0.05528624192059095 72431.0 0.0
0.055401662049861494 72432.0 0.0
0.05563250230840259 55348.0 0.0
0.055863342566943676 63993.0 0.0
0.05597876269621422 63995.0 0.0
0.05609418282548476 64000.0 0.0
0.05620960295475531 55387.0 0.0
0.0564404432132964 56388.0 0.0
0.05736380424746076 74261.0 0.0
0.0574792243767313 65977.5 0.0
0.057594644506001845 56582.0 0.0
0.05771006463527239 67628.0 0.0
0.05782548476454294 67631.5 0.0
0.05794090489381348 78951.0 0.0
0.05805632502308403 78968.0 0.0
0.058287165281625114 57228.0 0.0
0.05863342566943675 55732.0 0.0
0.058748845798707296 56048.0 0.0
0.05921052631578947 75584.0 0.0
0.05932594644506002 75587.0 0.0
0.059441366574330565 56061.0 0.0
0.05955678670360111 65833.0 0.0
0.06001846722068329 75633.0 0.0
0.0608264081255771 79353.0 0.0
0.061980609418282546 80001.0 0.0
0.06221144967682364 77411.0 0.0
0.062326869806094184 77415.0 0.0
0.06244228993536473 77425.0 0.0
0.06278855032317636 77484.0 0.0
0.0629039704524469 78806.0 0.0
0.06301939058171745 80124.0 0.0
0.06348107109879964 80181.0 0.0
0.06463527239150507 59652.0 0.0
0.06567405355493998 80554.0 0.0
0.06578947368421052 80687.0 0.0
0.06740535549399815 220562.0 0.0
0.0695983379501385 139089.0 0.0
0.0698291782086796 139213.0 0.0
0.07029085872576177 139248.0 0.0
0.07040627885503231 139250.0 0.0
0.07052169898430287 139281.0 0.0
0.07063711911357341 139294.0 0.0
0.07132963988919667 81852.0 0.0
0.07156048014773776 81859.0 0.0
0.0716759002770083 82000.0 0.0
0.07202216066481995 81505.0 0.0
0.0729455216989843 142046.0 0.0
0.07329178208679593 142059.0 0.0
0.07352262234533703 142534.0 0.0
0.07363804247460758 142536.0 0.0
0.07398430286241921 65902.0 0.0
0.07409972299168975 65934.0 0.0
0.0742151431209603 65943.0 0.0
0.07594644506001846 66255.0 0.0
0.07640812557710065 66276.0 0.0
0.0765235457063712 66282.0 0.0
0.07663896583564174 66286.0 0.0
0.07721606648199446 145409.0 0.0
0.07790858725761773 66693.0 0.0
0.07802400738688828 66701.0 0.0
0.07813942751615882 66702.0 0.0
0.09245152354570638 93475.0 0.0
0.09360572483841181 93540.0 0.0
0.09545244690674054 103833.0 0.0
0.09833795013850416 94651.0 0.0
0.0984533702677747 94725.0 0.0
0.09868421052631579 94736.0 0.0
0.09983841181902124 113197.0 0.0
0.10087719298245613 82093.0 0.0
0.10099261311172668 82409.0 0.0
0.10526315789473684 87500.0 0.0
0.10653277931671283 115386.0 0.0
0.10676361957525392 115391.0 0.0
0.1072253000923361 115418.0 0.0
0.10734072022160665 115440.0 0.0
0.1074561403508772 115442.0 0.0
0.10768698060941828 115488.0 0.0
0.11438134810710988 112583.0 0.0
0.11553554939981532 141027.0 0.0
0.11611265004616805 141958.0 0.0
0.11645891043397968 158792.0 0.0
0.11657433056325023 157185.0 0.0
0.1252308402585411 129441.0 0.0
0.12823176361957525 191360.0 0.0
0.13804247460757155 164527.0 0.0
0.1925207756232687 146265.0 0.0
0.25346260387811637 264037.0 0.0
0.308056325023084 240211.0 0.0
0.3208679593721145 422040.0 0.0
0.4374422899353647 505854.0 0.0
0.4460987996306556 306504.0 0.0
0.5539012003693444 571611.0 0.0
1.0 696697.0 0.0
