10719
0.00011542012927054478 965.6218836565097 0.0
0.00023084025854108956 1472.0355857656937 0.0
0.00034626038781163435 1999.0432692307693 0.0
0.0004616805170821791 2282.541055718475 0.0
0.0005771006463527239 2544.820459290188 0.0
0.0006925207756232687 2852.0317919075146 0.0
0.0008079409048938135 3021.1165413533836 0.0
0.0009233610341643582 3148.1330275229357 0.0
0.001038781163434903 3340.311111111111 0.0
0.0011542012927054479 3510.801470588235 0.0
0.0012696214219759926 3522.5714285714284 0.0
0.0013850415512465374 3661.0 0.0
0.0015004616805170822 3748.295918367347 0.0
0.001615881809787627 3765.4105263157894 0.0
0.0017313019390581717 3838.296296296296 0.0
0.0018467220683287165 3966.269230769231 0.0
0.0019621421975992612 3927.402777777778 0.0
0.002077562326869806 4048.3606557377047 0.0
0.0021929824561403508 4047.222222222222 0.0
0.0023084025854108957 4177.977777777778 0.0
0.0024238227146814403 4104.583333333333 0.0
0.0025392428439519853 4272.106382978724 0.0
0.00265466297322253 4255.7 0.0
0.002770083102493075 4346.895833333333 0.0
0.0028855032317636198 4313.893617021276 0.0
0.0030009233610341643 4349.069767441861 0.0
0.0031163434903047093 4511.0 0.0
0.003231763619575254 4448.6 0.0
0.003347183748845799 4518.25 0.0
0.0034626038781163434 4514.0 0.0
0.0035780240073868884 4373.8 0.0
0.003693444136657433 4567.913043478261 0.0
0.003808864265927978 4587.382352941177 0.0
0.0039242843951985225 4573.851851851852 0.0
0.004039704524469067 4505.16 0.0
0.004155124653739612 4587.1578947368425 0.0
0.004270544783010157 4819.521739130435 0.0
0.0043859649122807015 4621.2 0.0
0.004501385041551247 4886.105263157895 0.0
0.0046168051708217915 4714.666666666667 0.0
0.004732225300092336 4624.833333333333 0.0
0.004847645429362881 4696.5 0.0
0.004963065558633426 4757.588235294118 0.0
0.0050784856879039705 4734.666666666667 0.0
0.005193905817174515 4795.823529411765 0.0
0.00530932594644506 4776.533333333334 0.0
0.005424746075715605 4921.0 0.0
0.00554016620498615 4920.058823529412 0.0
0.005655586334256694 4920.5 0.0
0.0057710064635272396 4912.666666666667 0.0
0.005886426592797784 4911.235294117647 0.0
0.006001846722068329 4852.0 0.0
0.006117266851338873 4838.75 0.0
0.006232686980609419 4724.777777777777 0.0
0.006348107109879963 4941.6 0.0
0.006463527239150508 4936.125 0.0
0.006578947368421052 5025.294117647059 0.0
0.006694367497691598 5089.933333333333 0.0
0.006809787626962142 5117.454545454545 0.0
0.006925207756232687 5241.3 0.0
0.007040627885503232 5121.25 0.0
0.007156048014773777 5141.125 0.0
0.007271468144044321 5106.714285714285 0.0
0.007386888273314866 5173.625 0.0
0.007502308402585411 5261.125 0.0
0.007617728531855956 5118.166666666667 0.0
0.0077331486611265 5362.0 0.0
0.007848568790397045 5079.142857142857 0.0
0.00796398891966759 4984.0 0.0
0.008079409048938134 5081.6 0.0
0.00819482917820868 6057.0 0.0
0.008310249307479225 4793.666666666667 0.0
0.008425669436749769 5276.625 0.0
0.008541089566020314 5225.75 0.0
0.00865650969529086 4980.571428571428 0.0
0.008771929824561403 4913.666666666667 0.0
0.008887349953831948 4947.0 0.0
0.009002770083102494 5046.0 0.0
0.009118190212373038 5085.333333333333 0.0
0.009233610341643583 5223.0 0.0
0.009349030470914127 5308.777777777777 0.0
0.009464450600184672 5402.5 0.0
0.009579870729455217 5260.625 0.0
0.009695290858725761 5610.444444444444 0.0
0.009810710987996307 5138.6 0.0
0.009926131117266852 5220.777777777777 0.0
0.010041551246537396 5442.0 0.0
0.010156971375807941 5388.333333333333 0.0
0.010272391505078486 5439.428571428572 0.0
0.01038781163434903 5650.666666666667 0.0
0.010503231763619576 5603.0 0.0
0.01061865189289012 5411.0 0.0
0.010734072022160665 5390.5 0.0
0.01084949215143121 5279.0 0.0
0.010964912280701754 5186.2 0.0
0.0110803324099723 5683.25 0.0
0.011195752539242845 5474.875 0.0
0.011311172668513388 5653.0 0.0
0.011426592797783934 5793.666666666667 0.0
0.011542012927054479 5585.25 0.0
0.011657433056325023 5647.125 0.0
0.011772853185595568 5595.0 0.0
0.011888273314866112 5735.833333333333 0.0
0.012003693444136657 5522.333333333333 0.0
0.012119113573407203 5503.25 0.0
0.012234533702677746 5455.2 0.0
0.012349953831948292 5423.4 0.0
0.012465373961218837 5346.0 0.0
0.012580794090489381 5388.166666666667 0.0
0.012696214219759926 5341.0 0.0
0.012811634349030472 5599.0 0.0
0.012927054478301015 5511.166666666667 0.0
0.01304247460757156 5515.0 0.0
0.013157894736842105 5493.333333333333 0.0
0.01327331486611265 5492.166666666667 0.0
0.013388734995383195 5613.75 0.0
0.013504155124653739 5521.75 0.0
0.013619575253924284 5557.0 0.0
0.01373499538319483 5242.0 0.0
0.013850415512465374 5755.0 0.0
0.013965835641735919 5337.5 0.0
0.014081255771006464 5488.5 0.0
0.014196675900277008 5755.0 0.0
0.014312096029547553 5489.5 0.0
0.014427516158818097 5459.0 0.0
0.014658356417359188 5417.0 0.0
0.014773776546629732 5718.5 0.0
0.014889196675900277 5994.0 0.0
0.015004616805170823 5776.666666666667 0.0
0.015120036934441366 5771.0 0.0
0.015235457063711912 5496.0 0.0
0.015350877192982455 5752.6 0.0
0.015466297322253 5569.5 0.0
0.015581717451523546 5675.142857142857 0.0
0.01569713758079409 5681.2 0.0
0.015812557710064637 5495.2 0.0
0.01592797783933518 5708.75 0.0
0.016043397968605724 5859.25 0.0
0.016158818097876268 5431.75 0.0
0.016274238227146815 5601.0 0.0
0.01638965835641736 5753.0 0.0
0.016505078485687903 5767.0 0.0
0.01662049861495845 5579.0 0.0
0.016735918744228993 5546.0 0.0
0.016851338873499537 5513.0 0.0
0.016966759002770084 6055.0 0.0
0.017082179132040628 5467.333333333333 0.0
0.01719759926131117 5537.333333333333 0.0
0.01731301939058172 5626.0 0.0
0.017543859649122806 5697.0 0.0
0.017659279778393353 5651.666666666667 0.0
0.017774699907663897 5466.5 0.0
0.01789012003693444 5805.0 0.0
0.018005540166204988 5072.0 0.0
0.01812096029547553 5486.5 0.0
0.018236380424746075 5889.0 0.0
0.018351800554016622 5745.25 0.0
0.018467220683287166 5890.666666666667 0.0
0.018698060941828253 5885.0 0.0
0.0188134810710988 5510.0 0.0
0.018928901200369344 5709.0 0.0
0.019390581717451522 5710.0 0.0
0.019736842105263157 5329.0 0.0
0.019852262234533704 5337.0 0.0
0.02019852262234534 5768.0 0.0
0.020313942751615882 5768.0 0.0
0.020429362880886426 5768.0 0.0
0.020660203139427517 5690.0 0.0
0.02077562326869806 5574.666666666667 0.0
0.020891043397968604 5463.0 0.0
0.02100646352723915 6128.0 0.0
0.021121883656509695 5635.0 0.0
0.02123730378578024 5636.0 0.0
0.021352723915050786 5798.0 0.0
0.02146814404432133 5599.666666666667 0.0
0.021583564173591873 5798.0 0.0
0.02169898430286242 5368.0 0.0
0.021929824561403508 5578.5 0.0
0.022045244690674055 5480.5 0.0
0.0221606648199446 6054.0 0.0
0.022276084949215142 6054.0 0.0
0.02239150507848569 5899.666666666667 0.0
0.022622345337026777 5853.0 0.0
0.022737765466297324 5774.333333333333 0.0
0.022853185595567867 5933.0 0.0
0.02296860572483841 5944.666666666667 0.0
0.023084025854108958 5937.5 0.0
0.02343028624192059 5205.0 0.0
0.023776546629732224 6033.0 0.0
0.02389196675900277 6058.0 0.0
0.024007386888273315 5742.0 0.0
0.02412280701754386 6061.0 0.0
0.024238227146814405 5629.0 0.0
0.02435364727608495 5879.5 0.0
0.024469067405355493 5828.0 0.0
0.02458448753462604 5868.333333333333 0.0
0.024699907663896584 5880.0 0.0
0.024815327793167127 5863.0 0.0
0.024930747922437674 5927.5 0.0
0.025046168051708218 5743.0 0.0
0.025161588180978762 5846.5 0.0
0.02527700831024931 5811.25 0.0
0.025392428439519853 5947.333333333333 0.0
0.025507848568790396 6084.0 0.0
0.025623268698060944 6347.0 0.0
0.025738688827331487 6348.0 0.0
0.02585410895660203 5997.5 0.0
0.025969529085872575 6355.0 0.0
0.02608494921514312 5995.5 0.0
0.026200369344413665 6084.0 0.0
0.02631578947368421 5907.0 0.0
0.026431209602954756 6010.0 0.0
0.0265466297322253 5959.5 0.0
0.026662049861495844 5982.5 0.0
0.02677746999076639 5909.0 0.0
0.026892890120036934 5910.0 0.0
0.027123730378578025 6416.0 0.0
0.02723915050784857 6213.5 0.0
0.02746999076638966 6422.0 0.0
0.027585410895660203 6325.0 0.0
0.027700831024930747 5939.0 0.0
0.027816251154201294 6205.5 0.0
0.027931671283471838 6329.0 0.0
0.02804709141274238 6329.0 0.0
0.028393351800554016 6096.0 0.0
0.02850877192982456 5934.5 0.0
0.028855032317636194 6375.0 0.0
0.029085872576177285 6438.0 0.0
0.02920129270544783 6438.0 0.0
0.029547553093259463 6173.0 0.0
0.02966297322253001 6101.0 0.0
0.029778393351800554 6101.0 0.0
0.029893813481071098 5783.5 0.0
0.030470914127423823 6245.0 0.0
0.030586334256694367 6245.0 0.0
0.03139427516158818 6449.0 0.0
0.03150969529085872 6453.0 0.0
0.03243305632502309 6485.5 0.0
0.03254847645429363 6500.0 0.0
0.032663896583564174 6500.0 0.0
0.03277931671283472 5924.5 0.0
0.03289473684210526 5884.0 0.0
0.033125577100646356 6196.0 0.0
0.0332409972299169 6490.0 0.0
0.03335641735918744 6474.0 0.0
0.03347183748845799 6314.0 0.0
0.03358725761772853 6125.0 0.0
0.033702677746999074 6288.5 0.0
0.033818097876269625 6408.5 0.0
0.03393351800554017 6691.0 0.0
0.03404893813481071 5927.5 0.0
0.034164358264081256 6303.0 0.0
0.0342797783933518 5889.0 0.0
0.03439519852262234 6410.0 0.0
0.03451061865189289 6352.5 0.0
0.03462603878116344 6700.0 0.0
0.03497229916897507 6129.0 0.0
0.03508771929824561 6129.0 0.0
0.035549399815327794 6434.0 0.0
0.03566481994459834 6067.0 0.0
0.03578024007386888 5891.0 0.0
0.035895660203139425 5891.0 0.0
0.03612650046168052 6532.0 0.0
0.03624192059095106 6800.0 0.0
0.036357340720221606 6800.0 0.0
0.03647276084949215 6591.0 0.0
0.036588180978762694 6591.0 0.0
0.036703601108033244 5850.0 0.0
0.03693444136657433 6082.0 0.0
0.037049861495844875 5906.0 0.0
0.03716528162511542 6581.0 0.0
0.03728070175438596 6393.0 0.0
0.037396121883656507 6525.0 0.0
0.03751154201292706 6525.0 0.0
0.0376269621421976 6216.5 0.0
0.03785780240073869 5907.0 0.0
0.03831948291782087 6527.0 0.0
0.038434903047091414 6724.5 0.0
0.03855032317636196 6724.5 0.0
0.0386657433056325 6527.0 0.0
0.038781163434903045 6724.5 0.0
0.03912742382271468 6527.0 0.0
0.03935826408125577 6065.0 0.0
0.03970452446906741 6065.0 0.0
0.03981994459833795 6065.0 0.0
0.04005078485687904 6066.0 0.0
0.040281625115420126 6077.0 0.0
0.04039704524469068 6066.0 0.0
0.04051246537396122 6066.0 0.0
0.040627885503231764 6088.0 0.0
0.04132040627885503 6067.0 0.0
0.04143582640812558 6068.0 0.0
0.04155124653739612 6069.0 0.0
0.04178208679593721 6886.0 0.0
0.0420129270544783 5587.0 0.0
0.04224376731301939 6162.0 0.0
0.04235918744228993 6162.0 0.0
0.04247460757156048 6162.0 0.0
0.04259002770083103 6276.5 0.0
0.04270544783010157 6360.0 0.0
0.043167128347183746 6928.0 0.0
0.04374422899353647 6940.0 0.0
0.043859649122807015 6640.0 0.0
0.043975069252077566 6941.0 0.0
0.04409048938134811 6740.333333333333 0.0
0.04420590951061865 6349.0 0.0
0.045013850415512466 6938.5 0.0
0.04512927054478301 6668.666666666667 0.0
0.04524469067405355 6942.0 0.0
0.0453601108033241 6944.0 0.0
0.04547553093259465 6937.0 0.0
0.04559095106186519 6816.5 0.0
0.045706371191135735 6941.0 0.0
0.046052631578947366 6821.5 0.0
0.046168051708217916 6204.0 0.0
0.04628347183748846 6615.666666666667 0.0
0.046398891966759004 6204.0 0.0
0.04651431209602955 6616.666666666667 0.0
0.04662973222530009 6824.0 0.0
0.046745152354570635 6575.5 0.0
0.04686057248384118 6667.5 0.0
0.04697599261311173 7131.0 0.0
0.04709141274238227 6979.0 0.0
0.04720683287165282 6980.0 0.0
0.04732225300092336 6999.0 0.0
0.04755309325946445 7066.0 0.0
0.047668513388735 7133.0 0.0
0.04801477377654663 6703.0 0.0
0.04824561403508772 6930.0 0.0
0.04836103416435827 7078.0 0.0
0.04847645429362881 7156.0 0.0
0.048591874422899355 7078.5 0.0
0.0487072945521699 7158.0 0.0
0.04882271468144044 7158.0 0.0
0.048938134810710986 7001.0 0.0
0.04905355493998153 7158.0 0.0
0.04939981532779317 6706.0 0.0
0.049630655586334255 7001.0 0.0
0.0497460757156048 6707.0 0.0
0.04997691597414589 7002.0 0.0
0.050092336103416436 6856.0 0.0
0.05020775623268698 6715.0 0.0
0.050323176361957524 6541.0 0.0
0.05043859649122807 6547.5 0.0
0.05055401662049862 6692.0 0.0
0.05066943674976916 6859.5 0.0
0.05090027700831025 6718.0 0.0
0.05101569713758079 6718.0 0.0
0.051477377654662974 7009.0 0.0
0.05159279778393352 7009.0 0.0
0.05263157894736842 6719.0 0.0
0.05355493998153278 7011.0 0.0
0.054362880886426594 6398.0 0.0
0.05482456140350877 6719.0 0.0
0.05493998153277932 6719.0 0.0
0.05505540166204986 6641.0 0.0
0.05563250230840259 6410.0 0.0
0.05574792243767313 6410.0 0.0
0.05632502308402586 6438.0 0.0
0.0564404432132964 6438.0 0.0
0.056555863342566945 6771.666666666667 0.0
0.05667128347183749 6567.5 0.0
0.05678670360110803 6432.333333333333 0.0
0.056902123730378576 6570.0 0.0
0.05701754385964912 6288.5 0.0
0.05713296398891967 6157.0 0.0
0.057248384118190214 6288.5 0.0
0.05736380424746076 6669.0 0.0
0.0574792243767313 6157.0 0.0
0.057594644506001845 6420.0 0.0
0.05771006463527239 6420.0 0.0
0.05782548476454294 7181.0 0.0
0.05794090489381348 7181.0 0.0
0.05863342566943675 6904.5 0.0
0.058748845798707296 6498.0 0.0
0.05886426592797784 6331.5 0.0
0.05897968605724838 6908.0 0.0
0.05909510618651893 6771.333333333333 0.0
0.05921052631578947 6331.5 0.0
0.05932594644506002 7651.0 0.0
0.059787626962142196 7074.5 0.0
0.05990304709141274 7074.5 0.0
0.06001846722068329 7074.5 0.0
0.060133887349953834 7113.666666666667 0.0
0.06024930747922438 7267.5 0.0
0.06036472760849492 6909.0 0.0
0.060480147737765465 7267.5 0.0
0.06059556786703601 6900.666666666667 0.0
0.06071098799630656 6900.666666666667 0.0
0.0608264081255771 6167.0 0.0
0.060941828254847646 6909.5 0.0
0.06105724838411819 7651.0 0.0
0.061172668513388734 6909.5 0.0
0.06348107109879964 7322.0 0.0
0.06509695290858726 6173.0 0.0
0.06555863342566944 6184.0 0.0
0.06567405355493998 6184.0 0.0
0.06578947368421052 6184.0 0.0
0.06602031394275161 6184.0 0.0
0.06613573407202217 6187.0 0.0
0.06625115420129271 6344.0 0.0
0.06636657433056325 6501.0 0.0
0.06671283471837489 6501.0 0.0
0.06682825484764543 6501.0 0.0
0.0672899353647276 6187.0 0.0
0.06740535549399815 6187.0 0.0
0.06752077562326869 6187.0 0.0
0.06775161588180979 6344.0 0.0
0.06786703601108034 6187.0 0.0
0.06798245614035088 6508.0 0.0
0.06809787626962142 6508.0 0.0
0.06821329639889197 6508.0 0.0
0.0685595567867036 6508.0 0.0
0.06879039704524469 6188.0 0.0
0.06890581717451523 6363.0 0.0
0.06902123730378577 6538.0 0.0
0.06994459833795014 7072.0 0.0
0.07040627885503231 7659.0 0.0
0.07075253924284396 6986.666666666667 0.0
0.07098337950138504 6222.0 0.0
0.07109879963065559 7376.5 0.0
0.07121421975992613 6940.5 0.0
0.07132963988919667 6658.0 0.0
0.07144506001846722 7094.0 0.0
0.07179132040627885 7077.0 0.0
0.0719067405355494 7077.0 0.0
0.07202216066481995 7094.0 0.0
0.0721375807940905 6744.5 0.0
0.07225300092336104 6395.0 0.0
0.07236842105263158 6395.0 0.0
0.07283010156971376 7660.0 0.0
0.07306094182825484 7377.5 0.0
0.07317636195752539 7281.0 0.0
0.07340720221606649 7092.0 0.0
0.07352262234533703 7092.0 0.0
0.07363804247460758 7097.0 0.0
0.07375346260387812 7274.333333333333 0.0
0.07386888273314866 7274.333333333333 0.0
0.07398430286241921 7078.0 0.0
0.0742151431209603 7669.0 0.0
0.07444598337950138 7669.0 0.0
0.07456140350877193 7093.0 0.0
0.07467682363804247 7669.0 0.0
0.07479224376731301 7381.5 0.0
0.07490766389658357 7094.0 0.0
0.07502308402585411 7094.0 0.0
0.07513850415512466 7099.0 0.0
0.0752539242843952 7076.0 0.0
0.07536934441366575 7094.0 0.0
0.07571560480147738 7669.0 0.0
0.07583102493074792 7074.0 0.0
0.07594644506001846 7382.0 0.0
0.07606186518928901 7674.0 0.0
0.07663896583564174 7074.0 0.0
0.07675438596491228 7074.0 0.0
0.07721606648199446 7707.0 0.0
0.077331486611265 7707.0 0.0
0.07744690674053555 7707.0 0.0
0.07756232686980609 7707.0 0.0
0.07975530932594645 7096.0 0.0
0.07987072945521699 7096.0 0.0
0.07998614958448753 7096.0 0.0
0.08010156971375808 7096.0 0.0
0.08021698984302862 7096.0 0.0
0.08102493074792244 6931.0 0.0
0.08125577100646353 6933.0 0.0
0.08160203139427516 7021.0 0.0
0.0817174515235457 6938.0 0.0
0.08264081255771007 6939.0 0.0
0.08321791320406279 6939.0 0.0
0.08356417359187442 6940.0 0.0
0.08391043397968606 6940.0 0.0
0.08471837488457987 7138.0 0.0
0.08518005540166206 6943.0 0.0
0.08552631578947369 7397.0 0.0
0.08564173591874423 7397.0 0.0
0.08575715604801477 7172.5 0.0
0.08587257617728532 6951.0 0.0
0.08598799630655586 6951.0 0.0
0.0861034164358264 6951.0 0.0
0.08621883656509695 6951.0 0.0
0.08668051708217914 6951.0 0.0
0.09152816251154201 7369.0 0.0
0.09198984302862419 7369.0 0.0
0.09222068328716528 7370.0 0.0
0.09233610341643583 7370.0 0.0
0.09268236380424746 7371.0 0.0
0.09279778393351801 7371.0 0.0
0.09291320406278855 7371.0 0.0
0.09360572483841181 6954.0 0.0
0.09372114496768236 6954.0 0.0
0.09383656509695291 6954.0 0.0
0.09395198522622346 6954.0 0.0
0.0961449676823638 6957.0 0.0
0.09660664819944598 6968.0 0.0
0.09718374884579871 6968.0 0.0
0.0974145891043398 6968.0 0.0
0.09753000923361034 6968.0 0.0
0.09856879039704525 6968.0 0.0
0.09868421052631579 6968.0 0.0
0.09891505078485688 6968.0 0.0
0.09903047091412742 6968.0 0.0
0.10260849492151432 7256.0 0.0
0.10272391505078486 7256.0 0.0
0.10295475530932595 7256.0 0.0
0.10307017543859649 6972.0 0.0
0.10318559556786704 7256.0 0.0
0.10330101569713758 6972.0 0.0
0.11114958448753462 7002.0 0.0
0.11126500461680518 7002.0 0.0
0.11322714681440443 7005.0 0.0
0.11334256694367498 7005.0 0.0
0.11345798707294552 7005.0 0.0
0.11426592797783934 7526.0 0.0
0.11449676823638043 7526.0 0.0
0.11461218836565097 7526.0 0.0
0.11542012927054478 7681.0 0.0
0.11553554939981532 7830.0 0.0
0.11634349030470914 7830.0 0.0
0.11738227146814405 7058.0 0.0
0.11749769159741459 7058.0 0.0
0.11761311172668514 7058.0 0.0
0.11772853185595568 7058.0 0.0
0.11819021237303785 7058.0 0.0
0.1183056325023084 7058.0 0.0
0.1185364727608495 7058.0 0.0
0.11865189289012004 7058.0 0.0
0.11888273314866113 7618.0 0.0
0.11911357340720222 7075.0 0.0
0.11922899353647276 7075.0 0.0
0.11969067405355494 7533.0 0.0
0.11980609418282548 7575.5 0.0
0.11992151431209604 7633.0 0.0
0.12003693444136658 7634.0 0.0
0.12015235457063712 7634.0 0.0
0.12038319482917821 7583.5 0.0
0.12049861495844875 7635.0 0.0
0.12084487534626039 7642.0 0.0
0.12130655586334256 7642.0 0.0
0.12222991689750692 7840.0 0.0
0.12280701754385964 7840.0 0.0
0.1229224376731302 7741.0 0.0
0.12315327793167129 7840.0 0.0
0.12338411819021237 7840.0 0.0
0.123730378578024 7645.0 0.0
0.12396121883656509 7645.0 0.0
0.12407663896583564 7645.0 0.0
0.12419205909510618 7645.0 0.0
0.12453831948291783 7645.0 0.0
0.12465373961218837 7645.0 0.0
0.12661588180978764 7852.0 0.0
0.12673130193905818 7853.0 0.0
0.12788550323176362 7645.0 0.0
0.1281163434903047 7645.0 0.0
0.12823176361957525 7645.0 0.0
0.12857802400738688 7645.0 0.0
0.12927054478301014 7645.0 0.0
0.12938596491228072 7645.0 0.0
0.1296168051708218 7645.0 0.0
0.1298476454293629 7645.0 0.0
0.13007848568790398 7855.0 0.0
0.13019390581717452 7645.0 0.0
0.1306555863342567 7096.0 0.0
0.13100184672206833 7096.0 0.0
0.13111726685133887 7096.0 0.0
0.13134810710987996 7096.0 0.0
0.1314635272391505 7096.0 0.0
0.13157894736842105 7096.0 0.0
0.13180978762696213 7096.0 0.0
0.13192520775623268 7096.0 0.0
0.19275161588180978 7751.0 0.0
0.1958679593721145 7756.0 0.0
0.23337950138504154 8172.0 0.0
0.23418744228993538 8172.0 0.0
0.23430286241920592 8172.0 0.0
0.23822714681440443 8172.0 0.0
0.23834256694367498 8173.0 0.0
0.23845798707294552 8173.0 0.0
0.2386888273314866 8173.0 0.0
0.25219298245614036 8233.0 0.0
0.25253924284395196 8239.0 0.0
0.26454293628808867 8367.0 0.0
0.26662049861495846 8369.0 0.0
0.266735918744229 8369.0 0.0
0.26685133887349954 8377.0 0.0
0.27354570637119113 8380.0 0.0
0.2774699907663897 8310.0 0.0
0.2817405355493998 9223.0 0.0
0.3425669436749769 8583.0 0.0
0.342797783933518 8583.0 0.0
0.3429132040627885 8583.0 0.0
0.34706832871652815 8585.0 0.0
0.34729916897506924 8585.0 0.0
0.3477608494921514 8587.0 0.0
0.4136657433056325 9475.0 0.0
0.41574330563250234 9477.0 0.0
0.4289012003693444 9487.0 0.0
0.43317174515235457 9487.0 0.0
0.44344413665743304 9489.0 0.0
0.573522622345337 9941.0 0.0
0.6102262234533703 9970.0 0.0
0.9579870729455217 10713.0 0.0
1.0 10719.0 0.0
