696696
0.00011542012927054478 780.9050092336104 0.0
0.00023084025854108956 1133.2156033820138 0.0
0.00034626038781163435 1819.0747368421053 0.0
0.0004616805170821791 2260.990867579909 0.0
0.0005771006463527239 2777.0582750582753 0.0
0.0006925207756232687 3447.115501519757 0.0
0.0008079409048938135 3720.8819188191883 0.0
0.0009233610341643582 3928.230414746544 0.0
0.001038781163434903 4457.605263157895 0.0
0.0011542012927054479 6162.169117647059 0.0
0.0012696214219759926 4287.664 0.0
0.0013850415512465374 4829.907407407408 0.0
0.0015004616805170822 5125.634615384615 0.0
0.001615881809787627 5460.525773195876 0.0
0.0017313019390581717 5987.103896103896 0.0
0.0018467220683287165 6556.238095238095 0.0
0.0019621421975992612 6597.560606060606 0.0
0.002077562326869806 7267.2 0.0
0.0021929824561403508 6819.14 0.0
0.0023084025854108957 7068.1509433962265 0.0
0.0024238227146814403 7473.641509433963 0.0
0.0025392428439519853 8038.309523809524 0.0
0.00265466297322253 8198.446808510638 0.0
0.002770083102493075 7279.025641025641 0.0
0.0028855032317636198 7655.02 0.0
0.0030009233610341643 8731.894736842105 0.0
0.0031163434903047093 10104.838709677419 0.0
0.003231763619575254 9050.108695652174 0.0
0.003347183748845799 8872.95 0.0
0.0034626038781163434 9506.615384615385 0.0
0.0035780240073868884 10134.967741935483 0.0
0.003693444136657433 9363.074074074075 0.0
0.003808864265927978 9723.148148148148 0.0
0.0039242843951985225 9872.277777777777 0.0
0.004039704524469067 12259.51724137931 0.0
0.004155124653739612 11504.17857142857 0.0
0.004270544783010157 11456.2 0.0
0.0043859649122807015 9436.59090909091 0.0
0.004501385041551247 11417.333333333334 0.0
0.0046168051708217915 11948.0 0.0
0.004732225300092336 12730.117647058823 0.0
0.004847645429362881 13413.25 0.0
0.004963065558633426 13057.666666666666 0.0
0.0050784856879039705 13084.190476190477 0.0
0.005193905817174515 11511.64705882353 0.0
0.00530932594644506 13830.176470588236 0.0
0.005424746075715605 13922.736842105263 0.0
0.00554016620498615 11151.266666666666 0.0
0.005655586334256694 14664.466666666667 0.0
0.0057710064635272396 13989.78947368421 0.0
0.005886426592797784 14606.40909090909 0.0
0.006001846722068329 11810.15 0.0
0.006117266851338873 13735.076923076924 0.0
0.006232686980609419 13848.541666666666 0.0
0.006348107109879963 13735.07142857143 0.0
0.006463527239150508 13830.0 0.0
0.006578947368421052 15410.0 0.0
0.006694367497691598 13714.6 0.0
0.006809787626962142 16468.666666666668 0.0
0.006925207756232687 12795.545454545454 0.0
0.007040627885503232 16814.25 0.0
0.007156048014773777 17900.18181818182 0.0
0.007271468144044321 17703.454545454544 0.0
0.007386888273314866 17077.833333333332 0.0
0.007502308402585411 17149.416666666668 0.0
0.007617728531855956 19007.76923076923 0.0
0.0077331486611265 15789.1875 0.0
0.007848568790397045 17445.875 0.0
0.00796398891966759 19345.4375 0.0
0.008079409048938134 21248.2 0.0
0.00819482917820868 21099.5 0.0
0.008310249307479225 21258.4 0.0
0.008425669436749769 19531.0 0.0
0.008541089566020314 17870.53846153846 0.0
0.00865650969529086 21775.916666666668 0.0
0.008771929824561403 21824.4 0.0
0.008887349953831948 21465.777777777777 0.0
0.009002770083102494 27620.285714285714 0.0
0.009118190212373038 20915.125 0.0
0.009233610341643583 16532.4 0.0
0.009349030470914127 18222.2 0.0
0.009464450600184672 23496.666666666668 0.0
0.009579870729455217 23061.375 0.0
0.009695290858725761 21021.9 0.0
0.009810710987996307 20633.615384615383 0.0
0.009926131117266852 18897.666666666668 0.0
0.010041551246537396 20089.0 0.0
0.010156971375807941 19104.333333333332 0.0
0.010272391505078486 19835.571428571428 0.0
0.01038781163434903 20255.333333333332 0.0
0.010503231763619576 21776.333333333332 0.0
0.01061865189289012 22459.6 0.0
0.010734072022160665 19577.0 0.0
0.01084949215143121 15597.333333333334 0.0
0.010964912280701754 10597.0 0.0
0.0110803324099723 18535.5 0.0
0.011195752539242845 22844.0 0.0
0.011311172668513388 23732.0 0.0
0.011426592797783934 31971.333333333332 0.0
0.011657433056325023 16451.0 0.0
0.011772853185595568 17460.5 0.0
0.011888273314866112 31371.5 0.0
0.012003693444136657 21420.833333333332 0.0
0.012119113573407203 25699.0 0.0
0.012234533702677746 25705.555555555555 0.0
0.012349953831948292 19841.75 0.0
0.012465373961218837 27563.75 0.0
0.012580794090489381 22446.75 0.0
0.012696214219759926 18950.833333333332 0.0
0.012811634349030472 24414.75 0.0
0.012927054478301015 20226.714285714286 0.0
0.01304247460757156 21090.571428571428 0.0
0.013157894736842105 17844.285714285714 0.0
0.01327331486611265 23135.14285714286 0.0
0.013388734995383195 24289.2 0.0
0.013504155124653739 20802.25 0.0
0.013619575253924284 26867.5 0.0
0.01373499538319483 18378.0 0.0
0.013850415512465374 33353.5 0.0
0.013965835641735919 29361.0 0.0
0.014081255771006464 25884.571428571428 0.0
0.014196675900277008 30827.5 0.0
0.014312096029547553 23895.25 0.0
0.014427516158818097 34634.0 0.0
0.014542936288088643 30679.0 0.0
0.014658356417359188 25164.5 0.0
0.014773776546629732 26522.0 0.0
0.014889196675900277 23238.5 0.0
0.015004616805170823 24192.6 0.0
0.015120036934441366 17043.5 0.0
0.015235457063711912 27307.8 0.0
0.015350877192982455 27046.0 0.0
0.015466297322253 40397.8 0.0
0.015581717451523546 24950.25 0.0
0.01569713758079409 31205.5 0.0
0.015812557710064637 29338.714285714286 0.0
0.01592797783933518 28869.166666666668 0.0
0.016043397968605724 34025.5 0.0
0.016158818097876268 19033.666666666668 0.0
0.016274238227146815 41550.333333333336 0.0
0.01638965835641736 33126.5 0.0
0.016505078485687903 27150.0 0.0
0.01662049861495845 22602.666666666668 0.0
0.016735918744228993 25364.333333333332 0.0
0.016851338873499537 22299.0 0.0
0.016966759002770084 31692.0 0.0
0.017082179132040628 36467.333333333336 0.0
0.01719759926131117 27273.25 0.0
0.01731301939058172 40058.5 0.0
0.017428439519852262 29611.666666666668 0.0
0.017543859649122806 38789.4 0.0
0.017659279778393353 46364.75 0.0
0.017774699907663897 37190.0 0.0
0.01789012003693444 39409.4 0.0
0.018005540166204988 21028.0 0.0
0.01812096029547553 39470.6 0.0
0.018236380424746075 37472.666666666664 0.0
0.018351800554016622 48285.5 0.0
0.018467220683287166 39436.0 0.0
0.01858264081255771 34641.0 0.0
0.018698060941828253 24241.5 0.0
0.0188134810710988 41480.25 0.0
0.018928901200369344 35429.0 0.0
0.019044321329639888 41869.75 0.0
0.019159741458910435 45108.0 0.0
0.01927516158818098 46540.333333333336 0.0
0.019390581717451522 35302.0 0.0
0.01950600184672207 40149.2 0.0
0.019621421975992613 30346.0 0.0
0.019736842105263157 26192.0 0.0
0.019852262234533704 22515.0 0.0
0.019967682363804248 31182.0 0.0
0.02008310249307479 31190.0 0.0
0.02019852262234534 35512.0 0.0
0.020313942751615882 31619.0 0.0
0.020429362880886426 23816.0 0.0
0.020544783010156973 17440.0 0.0
0.020660203139427517 37812.0 0.0
0.02077562326869806 20369.0 0.0
0.020891043397968604 21841.666666666668 0.0
0.02100646352723915 23774.5 0.0
0.021121883656509695 23908.0 0.0
0.02123730378578024 23482.0 0.0
0.021352723915050786 20328.5 0.0
0.02146814404432133 20378.0 0.0
0.021583564173591873 29018.25 0.0
0.02169898430286242 50309.0 0.0
0.021814404432132964 42045.0 0.0
0.021929824561403508 52278.5 0.0
0.022045244690674055 54877.0 0.0
0.022276084949215142 31026.5 0.0
0.02239150507848569 25154.4 0.0
0.022506925207756233 27430.5 0.0
0.022622345337026777 27927.0 0.0
0.022737765466297324 25873.0 0.0
0.022853185595567867 30347.0 0.0
0.02296860572483841 29187.0 0.0
0.023084025854108958 29259.0 0.0
0.023199445983379502 37852.0 0.0
0.023314866112650046 32201.0 0.0
0.02343028624192059 30014.0 0.0
0.023545706371191136 46755.333333333336 0.0
0.02366112650046168 30280.0 0.0
0.023776546629732224 37909.0 0.0
0.02389196675900277 33124.0 0.0
0.024007386888273315 32581.333333333332 0.0
0.02412280701754386 30810.0 0.0
0.02435364727608495 30843.0 0.0
0.024469067405355493 33017.0 0.0
0.02458448753462604 39114.0 0.0
0.024699907663896584 37261.0 0.0
0.024815327793167127 36943.0 0.0
0.024930747922437674 38173.0 0.0
0.025046168051708218 38537.0 0.0
0.025161588180978762 34697.0 0.0
0.02527700831024931 32662.5 0.0
0.025392428439519853 27495.0 0.0
0.025507848568790396 39159.0 0.0
0.025623268698060944 42528.5 0.0
0.025738688827331487 40165.5 0.0
0.02585410895660203 30481.0 0.0
0.025969529085872575 38751.5 0.0
0.02608494921514312 31022.5 0.0
0.026200369344413665 39970.666666666664 0.0
0.02631578947368421 33439.0 0.0
0.026431209602954756 38908.5 0.0
0.026662049861495844 31002.5 0.0
0.02677746999076639 29912.0 0.0
0.026892890120036934 25728.0 0.0
0.027008310249307478 39358.666666666664 0.0
0.027123730378578025 39321.6 0.0
0.02723915050784857 36155.0 0.0
0.027354570637119113 34768.2 0.0
0.02746999076638966 36175.5 0.0
0.027585410895660203 33888.5 0.0
0.027700831024930747 36367.142857142855 0.0
0.027816251154201294 37890.666666666664 0.0
0.027931671283471838 36772.75 0.0
0.02804709141274238 33119.0 0.0
0.02816251154201293 37009.0 0.0
0.028277931671283472 41885.0 0.0
0.028393351800554016 38432.0 0.0
0.02850877192982456 34264.0 0.0
0.028624192059095107 35938.0 0.0
0.028855032317636194 39638.333333333336 0.0
0.02897045244690674 42298.5 0.0
0.029085872576177285 35080.0 0.0
0.02920129270544783 39688.0 0.0
0.029316712834718376 35160.0 0.0
0.02943213296398892 51962.0 0.0
0.029547553093259463 54357.0 0.0
0.02966297322253001 54363.0 0.0
0.029778393351800554 46933.0 0.0
0.029893813481071098 41708.333333333336 0.0
0.030009233610341645 41718.666666666664 0.0
0.03012465373961219 31284.0 0.0
0.030240073868882732 42973.0 0.0
0.03035549399815328 54679.0 0.0
0.030470914127423823 32567.0 0.0
0.03070175438596491 34163.5 0.0
0.030817174515235458 33590.666666666664 0.0
0.030932594644506 30652.0 0.0
0.031048014773776545 34074.5 0.0
0.031163434903047092 36185.0 0.0
0.031278855032317636 34081.0 0.0
0.03139427516158818 28627.0 0.0
0.03150969529085872 33560.0 0.0
0.031625115420129274 33573.0 0.0
0.03174053554939982 33893.0 0.0
0.03185595567867036 85212.0 0.0
0.031971375807940905 53936.75 0.0
0.03208679593721145 60763.0 0.0
0.03220221606648199 37197.0 0.0
0.032317636195752536 85260.0 0.0
0.03243305632502309 70464.0 0.0
0.03254847645429363 70511.0 0.0
0.03277931671283472 40182.0 0.0
0.03289473684210526 40190.0 0.0
0.033010156971375805 53301.333333333336 0.0
0.033125577100646356 40207.0 0.0
0.0332409972299169 37272.0 0.0
0.03335641735918744 34303.0 0.0
0.03347183748845799 34346.0 0.0
0.03358725761772853 40656.0 0.0
0.033702677746999074 38974.0 0.0
0.03393351800554017 40679.0 0.0
0.03404893813481071 40684.0 0.0
0.034164358264081256 40699.5 0.0
0.0342797783933518 41491.0 0.0
0.03439519852262234 46522.5 0.0
0.03462603878116344 47245.5 0.0
0.03474145891043398 86677.0 0.0
0.034856879039704525 52128.0 0.0
0.03497229916897507 52416.0 0.0
0.035203139427516156 41364.0 0.0
0.035318559556786706 86724.0 0.0
0.03543397968605725 86724.0 0.0
0.03578024007386888 66547.0 0.0
0.035895660203139425 42282.0 0.0
0.036011080332409975 44103.0 0.0
0.03612650046168052 43236.0 0.0
0.03624192059095106 44159.0 0.0
0.036357340720221606 43283.5 0.0
0.03647276084949215 44186.0 0.0
0.036588180978762694 44979.5 0.0
0.03716528162511542 59937.0 0.0
0.037396121883656507 72741.0 0.0
0.03751154201292706 46526.0 0.0
0.0376269621421976 45704.5 0.0
0.037742382271468145 44864.0 0.0
0.03785780240073869 44906.0 0.0
0.038204062788550326 48208.5 0.0
0.03831948291782087 47391.0 0.0
0.038434903047091414 49166.0 0.0
0.03855032317636196 49174.0 0.0
0.0386657433056325 49186.0 0.0
0.038781163434903045 49202.0 0.0
0.038896583564173595 49228.0 0.0
0.03901200369344414 82846.0 0.0
0.03912742382271468 49279.0 0.0
0.039242843951985226 61776.0 0.0
0.03935826408125577 60906.5 0.0
0.039473684210526314 60937.5 0.0
0.03958910433979686 56330.0 0.0
0.03981994459833795 63069.0 0.0
0.04005078485687904 52286.0 0.0
0.040281625115420126 67228.0 0.0
0.04039704524469068 52309.0 0.0
0.04074330563250231 62430.0 0.0
0.04085872576177285 58391.5 0.0
0.040974145891043395 57417.0 0.0
0.041089566020313946 62486.0 0.0
0.04120498614958449 63500.5 0.0
0.04132040627885503 62838.0 0.0
0.04143582640812558 64544.0 0.0
0.04155124653739612 55238.333333333336 0.0
0.041666666666666664 64537.0 0.0
0.04178208679593721 48547.0 0.0
0.04189750692520776 64530.0 0.0
0.0420129270544783 56560.5 0.0
0.042128347183748846 59704.5 0.0
0.04224376731301939 70844.0 0.0
0.04259002770083103 70867.0 0.0
0.04270544783010157 59896.0 0.0
0.042820867959372115 48916.0 0.0
0.04293628808864266 48921.0 0.0
0.043167128347183746 48925.0 0.0
0.04339796860572484 71085.0 0.0
0.043513388734995384 49016.0 0.0
0.04362880886426593 71102.0 0.0
0.043859649122807015 71137.0 0.0
0.043975069252077566 71137.0 0.0
0.04409048938134811 62539.0 0.0
0.04420590951061865 63729.5 0.0
0.044552169898430284 71186.0 0.0
0.04489843028624192 71277.0 0.0
0.045013850415512466 71299.0 0.0
0.0453601108033241 69474.0 0.0
0.04547553093259465 69477.0 0.0
0.04559095106186519 75547.0 0.0
0.045706371191135735 74249.5 0.0
0.04662973222530009 72331.0 0.0
0.04686057248384118 69579.0 0.0
0.04709141274238227 69943.0 0.0
0.04732225300092336 69953.0 0.0
0.049284395198522624 52266.0 0.0
0.04951523545706371 52305.0 0.0
0.049630655586334255 52312.0 0.0
0.04986149584487535 52398.0 0.0
0.04997691597414589 52402.0 0.0
0.050092336103416436 61653.0 0.0
0.05020775623268698 61656.0 0.0
0.05170821791320406 49597.0 0.0
0.051823638042474605 49598.0 0.0
0.0520544783010157 49622.0 0.0
0.05228531855955679 49645.0 0.0
0.05240073868882733 49757.0 0.0
0.05263157894736842 75602.0 0.0
0.05274699907663897 75606.0 0.0
0.05286241920590951 75618.0 0.0
0.052977839335180056 75636.0 0.0
0.054016620498614956 75700.0 0.0
0.05447830101569714 73834.0 0.0
0.05528624192059095 75621.0 0.0
0.055401662049861494 75622.0 0.0
0.05563250230840259 75625.0 0.0
0.05597876269621422 75634.0 0.0
0.05609418282548476 75672.0 0.0
0.05886426592797784 50042.0 0.0
0.05909510618651893 50050.0 0.0
0.06255771006463527 140297.0 0.0
0.06359649122807018 107623.0 0.0
0.06705909510618652 87648.0 0.0
0.06717451523545706 87650.0 0.0
0.0672899353647276 67061.0 0.0
0.06740535549399815 77651.0 0.0
0.06752077562326869 87795.0 0.0
0.06763619575253925 87806.0 0.0
0.06786703601108034 87817.0 0.0
0.06809787626962142 87827.0 0.0
0.06821329639889197 87828.0 0.0
0.06832871652816251 87830.0 0.0
0.0685595567867036 87894.0 0.0
0.06994459833795014 69785.0 0.0
0.07006001846722068 69847.0 0.0
0.07075253924284396 70072.0 0.0
0.07098337950138504 70088.0 0.0
0.0716759002770083 70147.0 0.0
0.07179132040627885 70149.0 0.0
0.07409972299168975 88040.0 0.0
0.07479224376731301 88068.0 0.0
0.07490766389658357 88074.0 0.0
0.077331486611265 89441.0 0.0
0.07744690674053555 89466.0 0.0
0.07756232686980609 89487.0 0.0
0.08114035087719298 91175.0 0.0
0.08541089566020314 92967.0 0.0
0.08552631578947369 92967.0 0.0
0.08564173591874423 92967.0 0.0
0.0861034164358264 97311.0 0.0
0.08621883656509695 97725.0 0.0
0.08633425669436749 107025.5 0.0
0.08644967682363804 97909.0 0.0
0.08668051708217914 97910.0 0.0
0.08679593721144968 97911.0 0.0
0.08691135734072022 97911.0 0.0
0.08748845798707294 236328.0 0.0
0.08783471837488457 126812.0 0.0
0.08991228070175439 110289.0 0.0
0.09002770083102493 110292.0 0.0
0.09014312096029548 110396.0 0.0
0.09025854108956602 122000.0 0.0
0.09060480147737765 114386.0 0.0
0.0907202216066482 114390.0 0.0
0.09152816251154201 247079.0 0.0
0.09372114496768236 113613.0 0.0
0.09383656509695291 113616.0 0.0
0.09395198522622346 113628.0 0.0
0.094067405355494 113636.0 0.0
0.09522160664819945 113694.0 0.0
0.09533702677747 113699.0 0.0
0.09718374884579871 120156.0 0.0
0.09995383194829179 116060.0 0.0
0.10006925207756233 116096.0 0.0
0.1018005540166205 116333.0 0.0
0.10203139427516159 116348.0 0.0
0.10226223453370267 116363.0 0.0
0.10376269621421975 110459.0 0.0
0.1038781163434903 110470.0 0.0
0.1041089566020314 110479.0 0.0
0.1105724838411819 124752.0 0.0
0.11334256694367498 121242.0 0.0
0.12430747922437674 132554.0 0.0
0.12442289935364728 132555.0 0.0
0.12453831948291783 132557.0 0.0
0.12465373961218837 132570.0 0.0
0.1281163434903047 173994.0 0.0
0.13596491228070176 125947.0 0.0
0.13769621421975992 159216.0 0.0
0.1636657433056325 137097.0 0.0
0.1937903970452447 311167.0 0.0
0.22391505078485688 208498.0 0.0
0.22795475530932593 238499.0 0.0
0.2905124653739612 333413.0 0.0
0.3574561403508772 379206.0 0.0
0.41862880886426596 426215.0 0.0
0.6425438596491229 510381.0 0.0
1.0 696696.0 0.0
