1420
0.00011542012927054478 441.20429362880884 0.0
0.00023084025854108956 609.7644059153494 0.0
0.00034626038781163435 738.7722602739726 0.0
0.0004616805170821791 818.5946327683616 0.0
0.0005771006463527239 864.0546218487395 0.0
0.0006925207756232687 900.0026737967914 0.0
0.0008079409048938135 930.7927272727272 0.0
0.0009233610341643582 946.7882882882883 0.0
0.001038781163434903 962.2342857142858 0.0
0.0011542012927054479 970.461038961039 0.0
0.0012696214219759926 990.2740740740741 0.0
0.0013850415512465374 1000.0254237288135 0.0
0.0015004616805170822 1010.3214285714286 0.0
0.001615881809787627 1009.578947368421 0.0
0.0017313019390581717 1008.5164835164835 0.0
0.0018467220683287165 1019.829268292683 0.0
0.0019621421975992612 1028.2597402597403 0.0
0.002077562326869806 1025.2465753424658 0.0
0.0021929824561403508 1034.8153846153846 0.0
0.0023084025854108957 1032.2962962962963 0.0
0.0024238227146814403 1039.8793103448277 0.0
0.0025392428439519853 1047.75 0.0
0.00265466297322253 1049.8333333333333 0.0
0.002770083102493075 1050.125 0.0
0.0028855032317636198 1058.7708333333333 0.0
0.0030009233610341643 1054.391304347826 0.0
0.0031163434903047093 1056.8461538461538 0.0
0.003231763619575254 1058.439024390244 0.0
0.003347183748845799 1062.642857142857 0.0
0.0034626038781163434 1060.425 0.0
0.0035780240073868884 1056.1052631578948 0.0
0.003693444136657433 1062.65625 0.0
0.003808864265927978 1065.0 0.0
0.0039242843951985225 1069.8064516129032 0.0
0.004039704524469067 1064.3103448275863 0.0
0.004155124653739612 1069.896551724138 0.0
0.004270544783010157 1069.1818181818182 0.0
0.0043859649122807015 1069.6 0.0
0.004501385041551247 1070.7142857142858 0.0
0.0046168051708217915 1064.15 0.0
0.004732225300092336 1070.0 0.0
0.004847645429362881 1072.4615384615386 0.0
0.004963065558633426 1074.5294117647059 0.0
0.0050784856879039705 1069.157894736842 0.0
0.005193905817174515 1069.3157894736842 0.0
0.00530932594644506 1074.4761904761904 0.0
0.005424746075715605 1072.2105263157894 0.0
0.00554016620498615 1074.5 0.0
0.005655586334256694 1078.5263157894738 0.0
0.0057710064635272396 1075.1875 0.0
0.005886426592797784 1067.5333333333333 0.0
0.006001846722068329 1074.7894736842106 0.0
0.006117266851338873 1073.5833333333333 0.0
0.006232686980609419 1074.909090909091 0.0
0.006348107109879963 1076.4285714285713 0.0
0.006463527239150508 1085.4 0.0
0.006578947368421052 1080.090909090909 0.0
0.006694367497691598 1084.6 0.0
0.006809787626962142 1084.4375 0.0
0.006925207756232687 1083.6 0.0
0.007040627885503232 1086.4166666666667 0.0
0.007156048014773777 1087.909090909091 0.0
0.007271468144044321 1085.0 0.0
0.007386888273314866 1085.6666666666667 0.0
0.007502308402585411 1085.3333333333333 0.0
0.007617728531855956 1083.7777777777778 0.0
0.0077331486611265 1083.5 0.0
0.007848568790397045 1077.1666666666667 0.0
0.00796398891966759 1088.1818181818182 0.0
0.008079409048938134 1090.6666666666667 0.0
0.00819482917820868 1087.5 0.0
0.008310249307479225 1088.0 0.0
0.008425669436749769 1088.111111111111 0.0
0.008541089566020314 1088.1 0.0
0.00865650969529086 1087.0 0.0
0.008771929824561403 1094.142857142857 0.0
0.008887349953831948 1094.4 0.0
0.009002770083102494 1089.6923076923076 0.0
0.009118190212373038 1097.142857142857 0.0
0.009233610341643583 1095.0 0.0
0.009349030470914127 1094.625 0.0
0.009464450600184672 1095.090909090909 0.0
0.009579870729455217 1096.8333333333333 0.0
0.009695290858725761 1099.5 0.0
0.009810710987996307 1097.4285714285713 0.0
0.009926131117266852 1098.857142857143 0.0
0.010041551246537396 1096.1666666666667 0.0
0.010156971375807941 1089.5714285714287 0.0
0.010272391505078486 1098.0 0.0
0.01038781163434903 1105.5 0.0
0.010503231763619576 1103.0 0.0
0.01061865189289012 1100.5555555555557 0.0
0.010734072022160665 1093.0 0.0
0.01084949215143121 1096.5 0.0
0.010964912280701754 1093.7142857142858 0.0
0.0110803324099723 1093.3333333333333 0.0
0.011195752539242845 1098.625 0.0
0.011311172668513388 1100.7142857142858 0.0
0.011426592797783934 1102.4 0.0
0.011542012927054479 1098.5 0.0
0.011657433056325023 1114.0 0.0
0.011772853185595568 1096.3333333333333 0.0
0.011888273314866112 1096.8 0.0
0.012003693444136657 1094.5 0.0
0.012119113573407203 1099.5 0.0
0.012234533702677746 1108.25 0.0
0.012349953831948292 1102.857142857143 0.0
0.012465373961218837 1101.0 0.0
0.012580794090489381 1105.25 0.0
0.012696214219759926 1100.6666666666667 0.0
0.012811634349030472 1103.0 0.0
0.012927054478301015 1098.25 0.0
0.01304247460757156 1118.5 0.0
0.013157894736842105 1095.0 0.0
0.01327331486611265 1095.3333333333333 0.0
0.013388734995383195 1100.75 0.0
0.013504155124653739 1100.0 0.0
0.013619575253924284 1100.0 0.0
0.01373499538319483 1100.5 0.0
0.013850415512465374 1104.1666666666667 0.0
0.013965835641735919 1105.5 0.0
0.014081255771006464 1101.8333333333333 0.0
0.014196675900277008 1099.75 0.0
0.014312096029547553 1103.25 0.0
0.014427516158818097 1102.75 0.0
0.014542936288088643 1102.75 0.0
0.014658356417359188 1104.6666666666667 0.0
0.014773776546629732 1098.3333333333333 0.0
0.014889196675900277 1109.5 0.0
0.015004616805170823 1108.0 0.0
0.015120036934441366 1100.6666666666667 0.0
0.015235457063711912 1104.75 0.0
0.015350877192982455 1110.0 0.0
0.015466297322253 1112.75 0.0
0.015581717451523546 1119.0 0.0
0.01569713758079409 1102.5 0.0
0.015812557710064637 1110.8 0.0
0.01592797783933518 1109.0 0.0
0.016043397968605724 1106.3333333333333 0.0
0.016158818097876268 1102.75 0.0
0.016274238227146815 1108.5 0.0
0.016505078485687903 1109.0 0.0
0.01662049861495845 1106.4 0.0
0.016735918744228993 1112.6 0.0
0.016851338873499537 1109.5714285714287 0.0
0.016966759002770084 1109.5714285714287 0.0
0.017082179132040628 1110.8333333333333 0.0
0.01719759926131117 1106.2 0.0
0.01731301939058172 1110.6666666666667 0.0
0.017428439519852262 1106.857142857143 0.0
0.017543859649122806 1108.6 0.0
0.017659279778393353 1105.5 0.0
0.017774699907663897 1113.625 0.0
0.01789012003693444 1108.2 0.0
0.018005540166204988 1109.3333333333333 0.0
0.01812096029547553 1107.5 0.0
0.018236380424746075 1115.4 0.0
0.018351800554016622 1113.6666666666667 0.0
0.018467220683287166 1107.5 0.0
0.01858264081255771 1108.6666666666667 0.0
0.018698060941828253 1106.5 0.0
0.0188134810710988 1108.25 0.0
0.018928901200369344 1108.8333333333333 0.0
0.019044321329639888 1107.0 0.0
0.019159741458910435 1105.8 0.0
0.01927516158818098 1108.0 0.0
0.019390581717451522 1117.0 0.0
0.01950600184672207 1118.5 0.0
0.019621421975992613 1116.0 0.0
0.019736842105263157 1112.2 0.0
0.019852262234533704 1114.5 0.0
0.019967682363804248 1113.75 0.0
0.02008310249307479 1116.3333333333333 0.0
0.02019852262234534 1121.0 0.0
0.020313942751615882 1128.5 0.0
0.020429362880886426 1107.0 0.0
0.020544783010156973 1128.0 0.0
0.020660203139427517 1124.3333333333333 0.0
0.02077562326869806 1120.0 0.0
0.020891043397968604 1123.0 0.0
0.02100646352723915 1123.3333333333333 0.0
0.02123730378578024 1122.5 0.0
0.021352723915050786 1129.0 0.0
0.02146814404432133 1129.0 0.0
0.021583564173591873 1129.0 0.0
0.02169898430286242 1129.0 0.0
0.021814404432132964 1107.0 0.0
0.021929824561403508 1107.0 0.0
0.022045244690674055 1107.0 0.0
0.0221606648199446 1098.0 0.0
0.022276084949215142 1099.0 0.0
0.022622345337026777 1113.0 0.0
0.022737765466297324 1131.0 0.0
0.022853185595567867 1131.0 0.0
0.02296860572483841 1133.6666666666667 0.0
0.023084025854108958 1141.5 0.0
0.023199445983379502 1110.0 0.0
0.023314866112650046 1118.0 0.0
0.02343028624192059 1127.5 0.0
0.023545706371191136 1122.0 0.0
0.02366112650046168 1116.5 0.0
0.023776546629732224 1126.0 0.0
0.024007386888273315 1127.0 0.0
0.02412280701754386 1127.0 0.0
0.024238227146814405 1112.0 0.0
0.02435364727608495 1115.0 0.0
0.024469067405355493 1115.3333333333333 0.0
0.02458448753462604 1116.0 0.0
0.024699907663896584 1137.5 0.0
0.024815327793167127 1161.0 0.0
0.024930747922437674 1161.0 0.0
0.025046168051708218 1118.0 0.0
0.025507848568790396 1103.0 0.0
0.025738688827331487 1103.0 0.0
0.02585410895660203 1107.5 0.0
0.025969529085872575 1119.0 0.0
0.02608494921514312 1112.0 0.0
0.026200369344413665 1105.0 0.0
0.02631578947368421 1105.0 0.0
0.026431209602954756 1133.0 0.0
0.0265466297322253 1108.5 0.0
0.026662049861495844 1161.0 0.0
0.02677746999076639 1135.5 0.0
0.026892890120036934 1136.0 0.0
0.027008310249307478 1136.0 0.0
0.02723915050784857 1107.0 0.0
0.027354570637119113 1107.5 0.0
0.02746999076638966 1130.6666666666667 0.0
0.027585410895660203 1136.5 0.0
0.027700831024930747 1132.0 0.0
0.027816251154201294 1103.0 0.0
0.027931671283471838 1103.0 0.0
0.02804709141274238 1103.0 0.0
0.02816251154201293 1103.0 0.0
0.028277931671283472 1103.0 0.0
0.02850877192982456 1103.0 0.0
0.028624192059095107 1103.0 0.0
0.02873961218836565 1103.0 0.0
0.028855032317636194 1104.0 0.0
0.02897045244690674 1104.0 0.0
0.029778393351800554 1120.0 0.0
0.029893813481071098 1125.5 0.0
0.030009233610341645 1131.0 0.0
0.03012465373961219 1119.75 0.0
0.030240073868882732 1125.0 0.0
0.03035549399815328 1125.0 0.0
0.030470914127423823 1120.0 0.0
0.030586334256694367 1132.0 0.0
0.03070175438596491 1132.0 0.0
0.030932594644506 1133.0 0.0
0.031048014773776545 1126.5 0.0
0.031163434903047092 1133.0 0.0
0.03139427516158818 1120.0 0.0
0.031625115420129274 1116.0 0.0
0.03208679593721145 1114.0 0.0
0.03220221606648199 1112.0 0.0
0.032317636195752536 1126.3333333333333 0.0
0.03243305632502309 1133.5 0.0
0.03254847645429363 1115.0 0.0
0.032663896583564174 1106.0 0.0
0.03289473684210526 1124.0 0.0
0.033010156971375805 1114.5 0.0
0.033125577100646356 1105.0 0.0
0.0332409972299169 1107.0 0.0
0.03347183748845799 1124.0 0.0
0.03358725761772853 1124.0 0.0
0.03404893813481071 1112.0 0.0
0.0342797783933518 1112.0 0.0
0.03439519852262234 1112.0 0.0
0.03451061865189289 1127.0 0.0
0.03462603878116344 1142.0 0.0
0.03474145891043398 1108.0 0.0
0.034856879039704525 1108.0 0.0
0.03497229916897507 1108.0 0.0
0.03508771929824561 1108.0 0.0
0.035318559556786706 1142.0 0.0
0.03543397968605725 1142.0 0.0
0.03578024007386888 1142.0 0.0
0.036011080332409975 1108.0 0.0
0.036588180978762694 1125.0 0.0
0.036703601108033244 1108.0 0.0
0.03681902123730379 1108.0 0.0
0.03693444136657433 1108.0 0.0
0.037049861495844875 1125.0 0.0
0.03716528162511542 1125.0 0.0
0.03751154201292706 1108.0 0.0
0.037742382271468145 1142.0 0.0
0.03785780240073869 1142.0 0.0
0.03797322253000923 1128.0 0.0
0.03831948291782087 1108.0 0.0
0.03855032317636196 1108.0 0.0
0.0386657433056325 1110.5 0.0
0.038781163434903045 1128.0 0.0
0.038896583564173595 1114.0 0.0
0.03958910433979686 1111.0 0.0
0.03970452446906741 1134.5 0.0
0.03981994459833795 1128.0 0.0
0.039935364727608495 1162.0 0.0
0.04039704524469068 1108.0 0.0
0.04051246537396122 1114.0 0.0
0.04074330563250231 1115.0 0.0
0.04085872576177285 1117.0 0.0
0.040974145891043395 1117.0 0.0
0.041089566020313946 1137.0 0.0
0.04120498614958449 1137.0 0.0
0.04132040627885503 1137.0 0.0
0.04143582640812558 1108.0 0.0
0.04155124653739612 1137.0 0.0
0.041666666666666664 1137.0 0.0
0.04189750692520776 1127.5 0.0
0.0420129270544783 1137.0 0.0
0.04270544783010157 1108.0 0.0
0.043167128347183746 1137.0 0.0
0.0432825484764543 1118.0 0.0
0.04339796860572484 1118.0 0.0
0.043513388734995384 1118.0 0.0
0.04362880886426593 1137.0 0.0
0.04374422899353647 1128.0 0.0
0.043859649122807015 1128.0 0.0
0.04409048938134811 1137.0 0.0
0.04420590951061865 1119.0 0.0
0.04443674976915974 1119.0 0.0
0.044552169898430284 1119.0 0.0
0.04466759002770083 1128.0 0.0
0.04489843028624192 1129.5 0.0
0.045013850415512466 1108.0 0.0
0.0453601108033241 1167.0 0.0
0.04547553093259465 1119.0 0.0
0.045706371191135735 1119.0 0.0
0.04582179132040628 1119.0 0.0
0.04593721144967682 1119.0 0.0
0.046052631578947366 1140.0 0.0
0.04628347183748846 1140.0 0.0
0.046745152354570635 1140.0 0.0
0.04905355493998153 1114.0 0.0
0.049284395198522624 1114.0 0.0
0.04939981532779317 1115.0 0.0
0.049630655586334255 1114.5 0.0
0.0497460757156048 1114.0 0.0
0.04986149584487535 1114.0 0.0
0.04997691597414589 1114.0 0.0
0.051823638042474605 1135.0 0.0
0.05193905817174515 1135.0 0.0
0.0520544783010157 1129.0 0.0
0.05240073868882733 1127.5 0.0
0.052516158818097874 1114.0 0.0
0.05274699907663897 1114.0 0.0
0.0530932594644506 1114.0 0.0
0.05355493998153278 1129.0 0.0
0.056902123730378576 1116.0 0.0
0.05701754385964912 1129.0 0.0
0.05713296398891967 1129.0 0.0
0.057248384118190214 1129.0 0.0
0.057594644506001845 1170.0 0.0
0.05771006463527239 1149.5 0.0
0.05782548476454294 1149.5 0.0
0.05817174515235457 1170.0 0.0
0.058287165281625114 1129.0 0.0
0.05840258541089566 1129.0 0.0
0.05909510618651893 1131.0 0.0
0.059441366574330565 1131.0 0.0
0.05955678670360111 1114.0 0.0
0.06001846722068329 1131.0 0.0
0.06036472760849492 1132.0 0.0
0.060480147737765465 1132.0 0.0
0.06059556786703601 1150.5 0.0
0.06071098799630656 1169.0 0.0
0.06105724838411819 1132.0 0.0
0.061172668513388734 1129.0 0.0
0.06140350877192982 1114.0 0.0
0.06151892890120037 1114.0 0.0
0.061634349030470915 1123.0 0.0
0.061865189289012 1121.5 0.0
0.061980609418282546 1128.6666666666667 0.0
0.06221144967682364 1143.0 0.0
0.062326869806094184 1128.6666666666667 0.0
0.06244228993536473 1136.0 0.0
0.06255771006463527 1138.3333333333333 0.0
0.06267313019390582 1132.0 0.0
0.0629039704524469 1132.0 0.0
0.06336565096952909 1132.0 0.0
0.06359649122807018 1114.0 0.0
0.06440443213296398 1114.0 0.0
0.06451985226223453 1114.0 0.0
0.06463527239150507 1114.0 0.0
0.06475069252077563 1114.0 0.0
0.06555863342566944 1129.0 0.0
0.06636657433056325 1115.0 0.0
0.06659741458910434 1170.0 0.0
0.06671283471837489 1170.0 0.0
0.06694367497691597 1170.0 0.0
0.06705909510618652 1170.0 0.0
0.0672899353647276 1170.0 0.0
0.06740535549399815 1170.0 0.0
0.06763619575253925 1170.0 0.0
0.06775161588180979 1170.0 0.0
0.06798245614035088 1170.0 0.0
0.06832871652816251 1116.0 0.0
0.06879039704524469 1131.0 0.0
0.06913665743305633 1131.0 0.0
0.06925207756232687 1131.0 0.0
0.06971375807940905 1115.0 0.0
0.07490766389658357 1143.0 0.0
0.07502308402585411 1143.0 0.0
0.07513850415512466 1143.0 0.0
0.07663896583564174 1144.0 0.0
0.07917820867959371 1171.0 0.0
0.07929362880886427 1171.0 0.0
0.07940904893813482 1131.0 0.0
0.0796398891966759 1131.0 0.0
0.08010156971375808 1171.0 0.0
0.08021698984302862 1131.0 0.0
0.08044783010156971 1151.0 0.0
0.08056325023084025 1171.0 0.0
0.08079409048938135 1171.0 0.0
0.0809095106186519 1144.0 0.0
0.08137119113573407 1144.0 0.0
0.08148661126500462 1157.5 0.0
0.08183287165281625 1144.0 0.0
0.08217913204062789 1131.0 0.0
0.08275623268698061 1144.0 0.0
0.08287165281625115 1144.0 0.0
0.0829870729455217 1137.5 0.0
0.08310249307479224 1144.0 0.0
0.08321791320406279 1144.0 0.0
0.08344875346260387 1137.5 0.0
0.08356417359187442 1144.0 0.0
0.09002770083102493 1145.0 0.0
0.09014312096029548 1145.0 0.0
0.09025854108956602 1145.0 0.0
0.09037396121883656 1145.0 0.0
0.0904893813481071 1145.0 0.0
0.09060480147737765 1145.0 0.0
0.0907202216066482 1145.0 0.0
0.09083564173591874 1145.0 0.0
0.0909510618651893 1145.0 0.0
0.09118190212373038 1172.0 0.0
0.09164358264081256 1172.0 0.0
0.0917590027700831 1145.0 0.0
0.09187442289935364 1145.0 0.0
0.09210526315789473 1145.0 0.0
0.09222068328716528 1145.0 0.0
0.09233610341643583 1145.0 0.0
0.09464450600184672 1172.0 0.0
0.09568328716528163 1172.0 0.0
0.09649122807017543 1172.0 0.0
0.10260849492151432 1133.0 0.0
0.10272391505078486 1133.0 0.0
0.10353185595567867 1133.0 0.0
0.10468605724838412 1133.0 0.0
0.10480147737765466 1133.0 0.0
0.10503231763619575 1133.0 0.0
0.1053785780240074 1133.0 0.0
0.10572483841181902 1133.0 0.0
0.10584025854108957 1133.0 0.0
0.10595567867036011 1133.0 0.0
0.10607109879963066 1133.0 0.0
0.1061865189289012 1133.0 0.0
0.10630193905817174 1133.0 0.0
0.10641735918744229 1133.0 0.0
0.10653277931671283 1133.0 0.0
0.10664819944598337 1133.0 0.0
0.10676361957525392 1133.0 0.0
0.10710987996306556 1133.0 0.0
0.1072253000923361 1133.0 0.0
0.10791782086795937 1133.0 0.0
0.108264081255771 1153.0 0.0
0.10837950138504156 1153.0 0.0
0.1084949215143121 1153.0 0.0
0.10861034164358264 1156.0 0.0
0.10872576177285319 1153.0 0.0
0.10895660203139428 1159.0 0.0
0.10907202216066482 1156.0 0.0
0.10918744228993536 1153.0 0.0
0.11022622345337027 1143.0 0.0
0.11034164358264081 1133.0 0.0
0.11080332409972299 1159.0 0.0
0.11091874422899353 1159.0 0.0
0.11103416435826408 1159.0 0.0
0.11161126500461681 1159.0 0.0
0.11218836565096953 1159.0 0.0
0.11357340720221606 1134.0 0.0
0.11368882733148661 1134.0 0.0
0.11507386888273315 1134.0 0.0
0.11599722991689751 1134.0 0.0
0.11634349030470914 1134.0 0.0
0.11749769159741459 1154.0 0.0
0.11761311172668514 1154.0 0.0
0.11980609418282548 1154.0 0.0
0.12430747922437674 1154.0 0.0
0.12442289935364728 1154.0 0.0
0.12453831948291783 1154.0 0.0
0.12569252077562326 1154.0 0.0
0.1258079409048938 1154.0 0.0
0.12661588180978764 1154.0 0.0
0.1273084025854109 1154.0 0.0
0.12788550323176362 1154.0 0.0
0.12800092336103416 1154.0 0.0
0.12846260387811634 1154.0 0.0
0.12938596491228072 1155.0 0.0
0.13007848568790398 1155.0 0.0
0.13019390581717452 1155.0 0.0
0.13030932594644506 1155.0 0.0
0.13088642659279778 1155.0 0.0
0.13100184672206833 1155.0 0.0
0.1314635272391505 1155.0 0.0
0.13157894736842105 1155.0 0.0
0.13550323176361959 1155.0 0.0
0.13573407202216067 1155.0 0.0
0.13584949215143122 1155.0 0.0
0.13619575253924285 1155.0 0.0
0.13954293628808864 1143.0 0.0
0.13977377654662973 1143.0 0.0
0.13988919667590027 1143.0 0.0
0.14000461680517082 1143.0 0.0
0.14092797783933517 1143.0 0.0
0.1780932594644506 1143.0 0.0
0.17843951985226222 1143.0 0.0
0.17878578024007388 1143.0 0.0
0.1791320406278855 1143.0 0.0
0.1795937211449677 1154.0 0.0
0.18063250230840258 1154.0 0.0
0.18074792243767313 1154.0 0.0
0.18086334256694367 1154.0 0.0
0.18109418282548476 1154.0 0.0
0.1883656509695291 1154.0 0.0
0.18848107109879964 1154.0 0.0
0.18859649122807018 1154.0 0.0
0.18882733148661127 1155.0 0.0
0.1930978762696214 1158.0 0.0
0.1937903970452447 1158.0 0.0
0.19413665743305633 1158.0 0.0
0.19506001846722068 1158.0 0.0
0.19517543859649122 1158.0 0.0
0.19529085872576177 1158.0 0.0
0.1954062788550323 1158.0 0.0
0.19552169898430286 1158.0 0.0
0.1958679593721145 1164.0 0.0
0.20452446906740535 1192.0 0.0
0.2046398891966759 1192.0 0.0
0.20556325023084027 1185.0 0.0
0.22391505078485688 1223.0 0.0
0.22483841181902123 1223.0 0.0
0.22530009233610343 1223.0 0.0
0.22541551246537397 1223.0 0.0
0.2265697137580794 1223.0 0.0
0.22899353647276086 1228.0 0.0
0.22922437673130194 1228.0 0.0
0.2293397968605725 1228.0 0.0
0.22945521698984303 1228.0 0.0
0.25427054478301014 1195.0 0.0
0.2876269621421976 1268.0 0.0
0.2894736842105263 1268.0 0.0
0.3507617728531856 1241.0 0.0
0.3509926131117267 1241.0 0.0
0.3513388734995383 1241.0 0.0
0.3515697137580794 1243.0 0.0
0.3518005540166205 1243.0 0.0
0.35214681440443213 1243.0 0.0
0.3523776546629732 1243.0 0.0
0.3524930747922438 1243.0 0.0
0.3526084949215143 1243.0 0.0
0.3551477377654663 1243.0 0.0
0.35526315789473684 1243.0 0.0
0.3553785780240074 1243.0 0.0
0.3554939981532779 1243.0 0.0
0.3558402585410896 1243.0 0.0
0.3559556786703601 1243.0 0.0
0.35630193905817176 1243.0 0.0
0.35664819944598336 1243.0 0.0
0.35687903970452445 1243.0 0.0
0.35780240073868885 1243.0 0.0
0.39658356417359186 1265.0 0.0
0.3979686057248384 1265.0 0.0
0.3984302862419206 1265.0 0.0
0.39854570637119113 1265.0 0.0
0.3990073868882733 1265.0 0.0
0.4102031394275162 1265.0 0.0
0.41759002770083103 1265.0 0.0
0.422668513388735 1265.0 0.0
0.4312096029547553 1265.0 0.0
0.433056325023084 1271.0 0.0
0.4359418282548476 1297.0 0.0
0.43928901200369347 1297.0 0.0
0.44113573407202217 1297.0 0.0
0.4492151431209603 1300.0 0.0
0.47830101569713757 1292.0 0.0
0.5189289012003694 1301.0 0.0
0.997229916897507 1420.0 0.0
1.0 1420.0 0.0
