5410
0.00011542012927054478 602.8885041551247 0.0
0.00023084025854108956 967.1485794131346 0.0
0.00034626038781163435 1309.1896551724137 0.0
0.0004616805170821791 1554.007183908046 0.0
0.0005771006463527239 1789.1523605150214 0.0
0.0006925207756232687 1990.941348973607 0.0
0.0008079409048938135 2140.438661710037 0.0
0.0009233610341643582 2253.46875 0.0
0.001038781163434903 2340.512077294686 0.0
0.0011542012927054479 2481.7567567567567 0.0
0.0012696214219759926 2594.358108108108 0.0
0.0013850415512465374 2737.4083333333333 0.0
0.0015004616805170822 2740.391304347826 0.0
0.001615881809787627 2880.15 0.0
0.0017313019390581717 2930.6634615384614 0.0
0.0018467220683287165 3023.989010989011 0.0
0.0019621421975992612 3146.75 0.0
0.002077562326869806 3163.1688311688313 0.0
0.0021929824561403508 3208.9242424242425 0.0
0.0023084025854108957 3193.0 0.0
0.0024238227146814403 3292.3076923076924 0.0
0.0025392428439519853 3236.0 0.0
0.00265466297322253 3384.566037735849 0.0
0.002770083102493075 3407.44 0.0
0.0028855032317636198 3511.8245614035086 0.0
0.0030009233610341643 3641.4222222222224 0.0
0.0031163434903047093 3553.8571428571427 0.0
0.003231763619575254 3601.810810810811 0.0
0.003347183748845799 3706.324324324324 0.0
0.0034626038781163434 3738.285714285714 0.0
0.0035780240073868884 3535.5185185185187 0.0
0.003693444136657433 3712.1666666666665 0.0
0.003808864265927978 3752.9310344827586 0.0
0.0039242843951985225 3733.0689655172414 0.0
0.004039704524469067 3761.310344827586 0.0
0.004155124653739612 3653.8888888888887 0.0
0.004270544783010157 3822.6521739130435 0.0
0.0043859649122807015 3790.0 0.0
0.004501385041551247 3776.4166666666665 0.0
0.0046168051708217915 3958.0 0.0
0.004732225300092336 3849.086956521739 0.0
0.004847645429362881 3896.9411764705883 0.0
0.004963065558633426 4018.733333333333 0.0
0.0050784856879039705 3925.3636363636365 0.0
0.005193905817174515 3964.5833333333335 0.0
0.00530932594644506 3897.9411764705883 0.0
0.005424746075715605 3893.95 0.0
0.00554016620498615 4082.5333333333333 0.0
0.005655586334256694 3967.6315789473683 0.0
0.0057710064635272396 4131.789473684211 0.0
0.005886426592797784 4095.1875 0.0
0.006001846722068329 4091.8 0.0
0.006117266851338873 3932.9 0.0
0.006232686980609419 4076.0 0.0
0.006348107109879963 4091.3 0.0
0.006463527239150508 4195.75 0.0
0.006578947368421052 4218.142857142857 0.0
0.006694367497691598 4243.75 0.0
0.006809787626962142 4299.2 0.0
0.006925207756232687 4345.272727272727 0.0
0.007040627885503232 4111.545454545455 0.0
0.007156048014773777 4290.0 0.0
0.007271468144044321 4299.428571428572 0.0
0.007386888273314866 4271.3 0.0
0.007502308402585411 4314.333333333333 0.0
0.007617728531855956 4256.545454545455 0.0
0.0077331486611265 4328.166666666667 0.0
0.007848568790397045 4152.0 0.0
0.00796398891966759 4226.555555555556 0.0
0.008079409048938134 4201.636363636364 0.0
0.00819482917820868 4235.083333333333 0.0
0.008310249307479225 4352.545454545455 0.0
0.008425669436749769 4338.5 0.0
0.008541089566020314 4244.0 0.0
0.00865650969529086 4195.636363636364 0.0
0.008771929824561403 4179.125 0.0
0.008887349953831948 4176.0 0.0
0.009002770083102494 4356.857142857143 0.0
0.009118190212373038 4241.0 0.0
0.009233610341643583 4266.714285714285 0.0
0.009349030470914127 4358.285714285715 0.0
0.009464450600184672 4556.0 0.0
0.009579870729455217 4372.666666666667 0.0
0.009695290858725761 4425.5 0.0
0.009810710987996307 4325.5 0.0
0.009926131117266852 4380.6 0.0
0.010041551246537396 4432.428571428572 0.0
0.010156971375807941 4405.666666666667 0.0
0.010272391505078486 4446.714285714285 0.0
0.01038781163434903 4435.4 0.0
0.010503231763619576 4478.714285714285 0.0
0.01061865189289012 4443.272727272727 0.0
0.010734072022160665 4500.545454545455 0.0
0.01084949215143121 4366.625 0.0
0.010964912280701754 4417.555555555556 0.0
0.0110803324099723 4496.363636363636 0.0
0.011195752539242845 4386.0 0.0
0.011311172668513388 4360.714285714285 0.0
0.011426592797783934 4454.2307692307695 0.0
0.011542012927054479 4398.285714285715 0.0
0.011657433056325023 4454.166666666667 0.0
0.011772853185595568 4496.666666666667 0.0
0.011888273314866112 4366.75 0.0
0.012003693444136657 4395.0 0.0
0.012119113573407203 4479.142857142857 0.0
0.012234533702677746 4496.428571428572 0.0
0.012349953831948292 4439.2 0.0
0.012465373961218837 4484.5 0.0
0.012580794090489381 4391.75 0.0
0.012696214219759926 4572.0 0.0
0.012811634349030472 4602.5 0.0
0.012927054478301015 4457.0 0.0
0.01304247460757156 4340.0 0.0
0.013157894736842105 4609.5 0.0
0.01327331486611265 4535.833333333333 0.0
0.013388734995383195 4511.75 0.0
0.013504155124653739 4601.0 0.0
0.013619575253924284 4661.333333333333 0.0
0.01373499538319483 4565.8 0.0
0.013850415512465374 4494.6 0.0
0.013965835641735919 4398.5 0.0
0.014081255771006464 4579.0 0.0
0.014196675900277008 4553.25 0.0
0.014312096029547553 4357.0 0.0
0.014427516158818097 4553.666666666667 0.0
0.014542936288088643 4530.5 0.0
0.014658356417359188 4524.2 0.0
0.014773776546629732 4387.0 0.0
0.014889196675900277 4537.666666666667 0.0
0.015004616805170823 4587.428571428572 0.0
0.015120036934441366 4613.25 0.0
0.015235457063711912 4475.0 0.0
0.015350877192982455 4766.0 0.0
0.015466297322253 4756.5 0.0
0.015581717451523546 4624.4 0.0
0.01569713758079409 4652.25 0.0
0.015812557710064637 4611.5 0.0
0.01592797783933518 4636.25 0.0
0.016043397968605724 4682.4 0.0
0.016158818097876268 4666.5 0.0
0.016274238227146815 4653.75 0.0
0.01638965835641736 4664.0 0.0
0.016505078485687903 4577.0 0.0
0.01662049861495845 4675.0 0.0
0.016735918744228993 4739.0 0.0
0.016851338873499537 4599.8 0.0
0.016966759002770084 4609.75 0.0
0.017082179132040628 4634.666666666667 0.0
0.01719759926131117 4665.0 0.0
0.01731301939058172 4714.833333333333 0.0
0.017428439519852262 4698.6 0.0
0.017543859649122806 4613.0 0.0
0.017659279778393353 4696.2 0.0
0.017774699907663897 4685.0 0.0
0.018005540166204988 4785.5 0.0
0.01812096029547553 4780.0 0.0
0.018236380424746075 4765.666666666667 0.0
0.018351800554016622 4755.5 0.0
0.018467220683287166 4765.0 0.0
0.01858264081255771 4749.333333333333 0.0
0.018698060941828253 4710.833333333333 0.0
0.0188134810710988 4682.333333333333 0.0
0.018928901200369344 4685.833333333333 0.0
0.019044321329639888 4687.75 0.0
0.019159741458910435 4700.4 0.0
0.01927516158818098 4719.4 0.0
0.019390581717451522 4606.0 0.0
0.01950600184672207 4679.0 0.0
0.019621421975992613 4653.0 0.0
0.019736842105263157 4708.333333333333 0.0
0.019852262234533704 4717.4 0.0
0.019967682363804248 4628.0 0.0
0.02008310249307479 4749.666666666667 0.0
0.02019852262234534 4560.0 0.0
0.020313942751615882 4688.5 0.0
0.020429362880886426 4721.0 0.0
0.020544783010156973 4716.333333333333 0.0
0.02077562326869806 4812.5 0.0
0.020891043397968604 4741.0 0.0
0.02100646352723915 4793.333333333333 0.0
0.021121883656509695 4818.5 0.0
0.021352723915050786 4771.8 0.0
0.02146814404432133 4817.0 0.0
0.021583564173591873 4783.0 0.0
0.02169898430286242 4822.0 0.0
0.021929824561403508 4746.0 0.0
0.022045244690674055 4746.0 0.0
0.0221606648199446 4814.0 0.0
0.022506925207756233 4792.0 0.0
0.022622345337026777 4770.0 0.0
0.022853185595567867 4744.5 0.0
0.023084025854108958 4750.0 0.0
0.023199445983379502 4777.333333333333 0.0
0.023314866112650046 4798.0 0.0
0.02343028624192059 4830.0 0.0
0.023545706371191136 4658.0 0.0
0.02389196675900277 4824.0 0.0
0.024007386888273315 4828.0 0.0
0.02412280701754386 4659.0 0.0
0.02435364727608495 4842.0 0.0
0.024815327793167127 4740.0 0.0
0.024930747922437674 4832.5 0.0
0.025161588180978762 4740.0 0.0
0.02527700831024931 4740.0 0.0
0.025392428439519853 4874.0 0.0
0.025507848568790396 4677.0 0.0
0.025623268698060944 4772.0 0.0
0.02585410895660203 4800.0 0.0
0.025969529085872575 4697.333333333333 0.0
0.02608494921514312 4749.5 0.0
0.026200369344413665 4727.666666666667 0.0
0.02631578947368421 4700.666666666667 0.0
0.0265466297322253 4802.333333333333 0.0
0.026662049861495844 4783.75 0.0
0.02677746999076639 4825.666666666667 0.0
0.026892890120036934 4851.0 0.0
0.027008310249307478 4753.0 0.0
0.027585410895660203 4802.0 0.0
0.027816251154201294 4749.0 0.0
0.027931671283471838 4691.0 0.0
0.02804709141274238 4769.0 0.0
0.02816251154201293 4778.0 0.0
0.028277931671283472 4778.0 0.0
0.028393351800554016 4753.0 0.0
0.028624192059095107 4820.0 0.0
0.02873961218836565 4820.0 0.0
0.028855032317636194 4772.5 0.0
0.02897045244690674 4803.0 0.0
0.029085872576177285 4842.0 0.0
0.02920129270544783 4784.0 0.0
0.029316712834718376 4784.0 0.0
0.03012465373961219 4900.0 0.0
0.030240073868882732 4900.0 0.0
0.03035549399815328 4858.0 0.0
0.030470914127423823 4859.0 0.0
0.030586334256694367 4804.0 0.0
0.03070175438596491 4900.0 0.0
0.030817174515235458 4804.0 0.0
0.030932594644506 4867.0 0.0
0.031048014773776545 4887.0 0.0
0.031278855032317636 4813.0 0.0
0.03139427516158818 4765.0 0.0
0.031625115420129274 4817.0 0.0
0.03174053554939982 4713.0 0.0
0.03185595567867036 4821.0 0.0
0.031971375807940905 4714.0 0.0
0.03208679593721145 4765.5 0.0
0.032317636195752536 4820.5 0.0
0.03254847645429363 4820.0 0.0
0.032663896583564174 4862.5 0.0
0.03277931671283472 4905.0 0.0
0.03289473684210526 4822.0 0.0
0.033010156971375805 4864.5 0.0
0.033125577100646356 4864.5 0.0
0.03335641735918744 4820.0 0.0
0.03347183748845799 4908.0 0.0
0.03358725761772853 4820.0 0.0
0.033702677746999074 4909.0 0.0
0.03393351800554017 4803.0 0.0
0.03439519852262234 4744.0 0.0
0.03451061865189289 4745.0 0.0
0.035203139427516156 4778.5 0.0
0.035318559556786706 4748.0 0.0
0.03543397968605725 4809.0 0.0
0.035549399815327794 4821.0 0.0
0.03566481994459834 4821.0 0.0
0.036011080332409975 4857.0 0.0
0.036357340720221606 4758.0 0.0
0.036588180978762694 4794.0 0.0
0.036703601108033244 4778.0 0.0
0.03681902123730379 4782.0 0.0
0.03693444136657433 4782.0 0.0
0.037049861495844875 4789.0 0.0
0.03716528162511542 4790.0 0.0
0.03728070175438596 4812.0 0.0
0.03751154201292706 4813.0 0.0
0.03785780240073869 4812.0 0.0
0.03831948291782087 4863.0 0.0
0.038434903047091414 4840.5 0.0
0.03855032317636196 4825.0 0.0
0.0386657433056325 4933.0 0.0
0.038781163434903045 4864.0 0.0
0.039473684210526314 4758.0 0.0
0.03958910433979686 4808.5 0.0
0.03970452446906741 4860.0 0.0
0.04016620498614958 4860.0 0.0
0.040281625115420126 4861.0 0.0
0.04039704524469068 4861.0 0.0
0.04051246537396122 4836.0 0.0
0.040627885503231764 4822.666666666667 0.0
0.04074330563250231 4861.0 0.0
0.04085872576177285 4924.0 0.0
0.040974145891043395 4861.0 0.0
0.0420129270544783 4845.0 0.0
0.042820867959372115 4919.0 0.0
0.04293628808864266 4920.0 0.0
0.043167128347183746 4920.0 0.0
0.0432825484764543 4920.0 0.0
0.04374422899353647 4932.0 0.0
0.04420590951061865 4868.0 0.0
0.04443674976915974 4868.0 0.0
0.044552169898430284 4870.0 0.0
0.04478301015697138 4870.0 0.0
0.04489843028624192 4870.0 0.0
0.04582179132040628 4854.0 0.0
0.04593721144967682 4872.0 0.0
0.046052631578947366 4830.5 0.0
0.046168051708217916 4863.0 0.0
0.04628347183748846 4854.0 0.0
0.046398891966759004 4952.0 0.0
0.046745152354570635 4926.0 0.0
0.04686057248384118 4874.0 0.0
0.04697599261311173 4874.0 0.0
0.04709141274238227 4875.0 0.0
0.04720683287165282 4875.0 0.0
0.04732225300092336 4886.5 0.0
0.047437673130193904 4979.0 0.0
0.04755309325946445 4979.0 0.0
0.047668513388735 4805.0 0.0
0.04813019390581717 4904.0 0.0
0.04824561403508772 4943.0 0.0
0.04836103416435827 4905.0 0.0
0.04847645429362881 4983.0 0.0
0.048591874422899355 4984.0 0.0
0.048938134810710986 4961.333333333333 0.0
0.04905355493998153 4995.0 0.0
0.04916897506925208 4995.0 0.0
0.049284395198522624 4995.0 0.0
0.04939981532779317 5003.0 0.0
0.049630655586334255 4985.0 0.0
0.0497460757156048 4985.0 0.0
0.04986149584487535 5019.0 0.0
0.05043859649122807 4891.0 0.0
0.05055401662049862 4891.0 0.0
0.05193905817174515 4895.0 0.0
0.052516158818097874 5008.0 0.0
0.052977839335180056 5015.0 0.0
0.054016620498614956 5018.0 0.0
0.0541320406278855 4909.0 0.0
0.05424746075715605 4909.0 0.0
0.054709141274238225 4910.0 0.0
0.05482456140350877 4910.0 0.0
0.05493998153277932 4910.0 0.0
0.05517082179132041 4966.0 0.0
0.055401662049861494 4910.0 0.0
0.05551708217913204 4910.0 0.0
0.05563250230840259 4913.0 0.0
0.055863342566943676 4884.0 0.0
0.05597876269621422 4884.0 0.0
0.05620960295475531 4920.0 0.0
0.0564404432132964 4967.0 0.0
0.056555863342566945 4968.0 0.0
0.05667128347183749 4922.0 0.0
0.05713296398891967 4922.0 0.0
0.057248384118190214 4922.0 0.0
0.0574792243767313 4971.0 0.0
0.05863342566943675 4890.0 0.0
0.059441366574330565 4976.0 0.0
0.060480147737765465 4939.0 0.0
0.06105724838411819 4939.0 0.0
0.06140350877192982 4940.0 0.0
0.06151892890120037 4940.0 0.0
0.061980609418282546 4989.0 0.0
0.062326869806094184 4989.0 0.0
0.06244228993536473 4989.0 0.0
0.06255771006463527 4989.0 0.0
0.06278855032317636 4902.0 0.0
0.0629039704524469 4902.0 0.0
0.06313481071098799 4946.0 0.0
0.06659741458910434 5005.0 0.0
0.0685595567867036 4984.0 0.0
0.06867497691597414 4996.0 0.0
0.06879039704524469 4996.0 0.0
0.06890581717451523 4984.0 0.0
0.06902123730378577 4984.0 0.0
0.0695983379501385 5011.0 0.0
0.06971375807940905 4986.0 0.0
0.0698291782086796 5011.0 0.0
0.07006001846722068 5012.0 0.0
0.07075253924284396 5012.0 0.0
0.0708679593721145 5012.0 0.0
0.07144506001846722 5014.0 0.0
0.07156048014773776 5014.0 0.0
0.0716759002770083 5014.0 0.0
0.0719067405355494 5015.0 0.0
0.07306094182825484 5029.0 0.0
0.07317636195752539 5029.0 0.0
0.07536934441366575 5031.0 0.0
0.07560018467220683 5031.0 0.0
0.07571560480147738 5031.0 0.0
0.07583102493074792 5032.0 0.0
0.07606186518928901 5032.0 0.0
0.07617728531855955 5032.0 0.0
0.0762927054478301 5032.0 0.0
0.07640812557710065 5032.0 0.0
0.07825484764542937 5024.0 0.0
0.07848568790397045 5024.0 0.0
0.078601108033241 4996.0 0.0
0.07883194829178208 4996.0 0.0
0.07894736842105263 5010.0 0.0
0.07906278855032317 4996.0 0.0
0.07940904893813482 5024.0 0.0
0.07952446906740536 5024.0 0.0
0.0796398891966759 5024.0 0.0
0.07975530932594645 5024.0 0.0
0.07987072945521699 4938.0 0.0
0.08033240997229917 4939.0 0.0
0.08044783010156971 4939.0 0.0
0.08056325023084025 4939.0 0.0
0.08079409048938135 5032.0 0.0
0.08114035087719298 5014.0 0.0
0.08137119113573407 5031.0 0.0
0.08160203139427516 4997.0 0.0
0.0817174515235457 4997.0 0.0
0.08217913204062789 5031.0 0.0
0.08229455216989844 5031.0 0.0
0.08240997229916898 5031.0 0.0
0.08252539242843952 5032.0 0.0
0.08264081255771007 5032.0 0.0
0.08275623268698061 5032.0 0.0
0.08287165281625115 5032.0 0.0
0.0829870729455217 5032.0 0.0
0.08310249307479224 5033.0 0.0
0.08356417359187442 5033.0 0.0
0.08391043397968606 5033.0 0.0
0.0840258541089566 5033.0 0.0
0.08414127423822715 5033.0 0.0
0.08460295475530932 5033.0 0.0
0.08471837488457987 5033.0 0.0
0.08483379501385041 5033.0 0.0
0.08541089566020314 4998.0 0.0
0.08598799630655586 4947.0 0.0
0.0861034164358264 4947.0 0.0
0.08621883656509695 4947.0 0.0
0.08633425669436749 4948.0 0.0
0.08702677746999077 5034.0 0.0
0.08748845798707294 5034.0 0.0
0.08760387811634349 5034.0 0.0
0.08783471837488457 5034.0 0.0
0.08795013850415513 5034.0 0.0
0.08818097876269622 5034.0 0.0
0.08829639889196676 5034.0 0.0
0.0884118190212373 5034.0 0.0
0.08852723915050785 5034.0 0.0
0.08933518005540166 5034.0 0.0
0.08945060018467221 5034.0 0.0
0.0896814404432133 5034.0 0.0
0.08991228070175439 5034.0 0.0
0.09002770083102493 5034.0 0.0
0.09014312096029548 5034.0 0.0
0.09060480147737765 5035.0 0.0
0.09268236380424746 4955.0 0.0
0.0951061865189289 4960.0 0.0
0.0997229916897507 5038.0 0.0
0.10214681440443213 5038.0 0.0
0.10237765466297322 5038.0 0.0
0.10249307479224377 5039.0 0.0
0.10260849492151432 5039.0 0.0
0.1038781163434903 5144.0 0.0
0.10710987996306556 5040.0 0.0
0.10734072022160665 5040.0 0.0
0.10780240073868882 5040.0 0.0
0.10837950138504156 5045.0 0.0
0.10861034164358264 5045.0 0.0
0.10872576177285319 5045.0 0.0
0.10884118190212373 5045.0 0.0
0.10895660203139428 5045.0 0.0
0.10907202216066482 5045.0 0.0
0.10918744228993536 5045.0 0.0
0.1093028624192059 5045.0 0.0
0.10987996306555864 5045.0 0.0
0.11045706371191136 5045.0 0.0
0.11068790397045244 5045.0 0.0
0.11103416435826408 5046.0 0.0
0.1118421052631579 5008.0 0.0
0.11195752539242844 5008.0 0.0
0.11230378578024007 5008.0 0.0
0.11253462603878116 5050.0 0.0
0.11299630655586335 5013.5 0.0
0.11311172668513389 5019.0 0.0
0.11345798707294552 5019.0 0.0
0.11565096952908588 5022.0 0.0
0.11738227146814405 5022.0 0.0
0.11749769159741459 5022.0 0.0
0.11772853185595568 5022.0 0.0
0.12742382271468145 5001.0 0.0
0.12823176361957525 5002.0 0.0
0.12846260387811634 5002.0 0.0
0.12857802400738688 5002.0 0.0
0.12869344413665743 5002.0 0.0
0.1291551246537396 5002.0 0.0
0.12927054478301014 5002.0 0.0
0.12938596491228072 5002.0 0.0
0.12996306555863343 5002.0 0.0
0.13019390581717452 5029.0 0.0
0.13030932594644506 5045.5 0.0
0.1304247460757156 5031.0 0.0
0.13054016620498615 5032.0 0.0
0.1306555863342567 5062.0 0.0
0.13077100646352724 5062.0 0.0
0.13100184672206833 5004.0 0.0
0.13111726685133887 5033.0 0.0
0.13123268698060941 5065.0 0.0
0.1316943674976916 5029.0 0.0
0.13284856879039705 5004.0 0.0
0.13573407202216067 5065.0 0.0
0.13584949215143122 5065.0 0.0
0.13596491228070176 5065.0 0.0
0.1360803324099723 5065.0 0.0
0.13619575253924285 5065.0 0.0
0.13758079409048937 5067.0 0.0
0.14889196675900276 5025.0 0.0
0.1490073868882733 5025.0 0.0
0.1492382271468144 5025.0 0.0
0.14935364727608494 5026.0 0.0
0.1513157894736842 5047.0 0.0
0.15143120960295475 5047.0 0.0
0.1515466297322253 5047.0 0.0
0.15166204986149584 5047.0 0.0
0.15177746999076638 5047.0 0.0
0.15316251154201294 5047.0 0.0
0.15327793167128348 5047.0 0.0
0.15350877192982457 5047.0 0.0
0.1536241920590951 5047.0 0.0
0.15397045244690674 5048.0 0.0
0.15408587257617729 5048.0 0.0
0.15420129270544783 5048.0 0.0
0.15754847645429362 5051.0 0.0
0.15766389658356417 5051.0 0.0
0.1577793167128347 5051.0 0.0
0.1580101569713758 5051.0 0.0
0.15812557710064634 5051.0 0.0
0.15824099722991689 5051.0 0.0
0.15835641735918743 5051.0 0.0
0.158471837488458 5051.0 0.0
0.22841643582640814 5099.0 0.0
0.22853185595567868 5099.0 0.0
0.2291089566020314 5103.0 0.0
0.22922437673130194 5103.0 0.0
0.2293397968605725 5103.0 0.0
0.22945521698984303 5103.0 0.0
0.22957063711911357 5103.0 0.0
0.22980147737765466 5103.0 0.0
0.23026315789473684 5107.0 0.0
0.23361034164358263 5107.0 0.0
0.23418744228993538 5107.0 0.0
0.23430286241920592 5107.0 0.0
0.23487996306555864 5107.0 0.0
0.23499538319482918 5107.0 0.0
0.23511080332409973 5107.0 0.0
0.23522622345337027 5107.0 0.0
0.2353416435826408 5107.0 0.0
0.27100646352723917 5133.0 0.0
0.31613573407202217 5173.0 0.0
0.3162511542012927 5173.0 0.0
0.31636657433056325 5173.0 0.0
0.3474145891043398 5180.0 0.0
0.3476454293628809 5180.0 0.0
0.3481071098799631 5180.0 0.0
0.3482225300092336 5180.0 0.0
0.34833795013850416 5180.0 0.0
0.3484533702677747 5180.0 0.0
0.34856879039704525 5180.0 0.0
0.3489150507848569 5180.0 0.0
0.3490304709141274 5180.0 0.0
0.349145891043398 5180.0 0.0
0.3494921514312096 5180.0 0.0
0.35041551246537395 5180.0 0.0
0.3654201292705448 5180.0 0.0
0.3656509695290859 5180.0 0.0
0.3659972299168975 5180.0 0.0
0.36611265004616805 5180.0 0.0
0.36622807017543857 5180.0 0.0
0.36634349030470914 5180.0 0.0
0.3664589104339797 5180.0 0.0
0.36657433056325023 5180.0 0.0
0.6375807940904894 5259.0 0.0
0.63769621421976 5259.0 0.0
0.6386195752539243 5259.0 0.0
0.639196675900277 5259.0 0.0
0.6798245614035088 5268.0 0.0
0.6819021237303786 5268.0 0.0
0.6911357340720221 5268.0 0.0
0.6927516158818098 5268.0 0.0
0.6940212373037857 5268.0 0.0
0.6984072022160664 5268.0 0.0
0.7460757156048015 5278.0 0.0
0.7489612188365651 5278.0 0.0
0.8865420129270545 5334.0 0.0
0.8961218836565097 5335.0 0.0
1.0 5410.0 0.0
