341652
0.00011542012927054478 639.4727608494921 0.0
0.00023084025854108956 956.9832104832104 0.0
0.00034626038781163435 1474.507797270955 0.0
0.0004616805170821791 1760.8108108108108 0.0
0.0005771006463527239 2268.8494382022473 0.0
0.0006925207756232687 2534.3 0.0
0.0008079409048938135 2763.4456140350876 0.0
0.0009233610341643582 2803.4464285714284 0.0
0.001038781163434903 2926.901734104046 0.0
0.0011542012927054479 3308.6209677419356 0.0
0.0012696214219759926 3389.693430656934 0.0
0.0013850415512465374 3441.4461538461537 0.0
0.0015004616805170822 3795.637931034483 0.0
0.001615881809787627 4121.340425531915 0.0
0.0017313019390581717 4118.321428571428 0.0
0.0018467220683287165 4408.285714285715 0.0
0.0019621421975992612 4998.630136986301 0.0
0.002077562326869806 4950.171428571429 0.0
0.0021929824561403508 4803.067796610169 0.0
0.0023084025854108957 5266.88679245283 0.0
0.0024238227146814403 5434.105263157895 0.0
0.0025392428439519853 5281.756097560976 0.0
0.00265466297322253 5085.574074074074 0.0
0.002770083102493075 5330.170731707317 0.0
0.0028855032317636198 5556.666666666667 0.0
0.0030009233610341643 5365.487804878048 0.0
0.0031163434903047093 6329.777777777777 0.0
0.003231763619575254 6485.948717948718 0.0
0.003347183748845799 6573.075 0.0
0.0034626038781163434 6475.033333333334 0.0
0.0035780240073868884 6740.5 0.0
0.003693444136657433 7272.8 0.0
0.003808864265927978 6687.285714285715 0.0
0.0039242843951985225 6558.3448275862065 0.0
0.004039704524469067 6501.809523809524 0.0
0.004155124653739612 6781.136363636364 0.0
0.004270544783010157 7799.411764705882 0.0
0.0043859649122807015 6542.3125 0.0
0.004501385041551247 6957.0 0.0
0.0046168051708217915 7354.952380952381 0.0
0.004732225300092336 7714.958333333333 0.0
0.004847645429362881 7469.555555555556 0.0
0.004963065558633426 7111.0 0.0
0.0050784856879039705 7771.833333333333 0.0
0.005193905817174515 7718.875 0.0
0.00530932594644506 7945.5 0.0
0.005424746075715605 7127.666666666667 0.0
0.00554016620498615 9524.272727272728 0.0
0.005655586334256694 7472.181818181818 0.0
0.0057710064635272396 7664.9375 0.0
0.005886426592797784 8298.0 0.0
0.006001846722068329 8606.4375 0.0
0.006117266851338873 8515.25 0.0
0.006232686980609419 9570.8 0.0
0.006348107109879963 9094.625 0.0
0.006463527239150508 8765.5 0.0
0.006578947368421052 9500.454545454546 0.0
0.006694367497691598 8422.375 0.0
0.006809787626962142 10127.615384615385 0.0
0.006925207756232687 9256.90909090909 0.0
0.007040627885503232 9388.833333333334 0.0
0.007156048014773777 9866.533333333333 0.0
0.007271468144044321 9358.2 0.0
0.007386888273314866 10472.333333333334 0.0
0.007502308402585411 10758.7 0.0
0.007617728531855956 10183.692307692309 0.0
0.0077331486611265 10727.583333333334 0.0
0.007848568790397045 10583.5 0.0
0.00796398891966759 11638.1875 0.0
0.008079409048938134 9291.0 0.0
0.00819482917820868 11262.733333333334 0.0
0.008310249307479225 11660.545454545454 0.0
0.008425669436749769 11323.875 0.0
0.008541089566020314 12943.166666666666 0.0
0.00865650969529086 11920.666666666666 0.0
0.008771929824561403 13165.0 0.0
0.008887349953831948 15816.4 0.0
0.009002770083102494 15895.285714285714 0.0
0.009118190212373038 14626.25 0.0
0.009233610341643583 13633.888888888889 0.0
0.009349030470914127 12762.75 0.0
0.009464450600184672 14004.0 0.0
0.009579870729455217 15016.0 0.0
0.009695290858725761 15589.142857142857 0.0
0.009810710987996307 18683.75 0.0
0.009926131117266852 12706.2 0.0
0.010041551246537396 11800.375 0.0
0.010156971375807941 12679.833333333334 0.0
0.010272391505078486 14279.75 0.0
0.01038781163434903 13271.1 0.0
0.010503231763619576 14058.285714285714 0.0
0.01061865189289012 16525.166666666668 0.0
0.010734072022160665 12398.555555555555 0.0
0.01084949215143121 14640.90909090909 0.0
0.010964912280701754 16337.555555555555 0.0
0.0110803324099723 13423.888888888889 0.0
0.011195752539242845 16553.4 0.0
0.011311172668513388 15729.5 0.0
0.011426592797783934 12121.333333333334 0.0
0.011542012927054479 15146.25 0.0
0.011657433056325023 17117.4 0.0
0.011772853185595568 18074.85714285714 0.0
0.011888273314866112 18502.333333333332 0.0
0.012003693444136657 17061.88888888889 0.0
0.012119113573407203 16313.4 0.0
0.012234533702677746 16093.57142857143 0.0
0.012349953831948292 16312.833333333334 0.0
0.012465373961218837 16173.0 0.0
0.012580794090489381 12311.25 0.0
0.012696214219759926 19407.333333333332 0.0
0.012811634349030472 17439.833333333332 0.0
0.012927054478301015 18039.833333333332 0.0
0.01304247460757156 17254.0 0.0
0.013157894736842105 15705.42857142857 0.0
0.01327331486611265 16079.57142857143 0.0
0.013388734995383195 16636.285714285714 0.0
0.013504155124653739 15305.6 0.0
0.013619575253924284 11983.0 0.0
0.01373499538319483 15510.5 0.0
0.013850415512465374 16429.2 0.0
0.013965835641735919 16596.375 0.0
0.014081255771006464 16617.666666666668 0.0
0.014196675900277008 16223.636363636364 0.0
0.014312096029547553 15074.2 0.0
0.014427516158818097 16377.5 0.0
0.014542936288088643 15387.375 0.0
0.014658356417359188 15612.0 0.0
0.014773776546629732 16226.8 0.0
0.014889196675900277 15316.0 0.0
0.015004616805170823 15399.8 0.0
0.015120036934441366 16242.75 0.0
0.015235457063711912 16165.0 0.0
0.015350877192982455 17914.333333333332 0.0
0.015466297322253 16949.75 0.0
0.015581717451523546 18116.666666666668 0.0
0.01569713758079409 19057.0 0.0
0.015812557710064637 17195.0 0.0
0.01592797783933518 17386.0 0.0
0.016043397968605724 16938.666666666668 0.0
0.016158818097876268 17108.5 0.0
0.016274238227146815 15663.0 0.0
0.01638965835641736 15344.5 0.0
0.016505078485687903 17523.333333333332 0.0
0.01662049861495845 16175.666666666666 0.0
0.016735918744228993 19761.5 0.0
0.016851338873499537 11280.0 0.0
0.016966759002770084 21365.0 0.0
0.017082179132040628 20102.25 0.0
0.01719759926131117 15421.666666666666 0.0
0.01731301939058172 19519.5 0.0
0.017428439519852262 15264.5 0.0
0.017543859649122806 19445.5 0.0
0.017659279778393353 16994.666666666668 0.0
0.017774699907663897 14941.6 0.0
0.01789012003693444 17583.0 0.0
0.01812096029547553 18623.5 0.0
0.018236380424746075 18915.75 0.0
0.018351800554016622 17998.5 0.0
0.018467220683287166 18165.333333333332 0.0
0.01858264081255771 21660.25 0.0
0.018698060941828253 20148.5 0.0
0.0188134810710988 22558.25 0.0
0.018928901200369344 19767.0 0.0
0.019044321329639888 19858.333333333332 0.0
0.019159741458910435 19954.2 0.0
0.01927516158818098 19145.5 0.0
0.019390581717451522 20021.666666666668 0.0
0.01950600184672207 20262.0 0.0
0.019621421975992613 18376.0 0.0
0.019736842105263157 17928.0 0.0
0.019852262234533704 18428.0 0.0
0.019967682363804248 22027.666666666668 0.0
0.02008310249307479 22045.666666666668 0.0
0.020313942751615882 20073.0 0.0
0.020429362880886426 23186.5 0.0
0.020544783010156973 23189.2 0.0
0.020660203139427517 24692.0 0.0
0.02077562326869806 23864.0 0.0
0.020891043397968604 20586.75 0.0
0.02100646352723915 23103.0 0.0
0.021121883656509695 23390.666666666668 0.0
0.02123730378578024 25821.0 0.0
0.02146814404432133 26050.0 0.0
0.021583564173591873 25103.333333333332 0.0
0.02169898430286242 18789.666666666668 0.0
0.021814404432132964 14277.0 0.0
0.022045244690674055 18587.5 0.0
0.0221606648199446 23906.0 0.0
0.022276084949215142 23201.0 0.0
0.02239150507848569 22500.0 0.0
0.022506925207756233 14133.0 0.0
0.022622345337026777 20274.0 0.0
0.022737765466297324 21379.666666666668 0.0
0.022853185595567867 23012.0 0.0
0.02296860572483841 14625.0 0.0
0.023084025854108958 14633.0 0.0
0.023199445983379502 14706.0 0.0
0.023314866112650046 22949.0 0.0
0.02343028624192059 20800.0 0.0
0.023545706371191136 14952.0 0.0
0.02389196675900277 26933.5 0.0
0.024007386888273315 26973.0 0.0
0.02412280701754386 20786.5 0.0
0.024238227146814405 24310.0 0.0
0.02435364727608495 23663.0 0.0
0.024469067405355493 20233.5 0.0
0.02458448753462604 15616.0 0.0
0.024699907663896584 16218.0 0.0
0.024815327793167127 16819.0 0.0
0.024930747922437674 16962.0 0.0
0.025046168051708218 27325.0 0.0
0.02527700831024931 17035.0 0.0
0.025392428439519853 24088.0 0.0
0.025507848568790396 22461.5 0.0
0.025623268698060944 17507.0 0.0
0.025738688827331487 22538.5 0.0
0.02585410895660203 17377.0 0.0
0.025969529085872575 22311.5 0.0
0.02608494921514312 27526.5 0.0
0.026200369344413665 27647.0 0.0
0.02631578947368421 25334.0 0.0
0.026431209602954756 21831.0 0.0
0.026662049861495844 25013.0 0.0
0.02677746999076639 28056.0 0.0
0.026892890120036934 32839.0 0.0
0.027008310249307478 37528.0 0.0
0.027123730378578025 22851.5 0.0
0.027354570637119113 17579.0 0.0
0.02746999076638966 25735.0 0.0
0.027585410895660203 27888.666666666668 0.0
0.027700831024930747 33688.5 0.0
0.027816251154201294 33728.0 0.0
0.027931671283471838 37804.0 0.0
0.02804709141274238 37807.0 0.0
0.02816251154201293 33810.5 0.0
0.028277931671283472 33814.5 0.0
0.02850877192982456 17960.0 0.0
0.02873961218836565 17986.0 0.0
0.028855032317636194 18020.0 0.0
0.02897045244690674 24595.0 0.0
0.029085872576177285 24160.0 0.0
0.02920129270544783 21310.5 0.0
0.029316712834718376 21324.0 0.0
0.02943213296398892 19450.0 0.0
0.029547553093259463 19454.0 0.0
0.02966297322253001 29935.0 0.0
0.029778393351800554 29936.0 0.0
0.030009233610341645 19472.0 0.0
0.03012465373961219 25363.5 0.0
0.030240073868882732 19518.0 0.0
0.03035549399815328 29623.0 0.0
0.030470914127423823 27261.0 0.0
0.030586334256694367 33615.0 0.0
0.03070175438596491 25317.333333333332 0.0
0.030817174515235458 18737.0 0.0
0.030932594644506 24073.666666666668 0.0
0.031048014773776545 20393.0 0.0
0.031163434903047092 33652.0 0.0
0.031278855032317636 25669.333333333332 0.0
0.03139427516158818 25692.75 0.0
0.03150969529085872 31768.0 0.0
0.031625115420129274 25719.0 0.0
0.03174053554939982 24480.5 0.0
0.03185595567867036 19064.0 0.0
0.03208679593721145 25036.0 0.0
0.03220221606648199 19095.0 0.0
0.032317636195752536 25292.2 0.0
0.03243305632502309 29991.0 0.0
0.03254847645429363 31059.5 0.0
0.032663896583564174 26822.5 0.0
0.03277931671283472 31688.0 0.0
0.03289473684210526 26931.0 0.0
0.033010156971375805 24537.5 0.0
0.033125577100646356 19742.0 0.0
0.0332409972299169 29354.0 0.0
0.03347183748845799 33338.0 0.0
0.03358725761772853 33673.0 0.0
0.033702677746999074 29259.5 0.0
0.033818097876269625 34004.0 0.0
0.03404893813481071 34100.0 0.0
0.034164358264081256 25033.0 0.0
0.03439519852262234 34149.0 0.0
0.03451061865189289 25077.0 0.0
0.03508771929824561 35651.0 0.0
0.03647276084949215 30910.0 0.0
0.036588180978762694 30947.0 0.0
0.036703601108033244 33432.5 0.0
0.03681902123730379 36029.0 0.0
0.03693444136657433 30976.0 0.0
0.03716528162511542 28242.5 0.0
0.03728070175438596 30988.0 0.0
0.037742382271468145 37268.0 0.0
0.03785780240073869 37270.0 0.0
0.03797322253000923 31468.5 0.0
0.038088642659279776 25675.0 0.0
0.03831948291782087 35378.0 0.0
0.038434903047091414 35381.0 0.0
0.03855032317636196 29312.0 0.0
0.0386657433056325 35410.0 0.0
0.038781163434903045 35778.0 0.0
0.038896583564173595 35817.0 0.0
0.03901200369344414 35836.0 0.0
0.04074330563250231 21986.0 0.0
0.04085872576177285 21990.0 0.0
0.040974145891043395 21996.0 0.0
0.04120498614958449 22007.0 0.0
0.04132040627885503 26325.0 0.0
0.04143582640812558 24167.0 0.0
0.04155124653739612 26361.0 0.0
0.041666666666666664 26940.0 0.0
0.04178208679593721 24488.5 0.0
0.04189750692520776 24517.0 0.0
0.0420129270544783 36063.0 0.0
0.042128347183748846 29286.0 0.0
0.04224376731301939 35472.5 0.0
0.04235918744228993 30915.5 0.0
0.04247460757156048 27105.0 0.0
0.0430517082179132 27390.0 0.0
0.043167128347183746 26531.0 0.0
0.0432825484764543 30382.5 0.0
0.04339796860572484 26566.5 0.0
0.043513388734995384 25739.0 0.0
0.04362880886426593 27480.0 0.0
0.04374422899353647 26192.0 0.0
0.04409048938134811 29126.0 0.0
0.04420590951061865 31039.0 0.0
0.0443213296398892 35338.0 0.0
0.04443674976915974 35341.0 0.0
0.04466759002770083 35386.0 0.0
0.04489843028624192 113067.0 0.0
0.045013850415512466 40088.0 0.0
0.04512927054478301 35452.0 0.0
0.04524469067405355 40095.0 0.0
0.045706371191135735 45247.0 0.0
0.04593721144967682 30867.0 0.0
0.04709141274238227 44328.0 0.0
0.04720683287165282 44920.5 0.0
0.04732225300092336 44938.5 0.0
0.047437673130193904 45597.0 0.0
0.04755309325946445 40726.0 0.0
0.047668513388735 45608.0 0.0
0.047899353647276086 40824.0 0.0
0.04801477377654663 40876.0 0.0
0.04836103416435827 40894.0 0.0
0.04847645429362881 40927.0 0.0
0.048591874422899355 40935.0 0.0
0.04882271468144044 40965.0 0.0
0.048938134810710986 40970.0 0.0
0.04905355493998153 42851.0 0.0
0.049284395198522624 32385.5 0.0
0.04939981532779317 28217.0 0.0
0.0497460757156048 38360.0 0.0
0.04986149584487535 38409.0 0.0
0.04997691597414589 38499.0 0.0
0.050092336103416436 46197.0 0.0
0.05020775623268698 28392.0 0.0
0.050323176361957524 38524.0 0.0
0.05043859649122807 37764.333333333336 0.0
0.05055401662049862 28492.0 0.0
0.05101569713758079 46299.0 0.0
0.051131117266851336 38598.0 0.0
0.051477377654662974 46314.0 0.0
0.05159279778393352 43261.0 0.0
0.05170821791320406 46368.0 0.0
0.051823638042474605 38971.0 0.0
0.05193905817174515 39252.0 0.0
0.0520544783010157 39401.0 0.0
0.05274699907663897 46877.0 0.0
0.052977839335180056 35309.0 0.0
0.0530932594644506 46892.0 0.0
0.05332409972299169 46924.0 0.0
0.05343951985226224 48927.0 0.0
0.053670360110803325 48940.0 0.0
0.05390120036934441 39646.0 0.0
0.054016620498614956 43290.0 0.0
0.0541320406278855 43300.0 0.0
0.05424746075715605 43305.0 0.0
0.054709141274238225 51435.0 0.0
0.05505540166204986 43409.0 0.0
0.05528624192059095 43416.0 0.0
0.061172668513388734 51381.0 0.0
0.06128808864265928 51385.0 0.0
0.06140350877192982 51393.0 0.0
0.061865189289012 51415.0 0.0
0.06278855032317636 40751.0 0.0
0.06336565096952909 51687.0 0.0
0.06348107109879964 51691.0 0.0
0.06913665743305633 39908.0 0.0
0.06994459833795014 40146.0 0.0
0.07006001846722068 40152.0 0.0
0.07017543859649122 40166.0 0.0
0.0708679593721145 40853.0 0.0
0.0729455216989843 41887.0 0.0
0.07352262234533703 42021.0 0.0
0.07363804247460758 42073.0 0.0
0.07698522622345337 58742.0 0.0
0.07940904893813482 56757.0 0.0
0.07952446906740536 56768.0 0.0
0.0796398891966759 56793.0 0.0
0.07987072945521699 56810.0 0.0
0.08056325023084025 56899.0 0.0
0.08067867036011081 56911.0 0.0
0.08102493074792244 56926.0 0.0
0.08114035087719298 56930.0 0.0
0.08125577100646353 56932.0 0.0
0.08137119113573407 56933.0 0.0
0.08333333333333333 46931.0 0.0
0.0861034164358264 59357.0 0.0
0.08644967682363804 59422.0 0.0
0.0865650969529086 59498.0 0.0
0.08668051708217914 59505.0 0.0
0.09418282548476455 62451.0 0.0
0.09452908587257618 62488.0 0.0
0.09487534626038781 63081.0 0.0
0.09499076638965835 63086.0 0.0
0.09522160664819945 63103.0 0.0
0.09533702677747 63103.0 0.0
0.09753000923361034 58895.0 0.0
0.09776084949215143 50202.0 0.0
0.09822253000923362 64061.0 0.0
0.09856879039704525 64068.0 0.0
0.09879963065558633 64164.0 0.0
0.09914589104339797 50278.0 0.0
0.09926131117266851 50281.0 0.0
0.09937673130193905 50283.0 0.0
0.10087719298245613 62930.0 0.0
0.10145429362880887 64340.0 0.0
0.10156971375807941 64369.0 0.0
0.10168513388734995 64370.0 0.0
0.10226223453370267 64785.0 0.0
0.10295475530932595 51232.0 0.0
0.10307017543859649 51238.0 0.0
0.10318559556786704 51255.0 0.0
0.10330101569713758 51302.0 0.0
0.10341643582640812 51449.0 0.0
0.10364727608494921 51500.0 0.0
0.1038781163434903 51509.0 0.0
0.10514773776546629 65462.0 0.0
0.10549399815327794 65468.0 0.0
0.1074561403508772 68405.0 0.0
0.11876731301939059 60959.0 0.0
0.11888273314866113 61077.0 0.0
0.12072945521698984 71461.0 0.0
0.12176823638042475 58894.0 0.0
0.12188365650969529 58895.0 0.0
0.12211449676823638 61594.0 0.0
0.13227146814404434 81994.0 0.0
0.13238688827331488 81994.0 0.0
0.13250230840258542 81996.0 0.0
0.13261772853185597 81999.0 0.0
0.13284856879039705 82054.0 0.0
0.13307940904893814 82078.0 0.0
0.13319482917820868 74009.0 0.0
0.13331024930747923 82083.0 0.0
0.13365650969529086 74057.0 0.0
0.1360803324099723 76273.0 0.0
0.14115881809787628 78125.0 0.0
0.1448522622345337 71922.0 0.0
0.14496768236380425 71928.0 0.0
0.14542936288088643 71952.0 0.0
0.14577562326869806 72117.0 0.0
0.1458910433979686 72118.0 0.0
0.14600646352723914 72121.0 0.0
0.14623730378578023 72148.0 0.0
0.1481994459833795 70218.0 0.0
0.14877654662973222 72465.0 0.0
0.14889196675900276 72483.0 0.0
0.1505078485687904 76182.0 0.0
0.15108494921514312 73085.0 0.0
0.15120036934441367 73123.0 0.0
0.1513157894736842 73125.0 0.0
0.1515466297322253 73128.0 0.0
0.15166204986149584 73130.0 0.0
0.15212373037857801 73141.0 0.0
0.15270083102493076 73619.0 0.0
0.1528162511542013 73621.0 0.0
0.15454755309325946 77694.0 0.0
0.1577793167128347 90437.0 0.0
0.1580101569713758 90479.0 0.0
0.158471837488458 90601.0 0.0
0.15858725761772854 90603.0 0.0
0.1587026777469991 90652.0 0.0
0.15881809787626963 90659.0 0.0
0.15916435826408126 90696.0 0.0
0.1592797783933518 90807.0 0.0
0.18109418282548476 91086.0 0.0
0.18132502308402584 91140.0 0.0
0.1814404432132964 91143.0 0.0
0.18167128347183747 91189.0 0.0
0.18213296398891968 91200.0 0.0
0.18224838411819022 91247.0 0.0
0.18305632502308403 100081.0 0.0
0.18559556786703602 109544.0 0.0
0.20140812557710064 97083.0 0.0
0.20152354570637118 98032.0 0.0
0.20175438596491227 98592.0 0.0
0.2025623268698061 100122.0 0.0
0.26188827331486614 118155.0 0.0
0.3401431209602955 149787.0 0.0
0.3530701754385965 140745.0 0.0
0.3850415512465374 223415.0 0.0
0.6149584487534626 204470.0 0.0
1.0 341652.0 0.0
