5118
0.0001 860 4 0
0.0001 1369 7 0
0.0002 1875 12 0
0.0003 2187 17 0
0.0003 2466 16 0
0.0004 2701 36 0
0.0005 2902 38 0
0.0006 3054 46 0
0.0006 3234 62 0
0.0007 3318 54 0
0.0008 3451 37 0
0.0008 3526 48 0
0.0009 3615 54 0
0.0010 3702 60 0
0.0010 3801 55 0
0.0011 3855 55 0
0.0012 3878 69 0
0.0012 3981 78 0
0.0013 4041 95 0
0.0014 4112 87 0
0.0015 4149 116 0
0.0015 4162 135 0
0.0016 4174 92 0
0.0017 4182 80 0
0.0017 4296 127 0
0.0018 4259 83 0
0.0019 4280 67 0
0.0019 4321 75 0
0.0020 4344 91 0
0.0021 4355 183 0
0.0021 4337 169 0
0.0022 4355 163 0
0.0023 4420 65 0
0.0024 4398 88 0
0.0024 4427 190 0
0.0025 4402 191 0
0.0026 4449 160 0
0.0026 4439 134 0
0.0027 4492 264 0
0.0028 4516 151 0
0.0028 4527 103 0
0.0029 4485 312 0
0.0030 4535 148 0
0.0030 4545 201 0
0.0031 4546 132 0
0.0032 4520 133 0
0.0033 4572 239 0
0.0033 4588 237 0
0.0034 4596 137 0
0.0035 4604 163 0
0.0035 4625 407 0
0.0036 4621 377 0
0.0037 4649 192 0
0.0037 4639 396 0
0.0038 4683 737 0
0.0039 4651 518 0
0.0039 4687 298 0
0.0040 4671 431 0
0.0041 4684 148 0
0.0042 4705 187 0
0.0042 4672 203 0
0.0043 4664 348 0
0.0044 4685 240 0
0.0044 4676 204 0
0.0045 4709 245 0
0.0046 4749 139 0
0.0046 4690 164 0
0.0047 4732 199 0
0.0048 4730 187 0
0.0048 4736 88 0
0.0049 4776 192 0
0.0050 4706 85 0
0.0051 4766 144 0
0.0051 4747 100 0
0.0052 4736 125 0
0.0053 4731 165 0
0.0053 4749 174 0
0.0054 4785 261 0
0.0055 4781 310 0
0.0055 4786 324 0
0.0056 4798 154 0
0.0057 4783 142 0
0.0057 4753 143 0
0.0058 4745 229 0
0.0059 4752 128 0
0.0060 4772 270 0
0.0060 4743 363 0
0.0061 4773 434 0
0.0062 4792 367 0
0.0062 4802 189 0
0.0063 4782 219 0
0.0064 4749 567 0
0.0064 4789 203 0
0.0065 4765 166 0
0.0066 4772 39 0
0.0067 4783 390 0
0.0067 4783 239 0
0.0068 4783 465 0
0.0069 4809 153 0
0.0069 4849 560 0
0.0070 4838 544 0
0.0071 4825 983 0
0.0071 4827 531 0
0.0072 4813 469 0
0.0073 4838 187 0
0.0073 4825 202 0
0.0074 4819 224 0
0.0075 4720 65 0
0.0076 4790 162 0
0.0077 4857 355 0
0.0078 4775 174 0
0.0078 4815 91 0
0.0079 4834 406 0
0.0080 4845 175 0
0.0080 4842 190 0
0.0081 4858 305 0
0.0082 4829 233 0
0.0082 4832 251 0
0.0083 4845 476 0
0.0084 4866 314 0
0.0085 4919 432 0
0.0086 4839 114 0
0.0087 4809 106 0
0.0089 4962 149 0
0.0089 4865 383 0
0.0090 4853 130 0
0.0091 4861 383 0
0.0091 4875 277 0
0.0094 4926 236 0
0.0095 4750 67 0
0.0096 4851 217 0
0.0096 4833 675 0
0.0097 4880 400 0
0.0098 4900 506 0
0.0100 4910 1840 0
0.0100 4863 197 0
0.0103 4920 1840 0
0.0103 4862 277 0
0.0104 4856 456 0
0.0105 4908 309 0
0.0105 4869 102 0
0.0107 4877 628 0
0.0107 4918 102 0
0.0108 4930 443 0
0.0111 4875 214 0
0.0116 4922 892 0
0.0118 4890 203 0
0.0118 4916 788 0
0.0119 4935 1114 0
0.0120 4897 252 0
0.0121 4944 513 0
0.0123 4886 731 0
0.0125 4879 378 0
0.0126 4908 277 0
0.0127 4898 446 0
0.0127 4853 81 0
0.0128 4931 876 0
0.0129 4904 574 0
0.0130 4920 283 0
0.0134 4908 266 0
0.0136 4938 879 0
0.0138 4947 577 0
0.0139 4979 263 0
0.0141 4900 248 0
0.0142 4947 589 0
0.0143 4950 600 0
0.0145 4930 465 0
0.0149 4989 459 0
0.0150 4934 431 0
0.0150 4896 160 0
0.0151 4921 699 0
0.0152 4906 1659 0
0.0154 4926 429 0
0.0154 4927 851 0
0.0155 4960 307 0
0.0157 4938 1252 0
0.0158 4925 737 0
0.0159 4952 1464 0
0.0161 4954 413 0
0.0161 4940 1426 0
0.0162 4937 455 0
0.0163 4893 167 0
0.0163 4932 295 0
0.0165 4937 1717 0
0.0166 4948 831 0
0.0166 4976 2303 0
0.0167 4956 831 0
0.0169 4940 455 0
0.0170 4960 1064 0
0.0172 4964 1186 0
0.0175 4941 459 0
0.0175 4952 1308 0
0.0177 4947 1727 0
0.0178 4961 975 0
0.0185 4906 167 0
0.0186 4913 169 0
0.0187 4969 307 0
0.0189 4937 1966 0
0.0194 4952 1540 0
0.0195 4940 1073 0
0.0196 4970 1500 0
0.0199 4963 247 0
0.0200 4957 739 0
0.0211 4983 1651 0
0.0212 5012 1882 0
0.0214 4978 1087 0
0.0215 5011 1523 0
0.0219 4978 589 0
0.0220 4977 778 0
0.0221 4965 1646 0
0.0222 4998 913 0
0.0229 5020 2521 0
0.0232 5001 711 0
0.0233 4978 1600 0
0.0234 4950 5246 0
0.0240 4991 340 0
0.0243 4961 2054 0
0.0247 4979 1720 0
0.0247 4996 457 0
0.0249 4974 584 0
0.0255 4988 1346 0
0.0257 5034 1839 0
0.0258 4961 5301 0
0.0260 5006 1895 0
0.0260 4979 1382 0
0.0263 4986 2478 0
0.0264 4963 5301 0
0.0266 5010 984 0
0.0267 5013 1898 0
0.0270 5011 742 0
0.0273 4984 1750 0
0.0280 5020 737 0
0.0281 5016 1819 0
0.0284 5027 601 0
0.0287 5004 1074 0
0.0288 5045 2152 0
0.0294 5046 2152 0
0.0294 5002 1305 0
0.0296 4968 5320 0
0.0297 5005 2117 0
0.0302 5012 1053 0
0.0303 5000 1549 0
0.0303 5046 3562 0
0.0308 5008 1791 0
0.0314 5026 888 0
0.0320 5011 1567 0
0.0321 5029 895 0
0.0323 5049 2954 0
0.0325 5004 2361 0
0.0328 5017 2268 0
0.0329 5001 1827 0
0.0332 5035 3199 0
0.0333 4988 5354 0
0.0334 5050 3565 0
0.0337 5007 2376 0
0.0339 5022 2280 0
0.0339 5020 1906 0
0.0340 5010 1132 0
0.0342 5050 3572 0
0.0346 5024 1039 0
0.0346 5043 4770 0
0.0349 5020 3360 0
0.0351 4998 5993 0
0.0352 5028 1737 0
0.0353 5017 1141 0
0.0355 5030 1142 0
0.0356 5023 1122 0
0.0360 5042 2222 0
0.0364 5028 1042 0
0.0368 5034 1245 0
0.0371 5021 2108 0
0.0375 5051 2331 0
0.0377 5021 3398 0
0.0378 5035 1260 0
0.0379 5042 1204 0
0.0380 5017 2441 0
0.0381 5046 1440 0
0.0382 5039 1801 0
0.0384 5062 3806 0
0.0384 5010 2062 0
0.0390 5063 3823 0
0.0391 5064 3602 0
0.0393 5051 2447 0
0.0394 5038 1262 0
0.0396 5047 1475 0
0.0398 5025 1195 0
0.0407 5053 6915 0
0.0409 5040 1416 0
0.0410 5057 2561 0
0.0414 5060 954 0
0.0420 5042 1812 0
0.0425 5039 2252 0
0.0425 5049 1150 0
0.0429 5014 6027 0
0.0432 5055 7023 0
0.0433 5068 3723 0
0.0436 5034 1420 0
0.0444 5031 3787 0
0.0447 5065 4169 0
0.0448 5063 1423 0
0.0456 5045 1456 0
0.0458 5065 4170 0
0.0459 5038 2246 0
0.0461 5063 1434 0
0.0463 5062 1601 0
0.0466 5050 2483 0
0.0475 5047 1466 0
0.0478 5065 1603 0
0.0481 5059 7316 0
0.0483 5045 1543 0
0.0484 5045 1980 0
0.0486 5051 1433 0
0.0492 5070 1733 0
0.0499 5059 3230 0
0.0500 5054 2952 0
0.1000 5074 5849 0
0.1500 5096 7453 0
0.2001 5101 9007 0
0.2501 5102 12599 0
0.3001 5102 14171 0
0.3501 5103 15725 0
0.4001 5107 19932 0
0.4501 5108 21438 0
0.5001 5109 24026 0
0.5502 5110 27664 0
0.6001 5110 31571 0
0.6500 5111 34646 0
0.7001 5112 37681 0
0.7500 5114 39414 0
0.8000 5115 41436 0
0.8500 5117 45641 0
0.9000 5117 46731 0
0.9500 5117 52839 0
1.0000 5118 60156 0
