1236045
0.00011542012927054478 1395.164242843952 0.0
0.00023084025854108956 2246.2040378006873 0.0
0.00034626038781163435 3177.678082191781 0.0
0.0004616805170821791 4021.0109375 0.0
0.0005771006463527239 4837.950588235294 0.0
0.0006925207756232687 5224.145569620253 0.0
0.0008079409048938135 6254.335820895522 0.0
0.0009233610341643582 7281.474308300395 0.0
0.001038781163434903 8130.3105263157895 0.0
0.0011542012927054479 8065.734463276836 0.0
0.0012696214219759926 9157.089655172414 0.0
0.0013850415512465374 9625.745901639344 0.0
0.0015004616805170822 10316.463636363636 0.0
0.001615881809787627 10528.123595505618 0.0
0.0017313019390581717 9461.631578947368 0.0
0.0018467220683287165 10435.876543209877 0.0
0.0019621421975992612 10238.0 0.0
0.002077562326869806 11892.355263157895 0.0
0.0021929824561403508 11346.87012987013 0.0
0.0023084025854108957 12887.033898305084 0.0
0.0024238227146814403 11002.888888888889 0.0
0.0025392428439519853 12541.690909090908 0.0
0.00265466297322253 12742.423076923076 0.0
0.002770083102493075 12590.416666666666 0.0
0.0028855032317636198 11949.02564102564 0.0
0.0030009233610341643 14422.5 0.0
0.0031163434903047093 14233.4375 0.0
0.003231763619575254 12486.388888888889 0.0
0.003347183748845799 18902.25925925926 0.0
0.0034626038781163434 18251.485714285714 0.0
0.0035780240073868884 16563.363636363636 0.0
0.003693444136657433 18167.689655172413 0.0
0.003808864265927978 17301.727272727272 0.0
0.0039242843951985225 18164.233333333334 0.0
0.004039704524469067 19050.666666666668 0.0
0.004155124653739612 17788.178571428572 0.0
0.004270544783010157 19027.4 0.0
0.0043859649122807015 16390.333333333332 0.0
0.004501385041551247 19247.869565217392 0.0
0.0046168051708217915 19298.32 0.0
0.004732225300092336 22482.458333333332 0.0
0.004847645429362881 20011.0 0.0
0.004963065558633426 20344.25 0.0
0.0050784856879039705 19646.565217391304 0.0
0.005193905817174515 21483.70588235294 0.0
0.00530932594644506 27577.4375 0.0
0.005424746075715605 22011.333333333332 0.0
0.00554016620498615 23161.5 0.0
0.005655586334256694 29950.714285714286 0.0
0.0057710064635272396 29369.0 0.0
0.005886426592797784 24120.090909090908 0.0
0.006001846722068329 25333.285714285714 0.0
0.006117266851338873 26330.625 0.0
0.006232686980609419 23081.428571428572 0.0
0.006348107109879963 28607.058823529413 0.0
0.006463527239150508 27669.75 0.0
0.006578947368421052 25272.625 0.0
0.006694367497691598 28699.083333333332 0.0
0.006809787626962142 30925.64285714286 0.0
0.006925207756232687 26807.466666666667 0.0
0.007040627885503232 31300.444444444445 0.0
0.007156048014773777 27146.777777777777 0.0
0.007271468144044321 29261.833333333332 0.0
0.007386888273314866 27041.5 0.0
0.007502308402585411 28318.5 0.0
0.007617728531855956 32850.375 0.0
0.0077331486611265 25841.555555555555 0.0
0.007848568790397045 28528.625 0.0
0.00796398891966759 36843.22222222222 0.0
0.008079409048938134 32804.5 0.0
0.00819482917820868 36937.846153846156 0.0
0.008310249307479225 38136.333333333336 0.0
0.008425669436749769 31271.333333333332 0.0
0.008541089566020314 44987.25 0.0
0.00865650969529086 42518.2 0.0
0.008771929824561403 38417.833333333336 0.0
0.008887349953831948 33510.666666666664 0.0
0.009002770083102494 43241.375 0.0
0.009118190212373038 40130.6 0.0
0.009233610341643583 31215.0 0.0
0.009349030470914127 37540.22222222222 0.0
0.009464450600184672 37800.375 0.0
0.009579870729455217 50440.0 0.0
0.009695290858725761 45465.166666666664 0.0
0.009810710987996307 33817.28571428572 0.0
0.009926131117266852 34923.25 0.0
0.010041551246537396 37123.75 0.0
0.010156971375807941 41616.28571428572 0.0
0.010272391505078486 29621.75 0.0
0.01038781163434903 50973.4 0.0
0.010503231763619576 53668.166666666664 0.0
0.01061865189289012 46789.0 0.0
0.010734072022160665 42115.625 0.0
0.01084949215143121 36972.125 0.0
0.010964912280701754 45024.57142857143 0.0
0.0110803324099723 41895.875 0.0
0.011195752539242845 43270.625 0.0
0.011311172668513388 34174.4 0.0
0.011426592797783934 41863.0 0.0
0.011542012927054479 55585.333333333336 0.0
0.011657433056325023 51097.375 0.0
0.011772853185595568 53173.11111111111 0.0
0.011888273314866112 50555.818181818184 0.0
0.012003693444136657 53256.0 0.0
0.012119113573407203 46970.28571428572 0.0
0.012234533702677746 49469.42857142857 0.0
0.012349953831948292 63388.6 0.0
0.012465373961218837 44847.71428571428 0.0
0.012580794090489381 53179.2 0.0
0.012696214219759926 49758.6 0.0
0.012811634349030472 45974.75 0.0
0.012927054478301015 39901.166666666664 0.0
0.01304247460757156 45067.0 0.0
0.013157894736842105 41352.0 0.0
0.01327331486611265 53579.25 0.0
0.013388734995383195 50667.4 0.0
0.013504155124653739 46809.875 0.0
0.013619575253924284 53360.0 0.0
0.01373499538319483 46063.71428571428 0.0
0.013850415512465374 45710.6 0.0
0.013965835641735919 45373.0 0.0
0.014081255771006464 52227.666666666664 0.0
0.014196675900277008 45935.25 0.0
0.014312096029547553 44594.333333333336 0.0
0.014427516158818097 43200.8 0.0
0.014542936288088643 56958.333333333336 0.0
0.014658356417359188 52163.5 0.0
0.014773776546629732 47976.166666666664 0.0
0.014889196675900277 46094.0 0.0
0.015004616805170823 47829.0 0.0
0.015120036934441366 59540.333333333336 0.0
0.015235457063711912 39693.8 0.0
0.015350877192982455 52134.25 0.0
0.015466297322253 32386.0 0.0
0.015581717451523546 34697.0 0.0
0.01569713758079409 32539.666666666668 0.0
0.015812557710064637 39122.0 0.0
0.01592797783933518 44558.0 0.0
0.016043397968605724 54113.0 0.0
0.016158818097876268 54452.25 0.0
0.016274238227146815 50273.857142857145 0.0
0.01638965835641736 51552.5 0.0
0.016505078485687903 49918.5 0.0
0.01662049861495845 37684.0 0.0
0.016735918744228993 48240.0 0.0
0.016851338873499537 66312.66666666667 0.0
0.016966759002770084 70012.0 0.0
0.017082179132040628 67291.83333333333 0.0
0.01719759926131117 73154.83333333333 0.0
0.01731301939058172 66310.4 0.0
0.017428439519852262 67139.33333333333 0.0
0.017543859649122806 64236.75 0.0
0.017659279778393353 55166.42857142857 0.0
0.017774699907663897 61513.166666666664 0.0
0.01789012003693444 60752.5 0.0
0.018005540166204988 42627.75 0.0
0.01812096029547553 40183.857142857145 0.0
0.018236380424746075 39003.0 0.0
0.018351800554016622 41342.166666666664 0.0
0.018467220683287166 37129.6 0.0
0.01858264081255771 39846.333333333336 0.0
0.018698060941828253 42010.666666666664 0.0
0.0188134810710988 58530.5 0.0
0.018928901200369344 47406.5 0.0
0.019044321329639888 37178.5 0.0
0.019159741458910435 40060.4 0.0
0.01927516158818098 40258.0 0.0
0.019390581717451522 42928.6 0.0
0.01950600184672207 49105.333333333336 0.0
0.019621421975992613 47837.0 0.0
0.019736842105263157 48909.0 0.0
0.019852262234533704 53358.75 0.0
0.019967682363804248 61089.0 0.0
0.02008310249307479 58360.5 0.0
0.02019852262234534 60804.8 0.0
0.020313942751615882 63155.6 0.0
0.020429362880886426 63462.75 0.0
0.020544783010156973 64332.166666666664 0.0
0.020660203139427517 61408.666666666664 0.0
0.02077562326869806 65015.75 0.0
0.020891043397968604 49048.5 0.0
0.02100646352723915 47319.0 0.0
0.021121883656509695 61829.4 0.0
0.02123730378578024 64966.0 0.0
0.021352723915050786 65842.66666666667 0.0
0.02146814404432133 50307.5 0.0
0.021583564173591873 50342.0 0.0
0.02169898430286242 70964.33333333333 0.0
0.021814404432132964 73779.0 0.0
0.021929824561403508 70787.5 0.0
0.022045244690674055 78888.0 0.0
0.0221606648199446 87611.5 0.0
0.022276084949215142 86453.33333333333 0.0
0.02239150507848569 61832.0 0.0
0.022506925207756233 63738.0 0.0
0.022622345337026777 60523.75 0.0
0.022737765466297324 86967.0 0.0
0.022853185595567867 71175.66666666667 0.0
0.02296860572483841 56374.0 0.0
0.023084025854108958 60060.5 0.0
0.023199445983379502 60161.5 0.0
0.02343028624192059 93222.0 0.0
0.023545706371191136 82031.5 0.0
0.02366112650046168 96316.0 0.0
0.023776546629732224 85053.33333333333 0.0
0.02389196675900277 70354.33333333333 0.0
0.024007386888273315 64603.5 0.0
0.02412280701754386 60289.666666666664 0.0
0.024238227146814405 68810.0 0.0
0.02435364727608495 74551.0 0.0
0.024469067405355493 67934.0 0.0
0.02458448753462604 57515.0 0.0
0.024699907663896584 58290.0 0.0
0.024815327793167127 59713.0 0.0
0.024930747922437674 64140.0 0.0
0.025046168051708218 68477.0 0.0
0.025161588180978762 54932.0 0.0
0.02527700831024931 58019.75 0.0
0.025392428439519853 63986.5 0.0
0.025507848568790396 64162.5 0.0
0.025623268698060944 59007.0 0.0
0.025738688827331487 60671.0 0.0
0.02585410895660203 64197.0 0.0
0.025969529085872575 68730.0 0.0
0.02608494921514312 53874.0 0.0
0.026200369344413665 59608.0 0.0
0.02631578947368421 73898.0 0.0
0.026431209602954756 54307.0 0.0
0.0265466297322253 65097.5 0.0
0.026662049861495844 75855.0 0.0
0.026892890120036934 75870.0 0.0
0.027354570637119113 76023.0 0.0
0.02746999076638966 65161.666666666664 0.0
0.027585410895660203 54444.0 0.0
0.027700831024930747 54497.0 0.0
0.027816251154201294 54510.0 0.0
0.02804709141274238 54554.0 0.0
0.02816251154201293 73354.5 0.0
0.028277931671283472 70526.0 0.0
0.028393351800554016 71166.0 0.0
0.02850877192982456 69613.0 0.0
0.028624192059095107 77816.5 0.0
0.02873961218836565 84612.0 0.0
0.02897045244690674 84902.0 0.0
0.029085872576177285 84908.0 0.0
0.02920129270544783 94718.5 0.0
0.02943213296398892 85978.0 0.0
0.029547553093259463 55325.0 0.0
0.02966297322253001 70859.0 0.0
0.029778393351800554 76892.75 0.0
0.029893813481071098 83110.5 0.0
0.030009233610341645 102552.0 0.0
0.03012465373961219 107509.0 0.0
0.030240073868882732 96443.66666666667 0.0
0.03035549399815328 83926.5 0.0
0.030470914127423823 76938.0 0.0
0.030586334256694367 82322.5 0.0
0.03070175438596491 73572.0 0.0
0.030817174515235458 82371.0 0.0
0.030932594644506 73623.0 0.0
0.031048014773776545 91303.0 0.0
0.03208679593721145 77495.0 0.0
0.03243305632502309 101509.0 0.0
0.03277931671283472 80112.0 0.0
0.03289473684210526 81546.0 0.0
0.03335641735918744 102753.0 0.0
0.03347183748845799 103031.0 0.0
0.0342797783933518 105332.5 0.0
0.03439519852262234 106193.0 0.0
0.03462603878116344 106968.0 0.0
0.03508771929824561 105943.0 0.0
0.035203139427516156 101960.33333333333 0.0
0.035318559556786706 84606.0 0.0
0.03543397968605725 84610.0 0.0
0.035549399815327794 94935.5 0.0
0.03566481994459834 149920.0 0.0
0.036011080332409975 100460.5 0.0
0.03612650046168052 101127.5 0.0
0.03624192059095106 90775.0 0.0
0.036357340720221606 106382.0 0.0
0.03716528162511542 85843.0 0.0
0.03751154201292706 84658.0 0.0
0.0376269621421976 85372.5 0.0
0.037742382271468145 93831.33333333333 0.0
0.03785780240073869 90768.66666666667 0.0
0.03797322253000923 85462.5 0.0
0.038088642659279776 90463.5 0.0
0.038204062788550326 84843.0 0.0
0.03831948291782087 94105.0 0.0
0.038434903047091414 108544.33333333333 0.0
0.03855032317636196 137404.0 0.0
0.0386657433056325 117763.0 0.0
0.038781163434903045 137413.0 0.0
0.038896583564173595 124209.5 0.0
0.03901200369344414 111013.0 0.0
0.03912742382271468 111032.0 0.0
0.039242843951985226 124294.0 0.0
0.03935826408125577 137561.0 0.0
0.039473684210526314 111085.0 0.0
0.03958910433979686 105137.5 0.0
0.03981994459833795 85564.0 0.0
0.039935364727608495 121021.0 0.0
0.04005078485687904 130470.0 0.0
0.04016620498614958 170073.0 0.0
0.04051246537396122 130375.5 0.0
0.040627885503231764 145377.66666666666 0.0
0.04074330563250231 88577.0 0.0
0.04085872576177285 88758.0 0.0
0.041089566020313946 159092.0 0.0
0.04120498614958449 142766.0 0.0
0.04132040627885503 103383.0 0.0
0.04143582640812558 140338.66666666666 0.0
0.04155124653739612 130903.5 0.0
0.041666666666666664 136418.0 0.0
0.04178208679593721 118728.75 0.0
0.04189750692520776 136479.0 0.0
0.0420129270544783 88997.33333333333 0.0
0.042128347183748846 89719.0 0.0
0.04224376731301939 113650.5 0.0
0.04235918744228993 137588.0 0.0
0.04259002770083103 100429.0 0.0
0.04270544783010157 107916.0 0.0
0.042820867959372115 121624.33333333333 0.0
0.04293628808864266 132212.5 0.0
0.0430517082179132 132265.0 0.0
0.043167128347183746 132269.0 0.0
0.0432825484764543 100577.0 0.0
0.04339796860572484 100589.0 0.0
0.043513388734995384 94513.0 0.0
0.04374422899353647 90042.0 0.0
0.043859649122807015 109080.25 0.0
0.043975069252077566 109173.0 0.0
0.04409048938134811 90171.0 0.0
0.04443674976915974 95831.0 0.0
0.044552169898430284 122414.66666666667 0.0
0.04466759002770083 101801.0 0.0
0.04478301015697138 96366.5 0.0
0.04512927054478301 102669.0 0.0
0.04524469067405355 102678.0 0.0
0.0453601108033241 102148.0 0.0
0.04547553093259465 103184.0 0.0
0.04582179132040628 103226.0 0.0
0.04593721144967682 103241.0 0.0
0.04697599261311173 174833.0 0.0
0.047437673130193904 104727.0 0.0
0.04778393351800554 105307.0 0.0
0.04824561403508772 103888.0 0.0
0.04836103416435827 103916.0 0.0
0.04847645429362881 100157.0 0.0
0.0487072945521699 102061.5 0.0
0.04882271468144044 102138.0 0.0
0.048938134810710986 100374.0 0.0
0.04905355493998153 100384.0 0.0
0.04916897506925208 100417.0 0.0
0.04939981532779317 148292.0 0.0
0.04951523545706371 148294.0 0.0
0.04997691597414589 128321.0 0.0
0.050092336103416436 108413.0 0.0
0.05020775623268698 114224.0 0.0
0.050323176361957524 108460.0 0.0
0.05043859649122807 114310.0 0.0
0.05090027700831025 114335.0 0.0
0.05101569713758079 114369.0 0.0
0.051131117266851336 114584.0 0.0
0.051477377654662974 114609.0 0.0
0.05355493998153278 115981.0 0.0
0.05447830101569714 119029.0 0.0
0.05459372114496768 119889.0 0.0
0.05493998153277932 120132.0 0.0
0.05505540166204986 151807.0 0.0
0.05517082179132041 136063.5 0.0
0.05528624192059095 151907.0 0.0
0.055401662049861494 155912.0 0.0
0.05551708217913204 120333.0 0.0
0.05563250230840259 136170.5 0.0
0.05574792243767313 136196.5 0.0
0.055863342566943676 120390.0 0.0
0.0564404432132964 120729.0 0.0
0.056555863342566945 119044.5 0.0
0.05667128347183749 119046.0 0.0
0.05701754385964912 118581.0 0.0
0.05713296398891967 118585.0 0.0
0.05794090489381348 108537.0 0.0
0.05805632502308403 108575.0 0.0
0.058287165281625114 179770.0 0.0
0.05851800554016621 152656.0 0.0
0.05909510618651893 119756.0 0.0
0.05932594644506002 158752.0 0.0
0.06024930747922438 115772.0 0.0
0.06036472760849492 111353.0 0.0
0.060480147737765465 112771.0 0.0
0.06059556786703601 120920.0 0.0
0.0608264081255771 170229.0 0.0
0.060941828254847646 112796.0 0.0
0.06140350877192982 113281.0 0.0
0.061634349030470915 113336.0 0.0
0.06174976915974146 114507.0 0.0
0.06221144967682364 140109.0 0.0
0.062326869806094184 140124.0 0.0
0.06313481071098799 131886.0 0.0
0.06325023084025855 140422.0 0.0
0.06348107109879964 140533.0 0.0
0.06359649122807018 140928.0 0.0
0.06405817174515235 117133.0 0.0
0.06451985226223453 117214.0 0.0
0.06475069252077563 117236.0 0.0
0.06544321329639889 117691.0 0.0
0.06555863342566944 117711.0 0.0
0.06567405355493998 117744.0 0.0
0.06578947368421052 127764.0 0.0
0.06717451523545706 130425.5 0.0
0.0672899353647276 130432.0 0.0
0.06740535549399815 137028.0 0.0
0.06752077562326869 137245.0 0.0
0.06763619575253925 138847.0 0.0
0.06844413665743306 148537.0 0.0
0.06902123730378577 149175.0 0.0
0.06913665743305633 149177.0 0.0
0.0719067405355494 150406.0 0.0
0.0721375807940905 150409.0 0.0
0.0765235457063712 173835.0 0.0
0.07663896583564174 173839.0 0.0
0.07675438596491228 173853.0 0.0
0.07686980609418283 176508.0 0.0
0.0886426592797784 239382.0 0.0
0.08933518005540166 239728.0 0.0
0.09579870729455217 237911.0 0.0
0.09626038781163435 208048.0 0.0
0.10433979686057249 249261.0 0.0
0.10445521698984303 249269.0 0.0
0.10457063711911357 249271.0 0.0
0.10468605724838412 249271.0 0.0
0.10584025854108957 182623.0 0.0
0.10595567867036011 182653.0 0.0
0.11299630655586335 280315.0 0.0
0.11484302862419206 186552.0 0.0
0.11507386888273315 188097.0 0.0
0.11761311172668514 191707.0 0.0
0.11772853185595568 191712.0 0.0
0.1183056325023084 191725.0 0.0
0.11842105263157894 191729.0 0.0
0.11888273314866113 191757.0 0.0
0.11911357340720222 340408.0 0.0
0.12234533702677747 266570.0 0.0
0.13492613111726684 273795.0 0.0
0.13977377654662973 237837.0 0.0
0.17047553093259465 321775.0 0.0
0.17232225300092335 399047.0 0.0
0.18432594644506 346508.0 0.0
0.20614035087719298 404923.0 0.0
0.3066712834718375 515755.0 0.0
0.3072483841181902 564629.0 0.0
0.3252539242843952 591695.0 0.0
0.3674976915974146 590938.0 0.0
0.6927516158818098 932073.0 0.0
1.0 1236045.0 0.0
