5883191
0.00011542012927054478 1792.90824099723 0.0
0.00023084025854108956 2775.654833190761 0.0
0.00034626038781163435 4877.850574712644 0.0
0.0004616805170821791 5602.153737658674 0.0
0.0005771006463527239 7279.643923240938 0.0
0.0006925207756232687 9565.314285714287 0.0
0.0008079409048938135 10406.979452054795 0.0
0.0009233610341643582 11909.15652173913 0.0
0.001038781163434903 14025.128712871287 0.0
0.0011542012927054479 14337.576086956522 0.0
0.0012696214219759926 15193.121621621622 0.0
0.0013850415512465374 16044.785123966942 0.0
0.0015004616805170822 18785.70093457944 0.0
0.001615881809787627 19278.864077669903 0.0
0.0017313019390581717 20431.552083333332 0.0
0.0018467220683287165 20262.54054054054 0.0
0.0019621421975992612 22654.037735849055 0.0
0.002077562326869806 24603.870967741936 0.0
0.0021929824561403508 24548.836734693876 0.0
0.0023084025854108957 27747.38 0.0
0.0024238227146814403 24464.384615384617 0.0
0.0025392428439519853 30157.04651162791 0.0
0.00265466297322253 31386.79591836735 0.0
0.002770083102493075 30532.08695652174 0.0
0.0028855032317636198 32940.80952380953 0.0
0.0030009233610341643 29290.914285714287 0.0
0.0031163434903047093 37598.333333333336 0.0
0.003231763619575254 35432.35135135135 0.0
0.003347183748845799 43533.666666666664 0.0
0.0034626038781163434 46370.13888888889 0.0
0.0035780240073868884 38192.16129032258 0.0
0.003693444136657433 43616.291666666664 0.0
0.003808864265927978 43251.62962962963 0.0
0.0039242843951985225 41575.90909090909 0.0
0.004039704524469067 43325.875 0.0
0.004155124653739612 44473.782608695656 0.0
0.004270544783010157 51623.380952380954 0.0
0.0043859649122807015 48839.5 0.0
0.004501385041551247 37264.45 0.0
0.0046168051708217915 41066.11111111111 0.0
0.004732225300092336 48647.77777777778 0.0
0.004847645429362881 57166.875 0.0
0.004963065558633426 50362.72727272727 0.0
0.0050784856879039705 45863.545454545456 0.0
0.005193905817174515 42899.0 0.0
0.00530932594644506 48335.07142857143 0.0
0.005424746075715605 56145.04761904762 0.0
0.00554016620498615 67195.27777777778 0.0
0.005655586334256694 72065.46666666666 0.0
0.0057710064635272396 70558.57894736843 0.0
0.005886426592797784 71973.28571428571 0.0
0.006001846722068329 66095.36842105263 0.0
0.006117266851338873 62354.0625 0.0
0.006232686980609419 72066.875 0.0
0.006348107109879963 63623.0 0.0
0.006463527239150508 75116.31818181818 0.0
0.006578947368421052 83582.92307692308 0.0
0.006694367497691598 64517.769230769234 0.0
0.006809787626962142 79871.42857142857 0.0
0.006925207756232687 75689.09090909091 0.0
0.007040627885503232 81808.36363636363 0.0
0.007156048014773777 73564.6 0.0
0.007271468144044321 83006.13333333333 0.0
0.007386888273314866 87332.1 0.0
0.007502308402585411 73112.63636363637 0.0
0.007617728531855956 86976.625 0.0
0.0077331486611265 63967.857142857145 0.0
0.007848568790397045 98262.0 0.0
0.00796398891966759 77516.0 0.0
0.008079409048938134 68341.38461538461 0.0
0.00819482917820868 93042.07692307692 0.0
0.008310249307479225 82384.25 0.0
0.008425669436749769 97846.33333333333 0.0
0.008541089566020314 106952.90909090909 0.0
0.00865650969529086 94805.0 0.0
0.008771929824561403 70206.2 0.0
0.008887349953831948 65209.77777777778 0.0
0.009002770083102494 87540.0 0.0
0.009118190212373038 82198.33333333333 0.0
0.009233610341643583 82883.33333333333 0.0
0.009349030470914127 80162.25 0.0
0.009464450600184672 88903.5 0.0
0.009579870729455217 97749.57142857143 0.0
0.009695290858725761 74383.25 0.0
0.009810710987996307 141296.75 0.0
0.009926131117266852 76716.16666666667 0.0
0.010041551246537396 84232.0 0.0
0.010156971375807941 74412.4 0.0
0.010272391505078486 99531.63636363637 0.0
0.01038781163434903 100029.33333333333 0.0
0.010503231763619576 87543.45454545454 0.0
0.01061865189289012 113120.71428571429 0.0
0.010734072022160665 99071.66666666667 0.0
0.01084949215143121 103944.0 0.0
0.010964912280701754 123626.875 0.0
0.0110803324099723 119935.875 0.0
0.011195752539242845 99234.66666666667 0.0
0.011311172668513388 92596.125 0.0
0.011426592797783934 100934.66666666667 0.0
0.011542012927054479 116405.9 0.0
0.011657433056325023 140168.75 0.0
0.011772853185595568 111135.75 0.0
0.011888273314866112 106266.4 0.0
0.012003693444136657 128332.44444444444 0.0
0.012119113573407203 105089.0 0.0
0.012234533702677746 94770.6 0.0
0.012349953831948292 120188.5 0.0
0.012465373961218837 113370.66666666667 0.0
0.012580794090489381 145370.5 0.0
0.012696214219759926 159154.75 0.0
0.012811634349030472 120356.5 0.0
0.012927054478301015 114596.0 0.0
0.013157894736842105 150378.14285714287 0.0
0.01327331486611265 142466.5 0.0
0.013388734995383195 123408.4 0.0
0.013504155124653739 114946.4 0.0
0.013619575253924284 144022.88888888888 0.0
0.01373499538319483 157922.33333333334 0.0
0.013850415512465374 157291.66666666666 0.0
0.013965835641735919 135439.0 0.0
0.014081255771006464 164234.0 0.0
0.014196675900277008 166350.5 0.0
0.014312096029547553 134036.66666666666 0.0
0.014427516158818097 171340.0 0.0
0.014542936288088643 156233.2 0.0
0.014658356417359188 223220.0 0.0
0.014773776546629732 136060.0 0.0
0.014889196675900277 158661.5 0.0
0.015004616805170823 131481.66666666666 0.0
0.015120036934441366 151575.6 0.0
0.015235457063711912 145927.66666666666 0.0
0.015350877192982455 171021.4 0.0
0.015466297322253 109346.0 0.0
0.015581717451523546 128465.25 0.0
0.01569713758079409 154618.75 0.0
0.015812557710064637 129524.33333333333 0.0
0.01592797783933518 141025.0 0.0
0.016043397968605724 141053.5 0.0
0.016158818097876268 167188.0 0.0
0.016274238227146815 98806.0 0.0
0.01638965835641736 140380.0 0.0
0.016505078485687903 179581.5 0.0
0.01662049861495845 183247.66666666666 0.0
0.016735918744228993 167491.5 0.0
0.016851338873499537 153069.5 0.0
0.016966759002770084 109964.5 0.0
0.017082179132040628 117977.5 0.0
0.01719759926131117 183378.0 0.0
0.01731301939058172 118330.5 0.0
0.017428439519852262 179743.5 0.0
0.017543859649122806 171541.5 0.0
0.017659279778393353 200482.5 0.0
0.017774699907663897 159775.0 0.0
0.01789012003693444 131431.66666666666 0.0
0.018005540166204988 180048.5 0.0
0.01812096029547553 224590.5 0.0
0.018236380424746075 213311.0 0.0
0.018351800554016622 234700.0 0.0
0.018467220683287166 188723.66666666666 0.0
0.01858264081255771 188795.0 0.0
0.018698060941828253 214956.0 0.0
0.0188134810710988 181426.75 0.0
0.018928901200369344 174284.5 0.0
0.019044321329639888 101148.5 0.0
0.019159741458910435 186809.33333333334 0.0
0.01927516158818098 173364.0 0.0
0.019390581717451522 129804.0 0.0
0.01950600184672207 130039.5 0.0
0.019621421975992613 104733.0 0.0
0.019736842105263157 149760.33333333334 0.0
0.019852262234533704 179657.5 0.0
0.019967682363804248 183669.0 0.0
0.02008310249307479 134069.0 0.0
0.02019852262234534 136007.0 0.0
0.020313942751615882 175835.0 0.0
0.020429362880886426 272491.0 0.0
0.020544783010156973 122609.0 0.0
0.020660203139427517 272804.0 0.0
0.02100646352723915 187537.0 0.0
0.021121883656509695 194544.75 0.0
0.02123730378578024 207485.0 0.0
0.02146814404432133 260880.0 0.0
0.021583564173591873 234229.66666666666 0.0
0.02169898430286242 192417.75 0.0
0.021814404432132964 201273.4 0.0
0.021929824561403508 193253.77777777778 0.0
0.022045244690674055 203037.83333333334 0.0
0.0221606648199446 195421.5 0.0
0.022276084949215142 185843.2 0.0
0.02239150507848569 156253.5 0.0
0.022506925207756233 242009.0 0.0
0.022622345337026777 216828.83333333334 0.0
0.022737765466297324 187235.5 0.0
0.022853185595567867 144514.0 0.0
0.02296860572483841 158290.0 0.0
0.023084025854108958 143686.5 0.0
0.023199445983379502 121500.0 0.0
0.023314866112650046 199125.5 0.0
0.02343028624192059 121691.0 0.0
0.023545706371191136 252523.0 0.0
0.02366112650046168 186352.0 0.0
0.023776546629732224 186790.0 0.0
0.02389196675900277 239068.0 0.0
0.024007386888273315 261688.0 0.0
0.02412280701754386 222036.75 0.0
0.024238227146814405 226624.0 0.0
0.02435364727608495 201767.5 0.0
0.024469067405355493 209071.33333333334 0.0
0.02458448753462604 267386.0 0.0
0.024699907663896584 238149.66666666666 0.0
0.024815327793167127 196821.0 0.0
0.024930747922437674 233884.33333333334 0.0
0.025046168051708218 216963.0 0.0
0.025161588180978762 229910.0 0.0
0.02527700831024931 239144.8 0.0
0.025392428439519853 239152.0 0.0
0.025507848568790396 267658.5 0.0
0.025623268698060944 221655.0 0.0
0.025738688827331487 174036.0 0.0
0.02585410895660203 238805.0 0.0
0.025969529085872575 267873.5 0.0
0.02608494921514312 285088.5 0.0
0.026200369344413665 295682.6 0.0
0.02631578947368421 276044.4285714286 0.0
0.026431209602954756 303835.0 0.0
0.0265466297322253 302116.5 0.0
0.026662049861495844 223123.0 0.0
0.02677746999076639 253292.33333333334 0.0
0.026892890120036934 210909.25 0.0
0.027008310249307478 237183.25 0.0
0.027123730378578025 250656.0 0.0
0.02723915050784857 274431.6666666667 0.0
0.027354570637119113 262702.0 0.0
0.02746999076638966 264375.5 0.0
0.027585410895660203 253460.5 0.0
0.027700831024930747 244862.0 0.0
0.027931671283471838 268497.5 0.0
0.02804709141274238 265355.0 0.0
0.02816251154201293 310338.0 0.0
0.028393351800554016 310605.0 0.0
0.028624192059095107 184986.0 0.0
0.02873961218836565 248947.0 0.0
0.02897045244690674 249119.0 0.0
0.029085872576177285 249191.0 0.0
0.02920129270544783 260805.0 0.0
0.029316712834718376 249566.0 0.0
0.02943213296398892 284881.0 0.0
0.029547553093259463 250185.0 0.0
0.02966297322253001 261725.0 0.0
0.029778393351800554 247575.5 0.0
0.029893813481071098 261812.66666666666 0.0
0.030470914127423823 280765.0 0.0
0.030586334256694367 280820.5 0.0
0.03070175438596491 285624.5 0.0
0.030817174515235458 281067.0 0.0
0.030932594644506 281494.0 0.0
0.031048014773776545 282612.0 0.0
0.031278855032317636 241738.5 0.0
0.03139427516158818 284604.5 0.0
0.03150969529085872 307588.0 0.0
0.031625115420129274 307780.0 0.0
0.03174053554939982 332803.0 0.0
0.03185595567867036 311355.5 0.0
0.031971375807940905 364322.0 0.0
0.03208679593721145 321435.0 0.0
0.03220221606648199 314984.5 0.0
0.032317636195752536 327616.0 0.0
0.03243305632502309 390070.0 0.0
0.032663896583564174 327800.0 0.0
0.03277931671283472 328069.0 0.0
0.03289473684210526 328153.0 0.0
0.033010156971375805 329017.0 0.0
0.0332409972299169 287596.4 0.0
0.03335641735918744 298952.5 0.0
0.03347183748845799 279681.5 0.0
0.03358725761772853 307836.0 0.0
0.033818097876269625 218985.0 0.0
0.03393351800554017 284455.0 0.0
0.03404893813481071 256773.5 0.0
0.034164358264081256 294425.0 0.0
0.0342797783933518 321557.6666666667 0.0
0.03439519852262234 253369.0 0.0
0.03451061865189289 355879.5 0.0
0.03462603878116344 257411.0 0.0
0.03474145891043398 293750.0 0.0
0.03497229916897507 313550.0 0.0
0.035318559556786706 313853.0 0.0
0.035549399815327794 301954.0 0.0
0.03566481994459834 376003.0 0.0
0.03578024007386888 331687.0 0.0
0.035895660203139425 361343.0 0.0
0.036011080332409975 316533.0 0.0
0.03612650046168052 343905.0 0.0
0.03624192059095106 333261.0 0.0
0.036357340720221606 373246.0 0.0
0.03647276084949215 333393.0 0.0
0.036703601108033244 334150.0 0.0
0.03681902123730379 342214.0 0.0
0.03693444136657433 359811.5 0.0
0.03716528162511542 350839.0 0.0
0.03728070175438596 342889.5 0.0
0.03751154201292706 369706.0 0.0
0.037742382271468145 322108.0 0.0
0.03785780240073869 328833.5 0.0
0.03797322253000923 353081.5 0.0
0.038204062788550326 235026.0 0.0
0.03831948291782087 303518.5 0.0
0.03855032317636196 377461.0 0.0
0.0386657433056325 336703.0 0.0
0.038781163434903045 287643.5 0.0
0.038896583564173595 294693.0 0.0
0.03901200369344414 337165.0 0.0
0.03912742382271468 337222.0 0.0
0.039242843951985226 352192.0 0.0
0.03981994459833795 354177.0 0.0
0.039935364727608495 354198.0 0.0
0.04005078485687904 353227.5 0.0
0.040281625115420126 330467.0 0.0
0.04039704524469068 377528.0 0.0
0.04051246537396122 350512.75 0.0
0.040627885503231764 318835.5 0.0
0.04074330563250231 355199.0 0.0
0.04085872576177285 335667.5 0.0
0.040974145891043395 382688.0 0.0
0.041089566020313946 396475.5 0.0
0.04120498614958449 331596.0 0.0
0.04155124653739612 357787.0 0.0
0.041666666666666664 357887.0 0.0
0.04178208679593721 358181.0 0.0
0.04259002770083103 426422.0 0.0
0.04270544783010157 382421.0 0.0
0.042820867959372115 426820.0 0.0
0.043167128347183746 411996.0 0.0
0.0432825484764543 397454.5 0.0
0.04339796860572484 399432.5 0.0
0.043513388734995384 399927.5 0.0
0.04374422899353647 466917.0 0.0
0.043975069252077566 467815.0 0.0
0.04443674976915974 426733.0 0.0
0.044552169898430284 471696.0 0.0
0.04512927054478301 434829.0 0.0
0.0453601108033241 455468.0 0.0
0.04559095106186519 456125.0 0.0
0.04686057248384118 386346.0 0.0
0.04697599261311173 386705.0 0.0
0.04824561403508772 362400.0 0.0
0.04939981532779317 365398.0 0.0
0.04951523545706371 365563.0 0.0
0.049630655586334255 366129.0 0.0
0.0497460757156048 366963.0 0.0
0.04986149584487535 367386.0 0.0
0.05055401662049862 407718.0 0.0
0.05159279778393352 459151.0 0.0
0.05170821791320406 463174.0 0.0
0.051823638042474605 483431.0 0.0
0.05193905817174515 473637.0 0.0
0.0520544783010157 463506.0 0.0
0.05216989843028624 391207.0 0.0
0.052516158818097874 391687.0 0.0
0.05286241920590951 394489.0 0.0
0.0530932594644506 394702.0 0.0
0.053208679593721143 396469.0 0.0
0.05343951985226224 434654.0 0.0
0.05355493998153278 530210.0 0.0
0.053670360110803325 530446.0 0.0
0.05390120036934441 532385.0 0.0
0.054016620498614956 504450.0 0.0
0.0541320406278855 534144.0 0.0
0.05424746075715605 534199.0 0.0
0.054362880886426594 506265.0 0.0
0.05447830101569714 478471.0 0.0
0.05482456140350877 508370.5 0.0
0.05493998153277932 438296.0 0.0
0.05517082179132041 522665.0 0.0
0.05528624192059095 488458.0 0.0
0.05551708217913204 556937.0 0.0
0.05563250230840259 513176.5 0.0
0.05597876269621422 503532.0 0.0
0.0564404432132964 446366.0 0.0
0.05771006463527239 591215.0 0.0
0.0608264081255771 561555.0 0.0
0.06105724838411819 460624.0 0.0
0.061172668513388734 511693.5 0.0
0.06140350877192982 563927.0 0.0
0.06267313019390582 466875.0 0.0
0.06428901200369344 798131.0 0.0
0.06463527239150507 472688.0 0.0
0.06475069252077563 472740.0 0.0
0.06498153277931672 551922.0 0.0
0.07063711911357341 593139.0 0.0
0.0719067405355494 630369.0 0.0
0.07202216066481995 630412.0 0.0
0.07386888273314866 602401.0 0.0
0.07456140350877193 603475.0 0.0
0.07640812557710065 607485.0 0.0
0.07686980609418283 609712.0 0.0
0.07848568790397045 596907.0 0.0
0.07917820867959371 635132.0 0.0
0.08148661126500462 822246.0 0.0
0.08240997229916898 703432.0 0.0
0.08252539242843952 703548.0 0.0
0.08275623268698061 704245.0 0.0
0.08379501385041552 707178.0 0.0
0.0840258541089566 713518.0 0.0
0.08414127423822715 713535.0 0.0
0.08448753462603878 716054.0 0.0
0.08552631578947369 751151.0 0.0
0.1053785780240074 911999.0 0.0
0.10895660203139428 915922.0 0.0
0.11980609418282548 1204791.0 0.0
0.12003693444136658 908594.0 0.0
0.12973222530009235 1099683.0 0.0
0.14692982456140352 1209712.0 0.0
0.14750692520775624 1153765.0 0.0
0.18386426592797783 1375742.0 0.0
0.19067405355494 1371979.0 0.0
0.22899353647276086 1809030.0 0.0
0.27666204986149584 2079502.0 0.0
0.30367036011080334 2349572.0 0.0
0.4196675900277008 2850607.0 0.0
0.5803324099722992 3878091.0 0.0
1.0 5883191.0 0.0
