5883193
0.00011542012927054478 1794.8991228070176 0.0
0.00023084025854108956 2592.3865760407816 0.0
0.00034626038781163435 4960.998073217726 0.0
0.0004616805170821791 5866.712408759124 0.0
0.0005771006463527239 8271.49889135255 0.0
0.0006925207756232687 9771.769886363636 0.0
0.0008079409048938135 9947.592833876222 0.0
0.0009233610341643582 12911.87330316742 0.0
0.001038781163434903 12049.201030927836 0.0
0.0011542012927054479 13086.73417721519 0.0
0.0012696214219759926 15291.870967741936 0.0
0.0013850415512465374 17618.05072463768 0.0
0.0015004616805170822 17203.840707964602 0.0
0.001615881809787627 18837.494505494506 0.0
0.0017313019390581717 20505.636363636364 0.0
0.0018467220683287165 17643.5641025641 0.0
0.0019621421975992612 21164.876404494382 0.0
0.002077562326869806 20350.80681818182 0.0
0.0021929824561403508 20961.671232876713 0.0
0.0023084025854108957 24591.46153846154 0.0
0.0024238227146814403 23716.79591836735 0.0
0.0025392428439519853 24768.58823529412 0.0
0.00265466297322253 28564.12 0.0
0.002770083102493075 33051.634146341465 0.0
0.0028855032317636198 32336.0 0.0
0.0030009233610341643 33225.76190476191 0.0
0.0031163434903047093 36861.045454545456 0.0
0.003231763619575254 35916.02857142857 0.0
0.003347183748845799 32586.833333333332 0.0
0.0034626038781163434 34651.87096774193 0.0
0.0035780240073868884 38210.94117647059 0.0
0.003693444136657433 46204.52 0.0
0.003808864265927978 41468.9375 0.0
0.0039242843951985225 40729.565217391304 0.0
0.004039704524469067 43067.5 0.0
0.004155124653739612 43886.083333333336 0.0
0.004270544783010157 39143.46153846154 0.0
0.0043859649122807015 39502.25925925926 0.0
0.004501385041551247 41875.818181818184 0.0
0.0046168051708217915 46272.57142857143 0.0
0.004732225300092336 48532.380952380954 0.0
0.004847645429362881 46627.27272727273 0.0
0.004963065558633426 43360.0 0.0
0.0050784856879039705 43685.0 0.0
0.005193905817174515 39933.818181818184 0.0
0.00530932594644506 49053.933333333334 0.0
0.005424746075715605 54898.57894736842 0.0
0.00554016620498615 53342.4 0.0
0.005655586334256694 52716.944444444445 0.0
0.0057710064635272396 60414.73684210526 0.0
0.005886426592797784 60087.75 0.0
0.006001846722068329 52813.357142857145 0.0
0.006117266851338873 58205.181818181816 0.0
0.006232686980609419 53175.0 0.0
0.006348107109879963 64126.857142857145 0.0
0.006463527239150508 64531.333333333336 0.0
0.006578947368421052 85262.83333333333 0.0
0.006694367497691598 83203.6 0.0
0.006809787626962142 76901.125 0.0
0.006925207756232687 87342.83333333333 0.0
0.007040627885503232 85162.33333333333 0.0
0.007156048014773777 76708.27272727272 0.0
0.007271468144044321 77702.83333333333 0.0
0.007386888273314866 68827.08333333333 0.0
0.007502308402585411 71336.15384615384 0.0
0.007617728531855956 79706.25 0.0
0.0077331486611265 81482.69230769231 0.0
0.007848568790397045 80853.5 0.0
0.00796398891966759 95036.5 0.0
0.008079409048938134 96695.9 0.0
0.00819482917820868 90077.5 0.0
0.008310249307479225 82028.2 0.0
0.008425669436749769 90066.75 0.0
0.008541089566020314 94681.54545454546 0.0
0.00865650969529086 90870.18181818182 0.0
0.008771929824561403 91287.81818181818 0.0
0.008887349953831948 93727.14285714286 0.0
0.009002770083102494 66675.5 0.0
0.009118190212373038 80576.5 0.0
0.009233610341643583 100767.2 0.0
0.009349030470914127 100772.0 0.0
0.009464450600184672 123844.2 0.0
0.009579870729455217 96762.8 0.0
0.009695290858725761 89667.85714285714 0.0
0.009810710987996307 97544.33333333333 0.0
0.009926131117266852 115896.55555555556 0.0
0.010041551246537396 129568.0 0.0
0.010156971375807941 115755.4 0.0
0.010272391505078486 145456.0 0.0
0.01038781163434903 118275.57142857143 0.0
0.010503231763619576 151972.0 0.0
0.01061865189289012 104313.16666666667 0.0
0.010734072022160665 95559.5 0.0
0.01084949215143121 118082.6 0.0
0.010964912280701754 107757.0 0.0
0.0110803324099723 73120.5 0.0
0.011195752539242845 97592.5 0.0
0.011311172668513388 106920.4 0.0
0.011426592797783934 112016.5 0.0
0.011542012927054479 96725.0 0.0
0.011657433056325023 103534.375 0.0
0.011772853185595568 103692.0 0.0
0.011888273314866112 108823.57142857143 0.0
0.012003693444136657 118518.6 0.0
0.012119113573407203 118848.0 0.0
0.012234533702677746 84143.0 0.0
0.012349953831948292 109181.75 0.0
0.012465373961218837 175952.5 0.0
0.012580794090489381 162327.5 0.0
0.012696214219759926 142035.2 0.0
0.012811634349030472 123264.0 0.0
0.012927054478301015 150774.85714285713 0.0
0.01304247460757156 130365.6 0.0
0.013157894736842105 136065.88888888888 0.0
0.01327331486611265 144114.77777777778 0.0
0.013388734995383195 144929.55555555556 0.0
0.013504155124653739 137418.16666666666 0.0
0.013619575253924284 134415.0 0.0
0.01373499538319483 136907.0 0.0
0.013850415512465374 149737.5 0.0
0.013965835641735919 131978.33333333334 0.0
0.014081255771006464 114411.5 0.0
0.014196675900277008 127055.16666666667 0.0
0.014312096029547553 131359.33333333334 0.0
0.014427516158818097 140796.66666666666 0.0
0.014542936288088643 152171.0 0.0
0.014658356417359188 160707.0 0.0
0.014773776546629732 163072.0 0.0
0.014889196675900277 161413.5 0.0
0.015004616805170823 117117.0 0.0
0.015120036934441366 149231.0 0.0
0.015235457063711912 158897.0 0.0
0.015350877192982455 171948.5 0.0
0.015466297322253 167248.33333333334 0.0
0.015581717451523546 173633.0 0.0
0.01569713758079409 152021.14285714287 0.0
0.015812557710064637 140359.8 0.0
0.01592797783933518 172065.5 0.0
0.016043397968605724 156769.5 0.0
0.016158818097876268 147597.75 0.0
0.016274238227146815 147622.75 0.0
0.01638965835641736 202352.5 0.0
0.016505078485687903 152088.85714285713 0.0
0.01662049861495845 131056.0 0.0
0.016735918744228993 135724.66666666666 0.0
0.016851338873499537 146271.33333333334 0.0
0.016966759002770084 174606.0 0.0
0.017082179132040628 195995.5 0.0
0.01719759926131117 191614.0 0.0
0.01731301939058172 161500.0 0.0
0.017428439519852262 162170.0 0.0
0.017543859649122806 171428.0 0.0
0.017659279778393353 184977.66666666666 0.0
0.017774699907663897 139085.0 0.0
0.01789012003693444 167304.33333333334 0.0
0.018005540166204988 152116.83333333334 0.0
0.01812096029547553 157828.0 0.0
0.018236380424746075 159270.0 0.0
0.018351800554016622 174226.0 0.0
0.018467220683287166 168014.0 0.0
0.01858264081255771 168208.25 0.0
0.018698060941828253 160198.5 0.0
0.0188134810710988 131167.0 0.0
0.018928901200369344 165411.66666666666 0.0
0.019044321329639888 137815.0 0.0
0.019159741458910435 187067.5 0.0
0.01927516158818098 190188.66666666666 0.0
0.019390581717451522 156782.0 0.0
0.019621421975992613 254534.5 0.0
0.019736842105263157 249401.66666666666 0.0
0.019852262234533704 221776.0 0.0
0.019967682363804248 227290.0 0.0
0.02008310249307479 155418.0 0.0
0.02019852262234534 191337.5 0.0
0.020313942751615882 85236.0 0.0
0.020429362880886426 237342.0 0.0
0.020544783010156973 200249.25 0.0
0.020660203139427517 203664.75 0.0
0.02077562326869806 259693.0 0.0
0.020891043397968604 154181.5 0.0
0.02100646352723915 214389.66666666666 0.0
0.02123730378578024 222425.66666666666 0.0
0.021352723915050786 190029.0 0.0
0.02146814404432133 103733.0 0.0
0.021583564173591873 193580.25 0.0
0.02169898430286242 211255.0 0.0
0.021814404432132964 223496.14285714287 0.0
0.021929824561403508 256799.5 0.0
0.022045244690674055 264707.4 0.0
0.0221606648199446 260067.0 0.0
0.022276084949215142 236060.16666666666 0.0
0.02239150507848569 260753.5 0.0
0.022506925207756233 238264.0 0.0
0.022622345337026777 235973.5 0.0
0.022737765466297324 265395.6666666667 0.0
0.02296860572483841 197237.0 0.0
0.023084025854108958 258068.5 0.0
0.023199445983379502 257069.75 0.0
0.023314866112650046 283254.0 0.0
0.02343028624192059 261513.5 0.0
0.023545706371191136 227583.0 0.0
0.02366112650046168 268151.0 0.0
0.023776546629732224 264512.0 0.0
0.02389196675900277 260475.2 0.0
0.024007386888273315 237333.66666666666 0.0
0.02412280701754386 229586.0 0.0
0.024238227146814405 218186.0 0.0
0.02435364727608495 249442.0 0.0
0.024469067405355493 221715.0 0.0
0.02458448753462604 288215.0 0.0
0.024699907663896584 245636.66666666666 0.0
0.024815327793167127 266942.0 0.0
0.024930747922437674 288565.0 0.0
0.025046168051708218 254097.0 0.0
0.025161588180978762 237752.0 0.0
0.02527700831024931 221372.0 0.0
0.025392428439519853 221131.5 0.0
0.025507848568790396 221345.0 0.0
0.025623268698060944 205706.33333333334 0.0
0.025738688827331487 222027.0 0.0
0.025969529085872575 237292.5 0.0
0.02608494921514312 237752.6 0.0
0.026200369344413665 255259.0 0.0
0.02631578947368421 260557.0 0.0
0.026431209602954756 259844.66666666666 0.0
0.0265466297322253 263831.5 0.0
0.02677746999076639 237729.5 0.0
0.026892890120036934 232031.5 0.0
0.027123730378578025 234357.0 0.0
0.027354570637119113 264171.5 0.0
0.02746999076638966 301165.0 0.0
0.027585410895660203 267980.0 0.0
0.027700831024930747 303449.0 0.0
0.027931671283471838 270235.0 0.0
0.02804709141274238 310562.0 0.0
0.02816251154201293 247578.0 0.0
0.028277931671283472 240528.0 0.0
0.028393351800554016 237228.5 0.0
0.02850877192982456 224168.5 0.0
0.028624192059095107 204972.0 0.0
0.02873961218836565 205917.0 0.0
0.028855032317636194 239449.0 0.0
0.02897045244690674 173597.0 0.0
0.029085872576177285 255303.33333333334 0.0
0.02920129270544783 235170.25 0.0
0.029316712834718376 243946.66666666666 0.0
0.02943213296398892 254862.5 0.0
0.029547553093259463 262080.66666666666 0.0
0.02966297322253001 254291.5 0.0
0.030009233610341645 240169.25 0.0
0.03012465373961219 190650.0 0.0
0.030240073868882732 233913.0 0.0
0.03035549399815328 267902.0 0.0
0.030586334256694367 196823.0 0.0
0.03070175438596491 196849.0 0.0
0.030817174515235458 305438.0 0.0
0.030932594644506 294154.0 0.0
0.031048014773776545 326889.0 0.0
0.031163434903047092 342193.0 0.0
0.031278855032317636 284735.0 0.0
0.03139427516158818 306383.0 0.0
0.03150969529085872 306022.5 0.0
0.031625115420129274 271142.0 0.0
0.03174053554939982 245001.0 0.0
0.03185595567867036 245278.0 0.0
0.031971375807940905 284435.75 0.0
0.03208679593721145 281207.5 0.0
0.03220221606648199 248010.0 0.0
0.032317636195752536 298524.6666666667 0.0
0.03243305632502309 270563.0 0.0
0.03254847645429363 313077.0 0.0
0.032663896583564174 269579.0 0.0
0.03277931671283472 283411.5 0.0
0.03289473684210526 270352.0 0.0
0.033010156971375805 293693.0 0.0
0.033125577100646356 305091.3333333333 0.0
0.0332409972299169 302820.0 0.0
0.03335641735918744 338921.0 0.0
0.03347183748845799 304859.0 0.0
0.03358725761772853 342120.0 0.0
0.03404893813481071 284868.0 0.0
0.034164358264081256 380150.0 0.0
0.0342797783933518 374765.0 0.0
0.03439519852262234 328201.5 0.0
0.03451061865189289 315919.0 0.0
0.03474145891043398 346039.6666666667 0.0
0.034856879039704525 379332.0 0.0
0.03497229916897507 370693.0 0.0
0.03508771929824561 388436.0 0.0
0.035318559556786706 388784.0 0.0
0.03543397968605725 388970.0 0.0
0.035549399815327794 392105.0 0.0
0.035895660203139425 392804.0 0.0
0.036703601108033244 281707.0 0.0
0.03681902123730379 281835.0 0.0
0.037742382271468145 380593.0 0.0
0.03785780240073869 349271.0 0.0
0.038088642659279776 365621.5 0.0
0.038896583564173595 340496.0 0.0
0.03901200369344414 303357.5 0.0
0.03912742382271468 365275.0 0.0
0.039473684210526314 281214.0 0.0
0.03958910433979686 281534.0 0.0
0.03970452446906741 281949.0 0.0
0.039935364727608495 434431.5 0.0
0.04005078485687904 456130.0 0.0
0.04016620498614958 456204.0 0.0
0.040281625115420126 456271.0 0.0
0.04039704524469068 456296.0 0.0
0.04120498614958449 289921.0 0.0
0.04132040627885503 290159.0 0.0
0.04178208679593721 327581.0 0.0
0.04189750692520776 424327.0 0.0
0.0420129270544783 424536.0 0.0
0.042128347183748846 424595.0 0.0
0.04224376731301939 424674.0 0.0
0.04235918744228993 290830.0 0.0
0.04247460757156048 425143.0 0.0
0.04259002770083103 425192.0 0.0
0.04293628808864266 425628.0 0.0
0.0430517082179132 425937.0 0.0
0.0432825484764543 340572.0 0.0
0.04339796860572484 340808.0 0.0
0.043513388734995384 339754.0 0.0
0.043975069252077566 428394.0 0.0
0.0443213296398892 374150.0 0.0
0.04443674976915974 374200.0 0.0
0.04466759002770083 449791.0 0.0
0.04478301015697138 449800.0 0.0
0.04489843028624192 450202.0 0.0
0.04582179132040628 459689.0 0.0
0.04593721144967682 460440.0 0.0
0.04813019390581717 419765.0 0.0
0.04824561403508772 420518.0 0.0
0.04939981532779317 375371.0 0.0
0.04951523545706371 375393.0 0.0
0.05020775623268698 507440.0 0.0
0.051131117266851336 410951.0 0.0
0.05124653739612189 411060.0 0.0
0.05136195752539243 413432.0 0.0
0.05159279778393352 413698.0 0.0
0.053208679593721143 432427.0 0.0
0.0541320406278855 435644.0 0.0
0.05713296398891967 443858.0 0.0
0.057248384118190214 443957.0 0.0
0.05794090489381348 467210.0 0.0
0.05817174515235457 451349.0 0.0
0.05840258541089566 452572.0 0.0
0.05851800554016621 452700.0 0.0
0.05932594644506002 599105.0 0.0
0.060133887349953834 553177.0 0.0
0.060480147737765465 565751.0 0.0
0.06071098799630656 565981.0 0.0
0.061634349030470915 568091.0 0.0
0.06278855032317636 545777.0 0.0
0.0629039704524469 545799.0 0.0
0.06325023084025855 547295.0 0.0
0.06348107109879964 554654.0 0.0
0.06359649122807018 567243.0 0.0
0.06405817174515235 567968.0 0.0
0.06475069252077563 597036.0 0.0
0.06486611265004617 597379.0 0.0
0.06532779316712835 597611.0 0.0
0.06544321329639889 598689.0 0.0
0.06567405355493998 643701.5 0.0
0.06809787626962142 561763.0 0.0
0.06832871652816251 561937.0 0.0
0.06879039704524469 564645.0 0.0
0.07098337950138504 611719.0 0.0
0.07156048014773776 612337.0 0.0
0.07179132040627885 613805.0 0.0
0.0719067405355494 864499.0 0.0
0.07386888273314866 673629.0 0.0
0.0762927054478301 593737.0 0.0
0.07883194829178208 632931.0 0.0
0.0829870729455217 647993.0 0.0
0.0917590027700831 683133.0 0.0
0.09222068328716528 684811.0 0.0
0.09256694367497692 810806.0 0.0
0.09349030470914127 759860.0 0.0
0.09418282548476455 762934.0 0.0
0.09429824561403509 763060.0 0.0
0.09637580794090489 782067.0 0.0
0.0974145891043398 844459.5 0.0
0.11322714681440443 1083344.0 0.0
0.11588180978762697 1095631.0 0.0
0.12222991689750692 969047.0 0.0
0.12673130193905818 908624.0 0.0
0.12857802400738688 1145343.0 0.0
0.1371191135734072 1317354.0 0.0
0.14450600184672208 1154521.0 0.0
0.16643582640812557 1358316.0 0.0
0.18524930747922438 1245552.0 0.0
0.2593490304709141 2042727.0 0.0
0.28231763619575256 2213760.0 0.0
0.31382733148661124 2145557.0 0.0
0.4038550323176362 2919093.0 0.0
0.5961449676823638 3840822.0 0.0
1.0 5883193.0 0.0
