696695
0.00011542012927054478 779.9075484764543 0.0
0.00023084025854108956 1171.3440329218106 0.0
0.00034626038781163435 1789.8008008008007 0.0
0.0004616805170821791 2622.319248826291 0.0
0.0005771006463527239 2785.5429184549357 0.0
0.0006925207756232687 3094.694214876033 0.0
0.0008079409048938135 3616.291044776119 0.0
0.0009233610341643582 3448.115207373272 0.0
0.001038781163434903 3788.7291666666665 0.0
0.0011542012927054479 3947.6293706293704 0.0
0.0012696214219759926 4836.432624113475 0.0
0.0013850415512465374 4755.206349206349 0.0
0.0015004616805170822 4626.54954954955 0.0
0.001615881809787627 5371.284403669725 0.0
0.0017313019390581717 6149.367346938776 0.0
0.0018467220683287165 5909.113636363636 0.0
0.0019621421975992612 5657.039473684211 0.0
0.002077562326869806 6516.604938271605 0.0
0.0021929824561403508 7307.666666666667 0.0
0.0023084025854108957 7592.683333333333 0.0
0.0024238227146814403 7437.557692307692 0.0
0.0025392428439519853 7862.066666666667 0.0
0.00265466297322253 7510.410256410257 0.0
0.002770083102493075 9631.488372093023 0.0
0.0028855032317636198 8855.09756097561 0.0
0.0030009233610341643 8433.0 0.0
0.0031163434903047093 9831.34375 0.0
0.003231763619575254 10239.0 0.0
0.003347183748845799 10474.575757575758 0.0
0.0034626038781163434 11698.69696969697 0.0
0.0035780240073868884 10930.266666666666 0.0
0.003693444136657433 9697.521739130434 0.0
0.003808864265927978 12373.48 0.0
0.0039242843951985225 11734.5 0.0
0.004039704524469067 15087.636363636364 0.0
0.004155124653739612 13704.727272727272 0.0
0.004270544783010157 11692.181818181818 0.0
0.0043859649122807015 12080.190476190477 0.0
0.004501385041551247 11472.625 0.0
0.0046168051708217915 12521.235294117647 0.0
0.004732225300092336 12083.857142857143 0.0
0.004847645429362881 9382.941176470587 0.0
0.004963065558633426 11257.857142857143 0.0
0.0050784856879039705 12245.4375 0.0
0.005193905817174515 11516.533333333333 0.0
0.00530932594644506 11437.375 0.0
0.005424746075715605 12972.92857142857 0.0
0.00554016620498615 10958.384615384615 0.0
0.005655586334256694 10688.642857142857 0.0
0.0057710064635272396 11234.166666666666 0.0
0.005886426592797784 13097.29411764706 0.0
0.006001846722068329 15288.9375 0.0
0.006117266851338873 13885.3125 0.0
0.006232686980609419 14421.9 0.0
0.006348107109879963 16603.571428571428 0.0
0.006463527239150508 14554.444444444445 0.0
0.006578947368421052 17355.41176470588 0.0
0.006694367497691598 12689.307692307691 0.0
0.006809787626962142 12422.181818181818 0.0
0.006925207756232687 11466.42857142857 0.0
0.007040627885503232 14439.2 0.0
0.007156048014773777 14780.09090909091 0.0
0.007271468144044321 14577.75 0.0
0.007386888273314866 14389.875 0.0
0.007502308402585411 14782.666666666666 0.0
0.007617728531855956 15244.777777777777 0.0
0.0077331486611265 13602.777777777777 0.0
0.007848568790397045 11951.833333333334 0.0
0.00796398891966759 13204.142857142857 0.0
0.008079409048938134 13578.875 0.0
0.00819482917820868 20914.25 0.0
0.008310249307479225 16819.0 0.0
0.008425669436749769 21459.0 0.0
0.008541089566020314 18936.0 0.0
0.00865650969529086 17070.25 0.0
0.008771929824561403 18937.5 0.0
0.008887349953831948 17008.545454545456 0.0
0.009002770083102494 23669.2 0.0
0.009118190212373038 16929.833333333332 0.0
0.009233610341643583 19031.2 0.0
0.009349030470914127 21621.666666666668 0.0
0.009464450600184672 19979.2 0.0
0.009579870729455217 17791.0 0.0
0.009695290858725761 20320.6 0.0
0.009810710987996307 18899.666666666668 0.0
0.009926131117266852 24736.222222222223 0.0
0.010041551246537396 21368.6 0.0
0.010156971375807941 19677.0 0.0
0.010272391505078486 23410.4 0.0
0.01038781163434903 21438.75 0.0
0.010503231763619576 22869.25 0.0
0.01061865189289012 14016.333333333334 0.0
0.010734072022160665 18067.833333333332 0.0
0.01084949215143121 19173.5 0.0
0.010964912280701754 18058.833333333332 0.0
0.0110803324099723 18651.2 0.0
0.011195752539242845 17193.666666666668 0.0
0.011311172668513388 15807.5 0.0
0.011426592797783934 18175.4 0.0
0.011542012927054479 19104.5 0.0
0.011657433056325023 24631.0 0.0
0.011772853185595568 20021.333333333332 0.0
0.011888273314866112 19295.75 0.0
0.012003693444136657 22129.666666666668 0.0
0.012119113573407203 20160.333333333332 0.0
0.012234533702677746 18724.666666666668 0.0
0.012349953831948292 19128.0 0.0
0.012465373961218837 21556.0 0.0
0.012580794090489381 22834.4 0.0
0.012696214219759926 24680.4 0.0
0.012811634349030472 23978.2 0.0
0.012927054478301015 21848.5 0.0
0.01304247460757156 28329.0 0.0
0.013157894736842105 29464.25 0.0
0.01327331486611265 36605.0 0.0
0.013388734995383195 24418.8 0.0
0.013504155124653739 28817.2 0.0
0.013619575253924284 24240.555555555555 0.0
0.01373499538319483 24657.714285714286 0.0
0.013850415512465374 23946.85714285714 0.0
0.013965835641735919 21875.428571428572 0.0
0.014081255771006464 24240.0 0.0
0.014196675900277008 22546.333333333332 0.0
0.014312096029547553 34709.0 0.0
0.014427516158818097 20797.0 0.0
0.014542936288088643 23151.0 0.0
0.014658356417359188 26519.0 0.0
0.014773776546629732 28646.0 0.0
0.014889196675900277 29042.666666666668 0.0
0.015004616805170823 28929.0 0.0
0.015120036934441366 28559.0 0.0
0.015235457063711912 21624.0 0.0
0.015350877192982455 52524.0 0.0
0.015466297322253 33056.25 0.0
0.015581717451523546 27779.333333333332 0.0
0.01569713758079409 31666.8 0.0
0.01592797783933518 26489.0 0.0
0.016043397968605724 28365.0 0.0
0.016158818097876268 26338.0 0.0
0.016274238227146815 26387.4 0.0
0.01638965835641736 26893.5 0.0
0.016505078485687903 32695.25 0.0
0.01662049861495845 20777.0 0.0
0.016735918744228993 35458.75 0.0
0.016851338873499537 27226.0 0.0
0.016966759002770084 28666.25 0.0
0.017082179132040628 28979.5 0.0
0.01719759926131117 31568.0 0.0
0.01731301939058172 32550.0 0.0
0.017428439519852262 27374.0 0.0
0.017543859649122806 33420.8 0.0
0.017659279778393353 36477.0 0.0
0.017774699907663897 41965.5 0.0
0.01789012003693444 37530.0 0.0
0.018005540166204988 36034.5 0.0
0.01812096029547553 36663.0 0.0
0.018236380424746075 36893.0 0.0
0.018351800554016622 36911.0 0.0
0.018467220683287166 25457.0 0.0
0.01858264081255771 34327.0 0.0
0.018698060941828253 33450.75 0.0
0.0188134810710988 32258.25 0.0
0.018928901200369344 31633.0 0.0
0.019044321329639888 32286.25 0.0
0.019159741458910435 30046.0 0.0
0.01927516158818098 24154.0 0.0
0.019390581717451522 28761.0 0.0
0.01950600184672207 28521.5 0.0
0.019621421975992613 26348.0 0.0
0.019736842105263157 30658.0 0.0
0.019852262234533704 28183.5 0.0
0.019967682363804248 36382.5 0.0
0.02008310249307479 30120.0 0.0
0.02019852262234534 25913.0 0.0
0.020313942751615882 33410.25 0.0
0.020429362880886426 33246.75 0.0
0.020544783010156973 33924.8 0.0
0.020660203139427517 30361.25 0.0
0.02077562326869806 38366.5 0.0
0.020891043397968604 33735.4 0.0
0.02100646352723915 37256.666666666664 0.0
0.021121883656509695 33572.333333333336 0.0
0.02123730378578024 31916.5 0.0
0.021352723915050786 27041.0 0.0
0.021583564173591873 28538.0 0.0
0.02169898430286242 32583.0 0.0
0.021814404432132964 37967.75 0.0
0.021929824561403508 45925.0 0.0
0.022045244690674055 43134.4 0.0
0.0221606648199446 38224.666666666664 0.0
0.022276084949215142 43129.0 0.0
0.02239150507848569 34862.666666666664 0.0
0.022622345337026777 36196.0 0.0
0.022737765466297324 45117.0 0.0
0.022853185595567867 39670.333333333336 0.0
0.02296860572483841 44229.0 0.0
0.023084025854108958 41142.6 0.0
0.023199445983379502 40055.75 0.0
0.023314866112650046 41476.4 0.0
0.02343028624192059 40549.333333333336 0.0
0.023545706371191136 33274.5 0.0
0.02366112650046168 29485.0 0.0
0.023776546629732224 33771.8 0.0
0.02389196675900277 39162.0 0.0
0.024007386888273315 49859.0 0.0
0.02412280701754386 48955.333333333336 0.0
0.024238227146814405 38103.0 0.0
0.02435364727608495 38123.0 0.0
0.024469067405355493 44151.25 0.0
0.02458448753462604 35295.666666666664 0.0
0.024699907663896584 46270.666666666664 0.0
0.024815327793167127 35744.166666666664 0.0
0.024930747922437674 29541.0 0.0
0.025161588180978762 48259.0 0.0
0.02527700831024931 35020.0 0.0
0.025392428439519853 43404.0 0.0
0.025507848568790396 35357.5 0.0
0.025623268698060944 40668.5 0.0
0.025738688827331487 44129.2 0.0
0.02585410895660203 41464.75 0.0
0.025969529085872575 46175.25 0.0
0.02608494921514312 49757.666666666664 0.0
0.026200369344413665 48501.75 0.0
0.02631578947368421 42190.6 0.0
0.026431209602954756 31081.5 0.0
0.0265466297322253 43738.0 0.0
0.026662049861495844 51006.0 0.0
0.02677746999076639 65204.5 0.0
0.026892890120036934 34765.0 0.0
0.027008310249307478 52015.666666666664 0.0
0.027123730378578025 39633.0 0.0
0.02723915050784857 51788.5 0.0
0.027354570637119113 47718.5 0.0
0.02746999076638966 49410.75 0.0
0.027585410895660203 37240.333333333336 0.0
0.027700831024930747 42399.666666666664 0.0
0.027816251154201294 33100.0 0.0
0.027931671283471838 33543.0 0.0
0.02804709141274238 20789.0 0.0
0.02816251154201293 36696.0 0.0
0.028277931671283472 29062.666666666668 0.0
0.028393351800554016 20940.0 0.0
0.02850877192982456 32496.0 0.0
0.028624192059095107 42525.8 0.0
0.02873961218836565 44970.0 0.0
0.028855032317636194 36500.8 0.0
0.02897045244690674 45540.0 0.0
0.029085872576177285 37209.0 0.0
0.02920129270544783 48463.4 0.0
0.029316712834718376 38199.5 0.0
0.02943213296398892 46031.0 0.0
0.029547553093259463 50572.5 0.0
0.02966297322253001 50236.333333333336 0.0
0.029893813481071098 45611.666666666664 0.0
0.030009233610341645 50828.666666666664 0.0
0.03012465373961219 42646.0 0.0
0.030240073868882732 22692.0 0.0
0.03035549399815328 44249.0 0.0
0.030470914127423823 47012.0 0.0
0.030586334256694367 40930.0 0.0
0.03070175438596491 44553.0 0.0
0.030817174515235458 47153.5 0.0
0.030932594644506 46326.0 0.0
0.031048014773776545 54756.0 0.0
0.031278855032317636 43952.0 0.0
0.03139427516158818 52302.5 0.0
0.03150969529085872 54984.0 0.0
0.031625115420129274 55074.0 0.0
0.031971375807940905 60679.0 0.0
0.03208679593721145 50012.666666666664 0.0
0.03220221606648199 50195.333333333336 0.0
0.032317636195752536 45011.0 0.0
0.03243305632502309 37764.0 0.0
0.03254847645429363 46514.0 0.0
0.032663896583564174 46520.0 0.0
0.03277931671283472 37787.0 0.0
0.03289473684210526 37792.0 0.0
0.033010156971375805 55299.0 0.0
0.033125577100646356 55315.0 0.0
0.033818097876269625 49994.0 0.0
0.03393351800554017 50027.0 0.0
0.03404893813481071 58159.333333333336 0.0
0.034164358264081256 50213.0 0.0
0.0342797783933518 39448.0 0.0
0.03474145891043398 55432.0 0.0
0.03624192059095106 55371.0 0.0
0.036357340720221606 53426.0 0.0
0.036588180978762694 53583.0 0.0
0.037049861495844875 53656.0 0.0
0.03716528162511542 53660.0 0.0
0.03728070175438596 53664.0 0.0
0.037396121883656507 63446.0 0.0
0.03751154201292706 53671.0 0.0
0.037742382271468145 51921.0 0.0
0.03785780240073869 54889.5 0.0
0.03797322253000923 48647.0 0.0
0.038088642659279776 28473.0 0.0
0.038204062788550326 53746.0 0.0
0.038434903047091414 53773.0 0.0
0.03855032317636196 53781.0 0.0
0.038781163434903045 48241.0 0.0
0.038896583564173595 48256.0 0.0
0.03901200369344414 54218.0 0.0
0.03935826408125577 48350.0 0.0
0.039473684210526314 48366.0 0.0
0.03970452446906741 68554.0 0.0
0.039935364727608495 68607.0 0.0
0.04005078485687904 68616.0 0.0
0.040281625115420126 68618.0 0.0
0.04039704524469068 66872.5 0.0
0.04051246537396122 68661.0 0.0
0.040627885503231764 66884.5 0.0
0.04074330563250231 68667.0 0.0
0.04085872576177285 66916.0 0.0
0.040974145891043395 60763.0 0.0
0.04120498614958449 61813.0 0.0
0.04132040627885503 66298.0 0.0
0.04178208679593721 69547.0 0.0
0.042128347183748846 66777.0 0.0
0.04224376731301939 60239.5 0.0
0.04235918744228993 58014.5 0.0
0.04247460757156048 63947.0 0.0
0.04259002770083103 65303.0 0.0
0.04270544783010157 65529.5 0.0
0.042820867959372115 48793.0 0.0
0.0430517082179132 48796.0 0.0
0.043167128347183746 56614.0 0.0
0.0432825484764543 48935.0 0.0
0.04339796860572484 57512.0 0.0
0.043513388734995384 47396.5 0.0
0.04362880886426593 54963.666666666664 0.0
0.04374422899353647 48958.0 0.0
0.043975069252077566 70413.0 0.0
0.04420590951061865 70425.0 0.0
0.04443674976915974 67388.0 0.0
0.044552169898430284 67397.0 0.0
0.04478301015697138 53109.0 0.0
0.04524469067405355 57114.0 0.0
0.0453601108033241 54222.5 0.0
0.04547553093259465 59087.333333333336 0.0
0.04559095106186519 53518.0 0.0
0.045706371191135735 43101.5 0.0
0.04593721144967682 51686.0 0.0
0.046052631578947366 67280.0 0.0
0.046168051708217916 51999.666666666664 0.0
0.046398891966759004 60745.5 0.0
0.04686057248384118 69652.0 0.0
0.04709141274238227 69669.0 0.0
0.047437673130193904 58409.0 0.0
0.04755309325946445 69788.0 0.0
0.047668513388735 69794.0 0.0
0.04778393351800554 69808.0 0.0
0.047899353647276086 52108.0 0.0
0.04801477377654663 52109.0 0.0
0.04813019390581717 69841.0 0.0
0.04824561403508772 60982.0 0.0
0.04836103416435827 69848.0 0.0
0.04882271468144044 36841.0 0.0
0.04951523545706371 71074.0 0.0
0.049630655586334255 57074.666666666664 0.0
0.0497460757156048 57093.0 0.0
0.04986149584487535 52287.0 0.0
0.050092336103416436 66254.0 0.0
0.050323176361957524 47938.0 0.0
0.05055401662049862 47954.0 0.0
0.050784856879039705 47965.0 0.0
0.05090027700831025 57182.333333333336 0.0
0.05159279778393352 38108.0 0.0
0.05170821791320406 38109.0 0.0
0.051823638042474605 53245.0 0.0
0.05193905817174515 53247.0 0.0
0.0520544783010157 60942.0 0.0
0.05216989843028624 67878.0 0.0
0.05228531855955679 67882.5 0.0
0.05240073868882733 60953.0 0.0
0.052516158818097874 79614.0 0.0
0.05263157894736842 79777.0 0.0
0.05286241920590951 79786.0 0.0
0.05332409972299169 48514.0 0.0
0.05343951985226224 64180.0 0.0
0.053670360110803325 48580.0 0.0
0.05424746075715605 71732.0 0.0
0.054362880886426594 71737.0 0.0
0.05447830101569714 53726.0 0.0
0.05459372114496768 40643.0 0.0
0.054709141274238225 55606.0 0.0
0.05482456140350877 72443.0 0.0
0.05493998153277932 56693.0 0.0
0.05505540166204986 52254.0 0.0
0.05517082179132041 62043.333333333336 0.0
0.05528624192059095 66179.0 0.0
0.055401662049861494 56853.0 0.0
0.056902123730378576 51757.0 0.0
0.057594644506001845 81908.0 0.0
0.05771006463527239 81910.0 0.0
0.05782548476454294 81915.0 0.0
0.05794090489381348 81919.0 0.0
0.05805632502308403 81926.0 0.0
0.05817174515235457 82384.0 0.0
0.05909510618651893 80330.0 0.0
0.05932594644506002 98963.5 0.0
0.059787626962142196 80380.0 0.0
0.05990304709141274 65311.5 0.0
0.060133887349953834 50224.0 0.0
0.06024930747922438 81813.0 0.0
0.06036472760849492 81816.0 0.0
0.06348107109879964 155240.0 0.0
0.06359649122807018 155254.0 0.0
0.06544321329639889 51640.0 0.0
0.06613573407202217 52089.0 0.0
0.06786703601108034 89744.0 0.0
0.06809787626962142 89746.0 0.0
0.06821329639889197 89752.0 0.0
0.06832871652816251 89820.0 0.0
0.06844413665743306 89826.0 0.0
0.0685595567867036 89850.0 0.0
0.06879039704524469 89861.0 0.0
0.07109879963065559 158156.0 0.0
0.07236842105263158 159490.0 0.0
0.07248384118190213 159490.0 0.0
0.07306094182825484 159550.0 0.0
0.07329178208679593 159683.0 0.0
0.07490766389658357 78304.0 0.0
0.0752539242843952 73347.0 0.0
0.07548476454293629 73364.0 0.0
0.07802400738688828 79900.0 0.0
0.07813942751615882 79909.0 0.0
0.07825484764542937 79909.0 0.0
0.07929362880886427 80050.0 0.0
0.08633425669436749 97288.0 0.0
0.08714219759926131 97813.0 0.0
0.08748845798707294 97868.0 0.0
0.08806555863342568 100829.0 0.0
0.08910433979686057 100265.0 0.0
0.09060480147737765 101873.0 0.0
0.09083564173591874 101900.0 0.0
0.09210526315789473 102237.0 0.0
0.09256694367497692 105108.0 0.0
0.0930286241920591 123452.0 0.0
0.09776084949215143 82757.0 0.0
0.09903047091412742 73804.0 0.0
0.09926131117266851 73882.0 0.0
0.09937673130193905 73901.0 0.0
0.0994921514312096 73907.0 0.0
0.1018005540166205 208489.0 0.0
0.11114958448753462 186502.0 0.0
0.11403508771929824 111073.0 0.0
0.11449676823638043 111853.0 0.0
0.11472760849492152 111866.0 0.0
0.11518928901200369 111940.0 0.0
0.11530470914127423 119114.0 0.0
0.11599722991689751 119289.0 0.0
0.11761311172668514 116676.0 0.0
0.11842105263157894 120922.0 0.0
0.1185364727608495 121171.0 0.0
0.11865189289012004 121242.0 0.0
0.11899815327793167 121268.0 0.0
0.11922899353647276 121343.0 0.0
0.12130655586334256 139822.0 0.0
0.1314635272391505 126960.0 0.0
0.13227146814404434 154043.0 0.0
0.14369806094182824 119138.0 0.0
0.1492382271468144 170454.0 0.0
0.18721144967682363 194598.0 0.0
0.1956371191135734 235131.0 0.0
0.2422668513388735 239163.0 0.0
0.24572945521698986 262536.0 0.0
0.344067405355494 371693.0 0.0
0.3894275161588181 326308.0 0.0
0.5107340720221607 397499.0 0.0
0.5447830101569714 425315.0 0.0
0.655932594644506 504676.0 0.0
1.0 696695.0 0.0
