692039
0.00011542012927054478 780.1578947368421 85.49307479224376
0.00023084025854108956 1189.7818930041153 139.42510288065844
0.00034626038781163435 1855.5799373040752 266.01149425287355
0.0004616805170821791 2192.4961119751165 342.6485225505443
0.0005771006463527239 2639.2752293577983 541.1100917431193
0.0006925207756232687 2883.809523809524 467.80392156862746
0.0008079409048938135 3222.2894736842104 579.1127819548872
0.0009233610341643582 3447.8488888888887 557.36
0.001038781163434903 3968.189655172414 578.7931034482758
0.0011542012927054479 4346.7594936708865 741.6772151898734
0.0012696214219759926 4272.264 581.232
0.0013850415512465374 4796.345794392523 798.5327102803739
0.0015004616805170822 5006.443298969072 941.1958762886597
0.001615881809787627 5139.21 1005.86
0.0017313019390581717 5299.956989247312 1403.8924731182797
0.0018467220683287165 6344.686046511628 1330.6279069767443
0.0019621421975992612 6796.337078651685 1177.4044943820224
0.002077562326869806 7219.833333333333 1212.5555555555557
0.0021929824561403508 6220.558823529412 1191.0441176470588
0.0023084025854108957 6675.607142857143 1286.25
0.0024238227146814403 9672.454545454546 1521.0727272727272
0.0025392428439519853 7162.236363636363 2086.1454545454544
0.00265466297322253 8133.0 2471.6136363636365
0.002770083102493075 7510.615384615385 2200.9423076923076
0.0028855032317636198 7794.081632653061 1821.5102040816328
0.0030009233610341643 8835.272727272728 1947.2045454545455
0.0031163434903047093 9376.642857142857 2091.6428571428573
0.003231763619575254 8349.611111111111 2246.5
0.003347183748845799 9243.658536585366 2449.951219512195
0.0034626038781163434 9062.916666666666 2477.722222222222
0.0035780240073868884 9137.6 2379.4857142857145
0.003693444136657433 9274.782608695652 3381.891304347826
0.003808864265927978 9964.677419354839 2194.0
0.0039242843951985225 10568.45 1716.3
0.004039704524469067 11324.521739130434 1783.7826086956522
0.004155124653739612 11275.791666666666 2668.0416666666665
0.004270544783010157 12253.45 3543.65
0.0043859649122807015 11992.1 2907.3
0.004501385041551247 12832.117647058823 3830.764705882353
0.0046168051708217915 12800.888888888889 4206.888888888889
0.004732225300092336 11902.521739130434 3606.913043478261
0.004847645429362881 12635.44 2802.72
0.004963065558633426 12787.785714285714 3810.464285714286
0.0050784856879039705 13226.4 4555.55
0.005193905817174515 13565.652173913044 4325.434782608696
0.00530932594644506 11273.35294117647 4316.941176470588
0.005424746075715605 14029.884615384615 3465.730769230769
0.00554016620498615 12864.133333333333 4592.6
0.005655586334256694 12640.625 3266.4166666666665
0.0057710064635272396 14172.892857142857 3634.964285714286
0.005886426592797784 14851.652173913044 3242.3478260869565
0.006001846722068329 12076.8125 3495.5
0.006117266851338873 15612.714285714286 3312.6428571428573
0.006232686980609419 14633.111111111111 3285.722222222222
0.006348107109879963 16513.78947368421 3290.4210526315787
0.006463527239150508 11480.866666666667 3582.133333333333
0.006578947368421052 12389.714285714286 6164.642857142857
0.006694367497691598 16098.692307692309 6190.307692307692
0.006809787626962142 15947.727272727272 6842.090909090909
0.006925207756232687 14125.923076923076 6958.538461538462
0.007040627885503232 13140.357142857143 6348.714285714285
0.007156048014773777 18157.875 7378.75
0.007271468144044321 24300.0 9919.714285714286
0.007386888273314866 21297.4 4849.4
0.007502308402585411 22153.14285714286 5781.142857142857
0.007617728531855956 21429.666666666668 7336.333333333333
0.0077331486611265 21407.0 7110.222222222223
0.007848568790397045 17421.75 5431.625
0.00796398891966759 21957.88888888889 5827.666666666667
0.008079409048938134 21147.1 4673.9
0.00819482917820868 16722.0 4056.0
0.008310249307479225 18867.375 5381.25
0.008425669436749769 19658.0 4827.125
0.008541089566020314 21715.85714285714 7008.142857142857
0.00865650969529086 21326.153846153848 6743.0
0.008771929824561403 17888.25 5503.125
0.008887349953831948 19131.7 4234.1
0.009002770083102494 20140.11111111111 6723.333333333333
0.009118190212373038 19441.272727272728 5144.454545454545
0.009233610341643583 20360.6 6796.4
0.009349030470914127 21439.375 7359.625
0.009464450600184672 23159.714285714286 6787.0
0.009579870729455217 22316.625 5961.625
0.009695290858725761 20099.625 5504.125
0.009810710987996307 17497.777777777777 5929.555555555556
0.009926131117266852 18292.75 8965.0
0.010041551246537396 28703.75 16992.0
0.010156971375807941 23981.571428571428 7174.0
0.010272391505078486 21989.0 5185.0
0.01038781163434903 22001.714285714286 6946.285714285715
0.010503231763619576 27042.14285714286 11628.42857142857
0.01061865189289012 24461.25 5728.125
0.010734072022160665 18159.714285714286 6128.0
0.01084949215143121 18743.444444444445 5163.111111111111
0.010964912280701754 25920.0 5189.0
0.0110803324099723 22052.833333333332 6183.333333333333
0.011195752539242845 25025.333333333332 5536.333333333333
0.011311172668513388 20498.0 6318.333333333333
0.011426592797783934 22874.4 6909.2
0.011542012927054479 23930.75 7272.5
0.011657433056325023 22484.8 7007.2
0.011772853185595568 16277.0 4848.5
0.011888273314866112 26945.85714285714 8158.0
0.012003693444136657 24738.222222222223 9458.666666666666
0.012119113573407203 26697.8 8955.4
0.012234533702677746 27114.6 10335.0
0.012349953831948292 28962.25 7179.25
0.012465373961218837 31077.166666666668 8407.666666666666
0.012580794090489381 21928.4 9636.8
0.012696214219759926 21767.5 5101.0
0.012811634349030472 23483.0 8383.0
0.01304247460757156 29277.666666666668 9585.0
0.013157894736842105 24500.666666666668 9407.0
0.01327331486611265 34723.0 8132.75
0.013388734995383195 28131.0 6629.0
0.013504155124653739 28927.5 7164.5
0.013619575253924284 36243.5 10342.75
0.01373499538319483 26672.0 8292.2
0.013850415512465374 30914.0 6930.0
0.013965835641735919 45150.0 9264.5
0.014081255771006464 28666.75 9827.5
0.014196675900277008 22791.0 7158.666666666667
0.014312096029547553 19154.5 4674.5
0.014427516158818097 23900.666666666668 8442.333333333334
0.014542936288088643 19416.5 7548.5
0.014658356417359188 24907.0 10575.333333333334
0.014773776546629732 29846.333333333332 11234.0
0.014889196675900277 26745.666666666668 14840.0
0.015004616805170823 30797.6 13670.4
0.015120036934441366 28690.4 11507.8
0.015235457063711912 24758.0 8069.0
0.015350877192982455 27287.5 8120.5
0.015466297322253 26739.75 10148.75
0.015581717451523546 24058.75 11398.5
0.01569713758079409 26018.5 12909.0
0.015812557710064637 29029.8 11925.4
0.01592797783933518 34196.4 12057.6
0.016043397968605724 37748.75 15926.25
0.016158818097876268 27916.0 12855.5
0.016274238227146815 30961.75 13792.75
0.01638965835641736 31614.5 8568.0
0.016505078485687903 22969.0 5211.5
0.01662049861495845 48157.5 11588.0
0.016735918744228993 29867.666666666668 11604.0
0.016851338873499537 76585.0 16734.0
0.016966759002770084 49013.0 10958.0
0.017082179132040628 38190.666666666664 9750.333333333334
0.01719759926131117 40265.666666666664 13897.333333333334
0.01731301939058172 33451.5 11379.0
0.017428439519852262 39577.0 16688.0
0.017543859649122806 30113.333333333332 14999.666666666666
0.017659279778393353 21673.0 5231.0
0.017774699907663897 39680.0 16744.0
0.01789012003693444 40579.666666666664 18982.666666666668
0.018005540166204988 43338.333333333336 17676.333333333332
0.01812096029547553 23247.666666666668 7547.333333333333
0.018236380424746075 29801.333333333332 10794.0
0.018351800554016622 33841.5 13640.5
0.018467220683287166 37302.666666666664 11940.666666666666
0.01858264081255771 32331.666666666668 11468.333333333334
0.018698060941828253 45011.0 15227.5
0.0188134810710988 34288.5 12863.5
0.018928901200369344 36077.4 16026.6
0.019044321329639888 35521.28571428572 14813.285714285714
0.019159741458910435 43318.75 19064.25
0.01927516158818098 31635.4 14441.2
0.019390581717451522 37094.333333333336 18845.0
0.01950600184672207 34841.0 15429.666666666666
0.019621421975992613 37127.57142857143 15303.142857142857
0.019736842105263157 38037.8 11797.8
0.019852262234533704 43818.25 10968.5
0.019967682363804248 26539.333333333332 13476.0
0.02008310249307479 29039.0 14647.0
0.02019852262234534 44691.8 16035.2
0.020313942751615882 40314.5 11361.5
0.020429362880886426 42055.0 19072.666666666668
0.020544783010156973 48929.5 11504.0
0.020660203139427517 47603.0 19539.5
0.02077562326869806 37850.0 23301.0
0.020891043397968604 26203.0 9739.0
0.02100646352723915 39298.0 12936.0
0.021121883656509695 40682.0 7284.0
0.02123730378578024 40684.0 7284.0
0.02146814404432133 26250.0 9739.0
0.021583564173591873 32442.0 18876.0
0.021814404432132964 26306.0 9743.0
0.022045244690674055 37256.0 15505.0
0.022276084949215142 36607.666666666664 10364.0
0.02239150507848569 70950.0 14569.0
0.022506925207756233 51118.0 25733.0
0.022737765466297324 40852.333333333336 11366.333333333334
0.022853185595567867 26983.0 12907.0
0.02296860572483841 30219.0 7779.0
0.023084025854108958 42376.0 11986.0
0.023199445983379502 28924.0 11125.0
0.023314866112650046 31779.666666666668 11952.0
0.02343028624192059 45568.666666666664 13464.666666666666
0.023545706371191136 48630.25 13118.5
0.02366112650046168 49447.25 16781.75
0.023776546629732224 43935.0 17309.0
0.02389196675900277 34765.0 14666.0
0.024007386888273315 101400.5 29563.0
0.02412280701754386 34677.0 24236.0
0.024238227146814405 20314.0 8554.0
0.02435364727608495 36039.333333333336 15117.0
0.024469067405355493 39707.5 11163.0
0.02458448753462604 52735.0 12518.0
0.024699907663896584 26722.0 9810.0
0.024815327793167127 41382.0 11398.5
0.024930747922437674 34899.0 24342.0
0.025046168051708218 72064.0 16139.0
0.025161588180978762 72073.0 16139.0
0.025623268698060944 35320.0 24399.0
0.02585410895660203 35421.0 24401.0
0.025969529085872575 21794.0 10567.0
0.026200369344413665 35514.0 24403.0
0.026431209602954756 43493.0 13850.0
0.0265466297322253 43496.0 13850.0
0.026662049861495844 43583.0 13870.0
0.02677746999076639 60677.0 14958.0
0.026892890120036934 43591.0 13870.0
0.027008310249307478 52833.0 14549.0
0.027123730378578025 43594.0 13870.0
0.02723915050784857 43468.0 18410.5
0.027354570637119113 46851.333333333336 16476.333333333332
0.02746999076638966 43128.0 22802.0
0.027585410895660203 44539.0 14072.0
0.027700831024930747 66913.0 16204.0
0.027816251154201294 44171.0 18547.5
0.02804709141274238 44750.0 14146.0
0.02816251154201293 44840.0 14164.0
0.028277931671283472 44896.0 14170.0
0.028393351800554016 37575.5 14515.5
0.029085872576177285 26637.0 11786.0
0.029316712834718376 33486.0 14604.0
0.02943213296398892 33487.0 14604.0
0.029547553093259463 49285.0 15418.0
0.02966297322253001 49316.0 15424.5
0.029778393351800554 33638.0 14610.0
0.030009233610341645 33644.0 14610.0
0.03035549399815328 33669.0 14690.0
0.030470914127423823 56520.0 41433.0
0.030586334256694367 90398.0 28933.0
0.03070175438596491 39195.5 18297.0
0.030932594644506 43285.5 32573.5
0.031048014773776545 43360.0 32584.0
0.031278855032317636 37465.0 29247.333333333332
0.03139427516158818 35163.666666666664 25416.0
0.03150969529085872 35895.25 25489.5
0.031625115420129274 38239.0 25576.0
0.03174053554939982 31176.0 14173.0
0.03185595567867036 62409.333333333336 28489.0
0.031971375807940905 31186.0 14173.0
0.03208679593721145 45289.0 27205.0
0.03220221606648199 42923.0 25598.0
0.032317636195752536 51974.666666666664 30811.0
0.03243305632502309 71834.0 21892.0
0.03254847645429363 68174.5 30803.75
0.032663896583564174 60451.333333333336 31458.0
0.03277931671283472 45443.0 27281.0
0.03289473684210526 54896.5 36249.5
0.033010156971375805 58760.5 24621.0
0.033125577100646356 45626.0 27336.0
0.0332409972299169 45635.0 27344.0
0.03335641735918744 45637.0 27350.0
0.03347183748845799 47539.5 22003.0
0.033702677746999074 45696.0 27351.0
0.033818097876269625 65685.0 18528.5
0.03393351800554017 43174.0 20470.0
0.03404893813481071 41333.0 16052.5
0.034164358264081256 54326.0 17156.75
0.0342797783933518 59505.666666666664 22443.666666666668
0.03439519852262234 54949.0 17729.0
0.03451061865189289 56919.0 34579.8
0.03462603878116344 58517.4 26917.0
0.03474145891043398 53660.75 21013.25
0.034856879039704525 41711.333333333336 25867.333333333332
0.03497229916897507 61365.5 32728.5
0.03508771929824561 65057.5 25473.0
0.035203139427516156 47832.0 29929.0
0.035318559556786706 47864.0 29999.0
0.03543397968605725 40891.0 44972.0
0.035549399815327794 44684.5 37495.5
0.036011080332409975 52789.0 46866.0
0.03612650046168052 52929.0 46889.0
0.03624192059095106 52958.0 46889.0
0.036357340720221606 43918.0 26023.0
0.036588180978762694 55248.0 37453.5
0.036703601108033244 43964.0 26023.0
0.03681902123730379 48687.0 30042.0
0.03693444136657433 48743.0 30269.0
0.03728070175438596 62388.0 16384.0
0.037396121883656507 48825.0 30284.0
0.03751154201292706 44729.0 26497.0
0.037742382271468145 44734.0 26497.0
0.03785780240073869 44742.0 26497.0
0.03797322253000923 44744.0 26497.0
0.03831948291782087 38065.0 17500.0
0.03855032317636196 51549.0 32440.0
0.0386657433056325 50409.666666666664 38651.0
0.038781163434903045 56519.0 49252.0
0.038896583564173595 59897.5 37749.5
0.03901200369344414 52681.0 31019.333333333332
0.03912742382271468 56471.333333333336 35624.666666666664
0.03935826408125577 47492.0 28824.0
0.039473684210526314 47919.5 40151.0
0.03958910433979686 54521.666666666664 43743.0
0.03970452446906741 67638.0 50735.0
0.03981994459833795 67651.0 50735.0
0.039935364727608495 46617.0 27580.0
0.04005078485687904 46400.0 27301.0
0.04016620498614958 49792.0 30812.0
0.04039704524469068 48324.5 29532.0
0.040627885503231764 48345.0 29535.0
0.04074330563250231 46933.0 39248.0
0.040974145891043395 46964.5 39538.0
0.041089566020313946 47064.5 39548.5
0.04132040627885503 47362.0 28458.0
0.04143582640812558 47373.0 28458.0
0.04155124653739612 89607.0 29783.0
0.04224376731301939 50172.0 30957.0
0.04235918744228993 50183.0 30963.0
0.04247460757156048 50192.0 30963.0
0.04270544783010157 54567.5 28776.5
0.043167128347183746 68209.0 50940.0
0.0432825484764543 90093.0 30119.0
0.04339796860572484 90115.0 30297.0
0.043513388734995384 81157.5 40676.0
0.04362880886426593 90121.0 30297.0
0.04420590951061865 72578.0 51556.0
0.0443213296398892 70669.0 35519.5
0.045013850415512466 98262.0 35529.0
0.04512927054478301 90451.0 33044.0
0.04524469067405355 90456.0 33056.0
0.0453601108033241 79276.0 31449.0
0.04559095106186519 90719.0 33248.0
0.04582179132040628 80150.5 31683.5
0.04593721144967682 83707.0 32223.666666666668
0.046052631578947366 99856.0 35759.0
0.04628347183748846 58242.0 30062.0
0.046398891966759004 79061.0 32914.5
0.046745152354570635 62759.5 37117.0
0.04686057248384118 62813.0 37120.5
0.04697599261311173 62831.5 37376.5
0.04709141274238227 50611.0 53789.0
0.04720683287165282 62859.5 37396.5
0.047437673130193904 75102.0 20992.0
0.04755309325946445 62871.0 37404.0
0.047668513388735 50756.0 54017.0
0.04778393351800554 74075.0 36863.666666666664
0.047899353647276086 50769.0 54077.0
0.04801477377654663 56062.0 41045.5
0.04813019390581717 61354.0 28014.0
0.04824561403508772 62925.0 28793.0
0.04836103416435827 51145.0 54111.0
0.04847645429362881 51154.0 54273.0
0.048591874422899355 47966.0 21290.0
0.0487072945521699 75202.0 21083.0
0.04916897506925208 61219.0 31811.0
0.049284395198522624 57558.5 27593.5
0.04939981532779317 53934.0 23392.0
0.049630655586334255 57601.5 27605.5
0.0497460757156048 53943.0 23392.0
0.04986149584487535 61293.0 31819.0
0.04997691597414589 56349.0 43269.0
0.050092336103416436 56351.0 43269.0
0.05020775623268698 61308.0 31819.0
0.05055401662049862 51701.0 54719.0
0.050784856879039705 57044.5 43590.0
0.05090027700831025 52527.0 55294.0
0.05101569713758079 64559.5 38286.0
0.051131117266851336 52545.0 55298.0
0.05124653739612189 64585.5 38286.0
0.05136195752539243 52557.0 55298.0
0.051477377654662974 62470.333333333336 33601.333333333336
0.05159279778393352 76630.0 21274.0
0.05170821791320406 58309.0 24240.0
0.051823638042474605 64636.5 38293.0
0.0520544783010157 52677.0 55315.0
0.05228531855955679 69467.0 34460.0
0.05240073868882733 63352.0 33988.5
0.052516158818097874 63353.5 33988.5
0.05263157894736842 63588.0 34305.0
0.05274699907663897 78800.0 35403.333333333336
0.05286241920590951 109316.0 37567.0
0.052977839335180056 109332.0 37584.0
0.0530932594644506 70792.0 35356.0
0.053208679593721143 66477.0 33140.0
0.05343951985226224 68732.5 34252.5
0.05355493998153278 70979.0 35364.0
0.053670360110803325 62471.0 33780.5
0.05378578024007387 53969.0 32197.0
0.05390120036934441 66570.0 33146.0
0.0541320406278855 75934.0 53773.0
0.05424746075715605 75941.0 53773.0
0.05447830101569714 54053.0 32200.0
0.05459372114496768 54204.0 32215.0
0.054709141274238225 54206.0 32215.0
0.05528624192059095 73198.0 36239.0
0.055401662049861494 73239.0 36253.0
0.055863342566943676 54496.0 32415.0
0.05609418282548476 61449.0 26081.0
0.05620960295475531 61450.0 26081.0
0.0564404432132964 61452.0 26109.0
0.056555863342566945 66948.0 33416.0
0.05667128347183749 66950.0 33416.0
0.05678670360110803 61463.0 26114.0
0.056902123730378576 64218.5 29776.0
0.05701754385964912 73673.0 36821.0
0.05736380424746076 73997.0 36979.0
0.05840258541089566 74998.0 37217.0
0.05863342566943675 75009.0 37217.0
0.05886426592797784 75015.0 37217.0
0.05897968605724838 75020.0 37217.0
0.05932594644506002 70324.0 39721.0
0.059441366574330565 70327.0 39732.0
0.05955678670360111 136949.0 39051.0
0.059787626962142196 70358.0 39750.0
0.0608264081255771 70453.0 39870.0
0.060941828254847646 66420.5 33302.0
0.061172668513388734 62375.0 26738.0
0.06128808864265928 62377.0 26738.0
0.06140350877192982 62384.0 26770.0
0.061865189289012 62437.0 26770.0
0.061980609418282546 62439.0 26770.0
0.06221144967682364 79800.0 40640.0
0.06255771006463527 80138.0 40644.0
0.06348107109879964 59432.0 33749.0
0.06359649122807018 59435.0 33749.0
0.06463527239150507 84638.0 25106.0
0.06475069252077563 94325.0 57146.0
0.06498153277931672 85156.0 25184.0
0.06509695290858726 85199.0 25184.0
0.0652123730378578 85207.0 25184.0
0.06567405355493998 64146.0 28095.0
0.06602031394275161 94467.0 57330.0
0.06625115420129271 94470.0 57330.0
0.06948291782086796 99171.0 39403.0
0.07029085872576177 99514.0 43629.0
0.07121421975992613 69968.0 28762.0
0.07144506001846722 100318.0 44801.0
0.07179132040627885 70159.0 28933.0
0.07202216066481995 70212.0 28933.0
0.0721375807940905 70214.0 28933.0
0.07225300092336104 70225.0 28933.0
0.07375346260387812 70399.0 28964.0
0.07386888273314866 70403.0 28964.0
0.07490766389658357 70524.0 29073.0
0.07513850415512466 70531.0 29075.0
0.0752539242843952 70538.0 29075.0
0.07548476454293629 78258.0 39580.0
0.07663896583564174 77375.0 49629.0
0.07917820867959371 78810.0 52526.0
0.07929362880886427 79368.0 52566.0
0.08114035087719298 87578.0 42352.0
0.08183287165281625 79992.0 54197.0
0.08194829178208679 79997.0 54197.0
0.08356417359187442 256628.0 74088.0
0.08621883656509695 83159.0 54793.0
0.08633425669436749 83197.0 54871.0
0.08668051708217914 83211.0 54897.0
0.08691135734072022 88089.0 55586.0
0.08714219759926131 88104.0 55623.0
0.09210526315789473 131756.0 60579.0
0.09349030470914127 131844.0 60588.0
0.09372114496768236 131857.0 60588.0
0.09983841181902124 93574.0 80638.0
0.10006925207756233 93626.0 80640.0
0.10226223453370267 117098.0 82693.0
0.11461218836565097 110436.0 95959.0
0.15270083102493076 168738.0 97805.0
0.16528162511542013 148167.0 105824.0
0.16551246537396122 148257.0 105938.0
0.20002308402585411 192957.0 166883.0
0.21895198522622344 217514.0 155135.0
0.22322253000923362 206151.0 177802.0
0.27620036934441367 241951.0 215386.0
0.3335641735918744 278102.0 251094.0
0.35168513388734995 274253.0 254966.0
0.38134810710988 334735.0 286613.0
0.43524930747922436 414783.0 329054.0
0.46248845798707294 380111.0 328965.0
0.5375115420129271 462537.0 411747.0
1.0 692039.0 740712.0
