635517
0.0001 825 0 0
0.0001 1322 0 0
0.0002 2117 0 0
0.0003 2498 0 0
0.0003 2900 0 0
0.0004 3215 0 0
0.0005 3639 1 0
0.0006 3928 0 0
0.0006 4249 1 0
0.0007 4500 1 0
0.0008 4703 2 0
0.0008 5167 0 0
0.0009 5797 0 0
0.0010 5726 0 0
0.0010 5818 3 0
0.0011 6651 5 0
0.0012 6530 4 0
0.0012 7223 0 0
0.0013 7120 5 0
0.0014 7729 0 0
0.0015 7608 1 0
0.0015 7389 0 0
0.0016 8012 2 0
0.0017 8230 2 0
0.0017 8434 1 0
0.0018 8973 0 0
0.0019 9281 2 0
0.0019 8752 1 0
0.0020 9234 1 0
0.0021 8941 1 0
0.0021 9110 2 0
0.0022 10109 1 0
0.0023 10142 0 0
0.0024 10868 1 0
0.0024 11124 2 0
0.0025 10835 3 0
0.0026 11050 1 0
0.0026 10619 2 0
0.0027 11143 2 0
0.0028 11816 4 0
0.0028 12350 0 0
0.0029 11933 2 0
0.0030 12636 2 0
0.0030 12022 4 0
0.0031 12611 3 0
0.0032 12194 4 0
0.0033 12928 5 0
0.0033 12298 0 0
0.0034 13023 1 0
0.0035 12772 0 0
0.0035 12740 0 0
0.0036 13455 3 0
0.0037 13588 1 0
0.0037 13418 0 0
0.0038 13237 1 0
0.0039 15282 0 0
0.0039 13876 1 0
0.0040 13934 1 0
0.0041 13721 2 0
0.0042 14543 1 0
0.0042 14384 3 0
0.0043 15193 1 0
0.0044 14346 1 0
0.0044 17058 35 0
0.0045 16478 1 0
0.0046 15538 0 0
0.0046 14249 0 0
0.0047 13854 0 0
0.0048 17597 2 0
0.0048 16611 2 0
0.0049 18385 0 0
0.0050 20428 2 0
0.0051 17029 4 0
0.0051 15658 4 0
0.0052 14602 0 0
0.0053 16973 1 0
0.0053 20260 2 0
0.0054 18757 3 0
0.0055 20378 3 0
0.0055 19303 1 0
0.0056 17392 0 0
0.0057 18382 9 0
0.0057 18595 9 0
0.0058 16608 13 0
0.0059 20301 10 0
0.0060 20678 4 0
0.0060 18647 19 0
0.0061 19946 13 0
0.0062 20713 4 0
0.0062 17954 0 0
0.0063 16831 24 0
0.0064 24589 0 0
0.0064 17212 15 0
0.0065 22606 15 0
0.0066 19562 4 0
0.0067 17104 0 0
0.0067 17304 0 0
0.0068 21605 2 0
0.0069 20872 2 0
0.0069 20666 6 0
0.0070 20404 6 0
0.0071 22452 0 0
0.0071 25320 2 0
0.0072 21665 14 0
0.0073 20630 4 0
0.0074 22696 9 0
0.0075 19480 7 0
0.0076 22219 0 0
0.0076 22031 0 0
0.0077 16666 10 0
0.0078 16729 10 0
0.0078 17395 3 0
0.0079 19673 0 0
0.0080 18638 0 0
0.0080 28805 0 0
0.0081 33318 0 0
0.0082 18898 32 0
0.0082 22507 2 0
0.0084 31064 6 0
0.0085 22732 6 0
0.0085 21657 3 0
0.0086 37184 8 0
0.0087 19904 12 0
0.0087 26722 5 0
0.0088 28221 3 0
0.0089 22338 0 0
0.0089 25428 0 0
0.0090 30939 12 0
0.0091 21401 33 0
0.0092 22531 20 0
0.0093 32624 6 0
0.0094 28230 7 0
0.0094 25935 67 0
0.0095 35001 41 0
0.0096 32384 0 0
0.0097 19458 0 0
0.0098 20572 0 0
0.0098 26383 1 0
0.0101 26552 0 0
0.0102 35519 8 0
0.0103 24529 42 0
0.0105 35939 41 0
0.0106 23616 0 0
0.0108 27789 0 0
0.0111 41268 0 0
0.0112 53307 16 0
0.0114 35476 20 0
0.0114 26852 15 0
0.0115 22964 18 0
0.0116 30884 9 0
0.0116 31562 15 0
0.0117 28405 0 0
0.0118 27940 1 0
0.0119 23788 12 0
0.0121 35658 0 0
0.0123 37780 0 0
0.0123 31277 0 0
0.0124 30780 3 0
0.0126 26692 38 0
0.0127 33730 0 0
0.0127 25493 18 0
0.0136 40128 41 0
0.0137 30498 67 0
0.0139 33090 15 0
0.0140 26408 12 0
0.0143 41457 7 0
0.0149 35221 15 0
0.0152 34471 14 0
0.0152 39252 0 0
0.0153 39794 0 0
0.0154 43714 3 0
0.0158 40972 96 0
0.0159 35384 14 0
0.0160 45719 14 0
0.0161 59190 96 0
0.0162 39882 20 0
0.0163 38825 31 0
0.0164 38451 16 0
0.0167 34599 0 0
0.0168 36324 12 0
0.0170 42900 13 0
0.0172 38224 21 0
0.0174 45847 69 0
0.0175 35285 1 0
0.0177 43569 1 0
0.0181 46324 24 0
0.0183 37771 0 0
0.0184 63140 96 0
0.0189 46473 0 0
0.0195 48192 0 0
0.0197 39564 73 0
0.0199 40953 21 0
0.0200 64060 96 0
0.0204 50939 7 0
0.0205 43227 15 0
0.0206 41567 15 0
0.0209 49992 69 0
0.0211 45724 7 0
0.0212 63705 16 0
0.0213 37939 14 0
0.0214 46893 1 0
0.0224 66573 96 0
0.0224 50205 24 0
0.0225 56243 0 0
0.0226 43020 6 0
0.0229 49018 0 0
0.0229 39575 14 0
0.0235 45729 15 0
0.0236 48764 44 0
0.0239 44971 15 0
0.0241 42836 73 0
0.0245 68396 16 0
0.0245 52369 43 0
0.0246 48229 12 0
0.0247 40947 14 0
0.0250 64694 83 0
0.0251 51495 0 0
0.0252 55859 69 0
0.0253 56313 0 0
0.0254 45161 6 0
0.0255 44414 21 0
0.0256 48402 28 0
0.0258 48579 21 0
0.0259 51251 0 0
0.0260 45390 6 0
0.0260 44081 14 0
0.0261 69516 96 0
0.0262 59861 20 0
0.0268 58876 0 0
0.0269 56053 17 0
0.0272 52036 0 0
0.0274 48564 14 0
0.0283 49746 29 0
0.0283 50103 4 0
0.0285 61060 0 0
0.0287 56587 43 0
0.0289 50770 14 0
0.0303 60708 91 0
0.0304 50153 15 0
0.0309 69664 2 0
0.0311 48454 6 0
0.0314 53386 15 0
0.0317 50272 0 0
0.0319 72243 16 0
0.0320 60206 43 0
0.0321 64637 20 0
0.0322 75037 96 0
0.0323 65435 0 0
0.0325 58479 41 0
0.0328 63246 2 0
0.0328 57612 51 0
0.0329 54266 14 0
0.0333 56436 7 0
0.0333 56210 3 0
0.0334 56021 21 0
0.0337 76459 96 0
0.0339 73641 153 0
0.0340 52296 6 0
0.0344 59964 16 0
0.0348 56911 3 0
0.0351 61892 49 0
0.0352 60251 51 0
0.0357 71497 56 0
0.0365 60127 1 0
0.0372 58018 35 0
0.0373 71454 0 0
0.0374 76221 86 0
0.0376 75535 16 0
0.0377 62219 34 0
0.0382 82279 6 0
0.0388 85234 102 0
0.0392 76615 153 0
0.0396 67829 2 0
0.0398 72052 22 0
0.0399 79969 4 0
0.0402 62873 3 0
0.0404 66040 3 0
0.0407 65679 19 0
0.0409 65788 35 0
0.0410 66354 54 0
0.0411 63901 15 0
0.0421 63289 601 0
0.0427 56874 16 0
0.0429 71418 7 0
0.0430 74735 112 0
0.0433 66477 24 0
0.0438 88969 119 0
0.0450 71849 24 0
0.0451 68697 3 0
0.0453 69141 36 0
0.0456 70143 49 0
0.0457 58988 16 0
0.0466 71304 9 0
0.0477 88792 3 0
0.0487 103169 119 0
0.0498 75025 36 0
0.0499 74553 192 0
0.0500 86992 44 0
0.1000 142049 729 0
0.1500 180011 746 0
0.2000 217949 804 0
0.2500 250489 810 0
0.2999 278437 924 0
0.3500 308456 1077 0
0.4000 327321 1096 0
0.4500 349023 1103 0
0.5000 383705 1106 0
0.5499 404103 1140 0
0.6000 427951 1164 0
0.6500 455262 1171 0
0.7000 475032 1195 0
0.7500 495363 1247 0
0.8000 519763 1251 0
0.8500 582382 1288 0
0.9000 599937 1310 0
0.9500 618221 1359 0
1.0000 635517 1483 0
