10115
0.0001 1179 4 0
0.0001 1881 9 0
0.0002 2601 15 0
0.0003 3168 16 0
0.0003 3614 15 0
0.0004 4025 25 0
0.0005 4332 33 0
0.0006 4637 42 0
0.0006 4988 43 0
0.0007 5191 55 0
0.0008 5401 49 0
0.0008 5722 39 0
0.0009 5900 54 0
0.0010 6033 55 0
0.0010 6228 84 0
0.0011 6259 63 0
0.0012 6442 102 0
0.0012 6601 83 0
0.0013 6801 77 0
0.0014 6816 99 0
0.0015 6997 80 0
0.0015 6999 69 0
0.0016 7147 99 0
0.0017 7263 89 0
0.0017 7237 104 0
0.0018 7317 86 0
0.0019 7488 75 0
0.0019 7516 84 0
0.0020 7631 149 0
0.0021 7785 140 0
0.0021 7833 172 0
0.0022 7866 166 0
0.0023 7819 155 0
0.0024 7921 108 0
0.0024 7950 140 0
0.0025 8004 121 0
0.0026 8010 126 0
0.0026 7968 126 0
0.0027 8106 167 0
0.0028 8104 219 0
0.0028 8121 309 0
0.0029 8141 242 0
0.0030 8191 311 0
0.0030 8212 233 0
0.0031 8257 318 0
0.0032 8380 263 0
0.0033 8271 205 0
0.0033 8352 289 0
0.0034 8361 203 0
0.0035 8459 157 0
0.0035 8454 210 0
0.0036 8473 229 0
0.0037 8603 277 0
0.0037 8524 261 0
0.0038 8543 231 0
0.0039 8512 169 0
0.0039 8501 209 0
0.0040 8635 272 0
0.0041 8581 315 0
0.0042 8749 280 0
0.0042 8694 296 0
0.0043 8680 236 0
0.0044 8667 338 0
0.0044 8673 322 0
0.0045 8728 478 0
0.0046 8730 321 0
0.0046 8685 230 0
0.0047 8735 301 0
0.0048 8791 248 0
0.0048 8735 258 0
0.0049 8843 374 0
0.0050 8763 218 0
0.0051 8914 347 0
0.0051 8829 409 0
0.0052 8844 398 0
0.0053 8800 393 0
0.0053 8804 353 0
0.0054 8854 367 0
0.0055 8819 534 0
0.0055 8983 621 0
0.0056 8897 573 0
0.0057 8938 776 0
0.0057 8924 708 0
0.0058 8895 503 0
0.0059 9033 657 0
0.0060 9207 1100 0
0.0060 9000 180 0
0.0061 8889 433 0
0.0062 8955 469 0
0.0062 8833 622 0
0.0063 9068 556 0
0.0064 8973 103 0
0.0064 9112 668 0
0.0065 9062 491 0
0.0066 8973 344 0
0.0067 9029 902 0
0.0067 9162 786 0
0.0068 9057 588 0
0.0069 9072 1215 0
0.0069 9272 1097 0
0.0070 9013 229 0
0.0071 9141 410 0
0.0071 9095 364 0
0.0072 9114 1254 0
0.0073 9081 497 0
0.0073 9235 773 0
0.0074 9146 436 0
0.0075 9217 268 0
0.0076 9060 494 0
0.0076 9184 253 0
0.0077 9056 490 0
0.0078 9144 244 0
0.0078 9194 227 0
0.0079 9218 481 0
0.0080 9177 373 0
0.0080 9326 1056 0
0.0081 9395 245 0
0.0082 9322 401 0
0.0082 9216 302 0
0.0083 9003 240 0
0.0084 9051 1172 0
0.0085 9234 228 0
0.0087 9144 208 0
0.0087 9154 276 0
0.0088 9356 1247 0
0.0089 9183 708 0
0.0089 9408 156 0
0.0091 9331 448 0
0.0094 9381 1284 0
0.0094 9366 515 0
0.0096 9322 1106 0
0.0098 9432 483 0
0.0098 8941 93 0
0.0100 9303 419 0
0.0100 9328 753 0
0.0101 9337 1679 0
0.0105 9506 3159 0
0.0106 9532 785 0
0.0107 9232 278 0
0.0107 9411 1371 0
0.0109 9526 718 0
0.0112 9444 2204 0
0.0114 9524 503 0
0.0116 9363 754 0
0.0117 9544 750 0
0.0120 9539 505 0
0.0121 9389 393 0
0.0122 9506 426 0
0.0125 9440 776 0
0.0127 9425 414 0
0.0128 9549 1578 0
0.0129 9573 2255 0
0.0130 9591 1554 0
0.0133 9515 1412 0
0.0134 9563 1407 0
0.0134 9515 1414 0
0.0135 9358 790 0
0.0139 9429 1118 0
0.0140 9676 2641 0
0.0141 9632 939 0
0.0141 9365 716 0
0.0143 9495 1567 0
0.0147 9406 796 0
0.0150 9644 705 0
0.0151 9638 1843 0
0.0152 9462 856 0
0.0152 9442 399 0
0.0153 9540 417 0
0.0155 9515 346 0
0.0157 9469 400 0
0.0157 9606 1516 0
0.0158 9555 941 0
0.0159 9580 635 0
0.0163 9579 541 0
0.0163 9492 434 0
0.0166 9578 421 0
0.0168 9473 1533 0
0.0168 9614 2350 0
0.0169 9667 767 0
0.0172 9673 1863 0
0.0173 9497 1192 0
0.0175 9650 1442 0
0.0176 9607 369 0
0.0178 9620 1925 0
0.0179 9675 769 0
0.0179 9589 425 0
0.0182 9687 773 0
0.0185 9692 2060 0
0.0186 9516 1195 0
0.0187 9511 821 0
0.0188 9569 2298 0
0.0193 9708 1886 0
0.0195 9567 548 0
0.0199 9662 1557 0
0.0200 9717 1985 0
0.0206 9619 623 0
0.0207 9581 556 0
0.0209 9702 1162 0
0.0211 9643 2330 0
0.0213 9628 625 0
0.0218 9649 673 0
0.0218 9564 1449 0
0.0219 9635 631 0
0.0220 9578 1315 0
0.0223 9694 1237 0
0.0224 9707 1570 0
0.0225 9642 1278 0
0.0227 9722 2179 0
0.0229 9654 432 0
0.0230 9733 2236 0
0.0231 9749 1012 0
0.0232 9641 2730 0
0.0234 9745 3262 0
0.0236 9709 1066 0
0.0236 9678 2354 0
0.0237 9600 2933 0
0.0238 9656 1289 0
0.0239 9730 2822 0
0.0242 9666 719 0
0.0242 9753 1088 0
0.0247 9612 2953 0
0.0249 9661 437 0
0.0249 9686 964 0
0.0251 9719 1200 0
0.0253 9711 2031 0
0.0256 9728 1228 0
0.0264 9664 1618 0
0.0265 9749 2883 0
0.0267 9739 1711 0
0.0271 9711 2429 0
0.0275 9687 1000 0
0.0276 9716 1649 0
0.0277 9711 1693 0
0.0278 9676 675 0
0.0279 9673 1649 0
0.0280 9768 2900 0
0.0281 9773 3282 0
0.0285 9630 1344 0
0.0287 9681 2813 0
0.0287 9754 2801 0
0.0288 9683 913 0
0.0290 9747 2570 0
0.0292 9760 3146 0
0.0294 9704 1125 0
0.0298 9706 3117 0
0.0300 9755 2570 0
0.0301 9763 2732 0
0.0303 9768 2446 0
0.0305 9787 2869 0
0.0306 9796 3308 0
0.0310 9780 2073 0
0.0313 9763 2747 0
0.0314 9736 1768 0
0.0315 9768 2377 0
0.0318 9780 3219 0
0.0319 9796 2979 0
0.0320 9744 1768 0
0.0330 9742 1525 0
0.0332 9792 2101 0
0.0336 9762 1696 0
0.0337 9750 1372 0
0.0337 9760 1768 0
0.0338 9817 3383 0
0.0339 9775 2402 0
0.0342 9801 3032 0
0.0343 9674 1441 0
0.0344 9739 1573 0
0.0354 9781 2857 0
0.0355 9794 3539 0
0.0360 9807 3178 0
0.0363 9795 2095 0
0.0366 9822 3398 0
0.0366 9799 3006 0
0.0369 9797 3403 0
0.0373 9730 1141 0
0.0373 9848 4075 0
0.0374 9763 1786 0
0.0377 9791 2891 0
0.0379 9808 3026 0
0.0382 9738 1150 0
0.0385 9803 2213 0
0.0386 9768 1880 0
0.0389 9802 2917 0
0.0393 9715 4190 0
0.0394 9697 1627 0
0.0395 9762 3597 0
0.0396 9824 3706 0
0.0398 9805 3043 0
0.0400 9789 1729 0
0.0400 9804 3172 0
0.0401 9836 3472 0
0.0405 9819 2263 0
0.0405 9793 1650 0
0.0411 9811 3080 0
0.0412 9849 3819 0
0.0415 9796 2012 0
0.0416 9824 3092 0
0.0416 9786 1948 0
0.0418 9798 1667 0
0.0420 9799 2012 0
0.0420 9830 3803 0
0.0424 9830 3283 0
0.0425 9814 3080 0
0.0425 9826 3309 0
0.0427 9802 2006 0
0.0427 9854 3826 0
0.0429 9805 2013 0
0.0429 9833 3309 0
0.0430 9787 2352 0
0.0432 9714 1799 0
0.0434 9806 2013 0
0.0436 9830 2328 0
0.0436 9816 3097 0
0.0437 9819 3705 0
0.0442 9847 4660 0
0.0454 9849 3719 0
0.0455 9820 3130 0
0.0463 9833 3834 0
0.0464 9805 1650 0
0.0466 9810 2264 0
0.0466 9819 1757 0
0.0468 9845 3310 0
0.0474 9814 1662 0
0.0499 9844 4096 0
0.0500 9829 3321 0
0.1000 9919 3745 0
0.1500 9969 10501 0
0.2001 9994 12383 0
0.2501 10010 14403 0
0.3000 10026 18319 0
0.3500 10043 20980 0
0.4000 10058 23732 0
0.4501 10067 28184 0
0.5001 10074 30549 0
0.5501 10081 35312 0
0.6001 10084 38804 0
0.6501 10084 43272 0
0.7001 10089 45685 0
0.7501 10101 49056 0
0.8001 10105 56033 0
0.8501 10110 60150 0
0.9000 10111 62455 0
0.9501 10113 66346 0
1.0000 10115 69535 0
