1103
0.0001 540 8 0
0.0001 744 17 0
0.0002 852 24 0
0.0003 921 41 0
0.0003 962 51 0
0.0004 989 51 0
0.0005 1007 66 0
0.0006 1019 90 0
0.0006 1030 75 0
0.0007 1038 94 0
0.0008 1049 107 0
0.0008 1052 80 0
0.0009 1057 106 0
0.0010 1061 122 0
0.0010 1065 219 0
0.0011 1068 127 0
0.0012 1073 145 0
0.0012 1073 180 0
0.0013 1073 163 0
0.0014 1073 191 0
0.0015 1075 150 0
0.0015 1076 156 0
0.0016 1079 194 0
0.0017 1078 260 0
0.0017 1082 260 0
0.0018 1083 209 0
0.0019 1083 250 0
0.0019 1082 260 0
0.0020 1084 377 0
0.0021 1086 331 0
0.0021 1085 366 0
0.0022 1086 339 0
0.0023 1085 313 0
0.0024 1087 430 0
0.0024 1089 552 0
0.0025 1089 459 0
0.0026 1089 552 0
0.0026 1089 360 0
0.0027 1089 250 0
0.0028 1090 313 0
0.0028 1089 389 0
0.0029 1090 332 0
0.0030 1090 401 0
0.0030 1092 509 0
0.0031 1092 454 0
0.0032 1090 280 0
0.0033 1092 606 0
0.0033 1092 677 0
0.0034 1091 351 0
0.0035 1093 287 0
0.0035 1093 564 0
0.0036 1094 489 0
0.0037 1094 542 0
0.0037 1094 519 0
0.0038 1094 618 0
0.0039 1095 806 0
0.0039 1094 807 0
0.0040 1094 533 0
0.0041 1096 725 0
0.0042 1095 712 0
0.0042 1095 644 0
0.0043 1094 502 0
0.0044 1095 499 0
0.0044 1095 637 0
0.0045 1095 843 0
0.0046 1095 661 0
0.0046 1095 704 0
0.0047 1096 797 0
0.0048 1097 669 0
0.0048 1097 1053 0
0.0049 1096 1113 0
0.0050 1096 1074 0
0.0051 1097 514 0
0.0051 1096 827 0
0.0052 1097 658 0
0.0053 1097 748 0
0.0053 1097 549 0
0.0054 1096 517 0
0.0055 1096 528 0
0.0055 1097 426 0
0.0056 1097 764 0
0.0057 1097 508 0
0.0057 1097 406 0
0.0058 1097 367 0
0.0059 1097 508 0
0.0060 1098 499 0
0.0060 1097 716 0
0.0061 1096 537 0
0.0062 1096 759 0
0.0062 1098 815 0
0.0063 1097 892 0
0.0064 1097 791 0
0.0064 1097 763 0
0.0065 1097 637 0
0.0066 1098 637 0
0.0067 1097 668 0
0.0067 1098 823 0
0.0068 1099 326 0
0.0069 1098 486 0
0.0069 1098 698 0
0.0070 1097 908 0
0.0071 1097 506 0
0.0071 1096 314 0
0.0072 1097 815 0
0.0073 1098 805 0
0.0073 1097 1361 0
0.0074 1099 671 0
0.0075 1097 2106 0
0.0076 1098 1150 0
0.0076 1098 874 0
0.0077 1098 634 0
0.0078 1098 602 0
0.0078 1099 946 0
0.0079 1099 468 0
0.0080 1099 858 0
0.0080 1100 776 0
0.0081 1097 472 0
0.0082 1099 570 0
0.0082 1100 641 0
0.0083 1099 1198 0
0.0084 1098 585 0
0.0085 1099 814 0
0.0085 1098 637 0
0.0086 1098 406 0
0.0087 1100 261 0
0.0087 1098 1624 0
0.0088 1101 966 0
0.0089 1100 511 0
0.0089 1099 1251 0
0.0090 1101 1145 0
0.0091 1099 1229 0
0.0091 1098 162 0
0.0092 1100 837 0
0.0093 1098 920 0
0.0094 1099 1484 0
0.0094 1097 1641 0
0.0095 1099 1078 0
0.0096 1102 1106 0
0.0097 1101 1537 0
0.0098 1098 649 0
0.0099 1100 950 0
0.0100 1100 1151 0
0.0101 1100 1009 0
0.0102 1098 1084 0
0.0103 1099 1054 0
0.0105 1101 1125 0
0.0105 1100 748 0
0.0106 1100 737 0
0.0107 1099 801 0
0.0107 1102 803 0
0.0109 1099 812 0
0.0112 1100 944 0
0.0112 1100 937 0
0.0114 1098 3256 0
0.0114 1100 1059 0
0.0116 1100 1701 0
0.0117 1098 773 0
0.0118 1100 989 0
0.0120 1100 935 0
0.0121 1102 596 0
0.0121 1098 163 0
0.0123 1099 1170 0
0.0123 1099 1552 0
0.0124 1098 568 0
0.0127 1100 1800 0
0.0127 1100 597 0
0.0130 1099 2684 0
0.0130 1102 598 0
0.0132 1101 963 0
0.0133 1101 1174 0
0.0134 1100 1006 0
0.0134 1101 963 0
0.0135 1101 847 0
0.0136 1101 951 0
0.0136 1100 1761 0
0.0137 1101 963 0
0.0138 1102 732 0
0.0139 1101 2372 0
0.0140 1100 490 0
0.0141 1101 2372 0
0.0141 1102 1691 0
0.0142 1100 490 0
0.0144 1102 741 0
0.0145 1100 490 0
0.0154 1100 1745 0
0.0154 1101 1118 0
0.0156 1102 791 0
0.0157 1101 1695 0
0.0158 1101 2596 0
0.0159 1101 2898 0
0.0160 1102 2268 0
0.0161 1099 2592 0
0.0163 1100 503 0
0.0167 1099 2604 0
0.0170 1101 1167 0
0.0173 1101 1898 0
0.0174 1098 2846 0
0.0177 1101 771 0
0.0179 1101 1666 0
0.0182 1102 1873 0
0.0183 1102 754 0
0.0184 1101 1544 0
0.0184 1100 1778 0
0.0185 1100 2105 0
0.0186 1102 1515 0
0.0188 1101 1872 0
0.0188 1102 1160 0
0.0191 1102 2043 0
0.0192 1101 2052 0
0.0193 1102 1163 0
0.0195 1101 1123 0
0.0198 1098 3503 0
0.0199 1101 1014 0
0.0202 1099 3254 0
0.0206 1101 2964 0
0.0208 1100 2603 0
0.0209 1101 3079 0
0.0211 1101 1696 0
0.0211 1102 1070 0
0.0212 1100 2841 0
0.0213 1102 1718 0
0.0213 1102 1570 0
0.0214 1102 1938 0
0.0215 1102 1719 0
0.0218 1100 2057 0
0.0219 1103 7059 0
0.0220 1102 1889 0
0.0221 1102 1570 0
0.0222 1101 3090 0
0.0225 1101 1742 0
0.0226 1101 3100 0
0.0227 1101 3264 0
0.0231 1102 7499 0
0.0231 1101 2737 0
0.0232 1101 3201 0
0.0236 1102 1899 0
0.0239 1102 2746 0
0.0241 1101 3340 0
0.0242 1103 7363 0
0.0243 1102 7610 0
0.0246 1101 2154 0
0.0247 1103 7377 0
0.0250 1102 2685 0
0.0251 1102 2751 0
0.0252 1101 1221 0
0.0255 1100 3810 0
0.0256 1101 2599 0
0.0256 1102 3505 0
0.0258 1101 3065 0
0.0258 1102 1682 0
0.0260 1102 3130 0
0.0262 1102 2765 0
0.0265 1100 4828 0
0.0265 1102 1807 0
0.0267 1102 7676 0
0.0269 1101 6681 0
0.0272 1100 3819 0
0.0276 1102 1821 0
0.0276 1102 7681 0
0.0277 1101 6715 0
0.0283 1102 7686 0
0.0283 1102 1830 0
0.0290 1102 4729 0
0.0290 1103 7402 0
0.0294 1101 2790 0
0.0300 1102 4279 0
0.0303 1101 1330 0
0.0303 1102 4293 0
0.0305 1102 1735 0
0.0308 1102 5008 0
0.0309 1102 2717 0
0.0311 1101 1383 0
0.0312 1102 1753 0
0.0315 1101 3521 0
0.0316 1102 5082 0
0.0318 1103 7847 0
0.0321 1101 3079 0
0.0322 1101 2759 0
0.0325 1103 7862 0
0.0329 1102 10341 0
0.0330 1101 3141 0
0.0330 1102 3043 0
0.0333 1102 1900 0
0.0333 1101 4433 0
0.0338 1102 3069 0
0.0339 1102 5325 0
0.0340 1101 3789 0
0.0342 1101 7198 0
0.0342 1101 4042 0
0.0346 1101 4467 0
0.0348 1102 1846 0
0.0349 1102 6135 0
0.0353 1102 4501 0
0.0355 1102 3721 0
0.0358 1102 3133 0
0.0362 1102 2861 0
0.0362 1101 4497 0
0.0364 1102 4968 0
0.0367 1102 2866 0
0.0368 1101 4980 0
0.0378 1102 3501 0
0.0382 1102 3594 0
0.0383 1101 3117 0
0.0387 1102 6063 0
0.0396 1102 3776 0
0.0403 1102 5835 0
0.0406 1102 5837 0
0.0415 1102 10546 0
0.0416 1102 4887 0
0.0416 1102 2353 0
0.0421 1102 6101 0
0.0423 1102 5872 0
0.0424 1102 7244 0
0.0432 1102 5987 0
0.0434 1102 7725 0
0.0436 1103 8701 0
0.0437 1102 2400 0
0.0438 1102 6087 0
0.0443 1102 7790 0
0.0449 1101 5242 0
0.0453 1102 7369 0
0.0454 1102 2560 0
0.0455 1102 6509 0
0.0461 1102 5913 0
0.0463 1101 6380 0
0.0468 1102 6246 0
0.0470 1102 3887 0
0.0474 1102 6636 0
0.0477 1102 6548 0
0.0478 1101 3245 0
0.0484 1102 6570 0
0.0486 1102 6721 0
0.0490 1102 3936 0
0.0499 1102 7041 0
0.0500 1101 6252 0
0.1000 1102 9542 0
0.1500 1102 14374 0
0.2001 1102 17623 0
0.2501 1102 25152 0
0.3001 1102 32762 0
0.3501 1102 40358 0
0.4001 1102 51483 0
0.4501 1102 59593 0
0.5001 1102 64253 0
0.5502 1102 72082 0
0.6001 1102 76050 0
0.6501 1102 82150 0
0.7001 1102 89953 0
0.7500 1103 98819 0
0.7999 1103 106347 0
0.8500 1103 110558 0
0.9000 1103 117200 0
0.9500 1103 123957 0
1.0000 1103 128208 0
