9980
0.00011542012927054478 909.472299168975 0.0
0.00023084025854108956 1383.8851590106008 0.0
0.00034626038781163435 1857.7362736273628 0.0
0.0004616805170821791 2201.3746397694526 0.0
0.0005771006463527239 2553.0130718954247 0.0
0.0006925207756232687 2787.2047872340427 0.0
0.0008079409048938135 2960.3957597173144 0.0
0.0009233610341643582 3066.479820627803 0.0
0.001038781163434903 3145.6373626373625 0.0
0.0011542012927054479 3276.1388888888887 0.0
0.0012696214219759926 3419.029411764706 0.0
0.0013850415512465374 3470.3650793650795 0.0
0.0015004616805170822 3622.0 0.0
0.001615881809787627 3743.6875 0.0
0.0017313019390581717 3620.068181818182 0.0
0.0018467220683287165 3715.6315789473683 0.0
0.0019621421975992612 3876.3561643835615 0.0
0.002077562326869806 3954.339285714286 0.0
0.0021929824561403508 4009.7727272727275 0.0
0.0023084025854108957 4101.057692307692 0.0
0.0024238227146814403 4105.981818181818 0.0
0.0025392428439519853 4080.553191489362 0.0
0.00265466297322253 4124.428571428572 0.0
0.002770083102493075 4159.268292682927 0.0
0.0028855032317636198 4253.5641025641025 0.0
0.0030009233610341643 4351.5142857142855 0.0
0.0031163434903047093 4247.864864864865 0.0
0.003231763619575254 4288.6551724137935 0.0
0.003347183748845799 4382.333333333333 0.0
0.0034626038781163434 4326.774193548387 0.0
0.0035780240073868884 4336.9655172413795 0.0
0.003693444136657433 4424.62962962963 0.0
0.003808864265927978 4478.035714285715 0.0
0.0039242843951985225 4467.615384615385 0.0
0.004039704524469067 4490.631578947368 0.0
0.004155124653739612 4476.0 0.0
0.004270544783010157 4637.9375 0.0
0.0043859649122807015 4676.785714285715 0.0
0.004501385041551247 4712.652173913043 0.0
0.0046168051708217915 4668.111111111111 0.0
0.004732225300092336 4646.928571428572 0.0
0.004847645429362881 4788.5 0.0
0.004963065558633426 4590.785714285715 0.0
0.0050784856879039705 4509.5 0.0
0.005193905817174515 4663.25 0.0
0.00530932594644506 4720.0 0.0
0.005424746075715605 4768.428571428572 0.0
0.00554016620498615 4781.8 0.0
0.005655586334256694 4782.454545454545 0.0
0.0057710064635272396 4801.923076923077 0.0
0.005886426592797784 4613.363636363636 0.0
0.006001846722068329 4725.2 0.0
0.006117266851338873 4651.545454545455 0.0
0.006232686980609419 4822.307692307692 0.0
0.006348107109879963 4891.428571428572 0.0
0.006463527239150508 4855.125 0.0
0.006578947368421052 4870.5 0.0
0.006694367497691598 4993.636363636364 0.0
0.006809787626962142 4904.090909090909 0.0
0.006925207756232687 5013.7 0.0
0.007040627885503232 4859.714285714285 0.0
0.007156048014773777 5014.0 0.0
0.007271468144044321 4860.1 0.0
0.007386888273314866 4923.333333333333 0.0
0.007502308402585411 4870.818181818182 0.0
0.007617728531855956 4862.833333333333 0.0
0.0077331486611265 4907.166666666667 0.0
0.007848568790397045 4806.25 0.0
0.00796398891966759 4902.7 0.0
0.008079409048938134 4832.222222222223 0.0
0.00819482917820868 5006.777777777777 0.0
0.008310249307479225 5054.0 0.0
0.008425669436749769 5008.444444444444 0.0
0.008541089566020314 5000.222222222223 0.0
0.00865650969529086 4999.9 0.0
0.008771929824561403 4946.75 0.0
0.008887349953831948 5274.6 0.0
0.009002770083102494 5103.125 0.0
0.009118190212373038 5095.5 0.0
0.009233610341643583 4961.666666666667 0.0
0.009349030470914127 4960.0 0.0
0.009464450600184672 5092.375 0.0
0.009579870729455217 5114.285714285715 0.0
0.009695290858725761 5194.166666666667 0.0
0.009810710987996307 5036.0 0.0
0.009926131117266852 5083.0 0.0
0.010041551246537396 5046.25 0.0
0.010156971375807941 4931.0 0.0
0.010272391505078486 5026.142857142857 0.0
0.01038781163434903 5028.3 0.0
0.010503231763619576 4991.909090909091 0.0
0.01061865189289012 5070.083333333333 0.0
0.010734072022160665 5065.0 0.0
0.01084949215143121 4894.4 0.0
0.010964912280701754 5065.428571428572 0.0
0.0110803324099723 5109.75 0.0
0.011195752539242845 5180.25 0.0
0.011311172668513388 5580.0 0.0
0.011426592797783934 5669.5 0.0
0.011542012927054479 5319.0 0.0
0.011657433056325023 5789.666666666667 0.0
0.011772853185595568 5329.4 0.0
0.011888273314866112 5492.4 0.0
0.012003693444136657 5366.2 0.0
0.012119113573407203 5268.5 0.0
0.012234533702677746 5157.2 0.0
0.012349953831948292 5111.75 0.0
0.012465373961218837 4958.333333333333 0.0
0.012580794090489381 5491.666666666667 0.0
0.012696214219759926 5087.25 0.0
0.012811634349030472 5216.833333333333 0.0
0.012927054478301015 5151.833333333333 0.0
0.01304247460757156 5338.5 0.0
0.013157894736842105 5028.0 0.0
0.01327331486611265 5198.5 0.0
0.013388734995383195 5264.0 0.0
0.013504155124653739 5072.666666666667 0.0
0.013619575253924284 5248.4 0.0
0.01373499538319483 5383.333333333333 0.0
0.013850415512465374 5320.666666666667 0.0
0.013965835641735919 5154.0 0.0
0.014081255771006464 5260.0 0.0
0.014196675900277008 5168.6 0.0
0.014312096029547553 4972.666666666667 0.0
0.014427516158818097 4878.666666666667 0.0
0.014542936288088643 5127.0 0.0
0.014658356417359188 5146.0 0.0
0.014773776546629732 4861.0 0.0
0.014889196675900277 5168.4 0.0
0.015004616805170823 5180.0 0.0
0.015120036934441366 5268.6 0.0
0.015235457063711912 5330.5 0.0
0.015350877192982455 5431.25 0.0
0.015466297322253 5295.4 0.0
0.015581717451523546 5344.666666666667 0.0
0.01569713758079409 5558.0 0.0
0.015812557710064637 5188.0 0.0
0.01592797783933518 5467.0 0.0
0.016043397968605724 5347.4 0.0
0.016158818097876268 5643.0 0.0
0.016274238227146815 5703.0 0.0
0.01638965835641736 5468.666666666667 0.0
0.016505078485687903 5301.5 0.0
0.01662049861495845 5368.0 0.0
0.016735918744228993 5296.333333333333 0.0
0.016966759002770084 5326.333333333333 0.0
0.017082179132040628 4982.666666666667 0.0
0.01719759926131117 5617.5 0.0
0.01731301939058172 5441.0 0.0
0.017428439519852262 5552.333333333333 0.0
0.017543859649122806 5552.333333333333 0.0
0.017659279778393353 5388.0 0.0
0.017774699907663897 5244.0 0.0
0.01789012003693444 5769.5 0.0
0.018005540166204988 5324.0 0.0
0.01812096029547553 5734.666666666667 0.0
0.018236380424746075 5557.75 0.0
0.018351800554016622 5744.25 0.0
0.018467220683287166 5625.4 0.0
0.01858264081255771 5722.4 0.0
0.018698060941828253 5697.6 0.0
0.0188134810710988 5945.8 0.0
0.018928901200369344 5580.0 0.0
0.019044321329639888 5516.5 0.0
0.019159741458910435 5672.5 0.0
0.01927516158818098 5323.333333333333 0.0
0.019390581717451522 5352.2 0.0
0.01950600184672207 5633.571428571428 0.0
0.019621421975992613 5613.0 0.0
0.019736842105263157 5821.0 0.0
0.019967682363804248 5400.0 0.0
0.02008310249307479 5590.333333333333 0.0
0.02019852262234534 5659.333333333333 0.0
0.020313942751615882 5741.333333333333 0.0
0.020429362880886426 5751.75 0.0
0.020544783010156973 5772.75 0.0
0.020660203139427517 5861.0 0.0
0.02077562326869806 5691.333333333333 0.0
0.020891043397968604 5561.125 0.0
0.02100646352723915 5273.0 0.0
0.021121883656509695 5608.0 0.0
0.02123730378578024 6467.0 0.0
0.021352723915050786 5510.0 0.0
0.02146814404432133 5906.0 0.0
0.021583564173591873 5731.5 0.0
0.02169898430286242 5512.0 0.0
0.021814404432132964 5854.333333333333 0.0
0.021929824561403508 5984.0 0.0
0.022045244690674055 6454.0 0.0
0.0221606648199446 5350.0 0.0
0.022276084949215142 5318.333333333333 0.0
0.02239150507848569 5589.0 0.0
0.022506925207756233 5670.0 0.0
0.022622345337026777 5534.75 0.0
0.022737765466297324 5676.6 0.0
0.022853185595567867 5307.5 0.0
0.02296860572483841 5609.5 0.0
0.023084025854108958 5408.25 0.0
0.023199445983379502 5710.0 0.0
0.023314866112650046 5562.5 0.0
0.02343028624192059 5562.5 0.0
0.023545706371191136 5532.5 0.0
0.023776546629732224 5709.0 0.0
0.02389196675900277 6038.0 0.0
0.024007386888273315 5891.0 0.0
0.02412280701754386 5730.333333333333 0.0
0.024238227146814405 5648.0 0.0
0.02435364727608495 5924.5 0.0
0.024469067405355493 5912.0 0.0
0.024930747922437674 6526.0 0.0
0.025046168051708218 5776.0 0.0
0.025161588180978762 6151.0 0.0
0.02527700831024931 6101.0 0.0
0.025392428439519853 5776.0 0.0
0.025507848568790396 5319.0 0.0
0.025623268698060944 5938.666666666667 0.0
0.025738688827331487 6267.0 0.0
0.02585410895660203 5964.0 0.0
0.02608494921514312 5979.333333333333 0.0
0.02631578947368421 5403.0 0.0
0.026431209602954756 5879.0 0.0
0.0265466297322253 5589.5 0.0
0.026662049861495844 5937.0 0.0
0.02677746999076639 5778.5 0.0
0.026892890120036934 5712.25 0.0
0.027123730378578025 6211.5 0.0
0.02723915050784857 5778.0 0.0
0.027354570637119113 5753.5 0.0
0.027585410895660203 5729.0 0.0
0.027700831024930747 5778.0 0.0
0.027931671283471838 5731.0 0.0
0.02804709141274238 6112.0 0.0
0.02816251154201293 6315.0 0.0
0.028277931671283472 6112.0 0.0
0.02850877192982456 6112.0 0.0
0.028624192059095107 6112.0 0.0
0.02897045244690674 5275.0 0.0
0.029085872576177285 5278.0 0.0
0.02920129270544783 5493.0 0.0
0.029316712834718376 5818.0 0.0
0.02943213296398892 5754.0 0.0
0.029547553093259463 6026.333333333333 0.0
0.02966297322253001 5687.0 0.0
0.029778393351800554 6213.666666666667 0.0
0.029893813481071098 6214.0 0.0
0.030009233610341645 5986.75 0.0
0.03012465373961219 6570.0 0.0
0.030240073868882732 6260.0 0.0
0.03035549399815328 6105.0 0.0
0.030470914127423823 6441.333333333333 0.0
0.030586334256694367 6294.75 0.0
0.03070175438596491 5988.5 0.0
0.030817174515235458 6261.0 0.0
0.030932594644506 5841.0 0.0
0.031048014773776545 6296.0 0.0
0.031163434903047092 5940.0 0.0
0.031278855032317636 6126.666666666667 0.0
0.03139427516158818 6121.5 0.0
0.03150969529085872 6123.5 0.0
0.031625115420129274 6137.0 0.0
0.03185595567867036 5594.333333333333 0.0
0.031971375807940905 5730.333333333333 0.0
0.03220221606648199 5364.0 0.0
0.032317636195752536 5854.0 0.0
0.03243305632502309 5852.0 0.0
0.03254847645429363 5609.0 0.0
0.032663896583564174 6020.0 0.0
0.03277931671283472 5365.0 0.0
0.03289473684210526 5609.5 0.0
0.033010156971375805 5854.0 0.0
0.033125577100646356 5854.0 0.0
0.03347183748845799 5365.0 0.0
0.03358725761772853 5504.0 0.0
0.033702677746999074 5478.666666666667 0.0
0.033818097876269625 5701.0 0.0
0.03404893813481071 5365.0 0.0
0.034164358264081256 5365.0 0.0
0.03451061865189289 5701.0 0.0
0.03474145891043398 5368.0 0.0
0.034856879039704525 5776.0 0.0
0.03497229916897507 6183.0 0.0
0.03508771929824561 6186.0 0.0
0.035203139427516156 6186.0 0.0
0.03578024007386888 5704.0 0.0
0.03612650046168052 6487.0 0.0
0.03693444136657433 5951.0 0.0
0.03751154201292706 6503.0 0.0
0.0376269621421976 6668.0 0.0
0.037742382271468145 6332.25 0.0
0.03785780240073869 6559.0 0.0
0.03797322253000923 6559.0 0.0
0.038088642659279776 6560.0 0.0
0.038204062788550326 6561.5 0.0
0.03831948291782087 6070.5 0.0
0.038434903047091414 6245.666666666667 0.0
0.03855032317636196 6396.0 0.0
0.0386657433056325 6099.0 0.0
0.038896583564173595 5393.0 0.0
0.03901200369344414 6839.0 0.0
0.039242843951985226 6101.0 0.0
0.03935826408125577 6839.0 0.0
0.039473684210526314 6470.0 0.0
0.03958910433979686 6342.0 0.0
0.03981994459833795 6158.0 0.0
0.039935364727608495 6158.0 0.0
0.04005078485687904 6335.5 0.0
0.04016620498614958 6336.5 0.0
0.040281625115420126 6260.666666666667 0.0
0.04039704524469068 6253.0 0.0
0.04051246537396122 6118.666666666667 0.0
0.040627885503231764 6024.0 0.0
0.04074330563250231 5781.0 0.0
0.04085872576177285 5402.0 0.0
0.040974145891043395 5403.0 0.0
0.04143582640812558 6110.0 0.0
0.04155124653739612 6110.0 0.0
0.041666666666666664 6110.0 0.0
0.04178208679593721 6110.0 0.0
0.04189750692520776 6110.0 0.0
0.042128347183748846 5567.5 0.0
0.04224376731301939 5732.0 0.0
0.04235918744228993 6044.0 0.0
0.04247460757156048 6044.0 0.0
0.04259002770083103 6044.5 0.0
0.04270544783010157 5733.0 0.0
0.042820867959372115 5733.0 0.0
0.04293628808864266 5733.0 0.0
0.0430517082179132 5733.0 0.0
0.0432825484764543 6844.0 0.0
0.04339796860572484 5412.0 0.0
0.04374422899353647 5415.0 0.0
0.043859649122807015 5415.0 0.0
0.043975069252077566 6173.0 0.0
0.04466759002770083 6396.0 0.0
0.04478301015697138 6396.0 0.0
0.04651431209602955 6675.5 0.0
0.04662973222530009 6675.5 0.0
0.046745152354570635 6416.0 0.0
0.04697599261311173 6416.0 0.0
0.04709141274238227 6416.0 0.0
0.04720683287165282 6936.0 0.0
0.04732225300092336 6936.0 0.0
0.04847645429362881 5422.0 0.0
0.048591874422899355 5422.0 0.0
0.0487072945521699 5422.0 0.0
0.04905355493998153 6938.0 0.0
0.049284395198522624 6938.0 0.0
0.04939981532779317 6938.0 0.0
0.049630655586334255 6938.0 0.0
0.04986149584487535 6939.0 0.0
0.04997691597414589 6939.0 0.0
0.05020775623268698 6939.0 0.0
0.050323176361957524 5433.0 0.0
0.05043859649122807 5433.0 0.0
0.05055401662049862 6270.0 0.0
0.050784856879039705 6270.333333333333 0.0
0.05101569713758079 5936.5 0.0
0.05124653739612189 6437.0 0.0
0.05136195752539243 6437.0 0.0
0.051477377654662974 5436.0 0.0
0.05159279778393352 6271.333333333333 0.0
0.05170821791320406 5436.0 0.0
0.051823638042474605 6439.0 0.0
0.05193905817174515 6439.0 0.0
0.05228531855955679 5981.0 0.0
0.052977839335180056 6667.0 0.0
0.0530932594644506 6805.0 0.0
0.053208679593721143 6811.0 0.0
0.05343951985226224 6945.0 0.0
0.0541320406278855 6979.0 0.0
0.05459372114496768 6980.0 0.0
0.05551708217913204 6412.0 0.0
0.0564404432132964 6511.0 0.0
0.056555863342566945 6511.0 0.0
0.057248384118190214 6104.0 0.0
0.05736380424746076 6310.5 0.0
0.05771006463527239 6395.5 0.0
0.05782548476454294 6687.0 0.0
0.05805632502308403 6517.0 0.0
0.05840258541089566 6404.0 0.0
0.05851800554016621 6404.0 0.0
0.05863342566943675 6702.0 0.0
0.05909510618651893 6405.0 0.0
0.05921052631578947 6405.0 0.0
0.05955678670360111 6555.5 0.0
0.05967220683287165 6022.5 0.0
0.059787626962142196 6022.5 0.0
0.06024930747922438 5642.0 0.0
0.06036472760849492 6708.0 0.0
0.060480147737765465 6175.0 0.0
0.06059556786703601 6156.333333333333 0.0
0.06071098799630656 6110.0 0.0
0.0608264081255771 5651.0 0.0
0.060941828254847646 5651.0 0.0
0.06105724838411819 6722.0 0.0
0.061172668513388734 6722.0 0.0
0.06128808864265928 6414.0 0.0
0.06140350877192982 6723.0 0.0
0.061865189289012 6723.0 0.0
0.062326869806094184 5651.0 0.0
0.06244228993536473 5651.0 0.0
0.06255771006463527 5654.0 0.0
0.06278855032317636 6189.0 0.0
0.06313481071098799 5654.0 0.0
0.06382733148661127 6726.0 0.0
0.0641735918744229 6864.0 0.0
0.06428901200369344 6726.0 0.0
0.06440443213296398 6679.5 0.0
0.06451985226223453 6866.0 0.0
0.06463527239150507 6788.666666666667 0.0
0.06486611265004617 6726.0 0.0
0.06498153277931672 6726.0 0.0
0.06509695290858726 6728.0 0.0
0.0652123730378578 6867.5 0.0
0.06532779316712835 6728.0 0.0
0.06544321329639889 6867.5 0.0
0.06555863342566944 6634.0 0.0
0.06590489381348107 6868.5 0.0
0.06602031394275161 6728.0 0.0
0.06613573407202217 6728.0 0.0
0.06625115420129271 6728.0 0.0
0.06682825484764543 6635.0 0.0
0.06763619575253925 7012.0 0.0
0.06775161588180979 7012.0 0.0
0.06798245614035088 6871.0 0.0
0.0685595567867036 6637.0 0.0
0.06867497691597414 6731.0 0.0
0.06890581717451523 6825.0 0.0
0.06913665743305633 6637.0 0.0
0.06925207756232687 6637.0 0.0
0.07017543859649122 6649.0 0.0
0.07040627885503231 6649.0 0.0
0.07063711911357341 6816.0 0.0
0.07075253924284396 6693.0 0.0
0.0708679593721145 6736.0 0.0
0.07098337950138504 6736.0 0.0
0.07109879963065559 6736.0 0.0
0.07121421975992613 7533.0 0.0
0.07132963988919667 6816.0 0.0
0.07144506001846722 6816.0 0.0
0.07156048014773776 6816.0 0.0
0.0716759002770083 6816.0 0.0
0.07179132040627885 6816.0 0.0
0.07202216066481995 6818.0 0.0
0.07686980609418283 7031.0 0.0
0.07698522622345337 7031.0 0.0
0.07710064635272391 7031.0 0.0
0.07813942751615882 6916.0 0.0
0.07825484764542937 6944.0 0.0
0.08010156971375808 7002.0 0.0
0.08056325023084025 7002.0 0.0
0.08240997229916898 7005.0 0.0
0.08587257617728532 7014.0 0.0
0.08621883656509695 7014.0 0.0
0.08633425669436749 7014.0 0.0
0.09141274238227147 7022.0 0.0
0.09152816251154201 7022.0 0.0
0.0917590027700831 7022.0 0.0
0.09187442289935364 7022.0 0.0
0.09198984302862419 7022.0 0.0
0.09233610341643583 7022.0 0.0
0.09245152354570638 7022.0 0.0
0.09256694367497692 7022.0 0.0
0.09268236380424746 7022.0 0.0
0.09649122807017543 6964.0 0.0
0.09660664819944598 6964.0 0.0
0.09672206832871653 6964.0 0.0
0.09695290858725762 6964.0 0.0
0.09764542936288088 7262.0 0.0
0.09776084949215143 7262.0 0.0
0.09799168975069251 7263.0 0.0
0.09810710987996306 7263.0 0.0
0.09833795013850416 7263.0 0.0
0.0984533702677747 7264.0 0.0
0.09856879039704525 7267.0 0.0
0.09868421052631579 7267.0 0.0
0.09891505078485688 7267.0 0.0
0.09983841181902124 7279.0 0.0
0.09995383194829179 7280.0 0.0
0.10041551246537396 7617.0 0.0
0.1005309325946445 7281.0 0.0
0.10064635272391505 7281.0 0.0
0.10076177285318559 7281.0 0.0
0.10087719298245613 7281.0 0.0
0.10226223453370267 7176.0 0.0
0.10249307479224377 7176.0 0.0
0.10260849492151432 7176.0 0.0
0.10353185595567867 7176.0 0.0
0.10364727608494921 7176.0 0.0
0.10376269621421975 7176.0 0.0
0.10514773776546629 7226.0 0.0
0.10526315789473684 7226.0 0.0
0.10560941828254848 7227.0 0.0
0.10572483841181902 7227.0 0.0
0.10595567867036011 7228.0 0.0
0.10607109879963066 7228.0 0.0
0.1061865189289012 7228.0 0.0
0.10630193905817174 7228.0 0.0
0.10641735918744229 7228.0 0.0
0.10653277931671283 7228.0 0.0
0.10664819944598337 7228.0 0.0
0.10676361957525392 7228.0 0.0
0.10710987996306556 7228.0 0.0
0.11334256694367498 7231.0 0.0
0.11345798707294552 7231.0 0.0
0.11438134810710988 7232.0 0.0
0.11449676823638043 7232.0 0.0
0.11530470914127423 7232.0 0.0
0.11553554939981532 7233.0 0.0
0.11761311172668514 7272.0 0.0
0.11772853185595568 7272.0 0.0
0.11784395198522622 7272.0 0.0
0.11819021237303785 7272.0 0.0
0.12107571560480147 7239.0 0.0
0.12119113573407202 7239.0 0.0
0.12130655586334256 7239.0 0.0
0.12199907663896584 7303.0 0.0
0.12476915974145891 7312.0 0.0
0.125 7312.0 0.0
0.12511542012927054 7312.0 0.0
0.12546168051708217 7312.0 0.0
0.12673130193905818 7255.0 0.0
0.12696214219759927 7255.0 0.0
0.127539242843952 7257.0 0.0
0.12765466297322253 7257.0 0.0
0.12777008310249308 7258.0 0.0
0.12788550323176362 7258.0 0.0
0.12800092336103416 7258.0 0.0
0.1281163434903047 7258.0 0.0
0.12823176361957525 7258.0 0.0
0.1283471837488458 7278.0 0.0
0.12846260387811634 7278.0 0.0
0.1289242843951985 7278.0 0.0
0.1291551246537396 7278.0 0.0
0.12927054478301014 7278.0 0.0
0.12938596491228072 7278.0 0.0
0.1296168051708218 7314.0 0.0
0.12973222530009235 7314.0 0.0
0.13019390581717452 7314.0 0.0
0.13030932594644506 7278.0 0.0
0.1304247460757156 7296.0 0.0
0.1306555863342567 7278.0 0.0
0.13192520775623268 7314.0 0.0
0.13204062788550322 7333.0 0.0
0.13342566943674977 7335.0 0.0
0.1360803324099723 7327.0 0.0
0.13654201292705448 7317.0 0.0
0.13677285318559557 7317.0 0.0
0.13700369344413665 7329.0 0.0
0.13723453370267774 7332.0 0.0
0.1415050784856879 7586.0 0.0
0.14219759926131118 7588.0 0.0
0.14542936288088643 7490.0 0.0
0.14554478301015697 7603.0 0.0
0.1458910433979686 7603.0 0.0
0.1461218836565097 7603.0 0.0
0.15339335180055402 7244.0 0.0
0.15373961218836565 7244.0 0.0
0.1538550323176362 7244.0 0.0
0.15397045244690674 7244.0 0.0
0.15431671283471837 7244.0 0.0
0.15443213296398892 7244.0 0.0
0.15454755309325946 7244.0 0.0
0.15466297322253 7244.0 0.0
0.1548938134810711 7244.0 0.0
0.16297322253000923 7251.0 0.0
0.1636657433056325 7253.0 0.0
0.16481994459833796 7254.0 0.0
0.1649353647276085 7254.0 0.0
0.16505078485687905 7254.0 0.0
0.16562788550323176 7254.0 0.0
0.1657433056325023 7254.0 0.0
0.16585872576177285 7254.0 0.0
0.1659741458910434 7254.0 0.0
0.16608956602031394 7254.0 0.0
0.16620498614958448 7254.0 0.0
0.1674746075715605 7254.0 0.0
0.16759002770083103 7254.0 0.0
0.16770544783010158 7254.0 0.0
0.16782086795937212 7254.0 0.0
0.16966759002770082 7254.0 0.0
0.17024469067405357 7254.0 0.0
0.18801939058171746 7741.0 0.0
0.18825023084025855 7742.0 0.0
0.18859649122807018 7742.0 0.0
0.18871191135734072 7742.0 0.0
0.19298245614035087 7744.0 0.0
0.1930978762696214 7744.0 0.0
0.1935595567867036 7745.0 0.0
0.1940212373037858 7745.0 0.0
0.19494459833795014 7748.0 0.0
0.19506001846722068 7748.0 0.0
0.19552169898430286 7748.0 0.0
0.1956371191135734 7748.0 0.0
0.19609879963065557 7748.0 0.0
0.19621421975992612 7748.0 0.0
0.19759926131117267 7750.0 0.0
0.19829178208679593 7750.0 0.0
0.19852262234533702 7750.0 0.0
0.1987534626038781 7750.0 0.0
0.19886888273314865 7750.0 0.0
0.19979224376731303 7750.0 0.0
0.20002308402585411 7750.0 0.0
0.2002539242843952 7750.0 0.0
0.20036934441366575 7750.0 0.0
0.2004847645429363 7750.0 0.0
0.20117728531855955 7750.0 0.0
0.20140812557710064 7750.0 0.0
0.20152354570637118 7750.0 0.0
0.20163896583564173 7750.0 0.0
0.22841643582640814 7786.0 0.0
0.22864727608494922 7786.0 0.0
0.22899353647276086 7786.0 0.0
0.2311865189289012 7786.0 0.0
0.2497691597414589 7860.0 0.0
0.24988457987072946 7860.0 0.0
0.25011542012927057 7860.0 0.0
0.25034626038781166 7860.0 0.0
0.2759695290858726 7863.0 0.0
0.2773545706371191 7863.0 0.0
0.27827793167128345 7867.0 0.0
0.278393351800554 7867.0 0.0
0.28150969529085873 8139.0 0.0
0.282202216066482 8141.0 0.0
0.2839335180055402 8144.0 0.0
0.295129270544783 7889.0 0.0
0.31821329639889195 8007.0 0.0
0.45417820867959374 8657.0 0.0
0.4551015697137581 8657.0 0.0
0.5182363804247461 8668.0 0.0
0.525854108956602 8668.0 0.0
0.5813711911357341 8703.0 0.0
0.681786703601108 9468.0 0.0
1.0 9980.0 0.0
