5130
0.00011542012927054478 900.9377885503231 167.9862650046168
0.00023084025854108956 1378.1811337466784 287.2581930912312
0.00034626038781163435 1888.1650943396226 494.6490566037736
0.0004616805170821791 2239.5847953216376 700.7163742690059
0.0005771006463527239 2489.7427983539096 968.4382716049382
0.0006925207756232687 2724.4702194357365 1076.0313479623824
0.0008079409048938135 2864.547794117647 1095.7426470588234
0.0009233610341643582 3056.0474137931033 1389.823275862069
0.001038781163434903 3208.467336683417 1755.3517587939698
0.0011542012927054479 3311.490322580645 1613.8
0.0012696214219759926 3491.3985507246375 2141.3840579710145
0.0013850415512465374 3418.1944444444443 1600.3796296296296
0.0015004616805170822 3536.6814159292035 1742.9823008849557
0.001615881809787627 3680.6893203883496 2341.009708737864
0.0017313019390581717 3652.771739130435 1924.2391304347825
0.0018467220683287165 3808.1136363636365 2202.068181818182
0.0019621421975992612 3827.1917808219177 2869.6438356164385
0.002077562326869806 3818.710144927536 2768.31884057971
0.0021929824561403508 3892.9166666666665 3087.75
0.0023084025854108957 3923.014705882353 4165.985294117647
0.0024238227146814403 4027.7115384615386 2611.846153846154
0.0025392428439519853 3972.74 2553.28
0.00265466297322253 4106.295454545455 3804.7727272727275
0.002770083102493075 4145.111111111111 4004.1555555555556
0.0028855032317636198 4101.527777777777 2909.0
0.0030009233610341643 4188.742857142857 3834.3714285714286
0.0031163434903047093 4258.405405405405 3979.3513513513512
0.003231763619575254 4175.756756756757 3289.5945945945946
0.003347183748845799 4202.64705882353 3875.676470588235
0.0034626038781163434 4161.757575757576 3426.090909090909
0.0035780240073868884 4280.25 4489.625
0.003693444136657433 4198.379310344828 3166.8275862068967
0.003808864265927978 4144.48 3979.12
0.0039242843951985225 4251.681818181818 4982.181818181818
0.004039704524469067 4303.48 5583.92
0.004155124653739612 4443.764705882353 8147.882352941177
0.004270544783010157 4392.25 6853.6875
0.0043859649122807015 4483.428571428572 5817.0952380952385
0.004501385041551247 4520.176470588235 6812.294117647059
0.0046168051708217915 4388.357142857143 5369.357142857143
0.004732225300092336 4422.428571428572 5357.285714285715
0.004847645429362881 4471.272727272727 6689.227272727273
0.004963065558633426 4461.176470588235 6246.117647058823
0.0050784856879039705 4435.083333333333 6290.416666666667
0.005193905817174515 4531.1875 5659.9375
0.00530932594644506 4444.642857142857 5557.071428571428
0.005424746075715605 4593.2 7769.5
0.00554016620498615 4576.7692307692305 7669.7692307692305
0.005655586334256694 4581.222222222223 7463.833333333333
0.0057710064635272396 4547.473684210527 6955.8421052631575
0.005886426592797784 4603.461538461538 9105.307692307691
0.006001846722068329 4533.611111111111 7473.666666666667
0.006117266851338873 4535.444444444444 6028.888888888889
0.006232686980609419 4577.25 6946.45
0.006348107109879963 4536.533333333334 8446.133333333333
0.006463527239150508 4550.0 7837.0
0.006578947368421052 4624.066666666667 7270.0
0.006694367497691598 4589.818181818182 5908.272727272727
0.006809787626962142 4585.2 8580.0
0.006925207756232687 4492.9 11151.4
0.007040627885503232 4569.090909090909 8397.727272727272
0.007156048014773777 4587.5 8893.0
0.007271468144044321 4646.8 12292.3
0.007386888273314866 4714.428571428572 10710.0
0.007502308402585411 4679.666666666667 15590.888888888889
0.007617728531855956 4684.357142857143 11376.857142857143
0.0077331486611265 4650.8 11537.9
0.007848568790397045 4730.777777777777 17387.555555555555
0.00796398891966759 4650.8 9193.8
0.008079409048938134 4696.2 12789.1
0.00819482917820868 4660.0 12408.142857142857
0.008310249307479225 4700.714285714285 14019.142857142857
0.008425669436749769 4718.5 14836.125
0.008541089566020314 4749.2 14644.7
0.00865650969529086 4706.818181818182 10740.181818181818
0.008771929824561403 4697.3 11171.2
0.008887349953831948 4674.142857142857 9622.285714285714
0.009002770083102494 4773.375 14320.25
0.009118190212373038 4732.714285714285 8734.0
0.009233610341643583 4707.777777777777 10714.555555555555
0.009349030470914127 4759.5 11909.5
0.009464450600184672 4752.555555555556 10604.333333333334
0.009579870729455217 4724.166666666667 9779.0
0.009695290858725761 4758.375 10754.5
0.009810710987996307 4733.5 9346.0
0.009926131117266852 4752.6 8954.6
0.010041551246537396 4823.6 14972.8
0.010156971375807941 4739.4 12699.0
0.010272391505078486 4736.333333333333 11488.333333333334
0.01038781163434903 4724.333333333333 7985.333333333333
0.010503231763619576 4766.0 15328.5
0.01061865189289012 4770.285714285715 13681.857142857143
0.010734072022160665 4750.25 14126.25
0.01084949215143121 4804.25 14282.5
0.010964912280701754 4759.8 15367.8
0.0110803324099723 4801.333333333333 16111.166666666666
0.011195752539242845 4797.0 17845.428571428572
0.011311172668513388 4728.0 10573.0
0.011426592797783934 4713.571428571428 10760.57142857143
0.011542012927054479 4806.5 15431.5
0.011657433056325023 4764.0 12637.857142857143
0.011772853185595568 4786.333333333333 14779.833333333334
0.011888273314866112 4778.25 17225.5
0.012003693444136657 4774.75 13878.75
0.012119113573407203 4827.0 12776.0
0.012234533702677746 4779.666666666667 11161.0
0.012349953831948292 4815.333333333333 17028.0
0.012465373961218837 4814.25 16734.25
0.012580794090489381 4858.0 19671.2
0.012696214219759926 4810.2 14976.4
0.012811634349030472 4812.666666666667 15813.333333333334
0.012927054478301015 4805.428571428572 15043.57142857143
0.01304247460757156 4813.833333333333 19458.833333333332
0.013157894736842105 4827.5 17611.0
0.01327331486611265 4801.25 12658.5
0.013388734995383195 4864.142857142857 29336.571428571428
0.013504155124653739 4843.0 16409.5
0.013619575253924284 4844.1 16524.6
0.01373499538319483 4845.571428571428 17359.0
0.013850415512465374 4889.4 25760.8
0.013965835641735919 4886.6 20356.6
0.014081255771006464 4901.0 19145.666666666668
0.014196675900277008 4889.666666666667 19348.666666666668
0.014312096029547553 4802.5 13756.5
0.014427516158818097 4803.75 15222.5
0.014542936288088643 4769.5 10712.5
0.014658356417359188 4766.0 13654.8
0.014773776546629732 4831.0 17391.5
0.014889196675900277 4786.25 13517.0
0.015004616805170823 4836.333333333333 21168.666666666668
0.015120036934441366 4780.666666666667 9452.333333333334
0.015235457063711912 4800.2 10749.0
0.015350877192982455 4907.25 32070.5
0.015466297322253 4839.25 15885.75
0.015581717451523546 4830.833333333333 13252.666666666666
0.01569713758079409 4815.25 14218.0
0.015812557710064637 4831.285714285715 16238.42857142857
0.01592797783933518 4872.25 17495.75
0.016043397968605724 4868.0 20696.4
0.016158818097876268 4849.0 16952.25
0.016274238227146815 4781.0 19689.0
0.01638965835641736 4802.25 10116.25
0.016505078485687903 4887.0 17432.5
0.01662049861495845 4890.75 23349.25
0.016735918744228993 4886.0 24180.5
0.016851338873499537 4870.0 16147.0
0.016966759002770084 4880.5 21571.0
0.017082179132040628 4831.666666666667 24724.666666666668
0.01719759926131117 4902.5 33548.5
0.01731301939058172 4896.5 19329.0
0.017428439519852262 4808.5 24944.5
0.017543859649122806 4835.666666666667 24849.333333333332
0.017659279778393353 4914.0 25912.5
0.017774699907663897 4905.25 28406.0
0.01789012003693444 4905.666666666667 21673.0
0.018005540166204988 4851.0 6587.0
0.01812096029547553 4834.0 10990.0
0.018236380424746075 4928.0 33035.0
0.018351800554016622 4910.0 21858.0
0.018467220683287166 4916.5 25627.5
0.01858264081255771 4928.666666666667 28016.333333333332
0.018698060941828253 4916.0 27192.333333333332
0.0188134810710988 4936.5 30489.0
0.018928901200369344 4909.75 27044.75
0.019044321329639888 4912.0 29040.0
0.019159741458910435 4904.0 28990.5
0.01927516158818098 4874.333333333333 20037.666666666668
0.019390581717451522 4907.333333333333 29081.0
0.01950600184672207 4890.666666666667 18124.0
0.019621421975992613 4908.75 27414.5
0.019736842105263157 4908.666666666667 29204.0
0.019852262234533704 4911.666666666667 25711.333333333332
0.019967682363804248 4930.0 25118.5
0.02019852262234534 4857.0 15656.0
0.020313942751615882 4929.666666666667 24528.666666666668
0.020429362880886426 4858.5 19263.5
0.020544783010156973 4940.0 40345.5
0.020660203139427517 4922.5 29625.0
0.02077562326869806 4874.5 18969.25
0.020891043397968604 4917.0 29474.0
0.02100646352723915 4905.666666666667 27529.666666666668
0.021121883656509695 4921.8 27323.4
0.02123730378578024 4915.0 25729.0
0.021352723915050786 4897.2 25645.2
0.02146814404432133 4923.0 28962.5
0.021583564173591873 4901.0 22289.0
0.02169898430286242 4901.0 23136.0
0.021814404432132964 4921.5 28618.5
0.021929824561403508 4906.25 26733.5
0.022045244690674055 4904.25 24914.25
0.0221606648199446 4886.333333333333 15906.0
0.022276084949215142 4890.0 29051.0
0.02239150507848569 4974.0 39733.0
0.022506925207756233 4922.0 16402.0
0.022622345337026777 4922.0 16402.0
0.022737765466297324 4941.5 21269.5
0.022853185595567867 4942.0 21342.0
0.02296860572483841 4957.0 25675.0
0.023545706371191136 4978.0 69678.0
0.02366112650046168 4978.0 69678.0
0.023776546629732224 4925.0 27853.0
0.02389196675900277 4979.0 69807.0
0.024007386888273315 4979.0 69849.0
0.02412280701754386 4937.0 18246.0
0.02435364727608495 4936.0 47620.0
0.024930747922437674 4958.0 50430.0
0.025392428439519853 4980.0 70267.0
0.025507848568790396 4980.0 70309.0
0.025623268698060944 4980.0 70309.0
0.025969529085872575 4966.0 52505.0
0.02608494921514312 4968.0 53022.0
0.0265466297322253 4968.0 37613.0
0.026662049861495844 4975.0 53987.0
0.02677746999076639 4970.0 45459.0
0.026892890120036934 4969.0 37655.0
0.027008310249307478 4973.0 37655.0
0.027123730378578025 4985.0 40191.0
0.027354570637119113 4963.0 30957.5
0.02746999076638966 4985.0 40214.0
0.027585410895660203 4941.0 21983.0
0.027700831024930747 4928.5 20509.5
0.027931671283471838 4942.0 22476.0
0.02816251154201293 4943.0 23711.333333333332
0.028277931671283472 4954.0 23801.0
0.028393351800554016 4963.25 32824.75
0.02850877192982456 4965.0 25185.0
0.028624192059095107 4954.5 24029.5
0.02873961218836565 4958.0 32903.0
0.028855032317636194 4989.0 41066.0
0.02897045244690674 4969.666666666667 35300.333333333336
0.029085872576177285 4944.0 22521.0
0.02943213296398892 4944.0 22559.0
0.029547553093259463 4989.0 41420.0
0.029778393351800554 4966.333333333333 35914.666666666664
0.029893813481071098 4986.0 55941.0
0.03012465373961219 4980.0 43117.0
0.03035549399815328 4969.333333333333 37044.0
0.030470914127423823 4989.0 41592.0
0.030586334256694367 4973.0 34709.5
0.030817174515235458 4973.0 34711.0
0.030932594644506 4973.0 34744.0
0.031048014773776545 4958.0 26676.0
0.031163434903047092 4973.0 34778.0
0.031278855032317636 4977.333333333333 38854.0
0.03139427516158818 4977.333333333333 38902.0
0.03150969529085872 4975.5 35164.5
0.031625115420129274 4977.666666666667 38992.666666666664
0.03174053554939982 4986.0 44179.0
0.03185595567867036 4967.0 26242.0
0.031971375807940905 4984.5 45643.0
0.03208679593721145 4967.0 26462.0
0.032317636195752536 4992.0 47120.0
0.03243305632502309 4988.0 47312.0
0.03289473684210526 4989.0 48312.0
0.0332409972299169 4992.0 48578.0
0.03358725761772853 4944.0 28229.0
0.033702677746999074 4944.0 28300.0
0.03393351800554017 4970.0 38468.0
0.03404893813481071 4970.0 38532.666666666664
0.034164358264081256 4972.5 42334.5
0.0342797783933518 4981.5 44122.0
0.03439519852262234 4981.5 44122.0
0.03451061865189289 4999.0 56824.0
0.03462603878116344 4959.5 30612.5
0.03474145891043398 4999.0 62291.0
0.034856879039704525 4999.5 55847.0
0.03497229916897507 5000.0 49387.0
0.03508771929824561 5000.0 49387.0
0.035203139427516156 4977.5 39533.0
0.035549399815327794 5000.0 62629.0
0.03566481994459834 4956.0 29650.0
0.03578024007386888 4957.0 29663.0
0.035895660203139425 4940.0 25753.5
0.036011080332409975 4960.0 38388.666666666664
0.03612650046168052 4989.333333333333 57010.333333333336
0.03624192059095106 4973.0 48471.25
0.03647276084949215 5003.0 54919.5
0.036703601108033244 4957.0 32777.0
0.03681902123730379 4984.0 55752.5
0.03693444136657433 4980.333333333333 57536.666666666664
0.037049861495844875 4992.0 69912.0
0.03728070175438596 4964.666666666667 43731.333333333336
0.037396121883656507 4965.0 43748.0
0.03751154201292706 5008.0 47471.0
0.03797322253000923 4995.333333333333 58611.333333333336
0.038088642659279776 4973.0 61676.0
0.038204062788550326 4973.0 61676.0
0.038434903047091414 4922.0 23456.0
0.03855032317636196 5003.0 65333.0
0.038781163434903045 4963.0 44514.0
0.039242843951985226 5013.0 79068.0
0.03935826408125577 4972.0 51825.5
0.039473684210526314 5013.0 79092.0
0.03958910433979686 4966.5 38121.5
0.03970452446906741 4925.0 23717.0
0.03981994459833795 5013.0 79142.0
0.039935364727608495 4926.0 23800.0
0.04005078485687904 4926.0 23811.0
0.04016620498614958 4926.0 24047.0
0.040281625115420126 5013.0 79173.0
0.04051246537396122 4926.0 24108.0
0.04120498614958449 5015.0 80417.0
0.04132040627885503 5015.0 80420.0
0.041666666666666664 4945.0 26561.0
0.04178208679593721 4945.0 26567.0
0.0420129270544783 4945.0 26567.0
0.04247460757156048 4936.0 25814.0
0.04259002770083103 4938.0 25855.5
0.04270544783010157 4928.0 26082.0
0.042820867959372115 4928.0 26085.0
0.04293628808864266 5006.0 74629.0
0.043167128347183746 5012.5 69433.0
0.0432825484764543 4990.25 52588.0
0.04339796860572484 5018.0 63930.0
0.043513388734995384 4985.333333333333 50698.666666666664
0.04362880886426593 5007.0 74955.0
0.043859649122807015 4999.0 50162.0
0.043975069252077566 4966.5 38528.0
0.04409048938134811 5010.0 68350.0
0.04420590951061865 5021.0 86539.0
0.0443213296398892 4988.5 56877.0
0.04443674976915974 4956.0 27215.0
0.044552169898430284 4992.0 54677.0
0.04466759002770083 5013.0 67875.0
0.04478301015697138 4999.0 50259.0
0.04489843028624192 5013.0 56323.0
0.04512927054478301 5013.0 56323.0
0.04524469067405355 4956.0 27230.0
0.04547553093259465 4978.0 38790.5
0.04593721144967682 5005.5 59595.75
0.046052631578947366 5007.0 53586.5
0.046168051708217916 4999.0 50530.0
0.04628347183748846 5009.0 51894.333333333336
0.046398891966759004 5015.0 56668.0
0.04651431209602955 4988.5 42387.5
0.04662973222530009 4988.5 42391.5
0.04686057248384118 4989.666666666667 56160.0
0.04697599261311173 4977.5 44592.0
0.04709141274238227 4979.0 44784.0
0.04720683287165282 5006.0 57427.0
0.04732225300092336 4984.5 42902.5
0.047437673130193904 5006.0 57431.0
0.04755309325946445 5006.0 57454.0
0.04801477377654663 5006.0 57963.0
0.04813019390581717 5006.0 57963.0
0.04824561403508772 5006.0 57982.0
0.04836103416435827 5006.0 57988.0
0.0487072945521699 4987.0 44721.0
0.04882271468144044 5006.0 58036.0
0.04905355493998153 4993.0 52046.5
0.04916897506925208 4992.5 48526.0
0.04939981532779317 4980.0 45861.0
0.050092336103416436 5008.0 52800.0
0.05043859649122807 4988.0 52510.0
0.05055401662049862 4988.0 52597.0
0.050784856879039705 4980.5 43691.0
0.05136195752539243 5025.5 116380.0
0.05286241920590951 4991.0 56537.0
0.052977839335180056 4991.0 56587.0
0.0530932594644506 4994.0 57711.0
0.053208679593721143 4994.0 57711.0
0.05332409972299169 4994.0 57712.0
0.05343951985226224 4996.0 58072.0
0.05355493998153278 4996.0 58085.0
0.053670360110803325 4996.0 58085.0
0.05378578024007387 4996.0 58089.0
0.05390120036934441 4996.0 58106.0
0.054016620498614956 4996.0 58108.0
0.0541320406278855 4996.0 58108.0
0.05517082179132041 5029.0 124425.0
0.056902123730378576 5030.0 124552.0
0.05701754385964912 5031.0 125103.0
0.057248384118190214 5007.0 67597.0
0.060133887349953834 5020.0 88127.0
0.06105724838411819 5038.0 118085.0
0.07098337950138504 5040.0 94650.0
0.07109879963065559 5040.0 94701.0
0.07144506001846722 5041.0 94739.0
0.07179132040627885 5041.0 94787.0
0.0721375807940905 5041.0 94789.0
0.07236842105263158 5041.0 94821.0
0.07283010156971376 5041.0 94851.0
0.0729455216989843 5041.0 94851.0
0.07306094182825484 5041.0 94851.0
0.07317636195752539 5041.0 94851.0
0.08691135734072022 5027.0 93085.0
0.08818097876269622 5032.0 95509.0
0.08829639889196676 5032.0 95533.0
0.0884118190212373 5040.0 102626.0
0.08852723915050785 5040.0 102630.0
0.08910433979686057 5040.0 103025.0
0.08945060018467221 5040.0 103107.0
0.09291320406278855 5063.0 105171.0
0.09314404432132964 5063.0 105246.0
0.09325946445060018 5063.0 105327.0
0.09533702677747 5064.0 106336.0
0.09545244690674054 5063.5 124383.5
0.09568328716528163 5064.0 106399.0
0.09579870729455217 5064.0 109456.0
0.09591412742382271 5063.5 125935.5
0.09602954755309326 5063.0 142413.0
0.09879963065558633 5064.0 110791.0
0.09891505078485688 5064.0 112125.0
0.09903047091412742 5064.0 112153.0
0.09926131117266851 5064.0 112153.0
0.0994921514312096 5064.0 112153.0
0.1018005540166205 5064.0 112594.0
0.10191597414589104 5064.0 112594.0
0.10203139427516159 5064.0 112596.0
0.10214681440443213 5064.0 112599.0
0.10226223453370267 5064.0 112601.0
0.10237765466297322 5064.0 112707.0
0.10249307479224377 5064.0 112707.0
0.10295475530932595 5064.0 112783.0
0.10330101569713758 5064.0 112817.0
0.10445521698984303 5068.0 161116.0
0.10480147737765466 5052.0 134938.0
0.1053785780240074 5068.0 161221.0
0.10549399815327794 5053.0 129734.0
0.10560941828254848 5053.0 129765.0
0.10572483841181902 5068.0 161973.0
0.10584025854108957 5068.0 162252.0
0.10653277931671283 5053.0 133324.0
0.10710987996306556 5053.0 133663.0
0.1072253000923361 5053.0 133688.0
0.10734072022160665 5053.0 133690.0
0.10780240073868882 5053.0 133773.0
0.10814866112650046 5053.0 133800.0
0.108264081255771 5053.0 133800.0
0.10872576177285319 5053.0 133900.0
0.1093028624192059 5054.0 134491.0
0.10941828254847645 5054.0 134491.0
0.109533702677747 5054.0 134492.0
0.10999538319482918 5054.0 134508.0
0.11011080332409973 5054.0 134508.0
0.11034164358264081 5054.0 134516.0
0.11080332409972299 5056.0 136566.0
0.11114958448753462 5056.0 137118.0
0.1118421052631579 5056.0 137670.0
0.11218836565096953 5056.0 137909.0
0.11230378578024007 5056.0 137909.0
0.11265004616805172 5057.0 138122.0
0.11276546629732226 5057.0 138124.0
0.11357340720221606 5057.0 138404.0
0.11634349030470914 5068.0 169715.0
0.11657433056325023 5068.0 169794.0
0.11749769159741459 5057.0 140575.0
0.11761311172668514 5057.0 140584.0
0.11772853185595568 5057.0 140584.0
0.11922899353647276 5070.0 170867.0
0.11945983379501385 5064.0 156233.5
0.11957525392428439 5070.0 170890.0
0.12130655586334256 5058.0 142017.0
0.12142197599261312 5058.0 142089.0
0.12176823638042475 5058.0 142154.0
0.12188365650969529 5058.0 142155.0
0.12257617728531855 5065.5 140733.5
0.1226915974145891 5073.0 140214.0
0.12280701754385964 5073.0 140216.0
0.1229224376731302 5058.0 142536.0
0.12303785780240074 5058.0 142536.0
0.12326869806094183 5058.0 142536.0
0.12453831948291783 5060.0 153413.0
0.12569252077562326 5060.0 153616.0
0.1258079409048938 5060.0 153616.0
0.12592336103416435 5060.0 153637.0
0.12638504155124652 5060.0 153647.0
0.12661588180978764 5060.0 153671.0
0.12777008310249308 5057.0 160613.0
0.12788550323176362 5057.0 160613.0
0.12800092336103416 5057.0 160613.0
0.1281163434903047 5057.0 160690.0
0.12938596491228072 5071.0 178032.0
0.1296168051708218 5072.0 178188.0
0.12973222530009235 5072.0 178192.0
0.1298476454293629 5072.0 178192.0
0.13077100646352724 5066.5 176302.0
0.13100184672206833 5060.0 167450.0
0.13111726685133887 5066.5 176385.0
0.1314635272391505 5073.0 185446.0
0.13204062788550322 5073.0 185494.0
0.1329639889196676 5061.0 173148.0
0.13307940904893814 5067.0 183869.5
0.13319482917820868 5067.0 183961.0
0.13354108956602032 5061.0 174147.0
0.13365650969529086 5061.0 174147.0
0.1340027700831025 5061.0 174192.0
0.13492613111726684 5074.0 195162.0
0.13515697137580793 5074.0 195228.0
0.13584949215143122 5074.0 195342.0
0.13596491228070176 5074.0 195377.0
0.13700369344413665 5074.0 195743.0
0.1386195752539243 5074.0 196204.0
0.13908125577100647 5074.0 197321.0
0.14104339796860574 5074.0 197550.0
0.14115881809787628 5074.0 197578.0
0.14127423822714683 5074.0 197634.0
0.1415050784856879 5074.0 197636.0
0.14346722068328716 5065.0 173054.0
0.14369806094182824 5065.0 173425.0
0.14392890120036936 5065.0 173473.0
0.1440443213296399 5065.0 173481.0
0.14450600184672208 5065.0 173574.0
0.14462142197599262 5065.0 173590.0
0.1458910433979686 5065.0 182243.0
0.1461218836565097 5065.0 182257.0
0.14623730378578023 5065.0 182285.0
0.14646814404432132 5074.0 200732.0
0.14704524469067407 5066.0 182992.0
0.14750692520775624 5066.0 183031.0
0.14762234533702678 5066.0 183053.0
0.14773776546629733 5066.0 183053.0
0.15062326869806095 5066.0 183787.0
0.15166204986149584 5066.0 183797.0
0.15177746999076638 5066.0 183815.0
0.15223915050784856 5066.0 184684.0
0.1523545706371191 5066.0 184684.0
0.15246999076638965 5066.0 184686.0
0.1536241920590951 5067.0 184686.0
0.15373961218836565 5067.0 184845.0
0.1538550323176362 5067.0 184845.0
0.15397045244690674 5067.0 184847.0
0.15431671283471837 5067.0 184919.0
0.15500923361034163 5067.0 184988.0
0.15512465373961218 5067.0 184988.0
0.15524007386888272 5067.0 184988.0
0.15650969529085873 5067.0 185610.0
0.15662511542012927 5067.0 185742.0
0.15743305632502308 5067.0 185994.0
0.158471837488458 5077.0 222486.0
0.15916435826408126 5068.0 215155.0
0.15997229916897507 5078.0 223709.0
0.16020313942751616 5078.0 223837.0
0.16078024007386887 5078.0 223838.0
0.16089566020313942 5078.0 223838.0
0.16101108033240996 5078.0 223975.0
0.16124192059095105 5078.0 223989.0
0.16216528162511543 5078.0 224187.0
0.16331948291782086 5078.0 224326.0
0.1634349030470914 5078.0 224326.0
0.16355032317636195 5078.0 224326.0
0.16378116343490304 5078.0 224345.0
0.16412742382271467 5078.0 224385.0
0.16643582640812557 5078.0 224902.0
0.16666666666666666 5078.0 224906.0
0.16689750692520774 5078.0 224923.0
0.1674746075715605 5084.0 226796.0
0.16920590951061865 5084.0 229481.0
0.1772853185595568 5084.0 230903.0
0.19102031394275162 5076.0 299295.0
0.19448291782086796 5076.0 305206.0
0.1945983379501385 5076.0 305229.0
0.19494459833795014 5076.0 305321.0
0.19552169898430286 5076.0 305347.0
0.19609879963065557 5076.0 305377.0
0.19621421975992612 5076.0 305386.0
0.1963296398891967 5076.0 305437.0
0.19852262234533702 5079.0 306294.0
0.1987534626038781 5079.0 306447.0
0.19886888273314865 5079.0 306481.0
0.1992151431209603 5079.0 306520.0
0.19956140350877194 5079.0 306520.0
0.19967682363804248 5079.0 306520.0
0.20002308402585411 5080.0 307980.0
0.20060018467220683 5080.0 308347.0
0.20094644506001846 5080.0 308352.0
0.201061865189289 5080.0 308352.0
0.20140812557710064 5080.0 308405.0
0.2018698060941828 5081.0 309129.0
0.20198522622345336 5081.0 309134.0
0.20210064635272393 5081.0 309342.0
0.2025623268698061 5081.0 309342.0
0.2027931671283472 5081.0 309345.0
0.20521698984302864 5082.0 310118.0
0.20533240997229918 5082.0 310225.0
0.2059095106186519 5082.0 310242.0
0.2067174515235457 5087.0 253462.0
0.21768236380424746 5088.0 259678.0
0.21825946445060018 5089.0 265940.0
0.2278393351800554 5090.0 272828.0
0.22807017543859648 5090.0 277486.0
0.22841643582640814 5091.0 287127.0
0.22864727608494922 5091.0 292811.0
0.23130193905817176 5092.0 303125.0
0.2611957525392428 5096.0 359066.0
0.2621191135734072 5097.0 367528.0
0.4126269621421976 5105.0 563704.0
0.4130886426592798 5105.0 563832.0
0.4134349030470914 5105.0 565630.0
0.4136657433056325 5105.0 565639.0
0.41412742382271467 5105.0 565679.0
0.41424284395198524 5105.0 565702.0
0.43640350877192985 5105.0 578094.0
0.43651892890120036 5105.0 578109.0
0.4443674976915974 5105.0 581751.0
0.45094644506001846 5105.0 585653.0
0.45106186518928904 5105.0 585656.0
0.7131809787626963 5121.0 953184.0
0.7137580794090489 5121.0 965478.0
0.7748153277931671 5124.0 1083563.0
0.7894736842105263 5125.0 1102125.0
0.8408356417359187 5129.0 1240278.0
1.0 5130.0 1455433.0
