1130397
0.00011542012927054478 1373.8718836565097 183.908702677747
0.00023084025854108956 2058.9895178197066 277.5496855345912
0.00034626038781163435 3338.7440239043826 630.8247011952192
0.0004616805170821791 3857.033527696793 692.8206997084548
0.0005771006463527239 4504.711206896552 946.2068965517242
0.0006925207756232687 5150.4 1115.2657142857142
0.0008079409048938135 5925.764492753623 1133.5253623188405
0.0009233610341643582 6588.978540772532 1201.008583690987
0.001038781163434903 7180.095 1768.44
0.0011542012927054479 7877.826086956522 2003.2049689440994
0.0012696214219759926 8937.732283464567 1657.6692913385828
0.0013850415512465374 9280.538461538461 2006.4017094017095
0.0015004616805170822 9394.958333333334 1887.0
0.001615881809787627 9510.865979381444 2128.9278350515465
0.0017313019390581717 9990.516129032258 2079.9139784946237
0.0018467220683287165 11143.292682926829 2544.2926829268295
0.0019621421975992612 12644.027777777777 4643.722222222223
0.002077562326869806 12911.92857142857 3526.9523809523807
0.0021929824561403508 12447.45588235294 2763.8529411764707
0.0023084025854108957 12975.98 2816.92
0.0024238227146814403 14616.574468085106 3140.9574468085107
0.0025392428439519853 14293.302325581395 3267.9767441860463
0.00265466297322253 12259.285714285714 2517.4761904761904
0.002770083102493075 12983.5 3362.8947368421054
0.0028855032317636198 15422.3 4720.3
0.0030009233610341643 17394.945945945947 4684.378378378378
0.0031163434903047093 15910.129032258064 6032.612903225807
0.003231763619575254 21612.3 5680.733333333334
0.003347183748845799 20480.315789473683 4955.1578947368425
0.0034626038781163434 14959.057142857142 3770.9142857142856
0.0035780240073868884 19092.833333333332 4851.666666666667
0.003693444136657433 18421.617647058825 4029.705882352941
0.003808864265927978 21409.8 5842.371428571429
0.0039242843951985225 20619.333333333332 4724.074074074074
0.004039704524469067 21453.5 5808.583333333333
0.004155124653739612 23370.14814814815 9202.444444444445
0.004270544783010157 23913.0 7164.16
0.0043859649122807015 18347.35 4946.85
0.004501385041551247 21099.75 7660.916666666667
0.0046168051708217915 27808.6 7842.75
0.004732225300092336 25272.043478260868 7889.217391304348
0.004847645429362881 23962.833333333332 6255.5
0.004963065558633426 24381.3 6654.05
0.0050784856879039705 26890.14285714286 7468.857142857143
0.005193905817174515 25920.071428571428 6656.857142857143
0.00530932594644506 22981.842105263157 6871.736842105263
0.005424746075715605 24457.41176470588 5752.176470588235
0.00554016620498615 21964.214285714286 7243.928571428572
0.005655586334256694 28597.928571428572 8183.571428571428
0.0057710064635272396 24396.11111111111 7587.055555555556
0.005886426592797784 21907.533333333333 4736.933333333333
0.006001846722068329 21793.2 5395.8
0.006117266851338873 24397.46153846154 7376.076923076923
0.006232686980609419 25474.363636363636 8144.0
0.006348107109879963 23783.8125 6553.6875
0.006463527239150508 33103.692307692305 9887.692307692309
0.006578947368421052 31477.81818181818 9925.09090909091
0.006694367497691598 38193.5 11642.857142857143
0.006809787626962142 41598.0 15329.833333333334
0.006925207756232687 43089.230769230766 12074.615384615385
0.007040627885503232 28428.909090909092 10025.90909090909
0.007156048014773777 29403.666666666668 9168.0
0.007271468144044321 29399.5 8583.5
0.007386888273314866 24922.0 9306.444444444445
0.007502308402585411 27000.81818181818 11586.181818181818
0.007617728531855956 33245.5 14437.75
0.0077331486611265 32399.11111111111 12681.888888888889
0.007848568790397045 36303.875 11318.625
0.00796398891966759 35712.6 14297.4
0.008079409048938134 29579.285714285714 11169.0
0.00819482917820868 36190.5 13188.75
0.008310249307479225 26709.61111111111 9267.666666666666
0.008425669436749769 27588.25 9995.5
0.008541089566020314 29888.909090909092 11434.272727272728
0.00865650969529086 24331.555555555555 7264.777777777777
0.008771929824561403 27328.928571428572 9964.07142857143
0.008887349953831948 32720.5 14398.142857142857
0.009002770083102494 38480.72727272727 12700.454545454546
0.009118190212373038 32136.0 12522.444444444445
0.009233610341643583 39872.333333333336 10916.5
0.009349030470914127 34503.875 16487.375
0.009464450600184672 32906.0 12941.444444444445
0.009579870729455217 29605.25 11075.875
0.009695290858725761 31776.14285714286 11540.285714285714
0.009810710987996307 30808.1 10186.5
0.009926131117266852 30873.25 9286.625
0.010041551246537396 35953.4 16350.8
0.010156971375807941 27714.4 11267.8
0.010272391505078486 31139.571428571428 14482.285714285714
0.01038781163434903 33715.666666666664 16787.666666666668
0.010503231763619576 40171.666666666664 16393.0
0.01061865189289012 29138.8 13817.4
0.010734072022160665 29418.571428571428 14056.0
0.01084949215143121 28731.85714285714 12648.57142857143
0.010964912280701754 30731.909090909092 12294.90909090909
0.0110803324099723 28198.5 13466.0
0.011195752539242845 41918.8 13681.4
0.011311172668513388 37885.666666666664 17070.555555555555
0.011426592797783934 35398.444444444445 17279.555555555555
0.011542012927054479 39844.875 17797.125
0.011657433056325023 50697.5 21769.5
0.011772853185595568 45565.4 14352.8
0.011888273314866112 41848.142857142855 17857.0
0.012003693444136657 44506.71428571428 18445.85714285714
0.012119113573407203 32918.2 15589.8
0.012234533702677746 34804.333333333336 17576.0
0.012349953831948292 38497.875 19657.25
0.012465373961218837 35108.857142857145 19734.85714285714
0.012580794090489381 38015.8 22288.6
0.012696214219759926 47158.666666666664 29975.0
0.012811634349030472 45032.8 25208.8
0.012927054478301015 49583.0 23342.0
0.01304247460757156 61179.0 32454.0
0.013157894736842105 36607.333333333336 15423.666666666666
0.01327331486611265 45653.5 20328.0
0.013388734995383195 31303.0 13838.0
0.013504155124653739 29607.666666666668 16864.666666666668
0.013619575253924284 44436.833333333336 14982.0
0.01373499538319483 33258.0 16277.5
0.013850415512465374 47317.166666666664 16520.833333333332
0.013965835641735919 85251.66666666667 25529.0
0.014081255771006464 46872.4 23309.6
0.014196675900277008 63931.0 28600.75
0.014312096029547553 56974.0 31088.5
0.014427516158818097 44862.333333333336 16476.666666666668
0.014542936288088643 48357.57142857143 20926.571428571428
0.014658356417359188 45942.42857142857 20977.571428571428
0.014773776546629732 44970.0 22269.4
0.014889196675900277 47893.5 23320.833333333332
0.015004616805170823 44632.666666666664 24895.666666666668
0.015120036934441366 51406.857142857145 27715.571428571428
0.015235457063711912 48445.2 20079.0
0.015350877192982455 47974.666666666664 30605.333333333332
0.015466297322253 41975.2 27616.4
0.015581717451523546 38758.75 17502.25
0.01569713758079409 43670.4 23276.4
0.015812557710064637 40670.0 22251.0
0.01592797783933518 41714.333333333336 16850.666666666668
0.016043397968605724 45304.0 16528.333333333332
0.016158818097876268 44445.833333333336 20133.166666666668
0.016274238227146815 44528.0 17542.0
0.01638965835641736 55083.0 20633.0
0.016505078485687903 47904.666666666664 17848.666666666668
0.01662049861495845 41774.5 29374.25
0.016735918744228993 44817.28571428572 26341.0
0.016851338873499537 32629.5 18635.0
0.016966759002770084 40263.833333333336 21545.666666666668
0.017082179132040628 51963.0 25866.0
0.01719759926131117 58932.5 31038.0
0.01731301939058172 47578.0 37662.333333333336
0.017428439519852262 47632.666666666664 37684.333333333336
0.017543859649122806 34354.0 16108.0
0.017659279778393353 57911.0 32217.5
0.017774699907663897 63455.833333333336 33029.833333333336
0.01789012003693444 58941.5 34089.0
0.018005540166204988 59173.166666666664 22962.666666666668
0.01812096029547553 60977.28571428572 26150.0
0.018236380424746075 61741.0 26286.25
0.018351800554016622 48012.0 26487.0
0.018467220683287166 56765.5 31831.0
0.01858264081255771 63828.75 34684.25
0.018698060941828253 63014.25 28539.25
0.0188134810710988 51739.0 25671.75
0.018928901200369344 48085.0 15089.666666666666
0.019159741458910435 55452.0 29211.666666666668
0.01927516158818098 59053.166666666664 30070.5
0.019390581717451522 67170.33333333333 33394.666666666664
0.01950600184672207 53904.6 31090.0
0.019621421975992613 63427.4 33657.2
0.019736842105263157 63664.2 33435.8
0.019852262234533704 62733.0 30338.0
0.019967682363804248 60409.666666666664 21440.666666666668
0.02008310249307479 60424.333333333336 21446.666666666668
0.02019852262234534 71071.33333333333 23650.333333333332
0.020313942751615882 67923.4 33398.6
0.020429362880886426 60279.2 29082.0
0.020544783010156973 61110.5 27738.666666666668
0.020660203139427517 58498.6 25587.4
0.02077562326869806 58294.25 23969.25
0.020891043397968604 56999.0 25694.0
0.02100646352723915 61048.75 25625.25
0.021121883656509695 55873.4 24793.2
0.02123730378578024 51060.0 26382.333333333332
0.021352723915050786 63601.75 32022.75
0.02146814404432133 63689.5 32041.0
0.021583564173591873 52249.5 26688.0
0.02169898430286242 56088.333333333336 26665.333333333332
0.021814404432132964 51551.666666666664 21174.666666666668
0.021929824561403508 31130.0 7762.0
0.022045244690674055 67266.0 32443.5
0.0221606648199446 60469.333333333336 30338.333333333332
0.022276084949215142 67290.5 32467.5
0.02239150507848569 60146.0 29365.0
0.022506925207756233 98551.0 48309.0
0.022622345337026777 74651.0 31680.666666666668
0.022737765466297324 80168.5 39131.0
0.022853185595567867 80191.5 39132.5
0.02296860572483841 45939.0 18840.5
0.023084025854108958 50801.0 23707.0
0.023199445983379502 51025.0 23707.0
0.023314866112650046 51075.0 23746.0
0.02343028624192059 54881.0 25304.0
0.023545706371191136 75833.5 36242.0
0.02366112650046168 75273.0 37097.0
0.023776546629732224 62520.0 30249.666666666668
0.02389196675900277 75333.0 37104.0
0.02412280701754386 52168.0 24346.0
0.024238227146814405 52696.0 24393.0
0.02435364727608495 54190.333333333336 22535.0
0.024469067405355493 52731.0 24400.0
0.025046168051708218 64903.0 20807.0
0.025161588180978762 64921.0 20823.0
0.02527700831024931 71814.5 22123.0
0.025392428439519853 60731.0 27136.0
0.025507848568790396 52307.5 28808.5
0.025623268698060944 52328.5 28811.0
0.025738688827331487 80517.0 45812.0
0.02585410895660203 80818.0 45855.0
0.025969529085872575 91605.5 48386.5
0.02608494921514312 80850.0 45987.0
0.02631578947368421 70883.5 36573.0
0.026431209602954756 74060.0 34990.666666666664
0.0265466297322253 80475.0 32876.0
0.026662049861495844 71557.0 31798.0
0.027008310249307478 61866.5 28797.5
0.027123730378578025 61881.0 28799.5
0.02723915050784857 61421.0 27397.0
0.027354570637119113 62366.0 30202.0
0.02746999076638966 46484.0 34677.0
0.027585410895660203 85655.0 40016.0
0.027700831024930747 83563.0 32295.0
0.02816251154201293 62037.0 27478.0
0.028393351800554016 62072.0 27495.0
0.02850877192982456 59847.333333333336 31332.333333333332
0.028624192059095107 65640.0 29755.333333333332
0.02873961218836565 54411.0 32957.5
0.028855032317636194 71008.25 36912.75
0.02897045244690674 64137.75 34047.0
0.029085872576177285 66869.0 37993.5
0.02920129270544783 63285.0 28269.0
0.029316712834718376 57606.0 32191.5
0.02943213296398892 62738.0 30338.0
0.029547553093259463 79652.66666666667 41234.0
0.029778393351800554 60756.0 32563.0
0.029893813481071098 55464.0 34052.0
0.030009233610341645 61120.0 32612.0
0.03012465373961219 61728.0 32889.0
0.030240073868882732 68774.0 31917.5
0.03035549399815328 68863.0 31952.0
0.030470914127423823 75814.0 30897.0
0.030586334256694367 73184.0 23179.5
0.030817174515235458 88422.0 47934.333333333336
0.030932594644506 86104.5 43521.0
0.031163434903047092 79794.25 43069.75
0.031278855032317636 74550.5 46862.5
0.03139427516158818 81476.66666666667 49888.333333333336
0.03150969529085872 81543.66666666667 49896.0
0.03174053554939982 55679.0 36641.0
0.03185595567867036 74795.0 47343.0
0.031971375807940905 64342.0 31107.0
0.03208679593721145 64348.0 31113.0
0.032317636195752536 56575.0 38907.0
0.03243305632502309 56583.0 38907.0
0.03254847645429363 56642.0 38922.0
0.03277931671283472 88975.0 52715.0
0.03289473684210526 89035.0 52792.0
0.033010156971375805 89085.0 52794.0
0.033125577100646356 95977.0 47840.0
0.03335641735918744 94089.5 46824.0
0.033702677746999074 98144.0 38188.0
0.033818097876269625 98145.0 38188.0
0.03393351800554017 96473.0 56392.0
0.03404893813481071 98167.0 38188.0
0.034164358264081256 96629.0 56545.0
0.0342797783933518 87411.0 41854.0
0.03439519852262234 80441.5 61423.0
0.03451061865189289 90648.0 46776.0
0.03462603878116344 98394.0 38255.0
0.034856879039704525 82037.0 52579.0
0.03497229916897507 87042.33333333333 54279.666666666664
0.03508771929824561 99712.0 39248.0
0.035203139427516156 98381.0 48195.5
0.035318559556786706 87270.5 51443.0
0.03543397968605725 77454.0 45694.0
0.03578024007386888 65572.0 67858.0
0.035895660203139425 78508.0 45949.0
0.036011080332409975 90800.0 62142.0
0.03612650046168052 84672.5 54092.5
0.03624192059095106 78557.0 46041.0
0.03647276084949215 90951.0 70106.5
0.036588180978762694 90805.0 78192.0
0.03681902123730379 94179.0 68566.5
0.03693444136657433 94229.5 68573.5
0.037049861495844875 90983.0 78598.0
0.03716528162511542 94744.0 68938.5
0.03728070175438596 91753.0 79149.0
0.0376269621421976 91817.0 79152.0
0.037742382271468145 91927.0 79188.0
0.03785780240073869 167219.0 51657.0
0.03797322253000923 91941.0 79192.0
0.03831948291782087 92609.0 79535.0
0.038434903047091414 92611.0 79535.0
0.03935826408125577 80004.0 88036.0
0.03958910433979686 89889.0 51610.0
0.039935364727608495 83194.0 88794.0
0.04005078485687904 83498.0 89002.0
0.04016620498614958 100775.0 54646.5
0.04143582640812558 114616.0 70807.0
0.04155124653739612 114714.0 71123.0
0.0432825484764543 111264.0 75186.0
0.043975069252077566 81571.0 38552.0
0.0443213296398892 106605.0 148490.0
0.04443674976915974 111355.0 75275.0
0.04466759002770083 106654.0 148503.0
0.04478301015697138 106760.0 148531.0
0.04489843028624192 81778.0 38740.0
0.045013850415512466 81782.0 38740.0
0.04512927054478301 81796.0 38742.0
0.04524469067405355 81816.0 38742.0
0.0453601108033241 81933.0 38832.0
0.04559095106186519 81948.0 38832.0
0.046398891966759004 106960.0 148789.0
0.046745152354570635 106701.0 74763.0
0.04686057248384118 106732.0 74763.0
0.04709141274238227 106778.0 74767.0
0.050323176361957524 116968.0 80905.0
0.05043859649122807 116977.0 80905.0
0.05101569713758079 79913.0 67198.0
0.051477377654662974 133121.0 79303.0
0.0520544783010157 133468.0 79647.0
0.05228531855955679 133503.0 79653.0
0.05240073868882733 135318.0 67602.5
0.052516158818097874 135352.0 67641.0
0.05263157894736842 88102.0 69991.0
0.05274699907663897 88106.0 69995.0
0.05286241920590951 88119.0 70008.0
0.052977839335180056 133467.0 55167.0
0.0530932594644506 133472.0 55167.0
0.053208679593721143 133475.0 55167.0
0.05378578024007387 89249.0 70147.0
0.05482456140350877 99189.0 68313.0
0.05505540166204986 138651.0 88586.0
0.05528624192059095 134099.0 55712.0
0.056902123730378576 141848.0 84915.0
0.05701754385964912 141885.0 84928.0
0.05805632502308403 130505.0 102301.0
0.05817174515235457 136084.5 93363.5
0.058287165281625114 136352.5 93660.0
0.05840258541089566 142156.0 85010.0
0.05851800554016621 143791.0 110450.0
0.058748845798707296 142203.0 85015.0
0.06036472760849492 98798.0 79180.0
0.06244228993536473 146281.0 96275.0
0.0629039704524469 146745.0 96616.0
0.06313481071098799 146789.0 96617.0
0.06325023084025855 98562.0 54941.0
0.06336565096952909 122692.5 75785.0
0.06348107109879964 122704.5 75800.0
0.0641735918744229 98811.0 55077.0
0.06428901200369344 146909.0 96640.0
0.06440443213296398 146911.0 96640.0
0.06463527239150507 146928.0 96645.0
0.0664819944598338 141278.0 61334.0
0.06659741458910434 158094.0 101594.0
0.06671283471837489 135577.0 122401.0
0.06682825484764543 147209.5 112523.0
0.06705909510618652 159086.0 102300.0
0.0685595567867036 133967.0 102153.0
0.06902123730378577 149755.0 165857.0
0.06913665743305633 134213.0 102223.0
0.06936749769159742 134230.0 102223.0
0.06948291782086796 151472.0 105156.0
0.0695983379501385 151473.0 105156.0
0.06971375807940905 151474.0 105166.0
0.06994459833795014 134360.0 103787.0
0.07006001846722068 152461.0 105254.0
0.07029085872576177 155521.0 120801.0
0.0708679593721145 146596.0 124778.0
0.07283010156971376 206281.0 171943.0
0.07317636195752539 135726.0 105596.0
0.07340720221606649 135767.0 105605.0
0.07352262234533703 152620.0 131521.0
0.07363804247460758 135788.0 105622.0
0.07444598337950138 153456.0 131699.0
0.07456140350877193 153461.0 131699.0
0.0752539242843952 153727.0 133254.0
0.07536934441366575 154132.0 133479.0
0.07548476454293629 154147.0 133479.0
0.07779316712834719 160390.0 142668.0
0.07837026777469991 160556.0 142719.0
0.07848568790397045 161766.0 150946.0
0.07917820867959371 164578.0 164914.0
0.08194829178208679 169083.0 112946.0
0.09060480147737765 146353.0 133451.0
0.09337488457987073 233605.0 190782.0
0.09360572483841181 233617.0 190794.0
0.09383656509695291 233629.0 190802.0
0.09395198522622346 147348.0 135353.0
0.094067405355494 186440.66666666666 148307.33333333334
0.09418282548476455 205964.0 154776.5
0.09429824561403509 186481.33333333334 148345.0
0.09441366574330563 161201.5 126844.0
0.09452908587257618 147485.0 135706.0
0.09464450600184672 147491.0 135706.0
0.09487534626038781 174994.0 118424.0
0.09533702677747 148842.0 140347.0
0.10676361957525392 193082.0 163150.0
0.1084949215143121 254957.0 219156.0
0.11022622345337027 194022.0 166943.0
0.11045706371191136 194059.0 166953.0
0.11068790397045244 195098.0 166965.0
0.11080332409972299 195105.0 166965.0
0.12153739612188366 230160.0 149920.0
0.12777008310249308 242576.0 250872.0
0.1337719298245614 203523.0 175049.0
0.13504155124653738 236362.0 147664.0
0.13677285318559557 204890.0 178301.0
0.13827331486611266 230351.0 186763.0
0.1383887349953832 371205.0 169638.0
0.16539704524469068 242411.0 245601.0
0.17047553093259465 243826.0 248001.0
0.1705909510618652 243828.0 248005.0
0.17878578024007388 353692.0 339957.0
0.1845567867036011 299317.0 272635.0
0.27666204986149584 507547.0 356401.0
0.30032317636195754 483330.0 489877.0
0.3123268698060942 450068.0 523507.0
0.31451985226223456 581177.0 408058.0
0.3873499538319483 657537.0 580001.0
0.6876731301939059 909061.0 1069878.0
1.0 1130397.0 1593385.0
