10113
0.00011542012927054478 1004.8073638042474 167.9862650046168
0.00023084025854108956 1542.4607522485692 251.67702371218314
0.00034626038781163435 2197.3426853707415 527.2525050100201
0.0004616805170821791 2524.001522070015 619.0015220700152
0.0005771006463527239 3001.932631578947 743.562105263158
0.0006925207756232687 3411.962962962963 983.9059829059829
0.0008079409048938135 3673.6783216783215 1140.555944055944
0.0009233610341643582 3760.1146788990827 952.6697247706422
0.001038781163434903 4068.4101123595506 1093.0112359550562
0.0011542012927054479 4249.112676056338 1492.612676056338
0.0012696214219759926 4502.551020408163 1723.4897959183672
0.0013850415512465374 4439.804878048781 1885.341463414634
0.0015004616805170822 4625.264705882353 2101.5882352941176
0.001615881809787627 4638.386363636364 1501.0113636363637
0.0017313019390581717 4945.59756097561 1636.5731707317073
0.0018467220683287165 5156.3421052631575 3022.2763157894738
0.0019621421975992612 5407.457142857143 3121.0142857142855
0.002077562326869806 5500.591549295775 3284.2535211267605
0.0021929824561403508 5586.777777777777 2382.074074074074
0.0023084025854108957 5785.692307692308 3176.769230769231
0.0024238227146814403 5764.943396226415 2585.132075471698
0.0025392428439519853 5946.35 2829.9666666666667
0.00265466297322253 5900.14 2386.7
0.002770083102493075 6020.695652173913 3361.9565217391305
0.0028855032317636198 6339.181818181818 3464.931818181818
0.0030009233610341643 6339.048780487805 4048.5365853658536
0.0031163434903047093 6164.290322580645 3085.8064516129034
0.003231763619575254 6278.970588235294 2672.6176470588234
0.003347183748845799 6314.678571428572 4988.607142857143
0.0034626038781163434 6456.9375 2959.4375
0.0035780240073868884 6771.27027027027 4803.027027027027
0.003693444136657433 6631.393939393939 3188.3636363636365
0.003808864265927978 6816.0952380952385 4296.571428571428
0.0039242843951985225 7107.37037037037 5057.851851851852
0.004039704524469067 6913.807692307692 4298.038461538462
0.004155124653739612 7174.9 5127.65
0.004270544783010157 6628.722222222223 4051.6666666666665
0.0043859649122807015 6906.9 6715.75
0.004501385041551247 6752.133333333333 4532.666666666667
0.0046168051708217915 7136.8125 5633.0
0.004732225300092336 6861.608695652174 3796.521739130435
0.004847645429362881 7038.708333333333 5546.75
0.004963065558633426 7414.611111111111 5928.722222222223
0.0050784856879039705 7374.588235294118 5970.588235294118
0.005193905817174515 7239.705882352941 5528.117647058823
0.00530932594644506 7316.375 6936.875
0.005424746075715605 7287.65 6384.55
0.00554016620498615 7262.894736842105 5766.736842105263
0.005655586334256694 7136.130434782609 6136.04347826087
0.0057710064635272396 7276.705882352941 7573.823529411765
0.005886426592797784 7548.315789473684 9674.842105263158
0.006001846722068329 7324.8125 6823.4375
0.006117266851338873 7436.95 6694.45
0.006232686980609419 7499.133333333333 8637.266666666666
0.006348107109879963 7863.375 10473.375
0.006463527239150508 7272.333333333333 6265.0
0.006578947368421052 7521.555555555556 7592.777777777777
0.006694367497691598 7324.555555555556 6995.222222222223
0.006809787626962142 7436.285714285715 7197.285714285715
0.006925207756232687 7944.25 11916.375
0.007040627885503232 8039.75 10707.375
0.007156048014773777 7418.222222222223 6435.555555555556
0.007271468144044321 7339.888888888889 6353.666666666667
0.007386888273314866 7691.25 8924.25
0.007502308402585411 7767.625 9371.0
0.007617728531855956 7677.357142857143 8561.07142857143
0.0077331486611265 7623.777777777777 9619.0
0.007848568790397045 8218.5 10432.9
0.00796398891966759 7891.7 8091.2
0.008079409048938134 7758.2 8305.533333333333
0.00819482917820868 7718.071428571428 8377.57142857143
0.008310249307479225 8086.214285714285 10889.357142857143
0.008425669436749769 7901.833333333333 8478.333333333334
0.008541089566020314 8100.083333333333 10890.333333333334
0.00865650969529086 8137.75 8864.166666666666
0.008771929824561403 8160.461538461538 10677.307692307691
0.008887349953831948 8096.0 10041.0
0.009002770083102494 8118.8 9854.9
0.009118190212373038 7997.5 10307.4
0.009233610341643583 7927.333333333333 8431.888888888889
0.009349030470914127 8216.25 11338.5
0.009464450600184672 8200.272727272728 11158.09090909091
0.009579870729455217 8373.142857142857 11558.857142857143
0.009695290858725761 8522.0 15198.4
0.009810710987996307 8304.545454545454 11405.818181818182
0.009926131117266852 8459.636363636364 13291.90909090909
0.010041551246537396 8368.0 11439.6
0.010156971375807941 8337.75 11184.25
0.010272391505078486 8142.0 9304.125
0.01038781163434903 8401.0 10534.0
0.010503231763619576 8473.666666666666 13463.166666666666
0.01061865189289012 8329.375 10230.375
0.010734072022160665 8533.75 12491.75
0.01084949215143121 8456.25 12714.625
0.010964912280701754 8646.0 16025.25
0.0110803324099723 8413.0 11898.0
0.011195752539242845 8481.5 12841.5
0.011311172668513388 8530.5 17987.75
0.011426592797783934 8465.4 15366.0
0.011542012927054479 8704.8 17828.4
0.011657433056325023 8567.6 19550.6
0.011772853185595568 8947.0 27712.0
0.011888273314866112 8699.0 20180.2
0.012003693444136657 8479.333333333334 15426.0
0.012119113573407203 8343.333333333334 11189.0
0.012234533702677746 8110.333333333333 9467.333333333334
0.012349953831948292 8092.0 9727.0
0.012465373961218837 8556.0 14048.666666666666
0.012580794090489381 8347.0 11576.2
0.012696214219759926 8355.0 11897.666666666666
0.012811634349030472 8368.75 13570.75
0.012927054478301015 8524.2 13965.2
0.01304247460757156 8508.2 14549.4
0.013157894736842105 8834.5 20208.5
0.01327331486611265 8598.0 13939.5
0.013388734995383195 8324.25 11466.5
0.013504155124653739 8473.166666666666 11857.666666666666
0.013619575253924284 8531.6 14633.8
0.01373499538319483 8679.0 18884.0
0.013850415512465374 8707.333333333334 17580.333333333332
0.013965835641735919 8578.8 14267.4
0.014081255771006464 8609.0 14375.2
0.014196675900277008 8669.25 15368.125
0.014312096029547553 8796.166666666666 20983.666666666668
0.014427516158818097 8695.285714285714 16708.14285714286
0.014542936288088643 8708.25 19462.5
0.014658356417359188 8710.333333333334 20020.0
0.014773776546629732 8661.0 14114.0
0.014889196675900277 8618.5 9680.25
0.015004616805170823 8727.75 16634.0
0.015120036934441366 8671.142857142857 13048.857142857143
0.015235457063711912 8665.0 13987.6
0.015350877192982455 8793.75 14745.25
0.015466297322253 8678.75 11715.5
0.015581717451523546 8642.5 10151.0
0.01569713758079409 8815.25 19152.5
0.015812557710064637 8759.6 16284.8
0.01592797783933518 8735.0 17406.333333333332
0.016043397968605724 8630.0 13868.75
0.016158818097876268 8494.0 13852.5
0.016274238227146815 8652.666666666666 16076.666666666666
0.01638965835641736 8807.5 15525.5
0.016505078485687903 8798.333333333334 13772.0
0.01662049861495845 8941.0 19046.666666666668
0.016735918744228993 8930.25 19628.5
0.016851338873499537 8903.8 20460.4
0.016966759002770084 8873.0 18954.2
0.017082179132040628 8916.25 19709.25
0.01719759926131117 8909.5 16769.0
0.01731301939058172 8817.666666666666 20204.5
0.017428439519852262 8984.0 28714.25
0.017543859649122806 8819.25 22861.75
0.017659279778393353 8809.666666666666 21180.333333333332
0.017774699907663897 8858.42857142857 23380.285714285714
0.01789012003693444 8807.0 19823.666666666668
0.018005540166204988 9012.333333333334 26671.333333333332
0.01812096029547553 8999.5 25966.25
0.018236380424746075 8893.0 19372.0
0.018351800554016622 8929.0 19214.0
0.018467220683287166 8852.0 15915.0
0.01858264081255771 8803.0 21660.0
0.018698060941828253 8907.0 19701.0
0.0188134810710988 8883.0 19629.0
0.018928901200369344 9004.0 36978.5
0.019044321329639888 8901.25 30468.5
0.019159741458910435 8834.5 21682.5
0.01927516158818098 8752.0 23126.0
0.019390581717451522 8896.75 21911.5
0.01950600184672207 8862.0 19857.0
0.019621421975992613 8820.25 21198.0
0.019736842105263157 8825.5 24512.5
0.019852262234533704 9004.0 26829.333333333332
0.019967682363804248 8793.333333333334 16420.666666666668
0.02008310249307479 8913.0 22335.0
0.02019852262234534 9010.5 24247.0
0.020313942751615882 9067.5 24907.5
0.020429362880886426 9161.0 29670.0
0.020544783010156973 9168.0 29706.0
0.020660203139427517 9170.0 29726.0
0.02077562326869806 8997.0 21820.0
0.020891043397968604 9171.0 29736.0
0.02100646352723915 9182.5 34024.5
0.021121883656509695 9122.0 30460.75
0.02123730378578024 9069.333333333334 39818.333333333336
0.021352723915050786 9160.0 32889.333333333336
0.02146814404432133 9172.75 40968.75
0.021583564173591873 9112.666666666666 39804.333333333336
0.02169898430286242 8955.0 26525.0
0.021814404432132964 9218.0 65822.0
0.021929824561403508 9091.666666666666 38999.0
0.022045244690674055 9227.0 68187.0
0.0221606648199446 8998.0 25326.0
0.022276084949215142 9097.0 24766.0
0.022506925207756233 9105.0 24811.5
0.022622345337026777 9068.0 25684.0
0.022853185595567867 9019.0 27227.0
0.02296860572483841 9068.0 22242.0
0.023084025854108958 9057.0 23364.0
0.023199445983379502 9085.5 23765.0
0.023314866112650046 9167.333333333334 40352.0
0.023545706371191136 9032.0 38828.333333333336
0.023776546629732224 8908.5 21761.0
0.02389196675900277 9266.0 33939.0
0.024007386888273315 8976.5 20655.0
0.02412280701754386 8977.0 20657.0
0.024238227146814405 9085.666666666666 38295.333333333336
0.024469067405355493 9134.666666666666 49124.0
0.02458448753462604 8855.0 10326.0
0.024699907663896584 9255.0 63532.0
0.024815327793167127 9169.666666666666 49790.333333333336
0.024930747922437674 9084.0 37127.5
0.025046168051708218 9084.5 37127.5
0.025161588180978762 9307.5 50963.5
0.02527700831024931 9356.0 38708.0
0.025392428439519853 9270.0 63848.0
0.025623268698060944 9368.0 39299.0
0.025738688827331487 9369.0 39301.0
0.02585410895660203 9371.0 39301.0
0.025969529085872575 9325.5 51610.0
0.02608494921514312 9371.0 39301.0
0.026200369344413665 9325.5 51610.0
0.02631578947368421 9371.0 39356.0
0.02723915050784857 9217.0 26292.0
0.027354570637119113 9304.5 34263.0
0.02746999076638966 9267.5 31802.0
0.027585410895660203 9384.0 42111.0
0.027700831024930747 9367.5 45655.0
0.027816251154201294 9405.5 48111.5
0.027931671283471838 9169.0 26411.5
0.02804709141274238 9169.5 26411.5
0.02816251154201293 9278.0 34524.0
0.028277931671283472 9134.0 23975.0
0.02850877192982456 9134.0 23975.5
0.028624192059095107 9280.0 34622.0
0.02873961218836565 9313.0 37260.0
0.028855032317636194 9279.5 37036.5
0.02897045244690674 9284.0 37112.0
0.029085872576177285 9247.0 36812.0
0.02920129270544783 9324.0 37464.0
0.029316712834718376 9415.0 43701.0
0.02943213296398892 9250.5 34632.5
0.029547553093259463 9250.0 36885.0
0.02966297322253001 9250.0 36885.0
0.029778393351800554 9250.0 36885.0
0.030240073868882732 8880.0 20736.0
0.03035549399815328 8880.0 20739.0
0.030470914127423823 8882.0 20764.0
0.030586334256694367 8882.0 20764.0
0.03070175438596491 8883.0 20764.0
0.030817174515235458 9154.666666666666 28955.666666666668
0.030932594644506 9111.0 29401.0
0.031048014773776545 9091.5 29348.5
0.031163434903047092 9298.0 37911.0
0.03174053554939982 9228.0 42741.0
0.031971375807940905 9228.0 42745.0
0.032317636195752536 9234.0 42817.0
0.033010156971375805 9299.0 35746.0
0.033818097876269625 9313.0 36308.0
0.034164358264081256 9244.0 42995.0
0.03439519852262234 9247.0 43069.0
0.03462603878116344 9327.0 37405.0
0.03474145891043398 9253.0 43165.0
0.03497229916897507 9328.0 37443.0
0.03508771929824561 9329.0 37447.0
0.035318559556786706 9330.0 37447.0
0.03543397968605725 9330.0 37447.0
0.03578024007386888 9332.0 37452.0
0.035895660203139425 9242.0 37082.5
0.036011080332409975 9068.0 22759.0
0.03612650046168052 9274.0 37220.0
0.036357340720221606 9339.0 44293.0
0.03647276084949215 9278.25 45457.75
0.036588180978762694 9305.0 59816.0
0.036703601108033244 9071.0 22825.0
0.03681902123730379 9071.0 22825.0
0.03716528162511542 9202.5 44713.0
0.03728070175438596 9075.0 22825.0
0.037742382271468145 9239.0 36146.5
0.03785780240073869 9461.0 58948.0
0.03831948291782087 9100.0 28311.0
0.038434903047091414 9446.0 79914.0
0.03855032317636196 9447.0 79977.0
0.0386657433056325 9449.0 80470.0
0.038781163434903045 9450.0 80473.0
0.038896583564173595 9450.0 80480.0
0.03901200369344414 9426.0 48602.0
0.039242843951985226 9376.0 59538.5
0.03935826408125577 9451.0 80698.0
0.03958910433979686 9302.0 38806.0
0.03970452446906741 9455.0 82132.0
0.039935364727608495 9286.0 26122.0
0.04016620498614958 9300.0 26218.0
0.040281625115420126 9301.0 26218.0
0.040627885503231764 9319.0 39452.0
0.040974145891043395 9486.0 86465.0
0.04132040627885503 9486.0 86516.0
0.04143582640812558 9317.5 33480.5
0.0420129270544783 9321.0 27488.0
0.042128347183748846 9321.0 27488.0
0.04247460757156048 9332.0 27503.0
0.04259002770083103 9332.0 27521.0
0.042820867959372115 9339.0 27761.0
0.0430517082179132 9378.0 37485.0
0.043167128347183746 9381.0 38357.0
0.04339796860572484 9383.0 38429.0
0.043513388734995384 9383.0 38447.0
0.04420590951061865 9385.0 38467.0
0.0443213296398892 9385.0 38477.0
0.04443674976915974 9365.5 39607.5
0.044552169898430284 9366.5 39689.0
0.04466759002770083 9475.0 62974.0
0.04478301015697138 9433.5 50961.5
0.04489843028624192 9203.0 31528.0
0.04512927054478301 9230.0 36367.0
0.04524469067405355 9232.0 36367.0
0.0453601108033241 9317.0 38222.0
0.04547553093259465 9233.0 36561.0
0.04559095106186519 9413.0 40140.0
0.045706371191135735 9415.0 40428.0
0.04628347183748846 9259.0 37905.0
0.046398891966759004 9261.0 38396.0
0.04697599261311173 9388.0 41396.0
0.04709141274238227 9389.0 41552.0
0.04720683287165282 9401.0 55797.0
0.04732225300092336 9389.0 41552.0
0.047437673130193904 9395.0 43501.0
0.04801477377654663 9321.0 46387.0
0.04813019390581717 9321.0 46387.0
0.04824561403508772 9322.0 46398.0
0.04836103416435827 9322.0 46398.0
0.04847645429362881 9324.0 46412.0
0.049284395198522624 9514.0 50961.0
0.04939981532779317 9514.0 50961.0
0.04951523545706371 9514.0 51153.0
0.05020775623268698 9444.0 50455.5
0.05055401662049862 9375.0 49754.0
0.050784856879039705 9516.0 51681.0
0.05090027700831025 9518.0 51841.0
0.05136195752539243 9518.0 51954.0
0.05159279778393352 9379.0 49937.0
0.05170821791320406 9420.0 45249.0
0.051823638042474605 9420.0 45262.0
0.05193905817174515 9473.0 48669.0
0.05216989843028624 9420.0 45270.0
0.05228531855955679 9420.0 45272.0
0.05240073868882733 9408.5 47812.0
0.05263157894736842 9410.5 47859.5
0.05274699907663897 9410.5 47860.0
0.052977839335180056 9415.5 48109.5
0.053208679593721143 9435.0 45833.0
0.05332409972299169 9436.0 45882.0
0.05355493998153278 9436.0 45889.0
0.053670360110803325 9436.0 45907.0
0.05597876269621422 9606.0 113027.0
0.05632502308402586 9612.0 113525.0
0.056902123730378576 9443.0 33515.0
0.05736380424746076 9522.0 67873.0
0.05771006463527239 9508.0 67742.0
0.05782548476454294 9509.0 67766.0
0.05851800554016621 9498.0 48916.0
0.058748845798707296 9512.0 58835.5
0.05921052631578947 9532.0 69132.0
0.05932594644506002 9532.0 69132.0
0.059441366574330565 9534.0 69407.0
0.05955678670360111 9546.0 71647.0
0.05967220683287165 9548.0 71648.0
0.059787626962142196 9548.0 71648.0
0.05990304709141274 9548.0 71649.0
0.06001846722068329 9548.0 71867.0
0.06024930747922438 9550.0 72041.0
0.06036472760849492 9550.0 72041.0
0.060480147737765465 9550.0 72043.0
0.06071098799630656 9530.5 66803.5
0.061172668513388734 9558.0 73712.0
0.06128808864265928 9558.0 73761.0
0.061634349030470915 9558.0 73805.0
0.062326869806094184 9523.0 63424.0
0.06244228993536473 9523.0 63424.0
0.06301939058171745 9571.0 76168.0
0.06348107109879964 9572.0 76190.0
0.06913665743305633 9700.0 140627.0
0.06936749769159742 9702.0 140888.0
0.06948291782086796 9702.0 140908.0
0.06971375807940905 9702.0 140985.0
0.0698291782086796 9665.5 114354.5
0.07029085872576177 9702.0 141804.0
0.07040627885503231 9702.0 141806.0
0.07052169898430287 9702.0 141860.0
0.07075253924284396 9702.0 141860.0
0.0708679593721145 9702.0 141968.0
0.07098337950138504 9702.0 141973.0
0.07109879963065559 9703.0 141973.0
0.07121421975992613 9703.0 141973.0
0.07144506001846722 9703.0 142389.0
0.07179132040627885 9704.0 144270.0
0.07606186518928901 9657.0 97516.0
0.0765235457063712 9666.0 97966.0
0.07710064635272391 9666.0 97982.0
0.07894736842105263 9677.0 137828.0
0.07906278855032317 9680.0 138882.0
0.07940904893813482 9681.0 138887.0
0.08021698984302862 9688.0 140777.0
0.08033240997229917 9688.0 140777.0
0.08506463527239151 9640.0 90489.0
0.0852954755309326 9640.0 90503.0
0.08541089566020314 9670.5 117710.5
0.08587257617728532 9700.0 144959.0
0.0865650969529086 9701.0 144966.0
0.08668051708217914 9701.0 144996.0
0.08691135734072022 9702.0 145947.0
0.08714219759926131 9702.0 145961.0
0.08725761772853186 9702.0 145961.0
0.08979686057248384 9709.0 146864.0
0.08991228070175439 9709.0 146864.0
0.09522160664819945 9730.0 121588.0
0.09533702677747 9730.0 121588.0
0.09637580794090489 9736.0 121729.0
0.09649122807017543 9736.0 121729.0
0.10295475530932595 9720.0 121375.0
0.10895660203139428 9769.0 139503.0
0.10907202216066482 9774.0 140775.0
0.10918744228993536 9776.0 141927.0
0.11253462603878116 9782.0 144756.0
0.11265004616805172 9782.0 144756.0
0.11276546629732226 9782.0 144763.0
0.11345798707294552 9783.0 145262.0
0.11357340720221606 9783.0 145264.0
0.11368882733148661 9783.0 145264.0
0.11403508771929824 9783.0 145275.0
0.11772853185595568 9785.0 145769.0
0.11795937211449677 9785.0 145770.0
0.11819021237303785 9785.0 145773.0
0.12557710064635272 9794.0 159977.0
0.1258079409048938 9802.0 160193.0
0.12592336103416435 9802.0 160193.0
0.12661588180978764 9802.0 160251.0
0.12684672206832873 9802.0 160251.0
0.12696214219759927 9802.0 160251.0
0.1289242843951985 9800.0 205685.0
0.1291551246537396 9800.0 205806.0
0.12927054478301014 9800.0 205806.0
0.12950138504155126 9801.0 206025.0
0.1296168051708218 9801.0 206112.0
0.13019390581717452 9802.0 206140.0
0.13227146814404434 9805.0 207841.0
0.1329639889196676 9806.0 207988.0
0.13307940904893814 9806.0 208024.0
0.13319482917820868 9806.0 208024.0
0.13331024930747923 9806.0 208062.0
0.13354108956602032 9806.0 208072.0
0.14035087719298245 9811.0 171515.0
0.14208217913204063 9820.0 219371.0
0.1456602031394275 9829.0 227231.0
0.1458910433979686 9829.0 227257.0
0.14600646352723914 9829.0 227342.0
0.1461218836565097 9829.0 227355.0
0.14623730378578023 9829.0 227356.0
0.14635272391505078 9831.0 227437.0
0.14646814404432132 9831.0 227440.0
0.14658356417359186 9832.0 227472.0
0.14681440443213298 9832.0 227478.0
0.14692982456140352 9832.0 227534.0
0.14704524469067407 9832.0 227549.0
0.1471606648199446 9832.0 227567.0
0.14727608494921515 9832.0 227567.0
0.1481994459833795 9832.0 227656.0
0.1548938134810711 9821.0 173447.0
0.15500923361034163 9822.0 173668.0
0.15512465373961218 9822.0 173668.0
0.1554709141274238 9822.0 174127.0
0.15570175438596492 9839.0 236402.0
0.1561634349030471 9824.0 174594.0
0.1563942751615882 9824.0 174598.0
0.1605493998153278 9832.0 181114.0
0.16089566020313942 9832.0 181123.0
0.16135734072022162 9832.0 181222.0
0.16147276084949216 9832.0 181250.0
0.16228070175438597 9832.0 181325.0
0.16274238227146814 9834.0 182060.0
0.1628578024007387 9834.0 182060.0
0.16331948291782086 9834.0 182301.0
0.16505078485687905 9834.0 183969.0
0.1651662049861496 9834.0 183969.0
0.16551246537396122 9834.0 183969.0
0.16562788550323176 9834.0 183969.0
0.1657433056325023 9834.0 183969.0
0.1786703601108033 9841.0 199826.0
0.17878578024007388 9841.0 199909.0
0.17901662049861497 9841.0 199910.0
0.1791320406278855 9842.0 200039.0
0.17924746075715606 9842.0 200039.0
0.1793628808864266 9842.0 200039.0
0.17947830101569714 9842.0 200051.0
0.19217451523545706 9858.0 210999.0
0.1930978762696214 9859.0 211159.0
0.2144506001846722 9894.0 285446.0
0.2146814404432133 9894.0 285450.0
0.21479686057248384 9894.0 285464.0
0.2149122807017544 9894.0 285464.0
0.21502770083102493 9894.0 285465.0
0.21595106186518928 9902.0 298403.0
0.21618190212373037 9902.0 299498.0
0.2162973222530009 9902.0 299510.0
0.21641274238227146 9905.0 303568.0
0.22160664819944598 9876.0 221871.0
0.2219529085872576 9880.0 268542.0
0.2244921514312096 9883.0 274199.0
0.22703139427516159 9887.0 275013.0
0.2291089566020314 9903.0 351744.0
0.23753462603878117 9921.0 328239.0
0.23984302862419207 9922.0 329237.0
0.24261311172668512 9912.0 359991.0
0.2870498614958449 9955.0 409294.0
0.2871652816251154 9955.0 409294.0
0.29559095106186517 9956.0 418023.0
0.32179132040627884 9969.0 481942.0
0.3219067405355494 9969.0 481942.0
0.3220221606648199 9969.0 481953.0
0.3221375807940905 9969.0 481954.0
0.3283702677746999 9970.0 484561.0
0.32894736842105265 9970.0 485322.0
0.32906278855032317 9970.0 485322.0
0.32929362880886426 9970.0 485326.0
0.329870729455217 9970.0 485783.0
0.3299861495844875 9970.0 485783.0
0.3301015697137581 9970.0 485812.0
0.3303324099722992 9971.0 486155.0
0.3334487534626039 9971.0 487552.0
0.3335641735918744 9971.0 487555.0
0.333679593721145 9971.0 487558.0
0.3337950138504155 9971.0 488209.0
0.3361034164358264 9985.0 517139.0
0.393005540166205 9993.0 550654.0
0.40327793167128345 9995.0 567482.0
0.40616343490304707 10000.0 578892.0
0.4590258541089566 10005.0 663559.0
0.4682594644506002 10008.0 678210.0
0.46999076638965837 10013.0 698366.0
0.5071560480147738 10024.0 764967.0
0.5645198522622346 10039.0 832840.0
0.5938365650969529 10046.0 876541.0
1.0 10113.0 1455433.0
