492836
0.00011542012927054478 1049.9349030470914 167.9862650046168
0.00023084025854108956 1599.626050420168 268.20420168067227
0.00034626038781163435 2399.11 442.323
0.0004616805170821791 2730.3825701624814 628.4032496307237
0.0005771006463527239 3303.6331967213114 802.9139344262295
0.0006925207756232687 3493.0060790273556 817.2705167173252
0.0008079409048938135 3921.5270758122742 755.0469314079422
0.0009233610341643582 4412.759090909091 1065.081818181818
0.001038781163434903 4802.748768472907 1190.152709359606
0.0011542012927054479 5289.0 1454.3353293413174
0.0012696214219759926 5362.34375 1465.53125
0.0013850415512465374 5640.530769230769 1877.553846153846
0.0015004616805170822 5748.289719626168 1577.1214953271028
0.001615881809787627 6572.469026548672 2297.097345132743
0.0017313019390581717 6770.888888888889 1913.3086419753085
0.0018467220683287165 6709.859154929577 1899.0845070422536
0.0019621421975992612 7653.378048780488 2576.0365853658536
0.002077562326869806 7679.393442622951 2186.2295081967213
0.0021929824561403508 7237.245283018868 2115.867924528302
0.0023084025854108957 7760.634615384615 2993.5576923076924
0.0024238227146814403 8856.72 2681.82
0.0025392428439519853 8479.2 3113.32
0.00265466297322253 7958.4324324324325 3180.027027027027
0.002770083102493075 8363.923076923076 3318.897435897436
0.0028855032317636198 9043.514285714286 2912.8285714285716
0.0030009233610341643 10081.194444444445 3157.6666666666665
0.0031163434903047093 9223.625 3130.0625
0.003231763619575254 8990.541666666666 2761.75
0.003347183748845799 10309.484848484848 3779.3030303030305
0.0034626038781163434 10032.185185185184 3206.814814814815
0.0035780240073868884 10288.827586206897 3273.9655172413795
0.003693444136657433 9937.342857142858 3347.4285714285716
0.003808864265927978 10301.25 4329.857142857143
0.0039242843951985225 11518.0 5494.793103448276
0.004039704524469067 11169.08 6963.36
0.004155124653739612 11122.0625 7509.875
0.004270544783010157 9746.0 3793.3939393939395
0.0043859649122807015 11437.92857142857 5544.75
0.004501385041551247 12205.4 5724.05
0.0046168051708217915 11840.05 5617.1
0.004732225300092336 11550.09090909091 6031.227272727273
0.004847645429362881 13685.888888888889 7745.777777777777
0.004963065558633426 11670.952380952382 4395.523809523809
0.0050784856879039705 13563.1875 9456.375
0.005193905817174515 12889.35 6720.3
0.00530932594644506 12641.21052631579 6153.210526315789
0.005424746075715605 12599.894736842105 7220.105263157895
0.00554016620498615 12538.0 7386.384615384615
0.005655586334256694 14714.5 8143.875
0.0057710064635272396 13986.85 8269.55
0.005886426592797784 13854.785714285714 8185.857142857143
0.006001846722068329 13897.142857142857 8025.5
0.006117266851338873 15670.846153846154 7665.923076923077
0.006232686980609419 15309.133333333333 6647.666666666667
0.006348107109879963 14780.7 7647.3
0.006463527239150508 12785.0 5864.125
0.006578947368421052 15014.2 7116.333333333333
0.006694367497691598 15467.7 7433.6
0.006809787626962142 17078.714285714286 8862.57142857143
0.006925207756232687 16938.727272727272 10719.545454545454
0.007040627885503232 16893.0 8214.5
0.007156048014773777 14484.625 9141.0
0.007271468144044321 16458.375 9332.25
0.007386888273314866 16294.5 8882.75
0.007502308402585411 15888.833333333334 9547.0
0.007617728531855956 18032.7 11798.0
0.0077331486611265 15921.384615384615 8179.461538461538
0.007848568790397045 15541.5 6768.625
0.00796398891966759 15789.0 7268.0
0.008079409048938134 18604.8 11496.8
0.00819482917820868 16859.833333333332 9868.166666666666
0.008310249307479225 17589.363636363636 9266.181818181818
0.008425669436749769 18365.8 10088.8
0.008541089566020314 18245.666666666668 10695.166666666666
0.00865650969529086 21518.6 12896.9
0.008771929824561403 18587.9 11048.3
0.008887349953831948 19779.2 13919.0
0.009002770083102494 20446.14285714286 15493.285714285714
0.009118190212373038 21372.6 12105.8
0.009233610341643583 20104.0 12746.25
0.009349030470914127 20775.166666666668 15499.333333333334
0.009464450600184672 20661.81818181818 13883.181818181818
0.009579870729455217 20590.833333333332 14339.166666666666
0.009695290858725761 18065.0 19531.5
0.009810710987996307 18424.666666666668 11020.5
0.009926131117266852 18470.5 10528.75
0.010041551246537396 20169.875 14228.25
0.010156971375807941 19781.833333333332 10424.333333333334
0.010272391505078486 17466.666666666668 11665.833333333334
0.01038781163434903 19072.6 13107.4
0.010503231763619576 20052.714285714286 13282.285714285714
0.01061865189289012 19898.090909090908 12746.09090909091
0.010734072022160665 22624.4 10649.2
0.01084949215143121 19191.125 11907.375
0.010964912280701754 19231.75 16524.75
0.0110803324099723 18209.5 11538.75
0.011195752539242845 20538.4 9290.4
0.011311172668513388 18518.4 11212.6
0.011426592797783934 20026.333333333332 14335.333333333334
0.011542012927054479 21514.166666666668 16374.166666666666
0.011657433056325023 24099.666666666668 14452.166666666666
0.011772853185595568 23333.285714285714 18345.285714285714
0.011888273314866112 27564.0 18247.0
0.012003693444136657 28112.666666666668 16699.333333333332
0.012119113573407203 24904.85714285714 19777.85714285714
0.012234533702677746 25932.166666666668 16439.166666666668
0.012349953831948292 29876.0 17634.666666666668
0.012465373961218837 21007.5 18522.5
0.012580794090489381 25239.166666666668 17882.666666666668
0.012696214219759926 22950.5 18667.0
0.012811634349030472 24300.4 19758.2
0.012927054478301015 25801.0 16272.0
0.01304247460757156 22934.2 15511.6
0.013157894736842105 24992.0 20065.166666666668
0.01327331486611265 23666.666666666668 22994.0
0.013388734995383195 25038.6 19577.0
0.013504155124653739 24940.75 24733.25
0.013619575253924284 26711.5 23016.75
0.01373499538319483 25958.2 24026.8
0.013850415512465374 24764.666666666668 20712.0
0.013965835641735919 27102.0 20903.666666666668
0.014081255771006464 22732.0 18147.0
0.014196675900277008 26907.5 27749.5
0.014312096029547553 26910.0 27749.5
0.014427516158818097 24735.5 18108.0
0.014542936288088643 26359.666666666668 28672.333333333332
0.014658356417359188 26780.5 17654.5
0.014773776546629732 23382.5 13698.0
0.014889196675900277 26398.0 15965.75
0.015004616805170823 29257.0 18759.666666666668
0.015120036934441366 26047.0 18142.666666666668
0.015235457063711912 23133.5 17166.5
0.015350877192982455 27432.5 22297.5
0.015466297322253 27423.75 22129.75
0.015581717451523546 25830.333333333332 24898.333333333332
0.01569713758079409 29429.0 23584.0
0.015812557710064637 24381.75 16128.0
0.01592797783933518 24719.166666666668 22551.833333333332
0.016043397968605724 22737.0 20106.0
0.016158818097876268 25951.666666666668 25614.166666666668
0.016274238227146815 25580.4 20657.8
0.01638965835641736 30400.5 27104.5
0.016505078485687903 30412.0 27112.0
0.01662049861495845 28027.5 18257.5
0.016735918744228993 26958.666666666668 12584.666666666666
0.016851338873499537 28722.0 23753.666666666668
0.016966759002770084 26562.5 15950.5
0.017082179132040628 28484.25 19756.75
0.01719759926131117 25908.0 12998.75
0.01731301939058172 24946.0 12559.0
0.017428439519852262 24255.5 14082.0
0.017543859649122806 26650.666666666668 19408.333333333332
0.017659279778393353 26803.666666666668 19745.0
0.017774699907663897 27735.0 18723.666666666668
0.01789012003693444 36191.0 19292.0
0.018005540166204988 21145.0 20855.0
0.01812096029547553 21055.0 16610.0
0.018236380424746075 32512.0 25858.0
0.018467220683287166 21070.0 12462.0
0.01858264081255771 25622.8 24282.4
0.018698060941828253 31166.666666666668 18997.0
0.0188134810710988 28643.0 29207.333333333332
0.018928901200369344 29485.5 32037.0
0.019044321329639888 43323.0 24012.0
0.019159741458910435 33513.2 26136.0
0.01927516158818098 43496.0 24030.5
0.019390581717451522 34931.8 23437.6
0.01950600184672207 27689.0 50051.5
0.019621421975992613 24610.666666666668 42019.333333333336
0.019736842105263157 27747.666666666668 35134.333333333336
0.019852262234533704 29768.5 35336.333333333336
0.019967682363804248 27267.333333333332 46014.0
0.02008310249307479 29430.25 26173.0
0.02019852262234534 29436.5 26175.25
0.020313942751615882 27540.5 25651.0
0.020429362880886426 30333.0 20597.0
0.020544783010156973 29534.0 26612.333333333332
0.020660203139427517 28467.25 25000.0
0.02077562326869806 27851.0 24550.0
0.020891043397968604 30058.5 24053.0
0.02100646352723915 28798.666666666668 23489.333333333332
0.021121883656509695 29412.2 25068.2
0.02123730378578024 34534.0 29447.5
0.021352723915050786 27871.4 28716.6
0.02146814404432133 25922.0 25692.5
0.021583564173591873 38325.0 27060.0
0.02169898430286242 36937.5 32358.0
0.021814404432132964 38059.0 26579.5
0.021929824561403508 34494.4 29229.2
0.022045244690674055 31006.8 25320.0
0.0221606648199446 31840.5 25322.0
0.022276084949215142 32973.4 27043.8
0.02239150507848569 33783.2 30147.8
0.022506925207756233 32405.666666666668 30000.666666666668
0.022622345337026777 30978.833333333332 31232.166666666668
0.022737765466297324 31658.5 30145.333333333332
0.022853185595567867 31362.75 24282.0
0.02296860572483841 33053.4 32194.4
0.023084025854108958 32692.666666666668 30766.166666666668
0.023199445983379502 31570.2 25948.4
0.023314866112650046 32487.0 25897.2
0.02343028624192059 33216.0 29340.333333333332
0.023545706371191136 39141.0 26801.0
0.02366112650046168 30621.5 36000.0
0.023776546629732224 35323.333333333336 35491.666666666664
0.02389196675900277 37675.5 38507.5
0.024007386888273315 37668.0 29164.5
0.02412280701754386 29463.0 40579.0
0.024238227146814405 29587.0 40628.0
0.02435364727608495 29501.0 20738.0
0.024469067405355493 33641.0 33642.0
0.02458448753462604 38151.0 40628.5
0.024699907663896584 29537.0 21000.0
0.024815327793167127 26920.0 29493.0
0.024930747922437674 30553.333333333332 35162.333333333336
0.025161588180978762 31218.0 31889.5
0.02527700831024931 32463.5 38060.0
0.025392428439519853 35349.5 36913.5
0.025507848568790396 40952.0 32385.0
0.025623268698060944 36379.5 37710.0
0.025738688827331487 41623.0 48063.0
0.02585410895660203 31620.5 28250.0
0.025969529085872575 33418.666666666664 30602.0
0.026431209602954756 32216.0 24810.0
0.026662049861495844 40400.0 31094.0
0.02677746999076639 40404.0 31094.0
0.026892890120036934 40414.0 31095.0
0.027008310249307478 40447.0 31118.0
0.027123730378578025 38042.0 38397.666666666664
0.02723915050784857 40227.0 33878.0
0.027354570637119113 37651.5 32890.5
0.02746999076638966 34762.0 34207.0
0.027585410895660203 44343.5 40573.5
0.027700831024930747 54480.0 47075.0
0.02804709141274238 45924.333333333336 45756.666666666664
0.02816251154201293 38563.0 40405.0
0.028277931671283472 46700.0 43870.5
0.02850877192982456 42241.0 48521.0
0.028624192059095107 40023.0 41357.5
0.02897045244690674 41163.0 42129.0
0.02920129270544783 41844.5 45801.0
0.029316712834718376 41875.5 45820.0
0.02943213296398892 42403.0 49459.0
0.029547553093259463 42421.0 49881.0
0.02966297322253001 42489.0 39490.5
0.029778393351800554 38864.5 29689.5
0.029893813481071098 48498.0 44996.5
0.030009233610341645 44375.666666666664 35713.666666666664
0.03012465373961219 43246.6 42933.0
0.030240073868882732 41406.0 51251.0
0.03035549399815328 44176.0 44440.333333333336
0.030470914127423823 44383.0 46995.0
0.030586334256694367 44192.0 44455.0
0.03070175438596491 41013.666666666664 47247.0
0.030817174515235458 44687.333333333336 40449.333333333336
0.030932594644506 50675.0 50631.5
0.031048014773776545 45435.0 45649.0
0.031163434903047092 35133.0 43438.0
0.031278855032317636 56281.0 48115.0
0.03139427516158818 43900.666666666664 42783.666666666664
0.03150969529085872 44444.0 53495.5
0.031625115420129274 48458.25 49014.0
0.03174053554939982 48475.75 49021.25
0.03185595567867036 45956.666666666664 49758.333333333336
0.031971375807940905 46565.0 40250.5
0.03208679593721145 51444.0 65594.0
0.03220221606648199 45001.75 57360.0
0.032317636195752536 48713.666666666664 61563.0
0.03243305632502309 52822.0 45268.5
0.03254847645429363 36194.0 46273.0
0.032663896583564174 48924.0 42046.0
0.03277931671283472 48214.5 43350.0
0.03289473684210526 44462.0 44539.333333333336
0.033010156971375805 48985.0 42179.0
0.033125577100646356 48555.0 43708.5
0.0332409972299169 43871.666666666664 48260.0
0.03335641735918744 43246.6 47286.4
0.03347183748845799 47326.8 47313.0
0.03358725761772853 52233.333333333336 45546.666666666664
0.033702677746999074 44100.0 45655.5
0.033818097876269625 41385.5 51656.5
0.03393351800554017 42722.0 51683.0
0.034164358264081256 49144.0 42348.0
0.0342797783933518 46358.0 42055.0
0.03439519852262234 42713.5 47545.75
0.03451061865189289 45111.333333333336 48920.333333333336
0.03462603878116344 44051.75 47285.25
0.03474145891043398 45512.666666666664 46372.666666666664
0.03497229916897507 36744.0 46595.0
0.035318559556786706 50507.0 56841.0
0.035549399815327794 55114.0 90156.0
0.03566481994459834 55135.0 90165.0
0.03612650046168052 45315.0 44708.0
0.03624192059095106 50734.333333333336 38479.666666666664
0.036357340720221606 47168.5 42831.0
0.03647276084949215 46256.0 53464.333333333336
0.036588180978762694 44097.25 53187.0
0.036703601108033244 43813.5 47985.5
0.03681902123730379 39696.5 35999.5
0.03693444136657433 69036.0 45524.0
0.037049861495844875 69037.0 45524.0
0.03728070175438596 46634.25 50712.75
0.037396121883656507 50497.333333333336 64253.0
0.03751154201292706 50735.666666666664 68724.0
0.0376269621421976 53053.5 67151.0
0.037742382271468145 48689.5 52601.0
0.03785780240073869 49061.75 60496.0
0.03797322253000923 54215.0 75494.5
0.038204062788550326 44723.0 44198.0
0.03831948291782087 52767.0 60467.0
0.038434903047091414 52785.0 60467.0
0.03855032317636196 61466.0 53528.0
0.03901200369344414 51222.0 44870.0
0.039242843951985226 52874.0 60478.0
0.039473684210526314 52878.0 60478.0
0.03970452446906741 49053.5 58085.5
0.04016620498614958 52901.0 60494.0
0.040281625115420126 46742.0 58508.0
0.04039704524469068 40538.0 56619.0
0.04051246537396122 46812.0 58707.0
0.040627885503231764 40598.0 56811.0
0.04074330563250231 40616.0 56859.0
0.04155124653739612 53140.0 60649.0
0.04259002770083103 53559.0 61133.0
0.04270544783010157 53600.0 61133.0
0.042820867959372115 62916.0 61784.0
0.04339796860572484 41905.0 95778.0
0.043859649122807015 42841.0 96977.0
0.043975069252077566 52255.0 69658.0
0.04409048938134811 52832.5 66736.0
0.04420590951061865 52895.5 66743.5
0.0443213296398892 52901.5 66743.5
0.04443674976915974 52905.5 66744.5
0.044552169898430284 52367.0 69710.0
0.04466759002770083 52491.0 70256.0
0.04478301015697138 53037.5 67041.0
0.04489843028624192 47003.0 53332.5
0.045013850415512466 52677.0 70281.0
0.04512927054478301 52918.0 70566.0
0.04559095106186519 41533.0 36449.0
0.045706371191135735 41653.0 36451.0
0.04582179132040628 49236.0 105258.0
0.04593721144967682 60539.0 80758.0
0.046052631578947366 71843.0 56271.0
0.046168051708217916 41723.0 36715.0
0.04628347183748846 44579.5 47116.5
0.04651431209602955 52857.0 56437.0
0.04662973222530009 60268.0 63422.5
0.046745152354570635 71964.0 62022.0
0.04697599261311173 57635.5 49525.0
0.04709141274238227 71999.0 62088.0
0.04720683287165282 55367.666666666664 55260.0
0.04732225300092336 55385.0 55273.0
0.047437673130193904 57738.0 49627.5
0.04778393351800554 45891.0 69667.0
0.047899353647276086 45922.0 69676.0
0.04801477377654663 45927.0 69676.0
0.04824561403508772 45961.0 69704.0
0.04836103416435827 45963.0 69704.0
0.04847645429362881 51333.0 67174.0
0.048591874422899355 51336.0 67177.0
0.048938134810710986 48324.0 61675.0
0.04905355493998153 59899.5 66977.0
0.04916897506925208 59907.0 66980.0
0.049284395198522624 51929.0 68019.0
0.04939981532779317 60423.666666666664 65756.66666666667
0.04951523545706371 49067.5 68963.0
0.0497460757156048 50783.0 67483.5
0.04997691597414589 55972.0 65240.0
0.05020775623268698 55983.0 65241.0
0.050323176361957524 56144.0 65258.0
0.05043859649122807 56149.0 65258.0
0.05124653739612189 56557.0 65652.0
0.051477377654662974 63008.5 68346.0
0.05159279778393352 63026.0 68352.5
0.05170821791320406 56699.0 65754.0
0.0541320406278855 53064.0 54672.0
0.05424746075715605 53074.0 54672.0
0.054362880886426594 53081.0 54672.0
0.05459372114496768 53089.0 54704.0
0.054709141274238225 53100.0 54705.0
0.05482456140350877 52085.0 74416.0
0.055401662049861494 53134.0 54753.0
0.05551708217913204 53134.0 54753.0
0.05574792243767313 53873.0 55610.0
0.055863342566943676 53888.0 55610.0
0.05609418282548476 53890.0 55624.0
0.05620960295475531 53896.0 55624.0
0.056555863342566945 52019.0 45674.0
0.05667128347183749 52207.0 46300.0
0.05678670360110803 52224.0 46303.0
0.05701754385964912 52440.0 46322.0
0.057248384118190214 52446.0 46328.0
0.057594644506001845 52507.0 46349.0
0.05771006463527239 52682.0 46382.0
0.05782548476454294 65675.0 85700.0
0.05794090489381348 52701.0 46386.0
0.05805632502308403 52716.0 46387.0
0.058287165281625114 60041.0 70769.5
0.05863342566943675 65770.0 86149.0
0.05909510618651893 54435.0 55842.0
0.05967220683287165 66024.0 86270.0
0.05990304709141274 66048.0 86278.0
0.06001846722068329 59976.5 66629.5
0.06059556786703601 65257.0 114644.0
0.060941828254847646 56710.0 57191.0
0.06105724838411819 65324.0 114656.0
0.061172668513388734 65327.0 114656.0
0.06128808864265928 66025.0 114693.0
0.06140350877192982 66054.0 114693.0
0.061634349030470915 66091.0 114703.0
0.061865189289012 66149.0 115100.0
0.06209602954755309 70428.0 120360.0
0.06255771006463527 54688.0 47380.0
0.06301939058171745 54855.0 47444.0
0.06325023084025855 54951.0 47618.0
0.06336565096952909 54961.0 47618.0
0.06348107109879964 54970.0 47618.0
0.06359649122807018 55079.0 47702.0
0.06371191135734072 55133.0 47711.0
0.06382733148661127 60108.0 66194.0
0.06394275161588181 55161.0 47799.0
0.0641735918744229 55174.0 47801.0
0.06602031394275161 59532.0 90764.0
0.06613573407202217 59533.0 90764.0
0.06625115420129271 59533.0 90764.0
0.06636657433056325 59535.0 90764.0
0.06936749769159742 64229.0 139569.0
0.06994459833795014 56585.0 50899.0
0.07006001846722068 66454.5 76492.0
0.07144506001846722 77896.0 111723.0
0.07156048014773776 77948.0 111736.0
0.07583102493074792 79189.0 118333.0
0.07594644506001846 79190.0 118343.0
0.07617728531855955 82827.0 120892.0
0.07744690674053555 83196.0 121070.0
0.07790858725761773 83295.0 121155.0
0.07813942751615882 83337.0 121184.0
0.07837026777469991 83349.0 121186.0
0.08079409048938135 83214.0 134091.0
0.08137119113573407 88782.5 130761.0
0.08414127423822715 89974.0 133725.0
0.08448753462603878 173875.0 157038.0
0.08714219759926131 67782.0 78564.0
0.09372114496768236 80973.0 122339.0
0.09395198522622346 93983.0 146084.0
0.09879963065558633 86770.5 114436.0
0.0994921514312096 85617.0 145019.0
0.10110803324099724 105133.0 130000.0
0.1097645429362881 90249.0 189847.0
0.11253462603878116 99747.0 128142.0
0.11992151431209604 123104.0 156773.0
0.1329639889196676 129713.0 214622.0
0.13619575253924285 100512.0 214657.0
0.17047553093259465 136695.0 269569.0
0.1780932594644506 151552.0 285188.0
0.19829178208679593 139786.0 244066.0
0.31428901200369347 202407.0 499845.0
0.3687673130193906 219358.0 513635.0
0.4342105263157895 262527.0 656618.0
0.48130193905817176 263622.0 641777.0
0.5657894736842105 357825.0 798815.0
1.0 492836.0 1455433.0
