1143
0.00011542012927054478 572.8606879039704 183.908702677747
0.00023084025854108956 772.5379202501955 355.95269741985925
0.00034626038781163435 891.3628959276018 531.635294117647
0.0004616805170821791 949.3423137876387 787.473851030111
0.0005771006463527239 990.6924829157175 927.867881548975
0.0006925207756232687 1010.7969230769231 831.7938461538462
0.0008079409048938135 1032.3946360153257 1027.9463601532566
0.0009233610341643582 1041.1848341232228 1702.5355450236966
0.001038781163434903 1047.150289017341 1831.057803468208
0.0011542012927054479 1060.7397260273972 2091.0890410958905
0.0012696214219759926 1063.1391304347826 1637.504347826087
0.0013850415512465374 1069.4031007751937 2672.6821705426355
0.0015004616805170822 1068.2555555555555 2534.5666666666666
0.001615881809787627 1079.1914893617022 2333.6382978723404
0.0017313019390581717 1078.320987654321 2055.8765432098767
0.0018467220683287165 1082.2173913043478 2640.0289855072465
0.0019621421975992612 1085.2537313432836 2586.4477611940297
0.002077562326869806 1090.2758620689656 2502.1724137931033
0.0021929824561403508 1092.467741935484 2369.532258064516
0.0023084025854108957 1093.625 3515.910714285714
0.0024238227146814403 1093.2380952380952 3495.0
0.0025392428439519853 1095.0652173913043 3466.0434782608695
0.00265466297322253 1092.0681818181818 4453.818181818182
0.002770083102493075 1094.9807692307693 5189.653846153846
0.0028855032317636198 1093.918918918919 5486.27027027027
0.0030009233610341643 1096.6176470588234 4784.558823529412
0.0031163434903047093 1093.5862068965516 3214.2413793103447
0.003231763619575254 1101.8181818181818 6014.454545454545
0.003347183748845799 1095.8055555555557 4237.388888888889
0.0034626038781163434 1100.142857142857 3898.2285714285713
0.0035780240073868884 1102.08 5548.52
0.003693444136657433 1100.8064516129032 5882.129032258064
0.003808864265927978 1102.1 5901.25
0.0039242843951985225 1101.7083333333333 5261.916666666667
0.004039704524469067 1102.2 4757.4
0.004155124653739612 1104.4285714285713 5745.892857142857
0.004270544783010157 1104.952380952381 5382.619047619048
0.0043859649122807015 1104.2083333333333 5051.75
0.004501385041551247 1104.4 6109.68
0.0046168051708217915 1106.0625 7836.0625
0.004732225300092336 1104.6666666666667 6978.266666666666
0.004847645429362881 1106.95 7748.45
0.004963065558633426 1105.909090909091 5218.545454545455
0.0050784856879039705 1105.1304347826087 7558.086956521739
0.005193905817174515 1106.7368421052631 7563.315789473684
0.00530932594644506 1107.5555555555557 6497.666666666667
0.005424746075715605 1107.6 5180.533333333334
0.00554016620498615 1108.2222222222222 7437.0
0.005655586334256694 1106.5454545454545 8567.59090909091
0.0057710064635272396 1107.4615384615386 11327.76923076923
0.005886426592797784 1108.5333333333333 7327.666666666667
0.006001846722068329 1107.0 7609.133333333333
0.006117266851338873 1108.5384615384614 6132.846153846154
0.006232686980609419 1108.6875 6220.1875
0.006348107109879963 1109.076923076923 9277.307692307691
0.006463527239150508 1109.5714285714287 9614.642857142857
0.006578947368421052 1111.0 8200.6
0.006694367497691598 1109.0 11634.92857142857
0.006809787626962142 1109.25 9402.833333333334
0.006925207756232687 1108.3333333333333 11087.75
0.007040627885503232 1110.3333333333333 10542.666666666666
0.007156048014773777 1110.3 11462.1
0.007271468144044321 1110.7272727272727 11482.0
0.007386888273314866 1111.6666666666667 18389.5
0.007502308402585411 1110.3333333333333 13584.666666666666
0.007617728531855956 1111.8333333333333 9897.333333333334
0.0077331486611265 1108.6363636363637 12131.818181818182
0.007848568790397045 1109.4444444444443 9647.333333333334
0.00796398891966759 1111.2222222222222 14356.111111111111
0.008079409048938134 1109.25 10288.375
0.00819482917820868 1111.5714285714287 10347.857142857143
0.008310249307479225 1111.125 10162.75
0.008425669436749769 1113.125 15030.875
0.008541089566020314 1110.5 10285.7
0.00865650969529086 1110.8333333333333 10041.166666666666
0.008771929824561403 1109.75 9386.75
0.008887349953831948 1110.3333333333333 9923.666666666666
0.009002770083102494 1109.7777777777778 8573.222222222223
0.009118190212373038 1110.5714285714287 8893.714285714286
0.009233610341643583 1113.8 14320.4
0.009349030470914127 1108.3333333333333 5585.0
0.009464450600184672 1111.25 17398.0
0.009579870729455217 1112.6 13166.2
0.009695290858725761 1113.0 14179.666666666666
0.009810710987996307 1111.3333333333333 18314.333333333332
0.009926131117266852 1110.6666666666667 7203.333333333333
0.010041551246537396 1107.2 10129.2
0.010156971375807941 1113.5 12709.0
0.010272391505078486 1115.0 14485.666666666666
0.01038781163434903 1112.25 14142.0
0.010503231763619576 1115.0 17692.25
0.01061865189289012 1113.5 10783.5
0.010734072022160665 1110.0 10511.2
0.01084949215143121 1110.8 10571.2
0.010964912280701754 1112.7777777777778 14198.111111111111
0.0110803324099723 1114.2 14697.6
0.011195752539242845 1108.5 7554.0
0.011311172668513388 1110.4285714285713 12799.57142857143
0.011426592797783934 1108.0 11566.0
0.011542012927054479 1107.3333333333333 7871.333333333333
0.011657433056325023 1109.25 18257.0
0.011772853185595568 1110.6666666666667 22512.666666666668
0.011888273314866112 1111.75 22965.75
0.012003693444136657 1111.25 16114.25
0.012119113573407203 1113.0 24511.25
0.012234533702677746 1114.25 25412.0
0.012349953831948292 1113.5 16238.25
0.012465373961218837 1115.0 18762.0
0.012580794090489381 1112.5 17473.0
0.012696214219759926 1114.2 18388.2
0.012811634349030472 1115.0 22006.0
0.012927054478301015 1110.6666666666667 16542.0
0.01304247460757156 1108.0 9285.0
0.013157894736842105 1115.142857142857 15551.0
0.01327331486611265 1108.0 9988.0
0.013388734995383195 1115.25 21116.0
0.013504155124653739 1114.6 13787.4
0.013619575253924284 1111.6666666666667 14797.333333333334
0.01373499538319483 1113.0 12839.0
0.013850415512465374 1110.5 16493.5
0.013965835641735919 1114.5 20939.0
0.014081255771006464 1115.3333333333333 22622.666666666668
0.014196675900277008 1113.0 20068.0
0.014312096029547553 1112.5 19261.333333333332
0.014427516158818097 1115.0 21019.5
0.014542936288088643 1110.0 14228.0
0.014658356417359188 1110.5 14045.5
0.014773776546629732 1110.3333333333333 12446.666666666666
0.014889196675900277 1111.25 14769.5
0.015004616805170823 1114.5 40508.0
0.015120036934441366 1113.3333333333333 29932.333333333332
0.015235457063711912 1111.0 13431.666666666666
0.015350877192982455 1118.0 65741.0
0.015466297322253 1113.0 30373.25
0.015581717451523546 1113.4 13324.4
0.015812557710064637 1114.6 24647.8
0.01592797783933518 1115.0 25163.833333333332
0.016043397968605724 1115.1666666666667 29157.666666666668
0.016158818097876268 1116.0 50594.0
0.016274238227146815 1116.5 17651.5
0.01638965835641736 1115.0 34829.0
0.016505078485687903 1115.5 21219.5
0.01662049861495845 1115.25 30265.75
0.016735918744228993 1113.5 15656.5
0.016851338873499537 1115.0 18501.0
0.016966759002770084 1112.5 16521.5
0.017082179132040628 1114.0 21915.0
0.01719759926131117 1114.8 33798.0
0.01731301939058172 1114.1666666666667 26598.166666666668
0.017428439519852262 1114.0 36538.0
0.017543859649122806 1112.5 62168.0
0.017659279778393353 1115.25 36785.25
0.017774699907663897 1115.0 35170.0
0.01789012003693444 1114.0 14971.0
0.018005540166204988 1116.0 30144.0
0.018236380424746075 1115.0 19240.0
0.018467220683287166 1116.0 30168.0
0.018698060941828253 1114.5 29748.0
0.0188134810710988 1115.5 23355.0
0.018928901200369344 1115.0 18338.0
0.019159741458910435 1116.0 26150.0
0.01927516158818098 1116.0 26166.0
0.019390581717451522 1116.0 26429.0
0.01950600184672207 1115.0 20474.5
0.019967682363804248 1116.0 28032.0
0.02008310249307479 1116.0 28177.0
0.02019852262234534 1114.0 24788.666666666668
0.020313942751615882 1115.0 53976.0
0.020429362880886426 1114.75 32411.75
0.020544783010156973 1117.5 63170.0
0.020660203139427517 1120.0 57944.5
0.02077562326869806 1120.0 57958.0
0.02100646352723915 1114.0 12665.0
0.021121883656509695 1115.0 30241.333333333332
0.02123730378578024 1114.5 30087.0
0.021352723915050786 1114.0 19795.0
0.02169898430286242 1120.0 34296.0
0.022276084949215142 1115.0 46123.0
0.022506925207756233 1120.0 34307.0
0.022737765466297324 1116.3333333333333 31641.0
0.022853185595567867 1120.0 34330.0
0.02296860572483841 1120.0 34336.0
0.023199445983379502 1118.0 33283.0
0.023314866112650046 1117.25 41155.25
0.02343028624192059 1117.3333333333333 42558.666666666664
0.023545706371191136 1116.3333333333333 43469.0
0.02366112650046168 1116.0 32282.0
0.023776546629732224 1117.0 34099.0
0.02389196675900277 1120.0 34874.0
0.024007386888273315 1117.0 24923.0
0.02412280701754386 1115.0 22397.5
0.024238227146814405 1116.0 31076.0
0.02458448753462604 1120.0 34934.0
0.024699907663896584 1116.0 33167.0
0.024930747922437674 1115.0 23347.0
0.025046168051708218 1117.5 29512.0
0.025161588180978762 1118.0 35414.0
0.02527700831024931 1116.5 29629.0
0.025392428439519853 1115.3333333333333 31192.333333333332
0.025507848568790396 1116.0 48371.666666666664
0.025623268698060944 1116.5 33280.5
0.025738688827331487 1117.0 40825.166666666664
0.02585410895660203 1117.25 46375.0
0.025969529085872575 1117.5 31581.5
0.02608494921514312 1119.0 61478.5
0.026200369344413665 1120.0 87015.0
0.02631578947368421 1120.0 87016.0
0.0265466297322253 1117.5 64117.0
0.026662049861495844 1114.5 64368.5
0.026892890120036934 1114.6666666666667 51984.333333333336
0.027008310249307478 1114.0 61049.0
0.027123730378578025 1114.5 64929.5
0.02723915050784857 1115.5 31371.5
0.027354570637119113 1116.0 59960.0
0.02746999076638966 1115.0 37949.0
0.027585410895660203 1116.3333333333333 26454.333333333332
0.027700831024930747 1114.5 39523.5
0.027816251154201294 1116.3333333333333 34809.0
0.027931671283471838 1113.0 18757.0
0.02804709141274238 1116.5 49211.0
0.02816251154201293 1115.0 28206.0
0.028277931671283472 1113.0 18922.0
0.028393351800554016 1113.0 18922.0
0.02850877192982456 1114.0 20498.0
0.02873961218836565 1113.0 19643.0
0.028855032317636194 1116.5 67894.5
0.02897045244690674 1120.0 41086.0
0.029085872576177285 1118.0 39747.0
0.02920129270544783 1115.5 29763.0
0.029316712834718376 1116.5 30431.5
0.029547553093259463 1114.0 24461.0
0.029893813481071098 1113.0 20173.0
0.030009233610341645 1114.0 24590.5
0.03012465373961219 1115.0 25814.0
0.030240073868882732 1114.5 25926.0
0.03035549399815328 1114.0 24650.5
0.030470914127423823 1114.0 23063.0
0.030586334256694367 1114.0 24650.5
0.03070175438596491 1114.0 24654.5
0.030932594644506 1114.0 23368.0
0.031048014773776545 1114.0 23368.0
0.031163434903047092 1117.0 31622.0
0.031278855032317636 1114.0 23449.0
0.03150969529085872 1115.0 23507.0
0.03174053554939982 1115.0 23566.0
0.03185595567867036 1117.0 70126.0
0.031971375807940905 1114.0 37778.0
0.03208679593721145 1117.5 70292.0
0.03220221606648199 1114.0 37793.0
0.032317636195752536 1114.0 37793.0
0.03254847645429363 1117.0 40865.5
0.032663896583564174 1120.5 73509.5
0.03289473684210526 1120.0 43932.0
0.033010156971375805 1115.0 38655.0
0.033125577100646356 1120.0 44058.0
0.0332409972299169 1120.0 44061.0
0.033818097876269625 1116.0 31250.0
0.03393351800554017 1118.0 37674.0
0.03404893813481071 1116.0 31255.0
0.034164358264081256 1116.0 31259.0
0.03439519852262234 1115.3333333333333 33489.0
0.03451061865189289 1114.3333333333333 54613.333333333336
0.03462603878116344 1114.5 65384.0
0.03474145891043398 1114.6666666666667 56601.0
0.034856879039704525 1117.5 41975.5
0.03497229916897507 1115.0 38965.0
0.03508771929824561 1116.6666666666667 37254.0
0.035203139427516156 1115.0 27966.0
0.035549399815327794 1115.0 28878.0
0.03566481994459834 1113.0 98432.0
0.03578024007386888 1114.0 63737.0
0.035895660203139425 1113.0 98446.0
0.036011080332409975 1113.0 98674.0
0.03612650046168052 1113.0 102624.0
0.03624192059095106 1114.0 65881.5
0.036357340720221606 1113.0 21534.0
0.03693444136657433 1118.0 37143.0
0.03716528162511542 1113.0 21748.0
0.037396121883656507 1113.0 21754.0
0.03751154201292706 1113.0 21759.0
0.0376269621421976 1113.0 21759.0
0.037742382271468145 1113.0 21761.0
0.03797322253000923 1114.0 22251.0
0.038204062788550326 1116.0 29824.5
0.038434903047091414 1120.0 46882.0
0.03855032317636196 1117.0 47254.0
0.0386657433056325 1118.5 36979.5
0.038781163434903045 1119.0 36550.0
0.038896583564173595 1118.5 37047.0
0.03901200369344414 1116.0 29977.0
0.03912742382271468 1116.5 29485.0
0.03935826408125577 1119.0 36558.0
0.039473684210526314 1119.0 36640.0
0.03970452446906741 1117.0 47879.0
0.03981994459833795 1114.0 23581.0
0.039935364727608495 1114.0 23581.0
0.040281625115420126 1118.0 84207.0
0.040627885503231764 1114.0 23590.0
0.04074330563250231 1114.0 23590.0
0.04224376731301939 1115.0 59824.0
0.04247460757156048 1115.0 59834.0
0.04259002770083103 1115.0 60583.0
0.04270544783010157 1115.0 60583.0
0.042820867959372115 1115.0 60594.0
0.04293628808864266 1115.0 60620.0
0.0430517082179132 1115.0 60623.0
0.043167128347183746 1115.0 60641.0
0.04339796860572484 1115.0 60821.0
0.044552169898430284 1116.0 63476.0
0.04466759002770083 1116.0 63480.0
0.04489843028624192 1115.5 62326.5
0.045013850415512466 1116.0 63490.0
0.04512927054478301 1116.0 63490.0
0.04559095106186519 1116.0 63783.0
0.045706371191135735 1116.0 63867.0
0.04582179132040628 1116.0 63867.0
0.046052631578947366 1116.0 64017.0
0.046168051708217916 1116.0 64017.0
0.04651431209602955 1116.0 64094.0
0.04662973222530009 1116.0 64098.0
0.046745152354570635 1116.0 64254.0
0.04686057248384118 1117.0 64802.0
0.04697599261311173 1117.0 64806.0
0.04709141274238227 1117.0 64806.0
0.04720683287165282 1119.0 88754.0
0.04801477377654663 1117.0 65394.0
0.04813019390581717 1117.0 65419.0
0.04824561403508772 1117.0 66700.0
0.04836103416435827 1117.0 67194.0
0.04847645429362881 1117.0 67195.0
0.0487072945521699 1117.0 67242.0
0.048938134810710986 1117.0 67771.0
0.04905355493998153 1117.0 67771.0
0.05193905817174515 1126.0 68367.0
0.0520544783010157 1122.5 85497.0
0.05228531855955679 1126.0 112170.0
0.05240073868882733 1126.0 112177.0
0.052516158818097874 1119.0 103611.0
0.05263157894736842 1119.0 103611.0
0.053208679593721143 1119.0 104299.0
0.05332409972299169 1119.0 104301.0
0.05459372114496768 1119.0 105132.0
0.054709141274238225 1119.0 105132.0
0.05482456140350877 1119.0 105133.0
0.05493998153277932 1119.0 105150.0
0.05505540166204986 1119.0 105150.0
0.05517082179132041 1119.0 105359.0
0.05574792243767313 1115.0 117144.0
0.055863342566943676 1117.0 111301.0
0.05597876269621422 1117.0 111379.0
0.056555863342566945 1119.0 106534.0
0.05678670360110803 1119.0 106592.0
0.056902123730378576 1119.0 106858.0
0.057248384118190214 1115.0 117291.0
0.05736380424746076 1120.0 77266.0
0.0574792243767313 1120.0 77297.0
0.057594644506001845 1120.0 77297.0
0.058287165281625114 1119.0 108479.0
0.05840258541089566 1120.0 77716.0
0.05863342566943675 1120.0 77740.0
0.058748845798707296 1120.0 77740.0
0.05886426592797784 1120.0 77964.0
0.06140350877192982 1118.0 87899.0
0.061980609418282546 1118.0 97912.0
0.06209602954755309 1118.0 98739.0
0.06221144967682364 1120.0 94168.0
0.06255771006463527 1118.0 98781.0
0.06267313019390582 1118.0 98782.0
0.0629039704524469 1118.0 99965.0
0.06463527239150507 1120.0 95550.0
0.06475069252077563 1120.0 97050.0
0.0672899353647276 1115.0 120967.0
0.06798245614035088 1120.0 119593.0
0.06809787626962142 1120.0 119593.0
0.06821329639889197 1120.0 119609.0
0.07098337950138504 1117.0 61749.0
0.07109879963065559 1119.0 92914.0
0.07144506001846722 1121.0 124070.0
0.07156048014773776 1121.0 124199.0
0.0716759002770083 1121.0 124516.0
0.0719067405355494 1121.0 124529.0
0.07202216066481995 1117.0 62335.0
0.0721375807940905 1119.0 94688.0
0.07236842105263158 1121.5 101184.0
0.07248384118190213 1126.0 139883.0
0.07271468144044321 1117.0 64379.0
0.07306094182825484 1117.0 65946.0
0.07329178208679593 1121.0 128325.0
0.07352262234533703 1119.0 98537.0
0.07363804247460758 1121.0 128811.0
0.07398430286241921 1117.0 68812.0
0.07409972299168975 1117.0 68812.0
0.0742151431209603 1117.0 68817.0
0.07433056325023084 1119.0 99157.0
0.07444598337950138 1117.0 68818.0
0.07456140350877193 1121.0 130809.0
0.07467682363804247 1119.0 99839.0
0.07479224376731301 1117.0 68879.0
0.07490766389658357 1121.0 131297.0
0.07502308402585411 1119.5 100939.5
0.0752539242843952 1118.0 70582.0
0.07548476454293629 1118.0 70671.0
0.07560018467220683 1118.0 70671.0
0.07571560480147738 1118.0 71050.0
0.07594644506001846 1118.0 71543.0
0.07606186518928901 1118.0 71545.0
0.07617728531855955 1118.0 71549.0
0.07721606648199446 1118.0 83195.0
0.077331486611265 1118.0 83299.0
0.07744690674053555 1118.0 83300.0
0.07802400738688828 1118.0 83577.0
0.07813942751615882 1118.0 83613.0
0.07848568790397045 1118.0 83613.0
0.078601108033241 1117.0 141964.0
0.07871652816251154 1118.0 83613.0
0.07883194829178208 1118.0 83718.0
0.0796398891966759 1118.0 84474.0
0.07987072945521699 1122.0 117748.0
0.07998614958448753 1118.0 84708.0
0.08010156971375808 1126.0 151022.0
0.08021698984302862 1126.0 151096.0
0.08044783010156971 1126.0 151101.0
0.0809095106186519 1123.0 143032.5
0.08102493074792244 1120.0 134832.0
0.08125577100646353 1120.0 134841.0
0.08137119113573407 1120.0 134841.0
0.08148661126500462 1120.0 135292.0
0.0817174515235457 1120.0 135401.0
0.08183287165281625 1118.0 91081.0
0.08194829178208679 1126.0 151462.0
0.08206371191135733 1126.0 151462.0
0.08217913204062789 1118.0 91583.0
0.08229455216989844 1122.0 121556.0
0.08240997229916898 1118.0 91910.0
0.08252539242843952 1118.0 91911.0
0.08321791320406279 1120.0 135947.0
0.08333333333333333 1118.0 92072.0
0.08344875346260387 1118.0 92076.0
0.08356417359187442 1118.0 92077.0
0.08391043397968606 1118.0 92221.0
0.08437211449676824 1118.0 100273.0
0.08448753462603878 1118.0 100273.0
0.08460295475530932 1118.0 100273.0
0.08471837488457987 1118.0 100396.0
0.08494921514312095 1118.0 100827.0
0.08506463527239151 1118.0 102385.0
0.0852954755309326 1118.0 102460.0
0.08541089566020314 1118.0 102488.0
0.0904893813481071 1120.0 147096.0
0.09060480147737765 1120.0 147096.0
0.0907202216066482 1120.0 147134.0
0.09083564173591874 1120.0 147134.0
0.09106648199445984 1120.0 147778.0
0.09187442289935364 1118.0 112872.0
0.09198984302862419 1118.0 112874.0
0.09245152354570638 1118.0 112889.0
0.09291320406278855 1118.0 112896.0
0.0930286241920591 1118.0 112896.0
0.09314404432132964 1126.0 162648.0
0.09325946445060018 1118.0 112900.0
0.09395198522622346 1126.0 163395.0
0.094067405355494 1126.0 163395.0
0.09429824561403509 1126.0 163643.0
0.09441366574330563 1126.0 163649.0
0.09452908587257618 1122.0 138544.5
0.09464450600184672 1122.0 138544.5
0.09475992613111726 1118.0 113426.0
0.09487534626038781 1118.0 113537.0
0.0951061865189289 1118.0 113800.0
0.09522160664819945 1118.0 113808.0
0.09533702677747 1118.0 113932.0
0.09556786703601108 1122.0 138959.0
0.09568328716528163 1122.0 138971.5
0.09660664819944598 1118.0 114181.0
0.09672206832871653 1122.0 139111.5
0.09683748845798708 1118.0 114223.0
0.09695290858725762 1118.0 114223.0
0.09706832871652817 1122.0 139225.5
0.09718374884579871 1118.0 114271.0
0.09729916897506925 1126.0 164230.0
0.09764542936288088 1118.0 114528.0
0.09787626962142197 1118.0 114564.0
0.09810710987996306 1126.0 164330.0
0.09833795013850416 1118.0 114591.0
0.09879963065558633 1120.0 156625.0
0.09891505078485688 1120.0 162838.0
0.09903047091412742 1119.0 138748.5
0.09914589104339797 1120.0 162875.0
0.09926131117266851 1118.0 114660.0
0.0994921514312096 1122.0 192632.0
0.09960757156048015 1122.0 192632.0
0.0997229916897507 1122.0 192751.0
0.09995383194829179 1120.0 163038.0
0.10041551246537396 1120.0 163051.0
0.1005309325946445 1120.0 163104.0
0.10203139427516159 1120.0 163713.0
0.10330101569713758 1121.0 166719.0
0.10364727608494921 1121.0 166720.0
0.1084949215143121 1122.0 198752.0
0.10861034164358264 1122.0 199509.0
0.10872576177285319 1121.0 168940.0
0.10895660203139428 1122.0 199717.0
0.11149584487534626 1121.0 171762.0
0.11241920590951061 1121.0 172964.0
0.11253462603878116 1124.0 183345.5
0.11265004616805172 1124.0 183395.5
0.11276546629732226 1121.0 173116.0
0.1128808864265928 1121.0 173116.0
0.11299630655586335 1121.0 173124.0
0.1139196675900277 1121.0 174569.0
0.11461218836565097 1121.0 174980.0
0.11588180978762697 1121.0 175285.0
0.1172668513388735 1122.0 223281.0
0.11738227146814405 1122.0 223331.0
0.11761311172668514 1122.0 223331.0
0.11784395198522622 1122.0 223373.0
0.11795937211449677 1122.0 223399.0
0.11807479224376731 1122.0 223399.0
0.11842105263157894 1122.0 223434.0
0.11888273314866113 1122.0 223780.0
0.11899815327793167 1122.0 223780.0
0.11922899353647276 1122.0 223794.0
0.11945983379501385 1122.0 223988.0
0.11969067405355494 1121.0 179518.0
0.11980609418282548 1121.0 179664.0
0.11992151431209604 1121.0 179669.0
0.12026777469990767 1121.0 179671.0
0.12038319482917821 1121.0 179782.0
0.12049861495844875 1121.0 179977.0
0.12072945521698984 1121.0 180042.0
0.12084487534626039 1121.0 180042.0
0.12107571560480147 1121.0 180043.0
0.12119113573407202 1121.0 180043.0
0.12442289935364728 1122.0 236279.0
0.12453831948291783 1122.0 236279.0
0.12765466297322253 1120.0 197015.0
0.12777008310249308 1120.0 197021.0
0.1291551246537396 1120.0 197361.0
0.13157894736842105 1120.0 198312.0
0.13204062788550322 1121.0 199443.0
0.13227146814404434 1121.0 199450.0
0.13238688827331488 1121.0 199487.0
0.13250230840258542 1121.0 201117.0
0.13331024930747923 1121.0 203354.0
0.13342566943674977 1121.0 203369.0
0.1340027700831025 1121.0 203532.0
0.13815789473684212 1122.0 208934.0
0.1383887349953832 1122.0 209921.0
0.13885041551246538 1122.0 209994.0
0.13896583564173592 1122.0 210004.0
0.13908125577100647 1122.0 210004.0
0.1396583564173592 1121.5 210214.5
0.13977377654662973 1121.0 210211.0
0.14058171745152354 1121.0 210338.0
0.14069713758079408 1121.0 210338.0
0.141735918744229 1122.0 215546.0
0.14185133887349954 1122.0 215551.0
0.1419667590027701 1122.0 215625.0
0.15166204986149584 1128.0 231231.0
0.15177746999076638 1128.0 231240.0
0.15200831024930747 1128.0 231242.0
0.1657433056325023 1124.0 252897.0
0.16712834718374883 1124.0 255222.0
0.1672437673130194 1124.0 255222.0
0.1674746075715605 1124.0 255377.0
0.17174515235457063 1124.0 258697.0
0.17255309325946444 1124.0 258715.0
0.17693905817174516 1130.0 348456.0
0.1772853185595568 1130.0 348740.0
0.17751615881809787 1130.0 348743.0
0.1786703601108033 1130.0 349417.0
0.17878578024007388 1130.0 349423.0
0.17901662049861497 1130.0 349684.0
0.1791320406278855 1130.0 349705.0
0.17947830101569714 1130.0 349774.0
0.17982456140350878 1129.0 256609.0
0.17993998153277932 1129.0 256780.0
0.1812096029547553 1130.0 350315.0
0.18132502308402584 1130.0 350433.0
0.1814404432132964 1130.0 350433.0
0.18201754385964913 1130.0 350460.0
0.18213296398891968 1124.0 275920.0
0.18224838411819022 1127.6666666666667 301292.6666666667
0.18236380424746076 1130.0 350462.0
0.1824792243767313 1124.0 276369.0
0.1827100646352724 1124.0 276386.0
0.18340258541089566 1131.0 278964.0
0.18397968605724838 1130.0 351105.0
0.1845567867036011 1131.0 296668.0
0.1850184672206833 1124.0 276819.0
0.18617266851338873 1124.0 277032.0
0.1866343490304709 1124.0 277034.0
0.18674976915974145 1124.0 277148.0
0.186865189289012 1124.0 277268.0
0.18721144967682363 1124.0 277279.0
0.18744228993536471 1124.0 277385.0
0.18767313019390583 1124.0 277385.0
0.18801939058171746 1131.0 302866.0
0.188134810710988 1124.0 277427.0
0.1930978762696214 1131.0 314360.0
0.20856417359187443 1131.0 330472.0
0.219067405355494 1130.0 390082.0
0.21918282548476453 1130.0 390090.0
0.21929824561403508 1130.0 390090.0
0.21941366574330562 1130.0 390094.0
0.2195290858725762 1130.0 390114.0
0.21964450600184673 1130.0 390114.0
0.2211449676823638 1130.0 390797.0
0.22126038781163435 1130.0 390805.0
0.2236842105263158 1130.0 391770.0
0.22379963065558633 1130.0 391770.0
0.22391505078485688 1130.0 391770.0
0.2242613111726685 1130.0 391776.0
0.2244921514312096 1130.0 392389.0
0.22541551246537397 1130.0 392867.0
0.23037857802400738 1133.0 396943.0
0.23049399815327792 1133.0 396943.0
0.27123730378578026 1133.0 420533.0
0.27158356417359186 1133.0 420583.0
0.27181440443213295 1133.0 420586.0
0.27204524469067404 1133.0 434563.0
0.2722760849492151 1134.0 467632.0
0.2873961218836565 1126.0 392087.0
0.2884349030470914 1126.0 392497.0
0.288550323176362 1126.0 392497.0
0.28935826408125576 1126.0 392588.0
0.2894736842105263 1126.0 392588.0
0.3508771929824561 1134.0 609596.0
0.35526315789473684 1134.0 621993.0
0.4301708217913204 1127.0 602926.0
0.43028624192059095 1127.0 602926.0
0.4304016620498615 1127.0 602933.0
0.4307479224376731 1127.0 603542.0
0.4308633425669437 1127.0 603542.0
0.4309787626962142 1127.0 603545.0
0.4310941828254848 1127.0 603545.0
0.43155586334256696 1127.0 604114.0
0.43617266851338876 1127.0 640920.0
0.7914358264081256 1139.0 1262913.0
1.0 1143.0 1593385.0
