5410
0.00011542012927054478 602.884349030471 0.0
0.00023084025854108956 956.0994152046784 0.0
0.00034626038781163435 1319.8126672613737 0.0
0.0004616805170821791 1592.2021439509954 0.0
0.0005771006463527239 1795.3552036199094 0.0
0.0006925207756232687 1940.8871951219512 0.0
0.0008079409048938135 2161.119850187266 0.0
0.0009233610341643582 2359.257510729614 0.0
0.001038781163434903 2438.235294117647 0.0
0.0011542012927054479 2501.5868263473053 0.0
0.0012696214219759926 2592.109375 0.0
0.0013850415512465374 2702.175182481752 0.0
0.0015004616805170822 2857.2761904761905 0.0
0.001615881809787627 2887.411214953271 0.0
0.0017313019390581717 2904.2183908045977 0.0
0.0018467220683287165 2920.311111111111 0.0
0.0019621421975992612 2936.740740740741 0.0
0.002077562326869806 2967.514705882353 0.0
0.0021929824561403508 3052.344262295082 0.0
0.0023084025854108957 3182.1029411764707 0.0
0.0024238227146814403 3195.5714285714284 0.0
0.0025392428439519853 3234.5666666666666 0.0
0.00265466297322253 3275.896551724138 0.0
0.002770083102493075 3303.483870967742 0.0
0.0028855032317636198 3395.4285714285716 0.0
0.0030009233610341643 3397.814814814815 0.0
0.0031163434903047093 3516.9772727272725 0.0
0.003231763619575254 3577.2272727272725 0.0
0.003347183748845799 3547.478260869565 0.0
0.0034626038781163434 3485.4736842105262 0.0
0.0035780240073868884 3565.2285714285713 0.0
0.003693444136657433 3653.8275862068967 0.0
0.003808864265927978 3779.1785714285716 0.0
0.0039242843951985225 3716.190476190476 0.0
0.004039704524469067 3723.346153846154 0.0
0.004155124653739612 3859.95 0.0
0.004270544783010157 3800.608695652174 0.0
0.0043859649122807015 3762.16 0.0
0.004501385041551247 3834.6923076923076 0.0
0.0046168051708217915 3749.222222222222 0.0
0.004732225300092336 3737.25 0.0
0.004847645429362881 3822.25 0.0
0.004963065558633426 3986.125 0.0
0.0050784856879039705 3865.65 0.0
0.005193905817174515 3899.214285714286 0.0
0.00530932594644506 3883.8333333333335 0.0
0.005424746075715605 3799.375 0.0
0.00554016620498615 4012.285714285714 0.0
0.005655586334256694 3963.3125 0.0
0.0057710064635272396 3934.866666666667 0.0
0.005886426592797784 3966.4166666666665 0.0
0.006001846722068329 3990.818181818182 0.0
0.006117266851338873 3962.9 0.0
0.006232686980609419 3948.285714285714 0.0
0.006348107109879963 3981.6666666666665 0.0
0.006463527239150508 4075.4 0.0
0.006578947368421052 4057.6666666666665 0.0
0.006694367497691598 4225.333333333333 0.0
0.006809787626962142 4278.625 0.0
0.006925207756232687 4230.25 0.0
0.007040627885503232 4227.125 0.0
0.007156048014773777 4320.714285714285 0.0
0.007271468144044321 4156.833333333333 0.0
0.007386888273314866 4280.333333333333 0.0
0.007502308402585411 4287.636363636364 0.0
0.007617728531855956 4169.222222222223 0.0
0.0077331486611265 4107.875 0.0
0.007848568790397045 4178.142857142857 0.0
0.00796398891966759 4313.666666666667 0.0
0.008079409048938134 4038.0 0.0
0.00819482917820868 4195.8 0.0
0.008310249307479225 4225.833333333333 0.0
0.008425669436749769 4112.25 0.0
0.008541089566020314 4209.0 0.0
0.00865650969529086 4260.428571428572 0.0
0.008771929824561403 4059.285714285714 0.0
0.008887349953831948 4043.75 0.0
0.009002770083102494 4254.8 0.0
0.009118190212373038 4312.857142857143 0.0
0.009233610341643583 4402.2 0.0
0.009349030470914127 4389.0 0.0
0.009464450600184672 4422.6 0.0
0.009579870729455217 4473.6 0.0
0.009695290858725761 4433.5 0.0
0.009810710987996307 4345.25 0.0
0.009926131117266852 4416.571428571428 0.0
0.010041551246537396 4466.833333333333 0.0
0.010156971375807941 4442.75 0.0
0.010272391505078486 4520.125 0.0
0.01038781163434903 4523.571428571428 0.0
0.010503231763619576 4525.0 0.0
0.01061865189289012 4440.888888888889 0.0
0.010734072022160665 4501.6 0.0
0.01084949215143121 4336.833333333333 0.0
0.010964912280701754 4401.875 0.0
0.0110803324099723 4504.375 0.0
0.011195752539242845 4478.2 0.0
0.011311172668513388 4516.0 0.0
0.011426592797783934 4509.5 0.0
0.011542012927054479 4460.5 0.0
0.011657433056325023 4487.2 0.0
0.011772853185595568 4456.5 0.0
0.011888273314866112 4513.0 0.0
0.012003693444136657 4407.2 0.0
0.012119113573407203 4560.4 0.0
0.012234533702677746 4649.333333333333 0.0
0.012349953831948292 4460.0 0.0
0.012465373961218837 4637.0 0.0
0.012580794090489381 4575.5 0.0
0.012696214219759926 4650.666666666667 0.0
0.012811634349030472 4599.4 0.0
0.012927054478301015 4604.0 0.0
0.01304247460757156 4571.0 0.0
0.013157894736842105 4605.5 0.0
0.01327331486611265 4493.0 0.0
0.013388734995383195 4590.5 0.0
0.013504155124653739 4426.0 0.0
0.013619575253924284 4511.8 0.0
0.01373499538319483 4496.333333333333 0.0
0.013850415512465374 4507.666666666667 0.0
0.013965835641735919 4557.5 0.0
0.014081255771006464 4534.25 0.0
0.014196675900277008 4500.5 0.0
0.014312096029547553 4538.25 0.0
0.014427516158818097 4542.25 0.0
0.014542936288088643 4633.5 0.0
0.014658356417359188 4467.0 0.0
0.014889196675900277 4292.5 0.0
0.015004616805170823 4114.0 0.0
0.015120036934441366 4428.0 0.0
0.015235457063711912 4550.0 0.0
0.015350877192982455 4554.0 0.0
0.015466297322253 4518.25 0.0
0.015581717451523546 4563.4 0.0
0.01569713758079409 4585.666666666667 0.0
0.015812557710064637 4568.857142857143 0.0
0.01592797783933518 4634.0 0.0
0.016043397968605724 4615.5 0.0
0.016158818097876268 4547.4 0.0
0.016274238227146815 4644.2 0.0
0.01638965835641736 4620.166666666667 0.0
0.016505078485687903 4590.25 0.0
0.01662049861495845 4587.5 0.0
0.016735918744228993 4649.0 0.0
0.016851338873499537 4602.0 0.0
0.016966759002770084 4644.428571428572 0.0
0.017082179132040628 4608.666666666667 0.0
0.01719759926131117 4635.0 0.0
0.01731301939058172 4619.166666666667 0.0
0.017428439519852262 4568.5 0.0
0.017543859649122806 4631.8 0.0
0.017659279778393353 4589.428571428572 0.0
0.017774699907663897 4580.0 0.0
0.01789012003693444 4558.6 0.0
0.018005540166204988 4552.166666666667 0.0
0.01812096029547553 4611.666666666667 0.0
0.018236380424746075 4850.0 0.0
0.018351800554016622 4609.5 0.0
0.018467220683287166 4614.333333333333 0.0
0.01858264081255771 4628.25 0.0
0.018698060941828253 4626.5 0.0
0.0188134810710988 4629.0 0.0
0.018928901200369344 4606.5 0.0
0.019044321329639888 4584.0 0.0
0.01927516158818098 4787.0 0.0
0.01950600184672207 4791.0 0.0
0.019621421975992613 4637.0 0.0
0.019736842105263157 4698.5 0.0
0.019852262234533704 4639.5 0.0
0.019967682363804248 4652.0 0.0
0.02008310249307479 4644.5 0.0
0.02019852262234534 4644.5 0.0
0.020313942751615882 4672.0 0.0
0.020429362880886426 4679.333333333333 0.0
0.020544783010156973 4670.5 0.0
0.020660203139427517 4681.0 0.0
0.02077562326869806 4683.0 0.0
0.020891043397968604 4684.0 0.0
0.02100646352723915 4685.0 0.0
0.021121883656509695 4830.0 0.0
0.02123730378578024 4735.666666666667 0.0
0.021352723915050786 4761.0 0.0
0.02146814404432133 4733.333333333333 0.0
0.021583564173591873 4738.0 0.0
0.02169898430286242 4755.0 0.0
0.021814404432132964 4674.0 0.0
0.021929824561403508 4696.5 0.0
0.022045244690674055 4695.0 0.0
0.0221606648199446 4696.0 0.0
0.022276084949215142 4684.0 0.0
0.02239150507848569 4612.0 0.0
0.022506925207756233 4656.0 0.0
0.022737765466297324 4637.0 0.0
0.022853185595567867 4530.0 0.0
0.023084025854108958 4652.0 0.0
0.023199445983379502 4631.5 0.0
0.02366112650046168 4829.0 0.0
0.023776546629732224 4754.0 0.0
0.02389196675900277 4705.5 0.0
0.024007386888273315 4706.5 0.0
0.02412280701754386 4752.0 0.0
0.024238227146814405 4731.0 0.0
0.02435364727608495 4731.5 0.0
0.024699907663896584 4749.0 0.0
0.024815327793167127 4749.0 0.0
0.024930747922437674 4721.0 0.0
0.025046168051708218 4778.0 0.0
0.025623268698060944 4840.0 0.0
0.025738688827331487 4840.0 0.0
0.025969529085872575 4685.0 0.0
0.027008310249307478 4770.0 0.0
0.027123730378578025 4797.0 0.0
0.02723915050784857 4746.0 0.0
0.02746999076638966 4757.0 0.0
0.027585410895660203 4757.0 0.0
0.027700831024930747 4757.0 0.0
0.027816251154201294 4760.0 0.0
0.027931671283471838 4844.0 0.0
0.02804709141274238 4804.0 0.0
0.02816251154201293 4805.0 0.0
0.028277931671283472 4845.0 0.0
0.028393351800554016 4806.0 0.0
0.02850877192982456 4848.0 0.0
0.02873961218836565 4765.0 0.0
0.028855032317636194 4849.0 0.0
0.02897045244690674 4807.5 0.0
0.029085872576177285 4733.5 0.0
0.029778393351800554 4671.0 0.0
0.03012465373961219 4772.0 0.0
0.03035549399815328 4695.0 0.0
0.030470914127423823 4789.0 0.0
0.030586334256694367 4789.666666666667 0.0
0.03070175438596491 4791.0 0.0
0.030817174515235458 4791.0 0.0
0.030932594644506 4829.0 0.0
0.03150969529085872 4808.0 0.0
0.031625115420129274 4795.0 0.0
0.03174053554939982 4795.0 0.0
0.03185595567867036 4869.0 0.0
0.03220221606648199 4720.0 0.0
0.03254847645429363 4720.0 0.0
0.03277931671283472 4720.0 0.0
0.033010156971375805 4720.0 0.0
0.03358725761772853 4715.0 0.0
0.033818097876269625 4715.0 0.0
0.03393351800554017 4726.0 0.0
0.03404893813481071 4726.0 0.0
0.03439519852262234 4750.333333333333 0.0
0.03451061865189289 4731.0 0.0
0.03462603878116344 4732.0 0.0
0.034856879039704525 4861.0 0.0
0.03497229916897507 4840.0 0.0
0.03508771929824561 4818.0 0.0
0.035203139427516156 4823.0 0.0
0.035318559556786706 4862.0 0.0
0.03543397968605725 4843.0 0.0
0.035549399815327794 4862.0 0.0
0.03578024007386888 4731.0 0.0
0.035895660203139425 4731.0 0.0
0.036011080332409975 4826.0 0.0
0.03612650046168052 4826.0 0.0
0.036357340720221606 4731.0 0.0
0.03681902123730379 4830.0 0.0
0.03693444136657433 4847.0 0.0
0.03728070175438596 4838.0 0.0
0.037396121883656507 4857.0 0.0
0.0376269621421976 4763.0 0.0
0.037742382271468145 4804.5 0.0
0.03785780240073869 4817.0 0.0
0.03797322253000923 4840.0 0.0
0.038088642659279776 4878.5 0.0
0.038204062788550326 4871.0 0.0
0.03831948291782087 4871.0 0.0
0.038434903047091414 4841.333333333333 0.0
0.03855032317636196 4881.0 0.0
0.0386657433056325 4876.0 0.0
0.038781163434903045 4875.0 0.0
0.03901200369344414 4868.0 0.0
0.03912742382271468 4872.0 0.0
0.039242843951985226 4861.0 0.0
0.03970452446906741 4891.0 0.0
0.03981994459833795 4871.0 0.0
0.039935364727608495 4891.0 0.0
0.04005078485687904 4875.5 0.0
0.04016620498614958 4878.5 0.0
0.04039704524469068 4883.0 0.0
0.04051246537396122 4879.0 0.0
0.040627885503231764 4879.0 0.0
0.04074330563250231 4829.5 0.0
0.04085872576177285 4778.0 0.0
0.040974145891043395 4778.0 0.0
0.041089566020313946 4886.0 0.0
0.04120498614958449 4896.0 0.0
0.04132040627885503 4898.0 0.0
0.04143582640812558 4904.0 0.0
0.04155124653739612 4891.0 0.0
0.041666666666666664 4891.0 0.0
0.04178208679593721 4891.0 0.0
0.04189750692520776 4851.666666666667 0.0
0.042128347183748846 4891.0 0.0
0.04247460757156048 4891.0 0.0
0.04270544783010157 4893.0 0.0
0.042820867959372115 4900.0 0.0
0.04293628808864266 4900.0 0.0
0.0432825484764543 4787.0 0.0
0.04339796860572484 4843.5 0.0
0.043513388734995384 4787.0 0.0
0.043975069252077566 4790.0 0.0
0.04409048938134811 4790.0 0.0
0.0443213296398892 4901.0 0.0
0.04443674976915974 4901.0 0.0
0.044552169898430284 4901.0 0.0
0.04478301015697138 4901.0 0.0
0.04489843028624192 4901.0 0.0
0.046398891966759004 4806.0 0.0
0.04651431209602955 4807.0 0.0
0.04662973222530009 4807.0 0.0
0.046745152354570635 4864.5 0.0
0.04686057248384118 4865.0 0.0
0.04697599261311173 4866.0 0.0
0.04709141274238227 4808.0 0.0
0.04732225300092336 4924.0 0.0
0.047668513388735 4867.0 0.0
0.04778393351800554 4924.0 0.0
0.04836103416435827 4788.0 0.0
0.04847645429362881 4856.5 0.0
0.048591874422899355 4797.0 0.0
0.04882271468144044 4818.0 0.0
0.04905355493998153 4818.0 0.0
0.04939981532779317 4804.0 0.0
0.0497460757156048 4821.0 0.0
0.04986149584487535 4817.0 0.0
0.04997691597414589 4893.5 0.0
0.050092336103416436 4957.0 0.0
0.05020775623268698 4957.0 0.0
0.05043859649122807 4854.5 0.0
0.05055401662049862 4878.0 0.0
0.05066943674976916 4878.0 0.0
0.050784856879039705 4878.0 0.0
0.05090027700831025 4878.0 0.0
0.05193905817174515 4903.0 0.0
0.05216989843028624 4863.0 0.0
0.05240073868882733 4884.5 0.0
0.057594644506001845 4894.0 0.0
0.05771006463527239 4894.0 0.0
0.05782548476454294 4894.0 0.0
0.05794090489381348 4894.0 0.0
0.058287165281625114 4894.0 0.0
0.05840258541089566 4894.0 0.0
0.05851800554016621 4894.0 0.0
0.05863342566943675 4894.0 0.0
0.05886426592797784 4894.0 0.0
0.05897968605724838 4894.0 0.0
0.05909510618651893 4894.0 0.0
0.05921052631578947 4894.0 0.0
0.059441366574330565 4894.0 0.0
0.06209602954755309 4875.0 0.0
0.0641735918744229 4922.0 0.0
0.06428901200369344 4922.0 0.0
0.06440443213296398 4922.0 0.0
0.06463527239150507 4903.0 0.0
0.06475069252077563 4903.5 0.0
0.06486611265004617 4922.0 0.0
0.06509695290858726 4902.0 0.0
0.06567405355493998 4913.5 0.0
0.06578947368421052 4933.0 0.0
0.06590489381348107 4933.0 0.0
0.06602031394275161 4933.0 0.0
0.06625115420129271 4934.0 0.0
0.0664819944598338 4935.0 0.0
0.06752077562326869 4912.0 0.0
0.06763619575253925 4913.0 0.0
0.06786703601108034 4913.0 0.0
0.06809787626962142 4914.0 0.0
0.06821329639889197 4914.0 0.0
0.06832871652816251 4915.0 0.0
0.06844413665743306 4915.0 0.0
0.06879039704524469 4915.0 0.0
0.07017543859649122 4910.0 0.0
0.07156048014773776 4919.0 0.0
0.0719067405355494 5031.0 0.0
0.07202216066481995 5031.0 0.0
0.0721375807940905 5031.0 0.0
0.07352262234533703 4928.0 0.0
0.07375346260387812 4975.0 0.0
0.07386888273314866 4975.0 0.0
0.07663896583564174 4940.0 0.0
0.07756232686980609 4923.0 0.0
0.07779316712834719 4923.0 0.0
0.07813942751615882 4927.0 0.0
0.07952446906740536 4962.0 0.0
0.07987072945521699 5044.0 0.0
0.08056325023084025 4965.0 0.0
0.08067867036011081 4965.0 0.0
0.08194829178208679 5044.0 0.0
0.08287165281625115 5044.0 0.0
0.08460295475530932 5045.0 0.0
0.08471837488457987 5046.0 0.0
0.08506463527239151 5046.0 0.0
0.0852954755309326 5048.0 0.0
0.08575715604801477 5048.0 0.0
0.08621883656509695 5048.0 0.0
0.08633425669436749 5048.0 0.0
0.08644967682363804 4942.0 0.0
0.08783471837488457 5056.0 0.0
0.08795013850415513 5057.0 0.0
0.08806555863342568 5057.0 0.0
0.08818097876269622 5057.0 0.0
0.08945060018467221 4942.0 0.0
0.08956602031394276 4942.0 0.0
0.08979686057248384 5000.0 0.0
0.08991228070175439 5050.0 0.0
0.09014312096029548 5000.0 0.0
0.09025854108956602 5000.0 0.0
0.09037396121883656 5058.0 0.0
0.0904893813481071 5000.0 0.0
0.09060480147737765 4944.0 0.0
0.0907202216066482 5058.0 0.0
0.09118190212373038 4986.0 0.0
0.09141274238227147 4947.0 0.0
0.09164358264081256 5045.0 0.0
0.09198984302862419 5045.0 0.0
0.09210526315789473 5050.0 0.0
0.09222068328716528 5050.0 0.0
0.09233610341643583 5050.0 0.0
0.09245152354570638 5050.0 0.0
0.09441366574330563 5052.0 0.0
0.09452908587257618 5052.0 0.0
0.09464450600184672 5052.0 0.0
0.0951061865189289 4952.0 0.0
0.09522160664819945 4952.0 0.0
0.09533702677747 4953.0 0.0
0.09545244690674054 4970.5 0.0
0.09556786703601108 4955.0 0.0
0.09568328716528163 4955.0 0.0
0.09579870729455217 4971.0 0.0
0.09591412742382271 4972.0 0.0
0.09602954755309326 4957.0 0.0
0.0961449676823638 4957.0 0.0
0.09626038781163435 4958.0 0.0
0.09637580794090489 5011.5 0.0
0.09649122807017543 5065.0 0.0
0.09660664819944598 5065.0 0.0
0.09672206832871653 5065.0 0.0
0.09683748845798708 5065.0 0.0
0.09706832871652817 5014.0 0.0
0.0974145891043398 5009.666666666667 0.0
0.09753000923361034 5034.0 0.0
0.09764542936288088 4963.0 0.0
0.09776084949215143 5065.0 0.0
0.09822253000923362 5014.0 0.0
0.09868421052631579 5065.0 0.0
0.09879963065558633 5065.0 0.0
0.0994921514312096 4965.0 0.0
0.10064635272391505 5006.0 0.0
0.10156971375807941 5067.0 0.0
0.10168513388734995 5067.0 0.0
0.10191597414589104 5067.0 0.0
0.10203139427516159 5067.0 0.0
0.10226223453370267 5067.0 0.0
0.10249307479224377 5067.0 0.0
0.10260849492151432 5067.0 0.0
0.10295475530932595 5067.0 0.0
0.10318559556786704 4993.0 0.0
0.10330101569713758 5067.0 0.0
0.1061865189289012 5035.0 0.0
0.10630193905817174 5071.0 0.0
0.10653277931671283 5000.0 0.0
0.10664819944598337 5041.5 0.0
0.10676361957525392 5006.5 0.0
0.10687903970452448 5006.5 0.0
0.1074561403508772 5001.0 0.0
0.10757156048014774 5015.0 0.0
0.10768698060941828 5044.5 0.0
0.10780240073868882 5044.5 0.0
0.10791782086795937 5030.0 0.0
0.10803324099722991 5015.0 0.0
0.10814866112650046 5044.5 0.0
0.10872576177285319 5074.0 0.0
0.10884118190212373 5037.5 0.0
0.10918744228993536 5074.0 0.0
0.109533702677747 5074.0 0.0
0.10964912280701754 5074.0 0.0
0.1097645429362881 5074.0 0.0
0.10987996306555864 5075.0 0.0
0.10999538319482918 5075.0 0.0
0.11022622345337027 5003.0 0.0
0.11080332409972299 5075.0 0.0
0.11091874422899353 5075.0 0.0
0.11114958448753462 5075.0 0.0
0.11126500461680518 5045.5 0.0
0.11149584487534626 5020.0 0.0
0.11172668513388735 5020.0 0.0
0.1118421052631579 5020.0 0.0
0.11207294552169898 5076.0 0.0
0.11253462603878116 5021.0 0.0
0.11299630655586335 5022.0 0.0
0.11311172668513389 5022.0 0.0
0.11334256694367498 5022.0 0.0
0.11345798707294552 5022.0 0.0
0.11588180978762697 5020.0 0.0
0.12015235457063712 5007.0 0.0
0.12038319482917821 5007.0 0.0
0.12049861495844875 5015.5 0.0
0.1206140350877193 5016.0 0.0
0.12072945521698984 5008.0 0.0
0.12084487534626039 5042.5 0.0
0.12096029547553093 5042.5 0.0
0.12107571560480147 5036.333333333333 0.0
0.12119113573407202 5008.0 0.0
0.12153739612188366 5008.0 0.0
0.12199907663896584 5008.0 0.0
0.12222991689750692 5077.0 0.0
0.12234533702677747 5008.0 0.0
0.12257617728531855 5077.0 0.0
0.12280701754385964 5008.0 0.0
0.1229224376731302 5008.0 0.0
0.12338411819021237 5079.0 0.0
0.12349953831948292 5079.0 0.0
0.12407663896583564 5079.0 0.0
0.12638504155124652 5012.0 0.0
0.1265004616805171 5012.0 0.0
0.12684672206832873 5012.0 0.0
0.12696214219759927 5080.0 0.0
0.12707756232686981 5046.0 0.0
0.12719298245614036 5012.0 0.0
0.12846260387811634 5080.0 0.0
0.13134810710987996 5029.0 0.0
0.1314635272391505 5029.0 0.0
0.13157894736842105 5029.0 0.0
0.1316943674976916 5029.0 0.0
0.13180978762696213 5029.0 0.0
0.13192520775623268 5057.0 0.0
0.13215604801477376 5029.0 0.0
0.13238688827331488 5029.0 0.0
0.13250230840258542 5029.0 0.0
0.13284856879039705 5029.0 0.0
0.1329639889196676 5029.0 0.0
0.13307940904893814 5029.0 0.0
0.13319482917820868 5029.0 0.0
0.13365650969529086 5016.0 0.0
0.1337719298245614 5016.0 0.0
0.13423361034164358 5016.0 0.0
0.13434903047091412 5016.0 0.0
0.13469529085872575 5016.0 0.0
0.1348107109879963 5016.0 0.0
0.13758079409048937 5017.0 0.0
0.13769621421975992 5017.0 0.0
0.13781163434903046 5017.0 0.0
0.137927054478301 5017.0 0.0
0.13804247460757155 5017.0 0.0
0.13815789473684212 5017.0 0.0
0.13827331486611266 5017.0 0.0
0.13896583564173592 5063.0 0.0
0.14519852262234534 5036.0 0.0
0.14542936288088643 5036.0 0.0
0.1456602031394275 5036.0 0.0
0.14577562326869806 5036.0 0.0
0.14623730378578023 5036.0 0.0
0.14635272391505078 5036.0 0.0
0.14681440443213298 5019.0 0.0
0.14692982456140352 5091.0 0.0
0.1473915050784857 5106.0 0.0
0.14785318559556787 5106.0 0.0
0.14808402585410896 5106.0 0.0
0.14831486611265005 5106.0 0.0
0.14854570637119113 5071.5 0.0
0.14866112650046168 5037.0 0.0
0.14877654662973222 5106.0 0.0
0.14889196675900276 5037.0 0.0
0.1492382271468144 5091.0 0.0
0.14946906740535548 5091.0 0.0
0.14958448753462603 5091.0 0.0
0.15039242843951986 5091.0 0.0
0.1505078485687904 5091.0 0.0
0.15062326869806095 5091.0 0.0
0.15108494921514312 5091.0 0.0
0.15143120960295475 5092.0 0.0
0.1515466297322253 5092.0 0.0
0.15200831024930747 5092.0 0.0
0.1523545706371191 5092.0 0.0
0.15581717451523547 5108.0 0.0
0.155932594644506 5108.0 0.0
0.15662511542012927 5140.0 0.0
0.16089566020313942 5109.0 0.0
0.16101108033240996 5109.0 0.0
0.1611265004616805 5109.0 0.0
0.16124192059095105 5109.0 0.0
0.16135734072022162 5109.0 0.0
0.16147276084949216 5109.0 0.0
0.1615881809787627 5109.0 0.0
0.1618190212373038 5109.0 0.0
0.16204986149584488 5109.0 0.0
0.16228070175438597 5109.0 0.0
0.16585872576177285 5111.0 0.0
0.16608956602031394 5111.0 0.0
0.1665512465373961 5111.0 0.0
0.1667820867959372 5111.0 0.0
0.16689750692520774 5111.0 0.0
0.1670129270544783 5111.0 0.0
0.16712834718374883 5111.0 0.0
0.1672437673130194 5111.0 0.0
0.1674746075715605 5111.0 0.0
0.16770544783010158 5111.0 0.0
0.16782086795937212 5111.0 0.0
0.16955216989843028 5112.0 0.0
0.16978301015697136 5112.0 0.0
0.1698984302862419 5112.0 0.0
0.17001385041551245 5112.0 0.0
0.17382271468144045 5114.0 0.0
0.1778624192059095 5114.0 0.0
0.19609879963065557 5159.0 0.0
0.22276084949215144 5085.0 0.0
0.22287626962142199 5085.0 0.0
0.22322253000923362 5085.0 0.0
0.22333795013850416 5086.0 0.0
0.2234533702677747 5086.0 0.0
0.22356879039704525 5086.0 0.0
0.22379963065558633 5086.0 0.0
0.22391505078485688 5086.0 0.0
0.22403047091412742 5086.0 0.0
0.22968605724838412 5087.0 0.0
0.22980147737765466 5087.0 0.0
0.2299168975069252 5087.0 0.0
0.23003231763619575 5087.0 0.0
0.23026315789473684 5087.0 0.0
0.23037857802400738 5087.0 0.0
0.23060941828254847 5087.0 0.0
0.230724838411819 5087.0 0.0
0.23084025854108955 5088.0 0.0
0.2322253000923361 5096.0 0.0
0.30343951985226225 5182.0 0.0
0.3845798707294552 5188.0 0.0
0.6880193905817175 5307.0 0.0
0.8039012003693444 5321.0 0.0
1.0 5410.0 0.0
