1236043
0.00011542012927054478 1393.173245614035 0.0
0.00023084025854108956 2203.8210659898477 0.0
0.00034626038781163435 3467.0220440881762 0.0
0.0004616805170821791 4073.440058479532 0.0
0.0005771006463527239 4909.022727272727 0.0
0.0006925207756232687 5641.060344827586 0.0
0.0008079409048938135 6128.849264705882 0.0
0.0009233610341643582 6575.611607142857 0.0
0.001038781163434903 7067.921465968587 0.0
0.0011542012927054479 7809.688622754491 0.0
0.0012696214219759926 7447.809917355372 0.0
0.0013850415512465374 7961.3675213675215 0.0
0.0015004616805170822 9584.396226415094 0.0
0.001615881809787627 10235.076190476191 0.0
0.0017313019390581717 9878.62886597938 0.0
0.0018467220683287165 11169.606741573034 0.0
0.0019621421975992612 11480.581081081082 0.0
0.002077562326869806 11287.426229508197 0.0
0.0021929824561403508 12315.515625 0.0
0.0023084025854108957 12852.866666666667 0.0
0.0024238227146814403 15535.25 0.0
0.0025392428439519853 14842.204081632653 0.0
0.00265466297322253 15768.06 0.0
0.002770083102493075 14730.102040816326 0.0
0.0028855032317636198 16307.095238095239 0.0
0.0030009233610341643 15999.808510638299 0.0
0.0031163434903047093 15864.302325581395 0.0
0.003231763619575254 19514.972222222223 0.0
0.003347183748845799 17024.346153846152 0.0
0.0034626038781163434 20320.904761904763 0.0
0.0035780240073868884 16104.782608695652 0.0
0.003693444136657433 16045.7 0.0
0.003808864265927978 18726.409090909092 0.0
0.0039242843951985225 19586.862068965518 0.0
0.004039704524469067 21157.25 0.0
0.004155124653739612 18479.238095238095 0.0
0.004270544783010157 18216.333333333332 0.0
0.0043859649122807015 20773.95238095238 0.0
0.004501385041551247 21385.78125 0.0
0.0046168051708217915 21032.36842105263 0.0
0.004732225300092336 22434.875 0.0
0.004847645429362881 21946.96153846154 0.0
0.004963065558633426 24945.666666666668 0.0
0.0050784856879039705 18735.5625 0.0
0.005193905817174515 19335.444444444445 0.0
0.00530932594644506 25019.0 0.0
0.005424746075715605 25863.222222222223 0.0
0.00554016620498615 22315.25 0.0
0.005655586334256694 24902.0 0.0
0.0057710064635272396 25680.52380952381 0.0
0.005886426592797784 26723.105263157893 0.0
0.006001846722068329 26531.666666666668 0.0
0.006117266851338873 29585.235294117647 0.0
0.006232686980609419 37183.63636363636 0.0
0.006348107109879963 28334.2 0.0
0.006463527239150508 29450.875 0.0
0.006578947368421052 30550.9 0.0
0.006694367497691598 34062.6 0.0
0.006809787626962142 30027.375 0.0
0.006925207756232687 28754.058823529413 0.0
0.007040627885503232 30096.083333333332 0.0
0.007156048014773777 32986.846153846156 0.0
0.007271468144044321 36016.5 0.0
0.007386888273314866 39848.0 0.0
0.007502308402585411 31658.384615384617 0.0
0.007617728531855956 45023.0 0.0
0.0077331486611265 36493.625 0.0
0.007848568790397045 34279.0 0.0
0.00796398891966759 35676.333333333336 0.0
0.008079409048938134 37347.27272727273 0.0
0.00819482917820868 40025.0 0.0
0.008310249307479225 40069.0 0.0
0.008425669436749769 31053.76923076923 0.0
0.008541089566020314 31056.166666666668 0.0
0.00865650969529086 33261.36363636364 0.0
0.008771929824561403 36397.0 0.0
0.008887349953831948 31794.428571428572 0.0
0.009002770083102494 34668.857142857145 0.0
0.009118190212373038 28499.5 0.0
0.009233610341643583 38137.142857142855 0.0
0.009349030470914127 40446.166666666664 0.0
0.009464450600184672 37160.25 0.0
0.009579870729455217 40900.7 0.0
0.009695290858725761 49418.857142857145 0.0
0.009810710987996307 44535.9 0.0
0.009926131117266852 47218.07692307692 0.0
0.010041551246537396 39281.333333333336 0.0
0.010156971375807941 50298.333333333336 0.0
0.010272391505078486 32567.666666666668 0.0
0.01038781163434903 34666.875 0.0
0.010503231763619576 38131.833333333336 0.0
0.01061865189289012 38458.6 0.0
0.010734072022160665 41098.6 0.0
0.01084949215143121 51060.0 0.0
0.010964912280701754 51030.333333333336 0.0
0.0110803324099723 41587.833333333336 0.0
0.011195752539242845 40807.666666666664 0.0
0.011311172668513388 36876.42857142857 0.0
0.011426592797783934 44648.666666666664 0.0
0.011542012927054479 41261.333333333336 0.0
0.011657433056325023 50239.4 0.0
0.011772853185595568 46727.0 0.0
0.011888273314866112 41319.5 0.0
0.012003693444136657 30536.0 0.0
0.012119113573407203 35653.333333333336 0.0
0.012234533702677746 39855.0 0.0
0.012349953831948292 50613.0 0.0
0.012465373961218837 55423.75 0.0
0.012580794090489381 45124.5 0.0
0.012696214219759926 54887.0 0.0
0.012811634349030472 47241.6 0.0
0.012927054478301015 38999.5 0.0
0.01304247460757156 37748.71428571428 0.0
0.013157894736842105 43409.0 0.0
0.01327331486611265 45918.75 0.0
0.013388734995383195 53820.0 0.0
0.013504155124653739 56944.8 0.0
0.013619575253924284 54841.0 0.0
0.01373499538319483 59715.4 0.0
0.013850415512465374 57840.5 0.0
0.013965835641735919 40955.75 0.0
0.014081255771006464 37405.333333333336 0.0
0.014196675900277008 53219.5 0.0
0.014312096029547553 41393.333333333336 0.0
0.014427516158818097 47029.142857142855 0.0
0.014542936288088643 44464.5 0.0
0.014658356417359188 51689.0 0.0
0.014773776546629732 43701.0 0.0
0.014889196675900277 49214.0 0.0
0.015004616805170823 59744.0 0.0
0.015120036934441366 47695.5 0.0
0.015235457063711912 58799.5 0.0
0.015350877192982455 53696.0 0.0
0.015466297322253 65387.25 0.0
0.015581717451523546 52662.0 0.0
0.01569713758079409 61426.0 0.0
0.015812557710064637 51160.75 0.0
0.01592797783933518 56142.0 0.0
0.016043397968605724 63958.0 0.0
0.016158818097876268 55608.666666666664 0.0
0.016274238227146815 50866.0 0.0
0.01638965835641736 70766.5 0.0
0.016505078485687903 58565.0 0.0
0.01662049861495845 61236.666666666664 0.0
0.016735918744228993 54035.5 0.0
0.016966759002770084 58109.75 0.0
0.017082179132040628 51494.0 0.0
0.01719759926131117 57651.5 0.0
0.01731301939058172 46721.0 0.0
0.017428439519852262 55463.5 0.0
0.017543859649122806 53257.0 0.0
0.017659279778393353 60053.0 0.0
0.017774699907663897 57888.0 0.0
0.01789012003693444 52541.0 0.0
0.018005540166204988 58248.333333333336 0.0
0.01812096029547553 56559.666666666664 0.0
0.018236380424746075 60351.0 0.0
0.018467220683287166 67937.5 0.0
0.01858264081255771 65555.5 0.0
0.018698060941828253 68022.5 0.0
0.0188134810710988 69173.0 0.0
0.018928901200369344 87724.0 0.0
0.019044321329639888 87726.0 0.0
0.01927516158818098 68301.0 0.0
0.019390581717451522 69432.0 0.0
0.01950600184672207 68324.0 0.0
0.019621421975992613 46851.0 0.0
0.019852262234533704 64915.166666666664 0.0
0.019967682363804248 55962.333333333336 0.0
0.02008310249307479 69472.33333333333 0.0
0.02019852262234534 73456.66666666667 0.0
0.020313942751615882 38491.0 0.0
0.020429362880886426 63277.0 0.0
0.020544783010156973 58105.0 0.0
0.020660203139427517 68868.0 0.0
0.02077562326869806 60671.0 0.0
0.020891043397968604 53775.5 0.0
0.02100646352723915 134521.0 0.0
0.021121883656509695 52657.0 0.0
0.021352723915050786 52700.0 0.0
0.02146814404432133 52706.0 0.0
0.02169898430286242 58167.0 0.0
0.022045244690674055 66657.33333333333 0.0
0.0221606648199446 55807.0 0.0
0.022276084949215142 79082.0 0.0
0.02239150507848569 66074.33333333333 0.0
0.022506925207756233 67334.75 0.0
0.02296860572483841 69838.0 0.0
0.023084025854108958 79944.0 0.0
0.023199445983379502 74256.0 0.0
0.023314866112650046 72629.5 0.0
0.02343028624192059 75561.0 0.0
0.023545706371191136 77192.5 0.0
0.02366112650046168 74622.0 0.0
0.023776546629732224 70049.33333333333 0.0
0.02389196675900277 80523.0 0.0
0.024007386888273315 71282.0 0.0
0.02412280701754386 69459.2 0.0
0.024238227146814405 75598.33333333333 0.0
0.02435364727608495 71724.0 0.0
0.024469067405355493 71741.0 0.0
0.024815327793167127 71991.0 0.0
0.024930747922437674 76030.5 0.0
0.025046168051708218 80073.0 0.0
0.025392428439519853 64593.0 0.0
0.025738688827331487 75069.33333333333 0.0
0.025969529085872575 91168.5 0.0
0.02608494921514312 81005.0 0.0
0.026200369344413665 80731.5 0.0
0.026431209602954756 70989.5 0.0
0.0265466297322253 92009.5 0.0
0.026662049861495844 65705.0 0.0
0.026892890120036934 82320.0 0.0
0.027008310249307478 82333.0 0.0
0.027123730378578025 83146.33333333333 0.0
0.02723915050784857 82412.0 0.0
0.027354570637119113 92492.0 0.0
0.027585410895660203 72821.0 0.0
0.027700831024930747 75576.66666666667 0.0
0.027816251154201294 81001.0 0.0
0.02804709141274238 79644.0 0.0
0.02816251154201293 79753.0 0.0
0.028393351800554016 96446.0 0.0
0.02850877192982456 85563.0 0.0
0.028624192059095107 98250.0 0.0
0.02873961218836565 93106.0 0.0
0.028855032317636194 75804.66666666667 0.0
0.02897045244690674 78596.66666666667 0.0
0.029085872576177285 86723.33333333333 0.0
0.02920129270544783 76161.0 0.0
0.029316712834718376 90785.5 0.0
0.02943213296398892 87188.33333333333 0.0
0.029547553093259463 88969.0 0.0
0.02966297322253001 77412.33333333333 0.0
0.029778393351800554 77838.75 0.0
0.029893813481071098 83073.25 0.0
0.030009233610341645 82894.16666666667 0.0
0.03012465373961219 92526.0 0.0
0.030240073868882732 97317.0 0.0
0.03035549399815328 92636.0 0.0
0.030470914127423823 99639.0 0.0
0.030586334256694367 107588.33333333333 0.0
0.03070175438596491 75038.5 0.0
0.030817174515235458 99110.0 0.0
0.030932594644506 93772.5 0.0
0.031048014773776545 84546.25 0.0
0.031163434903047092 75322.5 0.0
0.03139427516158818 75392.0 0.0
0.03150969529085872 77926.0 0.0
0.031625115420129274 67923.0 0.0
0.03174053554939982 85729.0 0.0
0.03185595567867036 79191.5 0.0
0.031971375807940905 68063.0 0.0
0.03208679593721145 86068.66666666667 0.0
0.03220221606648199 120733.5 0.0
0.032317636195752536 142064.0 0.0
0.03243305632502309 120833.5 0.0
0.03254847645429363 142232.0 0.0
0.032663896583564174 120922.5 0.0
0.03277931671283472 121200.5 0.0
0.033125577100646356 87260.0 0.0
0.0332409972299169 105878.5 0.0
0.03335641735918744 105901.5 0.0
0.03347183748845799 116110.0 0.0
0.03358725761772853 90880.0 0.0
0.033702677746999074 117268.0 0.0
0.033818097876269625 69993.0 0.0
0.03393351800554017 112848.66666666667 0.0
0.03404893813481071 102287.0 0.0
0.034164358264081256 116701.0 0.0
0.0342797783933518 132853.0 0.0
0.03451061865189289 98940.0 0.0
0.03462603878116344 101335.66666666667 0.0
0.03474145891043398 111563.0 0.0
0.034856879039704525 95638.33333333333 0.0
0.03497229916897507 71724.66666666667 0.0
0.03508771929824561 101397.75 0.0
0.035203139427516156 72628.5 0.0
0.035318559556786706 111939.5 0.0
0.03543397968605725 94355.0 0.0
0.035549399815327794 88451.0 0.0
0.03566481994459834 78559.0 0.0
0.035895660203139425 70965.0 0.0
0.03612650046168052 85807.0 0.0
0.036357340720221606 86464.5 0.0
0.03647276084949215 87630.0 0.0
0.036588180978762694 81245.5 0.0
0.03681902123730379 101839.0 0.0
0.03693444136657433 91100.0 0.0
0.037049861495844875 71672.0 0.0
0.03716528162511542 71700.0 0.0
0.03728070175438596 91223.0 0.0
0.037396121883656507 91319.0 0.0
0.03751154201292706 91718.0 0.0
0.0376269621421976 91733.0 0.0
0.037742382271468145 91737.0 0.0
0.038088642659279776 72222.0 0.0
0.038204062788550326 72252.0 0.0
0.03831948291782087 93244.5 0.0
0.038434903047091414 82114.5 0.0
0.03855032317636196 139237.0 0.0
0.0386657433056325 72379.0 0.0
0.038781163434903045 94981.0 0.0
0.038896583564173595 100156.0 0.0
0.03912742382271468 83220.0 0.0
0.039242843951985226 88147.0 0.0
0.039473684210526314 88155.0 0.0
0.03958910433979686 97268.0 0.0
0.03970452446906741 105818.0 0.0
0.03981994459833795 95447.0 0.0
0.039935364727608495 99272.0 0.0
0.04005078485687904 93313.66666666667 0.0
0.04016620498614958 108843.5 0.0
0.040281625115420126 111502.25 0.0
0.04039704524469068 101389.0 0.0
0.04051246537396122 94794.25 0.0
0.040627885503231764 103034.0 0.0
0.04085872576177285 90652.0 0.0
0.040974145891043395 96585.0 0.0
0.041089566020313946 96625.0 0.0
0.04120498614958449 96854.0 0.0
0.04143582640812558 74310.0 0.0
0.04155124653739612 86074.0 0.0
0.041666666666666664 127399.5 0.0
0.04178208679593721 157197.0 0.0
0.04189750692520776 74376.0 0.0
0.0420129270544783 127575.5 0.0
0.042128347183748846 127645.0 0.0
0.04224376731301939 103332.0 0.0
0.04235918744228993 107262.0 0.0
0.04247460757156048 108074.0 0.0
0.04259002770083103 108104.0 0.0
0.04293628808864266 108949.0 0.0
0.0432825484764543 99557.0 0.0
0.04339796860572484 129331.5 0.0
0.043513388734995384 99639.0 0.0
0.04374422899353647 129866.0 0.0
0.043859649122807015 99691.0 0.0
0.043975069252077566 103924.0 0.0
0.04409048938134811 99827.0 0.0
0.04420590951061865 103965.0 0.0
0.0443213296398892 108183.0 0.0
0.04443674976915974 108229.0 0.0
0.044552169898430284 108258.0 0.0
0.04478301015697138 116449.0 0.0
0.04489843028624192 116494.0 0.0
0.045013850415512466 116511.0 0.0
0.04559095106186519 95620.0 0.0
0.045706371191135735 116722.66666666667 0.0
0.04582179132040628 116683.5 0.0
0.046052631578947366 137781.0 0.0
0.04628347183748846 137806.0 0.0
0.046398891966759004 127603.5 0.0
0.04651431209602955 117425.0 0.0
0.04662973222530009 106226.0 0.0
0.046745152354570635 128083.5 0.0
0.04732225300092336 106448.0 0.0
0.04755309325946445 106523.0 0.0
0.04778393351800554 106538.0 0.0
0.047899353647276086 160013.0 0.0
0.04801477377654663 106560.0 0.0
0.04813019390581717 106732.0 0.0
0.04847645429362881 106820.0 0.0
0.0487072945521699 106880.0 0.0
0.048938134810710986 106884.0 0.0
0.04997691597414589 82161.0 0.0
0.050092336103416436 147966.0 0.0
0.050323176361957524 82802.0 0.0
0.05043859649122807 115661.0 0.0
0.05055401662049862 82817.0 0.0
0.05066943674976916 148540.0 0.0
0.05090027700831025 82933.0 0.0
0.05101569713758079 115826.0 0.0
0.051131117266851336 115979.0 0.0
0.05124653739612189 148772.0 0.0
0.05136195752539243 128228.0 0.0
0.051823638042474605 150367.0 0.0
0.05193905817174515 150394.0 0.0
0.05286241920590951 108303.0 0.0
0.052977839335180056 150819.0 0.0
0.0530932594644506 112268.5 0.0
0.053208679593721143 108402.0 0.0
0.05343951985226224 124922.0 0.0
0.05355493998153278 129186.0 0.0
0.053670360110803325 129217.0 0.0
0.05378578024007387 112106.5 0.0
0.05390120036934441 112111.0 0.0
0.0541320406278855 151039.0 0.0
0.05424746075715605 117258.0 0.0
0.054362880886426594 151142.0 0.0
0.05447830101569714 117337.0 0.0
0.054709141274238225 112333.0 0.0
0.05493998153277932 115736.0 0.0
0.05505540166204986 115749.0 0.0
0.05528624192059095 128712.0 0.0
0.055401662049861494 116479.0 0.0
0.05563250230840259 116493.0 0.0
0.05597876269621422 112914.0 0.0
0.05609418282548476 130502.0 0.0
0.05620960295475531 130536.0 0.0
0.05632502308402586 116741.0 0.0
0.0564404432132964 116758.0 0.0
0.056902123730378576 122126.0 0.0
0.05701754385964912 130781.25 0.0
0.05713296398891967 126466.0 0.0
0.057248384118190214 122158.0 0.0
0.0574792243767313 130872.0 0.0
0.05771006463527239 132314.0 0.0
0.05782548476454294 123314.5 0.0
0.05794090489381348 114334.0 0.0
0.05805632502308403 114388.0 0.0
0.058287165281625114 118501.0 0.0
0.05840258541089566 115177.0 0.0
0.05932594644506002 160641.0 0.0
0.06128808864265928 126513.0 0.0
0.061980609418282546 126545.0 0.0
0.06209602954755309 126553.0 0.0
0.06221144967682364 126557.0 0.0
0.062326869806094184 126560.0 0.0
0.06244228993536473 162577.0 0.0
0.06255771006463527 163417.0 0.0
0.06578947368421052 147652.5 0.0
0.06590489381348107 140067.0 0.0
0.06613573407202217 140118.0 0.0
0.0664819944598338 140144.0 0.0
0.06671283471837489 140148.0 0.0
0.07225300092336104 158305.0 0.0
0.0765235457063712 156303.0 0.0
0.07744690674053555 159374.0 0.0
0.07767774699907663 159426.0 0.0
0.07871652816251154 160032.0 0.0
0.07883194829178208 160040.0 0.0
0.08344875346260387 185427.0 0.0
0.08379501385041552 185444.0 0.0
0.08391043397968606 185445.0 0.0
0.0840258541089566 185521.0 0.0
0.08425669436749769 161568.0 0.0
0.08471837488457987 166745.0 0.0
0.08829639889196676 180975.0 0.0
0.0886426592797784 181027.0 0.0
0.08921975992613111 181084.0 0.0
0.08933518005540166 181088.0 0.0
0.08956602031394276 181260.0 0.0
0.0896814404432133 181351.0 0.0
0.08979686057248384 181382.0 0.0
0.09198984302862419 139005.0 0.0
0.09325946445060018 139111.0 0.0
0.0951061865189289 144479.0 0.0
0.09672206832871653 189766.0 0.0
0.10214681440443213 233412.0 0.0
0.10341643582640812 200851.0 0.0
0.10676361957525392 231191.0 0.0
0.10757156048014774 215530.0 0.0
0.11703601108033242 211114.0 0.0
0.11888273314866113 211607.0 0.0
0.11980609418282548 240588.0 0.0
0.11992151431209604 240600.0 0.0
0.12003693444136658 240606.0 0.0
0.12119113573407202 224430.0 0.0
0.14092797783933517 302679.0 0.0
0.14104339796860574 358660.0 0.0
0.15096952908587258 350081.0 0.0
0.1636657433056325 401460.0 0.0
0.17820867959372114 315546.0 0.0
0.20891043397968606 388966.0 0.0
0.2115650969529086 477077.0 0.0
0.22460757156048014 347346.0 0.0
0.2265697137580794 383354.0 0.0
0.26027239150507847 446792.0 0.0
0.42047553093259465 724021.0 0.0
0.43848107109879964 631636.0 0.0
0.5795244690674054 822826.0 0.0
1.0 1236043.0 0.0
