10134
0.00011542012927054478 1077.9080101569714 183.908702677747
0.00023084025854108956 1658.3160751565763 314.4797494780793
0.00034626038781163435 2316.1241768579494 406.755409219191
0.0004616805170821791 2714.3089311859444 648.8711566617862
0.0005771006463527239 3154.5811403508774 777.9122807017544
0.0006925207756232687 3372.7241379310344 729.6120689655172
0.0008079409048938135 3782.9640287769785 1238.7446043165467
0.0009233610341643582 4251.1138613861385 1941.7079207920792
0.001038781163434903 4262.675392670157 1544.3298429319373
0.0011542012927054479 4376.1 1548.00625
0.0012696214219759926 4672.3576642335765 1801.985401459854
0.0013850415512465374 5012.407407407408 1765.4259259259259
0.0015004616805170822 5035.764705882353 2466.3529411764707
0.001615881809787627 5366.267326732674 3460.4455445544554
0.0017313019390581717 5428.850746268657 2407.9253731343283
0.0018467220683287165 5677.580246913581 3491.246913580247
0.0019621421975992612 5640.819444444444 2529.9861111111113
0.002077562326869806 5802.263888888889 2829.472222222222
0.0021929824561403508 6042.225806451613 3975.6129032258063
0.0023084025854108957 5956.704918032787 3474.4262295081967
0.0024238227146814403 6008.490909090909 3478.6363636363635
0.0025392428439519853 6221.734693877551 3393.530612244898
0.00265466297322253 6257.128205128205 3251.6666666666665
0.002770083102493075 6382.692307692308 3208.596153846154
0.0028855032317636198 6617.510638297872 3646.8297872340427
0.0030009233610341643 6657.970588235294 4102.617647058823
0.0031163434903047093 6680.243243243243 3444.7567567567567
0.003231763619575254 6717.675675675676 5081.621621621622
0.003347183748845799 6895.918918918919 5881.054054054054
0.0034626038781163434 6972.620689655172 7220.517241379311
0.0035780240073868884 6755.576923076923 6974.961538461538
0.003693444136657433 6934.033333333334 8015.066666666667
0.003808864265927978 6870.321428571428 5872.107142857143
0.0039242843951985225 7095.916666666667 10742.375
0.004039704524469067 7044.833333333333 6483.777777777777
0.004155124653739612 7125.076923076923 5751.961538461538
0.004270544783010157 7181.925925925926 6394.518518518518
0.0043859649122807015 7310.307692307692 11575.0
0.004501385041551247 6938.470588235294 11262.64705882353
0.0046168051708217915 7368.285714285715 4731.785714285715
0.004732225300092336 7545.785714285715 6952.642857142857
0.004847645429362881 7245.578947368421 5822.368421052632
0.004963065558633426 7373.95 6015.25
0.0050784856879039705 7188.388888888889 5194.444444444444
0.005193905817174515 7341.714285714285 8444.952380952382
0.00530932594644506 7417.64705882353 6613.35294117647
0.005424746075715605 7809.375 12940.3125
0.00554016620498615 7600.727272727273 9729.636363636364
0.005655586334256694 7379.692307692308 9537.538461538461
0.0057710064635272396 7506.818181818182 9046.363636363636
0.005886426592797784 8039.2 15018.2
0.006001846722068329 7843.9473684210525 12154.105263157895
0.006117266851338873 7997.5 12658.357142857143
0.006232686980609419 8048.384615384615 13327.153846153846
0.006348107109879963 8272.90909090909 14626.272727272728
0.006463527239150508 8039.666666666667 9304.666666666666
0.006578947368421052 8236.375 13969.0
0.006694367497691598 8153.818181818182 13612.727272727272
0.006809787626962142 8273.75 14645.125
0.006925207756232687 7895.166666666667 6507.0
0.007040627885503232 8330.0 11617.857142857143
0.007156048014773777 7994.25 8901.75
0.007271468144044321 7947.428571428572 7531.285714285715
0.007386888273314866 8257.888888888889 13291.0
0.007502308402585411 8159.833333333333 12704.083333333334
0.007617728531855956 8276.7 14507.3
0.0077331486611265 8050.428571428572 10862.42857142857
0.007848568790397045 8110.555555555556 12954.222222222223
0.00796398891966759 8297.5 10682.625
0.008079409048938134 8300.75 13316.166666666666
0.00819482917820868 8363.166666666666 10062.166666666666
0.008310249307479225 8280.0 11595.0
0.008425669436749769 8406.833333333334 18620.666666666668
0.008541089566020314 8408.57142857143 16520.714285714286
0.00865650969529086 8245.375 9269.125
0.008771929824561403 8530.42857142857 17993.428571428572
0.008887349953831948 8401.375 15013.0
0.009002770083102494 8346.333333333334 10092.5
0.009118190212373038 8451.9 18255.2
0.009233610341643583 8364.666666666666 16756.88888888889
0.009349030470914127 8329.333333333334 10416.666666666666
0.009464450600184672 8202.0 9628.6
0.009579870729455217 8400.166666666666 11151.833333333334
0.009695290858725761 8618.0 15740.57142857143
0.009810710987996307 8408.4 10848.6
0.009926131117266852 8629.0 24714.0
0.010041551246537396 8706.666666666666 10889.0
0.010156971375807941 8903.5 11440.5
0.010272391505078486 8713.714285714286 17036.85714285714
0.01038781163434903 8548.0 12400.166666666666
0.010503231763619576 8742.0 13871.375
0.01061865189289012 8671.57142857143 19954.0
0.010734072022160665 8681.75 21677.25
0.01084949215143121 8891.142857142857 21725.714285714286
0.010964912280701754 8438.0 11323.4
0.0110803324099723 8748.333333333334 18580.0
0.011195752539242845 8859.0 21841.25
0.011311172668513388 8823.0 14804.0
0.011426592797783934 8806.0 14662.0
0.011542012927054479 8884.0 24666.666666666668
0.011657433056325023 8954.5 31643.0
0.011772853185595568 8797.25 23033.25
0.011888273314866112 8756.333333333334 20235.333333333332
0.012003693444136657 8843.75 23229.25
0.012119113573407203 8906.8 21057.0
0.012234533702677746 9011.0 26294.666666666668
0.012349953831948292 8936.75 19928.5
0.012465373961218837 8770.666666666666 19044.333333333332
0.012580794090489381 8650.0 21999.0
0.012696214219759926 8823.5 17232.0
0.012811634349030472 8946.0 22226.0
0.012927054478301015 8914.0 16685.0
0.01304247460757156 9047.5 20801.0
0.013157894736842105 8934.6 16707.2
0.01327331486611265 8694.666666666666 16339.0
0.013388734995383195 8947.0 18487.0
0.013504155124653739 8849.0 19864.0
0.013619575253924284 8814.8 15184.4
0.01373499538319483 8766.25 15091.0
0.013850415512465374 8658.25 13997.25
0.013965835641735919 8991.333333333334 18538.666666666668
0.014081255771006464 8681.0 13600.0
0.014196675900277008 8511.0 9469.0
0.014312096029547553 8515.0 9482.0
0.014427516158818097 8845.25 20899.5
0.014542936288088643 9064.0 28615.0
0.014773776546629732 9066.0 28639.0
0.014889196675900277 8852.4 19954.0
0.015004616805170823 8721.8 21059.0
0.015120036934441366 9067.0 34097.0
0.015235457063711912 8798.833333333334 21513.166666666668
0.015350877192982455 8783.333333333334 21326.0
0.015466297322253 8821.0 19783.571428571428
0.015581717451523546 8904.333333333334 24255.0
0.01569713758079409 8960.25 23952.0
0.015812557710064637 8686.333333333334 21528.0
0.01592797783933518 8596.0 18395.0
0.016043397968605724 8622.0 18178.333333333332
0.016158818097876268 8868.0 18931.5
0.016274238227146815 8899.0 18893.0
0.01638965835641736 9020.5 31973.5
0.01662049861495845 9216.0 36167.0
0.016735918744228993 8483.0 8291.0
0.016851338873499537 8803.75 13923.0
0.016966759002770084 8842.0 15636.6
0.017082179132040628 8724.5 11955.5
0.01719759926131117 8987.2 19126.0
0.01731301939058172 9026.0 15104.5
0.017428439519852262 9025.0 17727.666666666668
0.017543859649122806 9028.5 15111.5
0.017659279778393353 8937.0 15980.0
0.017774699907663897 8951.0 15835.5
0.01789012003693444 9124.0 31863.666666666668
0.018005540166204988 9126.666666666666 30492.333333333332
0.01812096029547553 8983.25 27628.5
0.018236380424746075 8998.5 36208.0
0.018351800554016622 8999.5 17387.5
0.018467220683287166 8967.0 34681.5
0.01858264081255771 9022.333333333334 19539.666666666668
0.018698060941828253 8976.0 17902.0
0.0188134810710988 9124.5 28884.666666666668
0.018928901200369344 9116.714285714286 29512.714285714286
0.019044321329639888 9143.25 34038.0
0.019159741458910435 9134.5 26945.75
0.01927516158818098 9112.625 27215.75
0.019390581717451522 9066.5 21727.0
0.019621421975992613 9121.5 23017.5
0.019736842105263157 9224.0 35470.333333333336
0.019852262234533704 9187.666666666666 32693.666666666668
0.019967682363804248 8977.5 34913.0
0.02008310249307479 9233.5 26089.5
0.02019852262234534 9049.0 17906.0
0.020313942751615882 9131.666666666666 22749.0
0.020429362880886426 9298.0 34189.0
0.020544783010156973 9159.5 25891.0
0.020660203139427517 9160.5 25892.0
0.02077562326869806 9161.5 25931.5
0.020891043397968604 9345.0 31586.0
0.02100646352723915 9322.0 39522.5
0.021121883656509695 9229.666666666666 33680.666666666664
0.02123730378578024 9199.0 26939.5
0.021352723915050786 9266.4 39599.8
0.02146814404432133 9274.666666666666 37657.0
0.021583564173591873 9250.0 34662.25
0.02169898430286242 9168.5 20545.0
0.021814404432132964 9203.0 25725.5
0.022045244690674055 9172.0 19809.0
0.0221606648199446 9208.5 25899.0
0.022276084949215142 9433.0 65540.0
0.02239150507848569 9377.0 53805.0
0.022506925207756233 9197.666666666666 35683.333333333336
0.022622345337026777 9363.0 32828.0
0.022737765466297324 9274.0 26572.5
0.022853185595567867 9337.666666666666 39028.333333333336
0.02296860572483841 9268.0 42994.75
0.023084025854108958 9251.25 36858.5
0.023199445983379502 9318.5 43005.0
0.023314866112650046 9223.0 46596.5
0.02343028624192059 9383.0 38384.0
0.023545706371191136 9384.0 38851.0
0.02366112650046168 9385.0 38851.0
0.023776546629732224 9256.0 33001.0
0.02389196675900277 9162.0 43972.0
0.024007386888273315 9069.0 54942.0
0.02412280701754386 9069.0 54942.0
0.024238227146814405 9269.0 59785.0
0.02435364727608495 9468.0 64625.0
0.024469067405355493 9302.666666666666 38955.666666666664
0.02458448753462604 9153.5 38949.5
0.024699907663896584 9151.5 41593.0
0.024815327793167127 9292.25 52100.0
0.024930747922437674 9209.4 44115.4
0.025046168051708218 9240.666666666666 44223.666666666664
0.025161588180978762 9269.5 61018.0
0.02527700831024931 9320.666666666666 57199.666666666664
0.025392428439519853 9239.0 28288.0
0.025507848568790396 9246.5 26169.5
0.025623268698060944 9164.0 42478.5
0.025738688827331487 9358.5 45487.0
0.02585410895660203 9273.0 48805.666666666664
0.025969529085872575 9180.5 39676.5
0.02608494921514312 9327.666666666666 50498.0
0.026200369344413665 9377.666666666666 43665.0
0.02631578947368421 9392.0 46267.5
0.026662049861495844 9329.0 29443.0
0.027008310249307478 9498.0 50805.0
0.02723915050784857 9498.0 50805.0
0.027354570637119113 9498.0 50805.0
0.027700831024930747 9364.0 38356.0
0.027816251154201294 9464.0 52630.0
0.027931671283471838 9416.0 45510.5
0.02816251154201293 9467.0 52680.0
0.028277931671283472 9366.0 38388.0
0.028393351800554016 9467.0 52680.0
0.02850877192982456 9472.0 52925.0
0.028624192059095107 9457.5 42673.0
0.02873961218836565 9461.5 43461.0
0.028855032317636194 9372.0 38423.0
0.029085872576177285 9009.0 22498.0
0.029893813481071098 9256.5 28192.0
0.030240073868882732 9375.0 38581.0
0.03035549399815328 9375.0 38583.0
0.030470914127423823 9375.0 38606.0
0.03070175438596491 9375.0 38606.0
0.030932594644506 9376.0 38606.0
0.031278855032317636 9533.0 52036.0
0.03139427516158818 9379.0 38712.0
0.03150969529085872 9456.5 45397.0
0.031625115420129274 9381.0 38716.0
0.03174053554939982 9389.0 37469.5
0.03185595567867036 9438.0 42598.0
0.031971375807940905 9323.5 31025.5
0.03208679593721145 9323.5 31163.5
0.032317636195752536 9555.0 57638.0
0.03243305632502309 9459.0 88559.0
0.032663896583564174 9165.0 31305.0
0.03289473684210526 9341.666666666666 34308.0
0.033010156971375805 9166.0 31421.0
0.033125577100646356 9364.0 35826.0
0.0332409972299169 9446.666666666666 53836.0
0.03335641735918744 9320.5 60694.0
0.03347183748845799 9339.666666666666 52560.666666666664
0.03358725761772853 9379.0 42922.0
0.033702677746999074 9402.75 55352.25
0.033818097876269625 9376.0 36369.0
0.03393351800554017 9198.0 33772.0
0.03404893813481071 9213.0 36682.0
0.0342797783933518 9214.0 36702.0
0.03439519852262234 9382.0 36373.0
0.03462603878116344 9459.5 38615.5
0.03474145891043398 9538.0 40745.0
0.034856879039704525 9539.0 40796.0
0.03508771929824561 9539.0 40798.0
0.035318559556786706 9540.0 40798.0
0.035549399815327794 9540.0 40803.0
0.03566481994459834 9540.0 40803.0
0.035895660203139425 9541.0 40830.0
0.036011080332409975 9541.0 40983.0
0.036357340720221606 9484.0 92784.0
0.03647276084949215 9274.0 40034.0
0.03728070175438596 9555.0 41308.0
0.037396121883656507 9555.0 41327.0
0.03751154201292706 9555.0 41334.0
0.038088642659279776 9567.0 41588.0
0.038204062788550326 9578.0 79060.0
0.03831948291782087 9578.0 79060.0
0.03958910433979686 9357.0 43687.0
0.03970452446906741 9366.0 43796.0
0.04005078485687904 9520.0 48336.0
0.04016620498614958 9520.0 48489.0
0.040281625115420126 9526.0 48511.0
0.04051246537396122 9590.0 80973.0
0.040627885503231764 9552.5 88076.0
0.04074330563250231 9602.0 82944.0
0.04085872576177285 9602.0 82946.0
0.04132040627885503 9507.0 93575.0
0.04143582640812558 9507.0 93583.0
0.04155124653739612 9511.0 105223.0
0.04178208679593721 9444.0 45872.0
0.042820867959372115 9552.5 62408.5
0.04293628808864266 9554.5 62889.5
0.0432825484764543 9642.0 78228.0
0.04339796860572484 9643.0 78230.0
0.04362880886426593 9647.0 79467.0
0.04374422899353647 9669.0 79790.0
0.043859649122807015 9490.0 53022.0
0.04489843028624192 9671.0 80276.0
0.045013850415512466 9672.0 80279.0
0.04512927054478301 9672.0 80284.0
0.04559095106186519 9531.0 51858.0
0.045706371191135735 9532.0 51862.0
0.04582179132040628 9674.0 80312.0
0.04593721144967682 9674.0 80312.0
0.046168051708217916 9604.5 66859.0
0.046398891966759004 9536.0 53315.0
0.04651431209602955 9540.0 53675.0
0.04732225300092336 9552.0 56510.0
0.047437673130193904 9552.0 56510.0
0.047668513388735 9552.0 56632.0
0.04778393351800554 9553.0 56865.0
0.04847645429362881 9556.0 56961.0
0.050323176361957524 9686.0 83691.0
0.05043859649122807 9686.0 83691.0
0.050784856879039705 9561.0 57468.0
0.05090027700831025 9686.0 83852.0
0.05101569713758079 9686.0 83852.0
0.051131117266851336 9624.0 71202.0
0.05124653739612189 9686.0 83862.0
0.05136195752539243 9566.0 59890.0
0.051477377654662974 9566.0 59893.0
0.05170821791320406 9566.0 59943.0
0.051823638042474605 9567.0 59978.0
0.05193905817174515 9567.0 59978.0
0.0520544783010157 9567.0 60029.0
0.05216989843028624 9568.0 60035.0
0.05228531855955679 9569.0 60145.0
0.05240073868882733 9527.5 50107.5
0.052516158818097874 9528.0 50130.0
0.05263157894736842 9528.0 50174.0
0.05274699907663897 9486.0 40097.0
0.05286241920590951 9570.0 60252.0
0.053670360110803325 9565.0 68920.0
0.05378578024007387 9573.0 60379.0
0.05390120036934441 9573.0 60379.0
0.054016620498614956 9580.0 60484.0
0.0541320406278855 9576.0 65677.0
0.05424746075715605 9581.0 60491.0
0.054362880886426594 9584.0 60589.0
0.05447830101569714 9585.0 60633.0
0.05459372114496768 9710.0 89844.0
0.05493998153277932 9640.5 85132.5
0.05505540166204986 9594.0 72427.0
0.05517082179132041 9703.0 94110.5
0.05528624192059095 9703.0 94150.0
0.055401662049861494 9642.5 85811.5
0.05551708217913204 9642.5 85854.0
0.05563250230840259 9615.0 70115.0
0.05574792243767313 9564.0 60197.0
0.055863342566943676 9635.0 75010.0
0.05597876269621422 9592.0 61649.0
0.05609418282548476 9654.5 75846.5
0.05620960295475531 9717.0 90238.0
0.05632502308402586 9657.5 82428.0
0.0564404432132964 9717.0 90346.0
0.05667128347183749 9592.0 61659.0
0.05678670360110803 9655.0 76108.0
0.056902123730378576 9718.0 91040.0
0.057248384118190214 9596.0 68242.5
0.05736380424746076 9724.0 91130.0
0.0574792243767313 9724.0 91133.0
0.057594644506001845 9724.0 91135.0
0.05771006463527239 9658.0 76482.5
0.05794090489381348 9725.0 91286.0
0.05805632502308403 9571.0 55282.5
0.05817174515235457 9545.0 48706.0
0.05851800554016621 9545.0 48751.0
0.05886426592797784 9600.0 62022.0
0.05897968605724838 9728.0 92184.0
0.059441366574330565 9576.5 59136.0
0.05955678670360111 9602.0 62163.0
0.05967220683287165 9554.0 56212.0
0.059787626962142196 9602.0 62185.0
0.05990304709141274 9581.0 59320.5
0.06105724838411819 9724.0 110938.0
0.061172668513388734 9724.0 110938.0
0.062326869806094184 9724.0 111387.0
0.06244228993536473 9722.0 106213.0
0.06267313019390582 9722.0 106221.0
0.06278855032317636 9722.0 106860.0
0.06313481071098799 9722.0 107002.0
0.06325023084025855 9722.0 107002.0
0.06336565096952909 9722.0 107013.0
0.06451985226223453 9722.0 107258.0
0.06486611265004617 9727.0 107273.0
0.0652123730378578 9727.0 107282.0
0.06532779316712835 9693.0 96581.0
0.06567405355493998 9730.0 107608.0
0.06590489381348107 9730.0 107608.0
0.06602031394275161 9730.0 107608.0
0.0664819944598338 9658.0 84034.0
0.06659741458910434 9732.0 115768.0
0.06705909510618652 9733.0 115844.0
0.06717451523545706 9718.0 112054.0
0.0672899353647276 9696.5 101248.0
0.06740535549399815 9702.333333333334 103578.66666666667
0.06752077562326869 9682.0 97770.5
0.06763619575253925 9744.0 115205.0
0.06775161588180979 9745.0 115209.0
0.06798245614035088 9703.0 108356.0
0.06832871652816251 9662.0 87686.0
0.06844413665743306 9662.0 87690.0
0.0685595567867036 9664.0 87706.0
0.06867497691597414 9664.0 87708.0
0.06879039704524469 9664.0 87903.0
0.06890581717451523 9664.0 87903.0
0.06925207756232687 9684.0 91158.0
0.06948291782086796 9684.0 91201.0
0.06971375807940905 9684.0 91206.0
0.0698291782086796 9684.0 91279.0
0.06994459833795014 9685.0 91281.0
0.07029085872576177 9685.0 91311.0
0.07075253924284396 9685.0 91953.0
0.0708679593721145 9685.0 91953.0
0.07098337950138504 9683.0 88525.0
0.07121421975992613 9684.0 88562.0
0.07132963988919667 9726.0 123436.0
0.07144506001846722 9687.0 88831.0
0.07156048014773776 9686.0 92984.0
0.0716759002770083 9686.0 93011.0
0.07179132040627885 9686.5 90921.5
0.0719067405355494 9687.0 88832.0
0.07202216066481995 9687.0 88884.0
0.07225300092336104 9687.0 89013.0
0.07236842105263158 9736.0 125196.0
0.07248384118190213 9688.0 89041.0
0.07259926131117267 9736.0 125200.0
0.07271468144044321 9736.0 125200.0
0.07283010156971376 9736.0 125210.0
0.07306094182825484 9737.0 125299.0
0.07317636195752539 9737.0 125433.0
0.07352262234533703 9738.0 125760.0
0.07375346260387812 9738.0 125765.0
0.07386888273314866 9738.0 125769.0
0.07433056325023084 9739.0 126748.0
0.07513850415512466 9739.0 126765.0
0.07536934441366575 9657.0 85193.0
0.07548476454293629 9657.0 85194.0
0.07560018467220683 9698.0 106029.5
0.07571560480147738 9739.0 126850.0
0.07583102493074792 9739.0 126852.0
0.07606186518928901 9739.0 127334.0
0.0762927054478301 9673.5 92013.0
0.07640812557710065 9687.0 96287.0
0.0765235457063712 9687.0 96298.0
0.07675438596491228 9713.5 111850.5
0.07686980609418283 9688.0 96358.0
0.07698522622345337 9718.5 114488.0
0.07710064635272391 9718.5 114544.5
0.07721606648199446 9718.5 114645.0
0.077331486611265 9698.0 102181.0
0.07756232686980609 9698.0 102184.0
0.07767774699907663 9698.0 102184.0
0.07779316712834719 9699.0 102642.0
0.07871652816251154 9699.0 102896.0
0.07929362880886427 9705.0 96277.0
0.07940904893813482 9705.0 96277.0
0.07952446906740536 9705.0 96280.0
0.07987072945521699 9782.0 129640.0
0.08010156971375808 9783.0 129777.0
0.08021698984302862 9783.0 129784.0
0.08033240997229917 9783.0 129784.0
0.08044783010156971 9783.0 129797.0
0.08056325023084025 9783.0 129797.0
0.08102493074792244 9783.0 129836.0
0.08125577100646353 9783.0 129836.0
0.08137119113573407 9783.0 130959.0
0.08148661126500462 9783.0 130959.0
0.08206371191135733 9747.5 116794.5
0.08252539242843952 9710.0 102467.0
0.08264081255771007 9748.5 117148.0
0.08275623268698061 9716.0 102544.0
0.08287165281625115 9786.0 131812.0
0.0829870729455217 9787.0 131813.0
0.08333333333333333 9787.0 131825.0
0.08344875346260387 9787.0 131850.0
0.08356417359187442 9788.0 131850.0
0.08367959372114497 9737.666666666666 112484.66666666667
0.08379501385041552 9788.0 131850.0
0.08391043397968606 9771.0 129011.0
0.0840258541089566 9745.5 116154.0
0.08414127423822715 9773.0 129159.0
0.08437211449676824 9707.0 103590.0
0.08460295475530932 9714.0 103489.0
0.08471837488457987 9714.0 103506.0
0.08483379501385041 9716.0 103746.0
0.08494921514312095 9707.0 103869.0
0.08506463527239151 9732.5 116058.5
0.08518005540166206 9711.0 104829.0
0.08552631578947369 9712.0 105170.0
0.08564173591874423 9712.0 105170.0
0.08587257617728532 9712.0 105276.0
0.08633425669436749 9713.0 105321.0
0.08644967682363804 9713.0 105477.0
0.0865650969529086 9713.0 105488.0
0.08668051708217914 9768.0 133203.0
0.0873730378578024 9715.0 105616.0
0.08748845798707294 9715.0 105616.0
0.08760387811634349 9715.0 105616.0
0.08771929824561403 9715.0 105630.0
0.0884118190212373 9715.0 105856.0
0.08887349953831948 9716.0 105898.0
0.08945060018467221 9716.0 105978.0
0.08956602031394276 9716.0 106587.0
0.09002770083102493 9717.0 106596.0
0.09014312096029548 9717.0 106734.0
0.09025854108956602 9719.0 107194.0
0.0904893813481071 9719.0 107666.0
0.09060480147737765 9719.0 107666.0
0.0907202216066482 9719.0 107666.0
0.09083564173591874 9764.666666666666 131640.66666666666
0.09106648199445984 9789.0 141025.0
0.09118190212373038 9788.0 146521.0
0.09129732225300093 9789.0 141025.0
0.09141274238227147 9788.5 143836.0
0.09152816251154201 9789.0 141044.0
0.09164358264081256 9788.0 147298.0
0.09187442289935364 9754.0 125390.5
0.09291320406278855 9791.0 147951.0
0.09325946445060018 9722.0 110200.0
0.09337488457987073 9779.0 139790.0
0.09349030470914127 9779.0 139924.0
0.09360572483841181 9779.0 139937.0
0.09372114496768236 9792.0 148688.0
0.094067405355494 9790.0 141603.0
0.09418282548476455 9792.0 141693.0
0.09429824561403509 9792.0 141773.0
0.09499076638965835 9779.0 140953.0
0.0951061865189289 9779.0 140953.0
0.09533702677747 9726.0 110704.0
0.09545244690674054 9815.0 161158.0
0.09568328716528163 9729.0 111078.0
0.09579870729455217 9729.0 111078.0
0.09591412742382271 9729.0 111078.0
0.09626038781163435 9729.0 111082.0
0.09672206832871653 9729.0 111111.0
0.09706832871652817 9731.0 111303.0
0.09718374884579871 9731.0 111303.0
0.09764542936288088 9732.0 111392.0
0.09776084949215143 9732.0 111398.0
0.09787626962142197 9732.0 111398.0
0.09799168975069251 9732.0 111405.0
0.09810710987996306 9732.0 111405.0
0.09879963065558633 9806.0 154354.0
0.09891505078485688 9806.0 154368.0
0.09926131117266851 9736.0 112459.0
0.09937673130193905 9736.0 112461.0
0.0994921514312096 9736.0 112463.0
0.09960757156048015 9790.0 149896.0
0.10260849492151432 9807.0 155249.0
0.1139196675900277 9777.0 137183.0
0.11403508771929824 9778.0 137330.0
0.11553554939981532 9816.0 166600.0
0.11599722991689751 9818.0 166640.0
0.11611265004616805 9818.0 166698.0
0.11645891043397968 9818.0 167105.0
0.11657433056325023 9818.0 167105.0
0.11668975069252077 9818.0 167245.0
0.11680517082179132 9819.0 167246.0
0.1172668513388735 9820.0 167778.0
0.11738227146814405 9820.0 167778.0
0.11749769159741459 9820.0 167778.0
0.11761311172668514 9820.0 167786.0
0.11784395198522622 9820.0 167787.0
0.11795937211449677 9820.0 167897.0
0.12326869806094183 9785.0 139867.0
0.1258079409048938 9798.0 141506.0
0.12592336103416435 9798.0 141603.0
0.1260387811634349 9798.0 141603.0
0.12684672206832873 9801.0 143109.0
0.12696214219759927 9801.0 143181.0
0.12707756232686981 9801.0 143183.0
0.13227146814404434 9806.0 144737.0
0.13515697137580793 9813.0 146248.0
0.1363111726685134 9814.0 146391.0
0.13642659279778394 9814.0 146404.0
0.13665743305632502 9814.0 146422.0
0.13677285318559557 9814.0 146426.0
0.13723453370267774 9844.0 197132.0
0.13734995383194828 9829.0 171785.0
0.13746537396121883 9844.0 197139.0
0.13758079409048937 9814.0 146450.0
0.14208217913204063 9825.0 216513.0
0.14323638042474607 9849.0 198407.0
0.14346722068328716 9850.0 198415.0
0.14415974145891045 9832.0 219253.0
0.14439058171745153 9846.0 230159.0
0.14623730378578023 9850.0 232481.0
0.14866112650046168 9853.0 205759.0
0.14889196675900276 9857.0 207937.0
0.15627885503231764 9859.0 242737.0
0.18132502308402584 9898.0 258145.0
0.1814404432132964 9898.0 258225.0
0.18155586334256693 9899.0 258225.0
0.18167128347183747 9899.0 258225.0
0.18178670360110805 9900.0 258362.0
0.1819021237303786 9900.0 258517.0
0.18201754385964913 9900.0 258535.0
0.18236380424746076 9879.0 303071.0
0.18259464450600185 9900.0 258675.0
0.1827100646352724 9900.0 258679.0
0.18328716528162511 9900.0 258830.0
0.18340258541089566 9903.5 270289.0
0.1835180055401662 9907.0 281747.0
0.18363342566943675 9903.5 270308.0
0.18386426592797783 9907.0 281825.0
0.18397968605724838 9907.0 281926.0
0.18524930747922438 9909.0 282627.0
0.18548014773776547 9909.0 283706.0
0.19067405355494 9913.0 285574.0
0.19078947368421054 9913.0 285579.0
0.19090489381348108 9914.0 286131.0
0.1912511542012927 9914.0 286152.0
0.19136657433056325 9915.0 286216.0
0.24261311172668512 9964.0 351016.0
0.2675438596491228 9976.0 383883.0
0.2677746999076639 9976.0 383909.0
0.26823638042474607 9976.0 384392.0
0.26835180055401664 9976.0 384393.0
0.26846722068328716 9976.0 384397.0
0.2685826408125577 9976.0 384400.0
0.26869806094182824 9976.0 384404.0
0.2691597414589104 9976.0 384434.0
0.27008310249307477 9976.0 385709.0
0.270544783010157 9979.0 404117.0
0.29293628808864264 9995.0 446187.0
0.373730378578024 9998.0 589287.0
0.3981994459833795 10003.0 606570.0
0.3990073868882733 10006.0 619179.0
0.4405586334256694 10020.0 724402.0
0.4470221606648199 10021.0 728322.0
0.4567174515235457 10028.0 739193.0
0.4621421975992613 10032.0 751089.0
0.46271929824561403 10037.0 778103.0
0.6116112650046168 10068.0 986040.0
0.9045475530932595 10119.0 1432227.0
1.0 10134.0 1593385.0
