696694
0.00011542012927054478 778.9140120036934 0.0
0.00023084025854108956 1227.0874025441117 0.0
0.00034626038781163435 1783.6456456456456 0.0
0.0004616805170821791 2214.9108280254777 0.0
0.0005771006463527239 2345.9112554112553 0.0
0.0006925207756232687 2781.987951807229 0.0
0.0008079409048938135 3289.798586572438 0.0
0.0009233610341643582 3250.935779816514 0.0
0.001038781163434903 3985.6511627906975 0.0
0.0011542012927054479 4392.446540880504 0.0
0.0012696214219759926 4422.558620689655 0.0
0.0013850415512465374 4719.206611570248 0.0
0.0015004616805170822 4908.566371681416 0.0
0.001615881809787627 5195.065217391304 0.0
0.0017313019390581717 6815.5526315789475 0.0
0.0018467220683287165 6259.831325301205 0.0
0.0019621421975992612 6297.440476190476 0.0
0.002077562326869806 6376.612903225807 0.0
0.0021929824561403508 6494.211538461538 0.0
0.0023084025854108957 6910.224137931034 0.0
0.0024238227146814403 7207.236363636363 0.0
0.0025392428439519853 7142.833333333333 0.0
0.00265466297322253 7209.6 0.0
0.002770083102493075 9387.46511627907 0.0
0.0028855032317636198 8720.0 0.0
0.0030009233610341643 8464.025 0.0
0.0031163434903047093 8285.354838709678 0.0
0.003231763619575254 9432.181818181818 0.0
0.003347183748845799 8808.947368421053 0.0
0.0034626038781163434 9067.411764705883 0.0
0.0035780240073868884 8647.972222222223 0.0
0.003693444136657433 9058.0 0.0
0.003808864265927978 9017.444444444445 0.0
0.0039242843951985225 8774.818181818182 0.0
0.004039704524469067 8528.566666666668 0.0
0.004155124653739612 8991.954545454546 0.0
0.004270544783010157 9234.466666666667 0.0
0.0043859649122807015 10459.2 0.0
0.004501385041551247 9832.105263157895 0.0
0.0046168051708217915 13064.157894736842 0.0
0.004732225300092336 10280.916666666666 0.0
0.004847645429362881 13199.08695652174 0.0
0.004963065558633426 10954.380952380952 0.0
0.0050784856879039705 14910.125 0.0
0.005193905817174515 13979.23076923077 0.0
0.00530932594644506 17362.5 0.0
0.005424746075715605 11882.42857142857 0.0
0.00554016620498615 14091.235294117647 0.0
0.005655586334256694 16204.157894736842 0.0
0.0057710064635272396 13877.904761904761 0.0
0.005886426592797784 15668.894736842105 0.0
0.006001846722068329 16185.833333333334 0.0
0.006117266851338873 18207.0 0.0
0.006232686980609419 18888.75 0.0
0.006348107109879963 12580.666666666666 0.0
0.006463527239150508 14981.90909090909 0.0
0.006578947368421052 16164.23076923077 0.0
0.006694367497691598 13999.0 0.0
0.006809787626962142 13350.357142857143 0.0
0.006925207756232687 15966.466666666667 0.0
0.007040627885503232 12262.888888888889 0.0
0.007156048014773777 13005.642857142857 0.0
0.007271468144044321 14416.466666666667 0.0
0.007386888273314866 14181.2 0.0
0.007502308402585411 14620.333333333334 0.0
0.007617728531855956 14664.125 0.0
0.0077331486611265 16856.583333333332 0.0
0.007848568790397045 14386.5 0.0
0.00796398891966759 16303.5 0.0
0.008079409048938134 14977.333333333334 0.0
0.00819482917820868 14149.555555555555 0.0
0.008310249307479225 17173.444444444445 0.0
0.008425669436749769 14353.555555555555 0.0
0.008541089566020314 16152.666666666666 0.0
0.00865650969529086 27548.5 0.0
0.008771929824561403 21165.11111111111 0.0
0.008887349953831948 24507.166666666668 0.0
0.009002770083102494 24503.11111111111 0.0
0.009118190212373038 20194.333333333332 0.0
0.009233610341643583 23462.363636363636 0.0
0.009349030470914127 18712.571428571428 0.0
0.009464450600184672 22554.125 0.0
0.009579870729455217 23426.4 0.0
0.009695290858725761 18834.18181818182 0.0
0.009810710987996307 21760.14285714286 0.0
0.009926131117266852 20089.11111111111 0.0
0.010041551246537396 19751.75 0.0
0.010156971375807941 19151.666666666668 0.0
0.010272391505078486 20521.5 0.0
0.01038781163434903 22133.85714285714 0.0
0.010503231763619576 18555.285714285714 0.0
0.01061865189289012 18869.0 0.0
0.010734072022160665 17622.75 0.0
0.01084949215143121 17505.2 0.0
0.010964912280701754 22948.0 0.0
0.0110803324099723 25815.0 0.0
0.011195752539242845 23472.2 0.0
0.011311172668513388 25183.375 0.0
0.011426592797783934 21272.875 0.0
0.011542012927054479 23671.428571428572 0.0
0.011657433056325023 18558.0 0.0
0.011772853185595568 22127.428571428572 0.0
0.011888273314866112 19357.25 0.0
0.012003693444136657 18075.666666666668 0.0
0.012119113573407203 18492.2 0.0
0.012234533702677746 20003.875 0.0
0.012349953831948292 22753.0 0.0
0.012465373961218837 20374.428571428572 0.0
0.012580794090489381 19722.333333333332 0.0
0.012696214219759926 23838.25 0.0
0.012811634349030472 23106.2 0.0
0.012927054478301015 24548.833333333332 0.0
0.01304247460757156 26912.666666666668 0.0
0.013157894736842105 23587.5 0.0
0.01327331486611265 23088.6 0.0
0.013388734995383195 31746.166666666668 0.0
0.013504155124653739 32848.6 0.0
0.013619575253924284 24555.0 0.0
0.01373499538319483 30087.428571428572 0.0
0.013850415512465374 25205.333333333332 0.0
0.013965835641735919 28760.3 0.0
0.014081255771006464 23776.85714285714 0.0
0.014196675900277008 40284.333333333336 0.0
0.014312096029547553 39671.0 0.0
0.014427516158818097 18410.0 0.0
0.014542936288088643 25313.5 0.0
0.014658356417359188 28306.666666666668 0.0
0.014773776546629732 28006.625 0.0
0.014889196675900277 22579.4 0.0
0.015004616805170823 28603.0 0.0
0.015120036934441366 24324.5 0.0
0.015235457063711912 25712.666666666668 0.0
0.015350877192982455 28170.6 0.0
0.015466297322253 27935.2 0.0
0.015581717451523546 36710.666666666664 0.0
0.01569713758079409 33881.2 0.0
0.015812557710064637 34709.0 0.0
0.01592797783933518 34061.0 0.0
0.016043397968605724 26341.666666666668 0.0
0.016158818097876268 33802.666666666664 0.0
0.016274238227146815 36243.5 0.0
0.01638965835641736 34930.0 0.0
0.016505078485687903 35994.5 0.0
0.01662049861495845 35237.8 0.0
0.016735918744228993 33774.833333333336 0.0
0.016851338873499537 32772.5 0.0
0.016966759002770084 28126.4 0.0
0.017082179132040628 26455.0 0.0
0.01719759926131117 39635.333333333336 0.0
0.01731301939058172 24257.6 0.0
0.017428439519852262 27446.0 0.0
0.017543859649122806 23253.5 0.0
0.017659279778393353 29785.666666666668 0.0
0.017774699907663897 27155.25 0.0
0.01789012003693444 24467.666666666668 0.0
0.018005540166204988 26717.666666666668 0.0
0.01812096029547553 26980.0 0.0
0.018236380424746075 27540.5 0.0
0.018351800554016622 28842.0 0.0
0.018467220683287166 27892.0 0.0
0.01858264081255771 27441.0 0.0
0.018698060941828253 30721.0 0.0
0.0188134810710988 23756.0 0.0
0.018928901200369344 34720.0 0.0
0.019044321329639888 29502.0 0.0
0.019159741458910435 30807.0 0.0
0.01927516158818098 23889.0 0.0
0.019390581717451522 26416.666666666668 0.0
0.01950600184672207 26109.0 0.0
0.019621421975992613 25798.0 0.0
0.019736842105263157 27674.0 0.0
0.019852262234533704 31270.666666666668 0.0
0.019967682363804248 27866.5 0.0
0.02008310249307479 36802.666666666664 0.0
0.02019852262234534 33408.0 0.0
0.020313942751615882 38368.0 0.0
0.020429362880886426 28088.0 0.0
0.020544783010156973 38811.0 0.0
0.020660203139427517 30027.0 0.0
0.02077562326869806 45868.0 0.0
0.020891043397968604 31800.5 0.0
0.02100646352723915 36576.5 0.0
0.021121883656509695 36493.333333333336 0.0
0.02123730378578024 28369.25 0.0
0.021352723915050786 30299.0 0.0
0.02146814404432133 31791.333333333332 0.0
0.021583564173591873 29442.75 0.0
0.02169898430286242 35556.0 0.0
0.021814404432132964 34976.0 0.0
0.021929824561403508 43096.0 0.0
0.0221606648199446 33653.0 0.0
0.022276084949215142 36631.333333333336 0.0
0.02239150507848569 39354.0 0.0
0.022506925207756233 36956.4 0.0
0.022622345337026777 36122.5 0.0
0.022737765466297324 32579.0 0.0
0.022853185595567867 27985.0 0.0
0.02296860572483841 32648.0 0.0
0.023084025854108958 32934.333333333336 0.0
0.023199445983379502 34084.0 0.0
0.023314866112650046 35477.0 0.0
0.02343028624192059 29341.0 0.0
0.023545706371191136 49405.0 0.0
0.02366112650046168 42978.5 0.0
0.023776546629732224 31559.5 0.0
0.02389196675900277 30638.75 0.0
0.024007386888273315 29389.666666666668 0.0
0.02412280701754386 26688.666666666668 0.0
0.024238227146814405 29246.4 0.0
0.02435364727608495 30777.0 0.0
0.024469067405355493 34648.833333333336 0.0
0.024699907663896584 29445.0 0.0
0.024815327793167127 31694.0 0.0
0.024930747922437674 35101.75 0.0
0.025046168051708218 29818.5 0.0
0.025161588180978762 29401.0 0.0
0.02527700831024931 38102.5 0.0
0.025392428439519853 46258.0 0.0
0.025507848568790396 50835.0 0.0
0.02585410895660203 50907.0 0.0
0.025969529085872575 50915.0 0.0
0.02608494921514312 30685.0 0.0
0.026200369344413665 40877.0 0.0
0.02631578947368421 35739.0 0.0
0.026431209602954756 28156.5 0.0
0.0265466297322253 41118.5 0.0
0.026662049861495844 46693.5 0.0
0.02677746999076639 51426.0 0.0
0.027354570637119113 61249.0 0.0
0.02746999076638966 35405.0 0.0
0.027585410895660203 37298.0 0.0
0.027700831024930747 35477.0 0.0
0.027816251154201294 36478.0 0.0
0.027931671283471838 42490.0 0.0
0.028277931671283472 62696.0 0.0
0.02850877192982456 62864.0 0.0
0.028624192059095107 54304.5 0.0
0.02873961218836565 36095.0 0.0
0.028855032317636194 41755.333333333336 0.0
0.02897045244690674 45811.0 0.0
0.029085872576177285 39796.0 0.0
0.02920129270544783 39799.0 0.0
0.029316712834718376 43756.0 0.0
0.02943213296398892 35716.5 0.0
0.029547553093259463 40419.0 0.0
0.02966297322253001 33493.0 0.0
0.029778393351800554 38189.0 0.0
0.030009233610341645 38221.0 0.0
0.03012465373961219 38248.0 0.0
0.030240073868882732 38250.0 0.0
0.03035549399815328 37105.0 0.0
0.030470914127423823 37880.5 0.0
0.030586334256694367 36764.0 0.0
0.03070175438596491 36854.5 0.0
0.030932594644506 38164.5 0.0
0.031048014773776545 38246.5 0.0
0.031163434903047092 36593.0 0.0
0.031278855032317636 39028.5 0.0
0.03139427516158818 40643.0 0.0
0.03150969529085872 40776.0 0.0
0.031625115420129274 40779.0 0.0
0.03174053554939982 40813.0 0.0
0.03185595567867036 50245.333333333336 0.0
0.031971375807940905 38366.0 0.0
0.03208679593721145 40840.0 0.0
0.03220221606648199 46976.666666666664 0.0
0.032317636195752536 64149.0 0.0
0.03243305632502309 47110.333333333336 0.0
0.03254847645429363 64158.0 0.0
0.032663896583564174 41228.0 0.0
0.03277931671283472 41230.0 0.0
0.03289473684210526 64315.0 0.0
0.033010156971375805 52813.5 0.0
0.033125577100646356 52815.5 0.0
0.0332409972299169 63545.0 0.0
0.03347183748845799 38011.0 0.0
0.03393351800554017 39379.0 0.0
0.03404893813481071 42158.0 0.0
0.034164358264081256 39412.0 0.0
0.03451061865189289 40398.0 0.0
0.03474145891043398 40530.5 0.0
0.035203139427516156 81182.0 0.0
0.03543397968605725 81344.0 0.0
0.035549399815327794 66396.0 0.0
0.03566481994459834 81669.0 0.0
0.03578024007386888 66568.5 0.0
0.035895660203139425 81676.0 0.0
0.03624192059095106 51502.0 0.0
0.036357340720221606 46931.0 0.0
0.036588180978762694 81727.0 0.0
0.036703601108033244 84938.0 0.0
0.037049861495844875 84986.0 0.0
0.03716528162511542 84999.0 0.0
0.03728070175438596 84999.0 0.0
0.037396121883656507 84999.0 0.0
0.03751154201292706 85001.0 0.0
0.037742382271468145 85028.0 0.0
0.03785780240073869 85047.0 0.0
0.038088642659279776 43778.0 0.0
0.038434903047091414 58448.0 0.0
0.03855032317636196 66384.0 0.0
0.0386657433056325 85120.0 0.0
0.039473684210526314 47739.0 0.0
0.039935364727608495 74951.5 0.0
0.04016620498614958 90730.0 0.0
0.04143582640812558 45666.0 0.0
0.04189750692520776 45832.0 0.0
0.04224376731301939 42437.0 0.0
0.04235918744228993 44364.0 0.0
0.04247460757156048 46433.0 0.0
0.042820867959372115 63006.0 0.0
0.04339796860572484 71929.0 0.0
0.043513388734995384 71954.0 0.0
0.04362880886426593 71956.0 0.0
0.04374422899353647 73381.0 0.0
0.043975069252077566 73424.0 0.0
0.04420590951061865 73529.0 0.0
0.04443674976915974 63555.0 0.0
0.04466759002770083 68814.0 0.0
0.04547553093259465 64547.0 0.0
0.04559095106186519 61962.0 0.0
0.04582179132040628 51119.0 0.0
0.04593721144967682 99606.0 0.0
0.046052631578947366 51130.0 0.0
0.046168051708217916 99633.0 0.0
0.04628347183748846 99648.0 0.0
0.046745152354570635 99862.0 0.0
0.047899353647276086 90960.0 0.0
0.04847645429362881 100374.0 0.0
0.04882271468144044 53163.0 0.0
0.048938134810710986 65797.0 0.0
0.04905355493998153 53849.0 0.0
0.04916897506925208 53366.0 0.0
0.049284395198522624 53404.0 0.0
0.04939981532779317 52539.0 0.0
0.04951523545706371 53421.0 0.0
0.049630655586334255 53439.5 0.0
0.0497460757156048 54588.0 0.0
0.04986149584487535 52566.0 0.0
0.04997691597414589 52846.0 0.0
0.050092336103416436 53764.5 0.0
0.05020775623268698 54668.0 0.0
0.05043859649122807 69524.0 0.0
0.05055401662049862 106621.0 0.0
0.05066943674976916 70053.0 0.0
0.050784856879039705 70074.0 0.0
0.05090027700831025 71891.0 0.0
0.05101569713758079 71901.0 0.0
0.0520544783010157 107410.0 0.0
0.05216989843028624 107417.0 0.0
0.05240073868882733 107421.0 0.0
0.052516158818097874 107448.0 0.0
0.05274699907663897 107538.0 0.0
0.05332409972299169 107566.0 0.0
0.05343951985226224 107602.0 0.0
0.05447830101569714 107933.0 0.0
0.05459372114496768 107940.0 0.0
0.054709141274238225 107982.0 0.0
0.05482456140350877 66371.0 0.0
0.05493998153277932 107997.0 0.0
0.05505540166204986 66414.0 0.0
0.05528624192059095 108162.0 0.0
0.05713296398891967 71551.0 0.0
0.057248384118190214 71704.0 0.0
0.05805632502308403 67077.0 0.0
0.058287165281625114 63586.0 0.0
0.05840258541089566 63609.0 0.0
0.05863342566943675 67191.0 0.0
0.058748845798707296 67194.0 0.0
0.05886426592797784 67237.0 0.0
0.05897968605724838 67238.0 0.0
0.05909510618651893 55751.0 0.0
0.05921052631578947 71894.0 0.0
0.05967220683287165 65062.0 0.0
0.059787626962142196 68503.5 0.0
0.05990304709141274 65103.0 0.0
0.06001846722068329 60505.5 0.0
0.060480147737765465 86377.0 0.0
0.06128808864265928 72183.0 0.0
0.06140350877192982 64473.5 0.0
0.061634349030470915 100987.0 0.0
0.06174976915974146 100990.0 0.0
0.06255771006463527 58088.0 0.0
0.0629039704524469 59299.0 0.0
0.06301939058171745 61014.0 0.0
0.06313481071098799 76217.0 0.0
0.06325023084025855 61024.0 0.0
0.06336565096952909 76370.0 0.0
0.06394275161588181 71270.0 0.0
0.06405817174515235 76442.0 0.0
0.06440443213296398 76524.0 0.0
0.06451985226223453 68759.0 0.0
0.06463527239150507 68766.0 0.0
0.06498153277931672 66303.0 0.0
0.06509695290858726 66341.0 0.0
0.0652123730378578 66362.0 0.0
0.06532779316712835 66416.0 0.0
0.06555863342566944 76815.0 0.0
0.06567405355493998 67683.0 0.0
0.06590489381348107 69034.0 0.0
0.06613573407202217 69132.0 0.0
0.06636657433056325 87196.5 0.0
0.06659741458910434 86972.0 0.0
0.06671283471837489 90188.0 0.0
0.06682825484764543 105296.0 0.0
0.06694367497691597 89660.5 0.0
0.06705909510618652 71420.5 0.0
0.06717451523545706 89668.0 0.0
0.0672899353647276 90371.5 0.0
0.06740535549399815 75295.0 0.0
0.06752077562326869 105456.0 0.0
0.06763619575253925 105548.0 0.0
0.06948291782086796 86961.0 0.0
0.07052169898430287 78516.0 0.0
0.07063711911357341 78563.0 0.0
0.07225300092336104 76578.0 0.0
0.07248384118190213 87410.0 0.0
0.07271468144044321 82010.5 0.0
0.07306094182825484 98227.0 0.0
0.07317636195752539 87726.0 0.0
0.07329178208679593 141370.0 0.0
0.07340720221606649 76728.0 0.0
0.07352262234533703 76730.0 0.0
0.07363804247460758 82304.0 0.0
0.07444598337950138 87908.0 0.0
0.07467682363804247 87920.0 0.0
0.07479224376731301 87926.0 0.0
0.07675438596491228 70105.0 0.0
0.07987072945521699 70887.0 0.0
0.08010156971375808 70891.0 0.0
0.08021698984302862 70892.0 0.0
0.08033240997229917 70963.0 0.0
0.08448753462603878 115421.0 0.0
0.08471837488457987 115429.0 0.0
0.08483379501385041 115432.0 0.0
0.08494921514312095 115434.0 0.0
0.08945060018467221 108305.0 0.0
0.08956602031394276 109275.0 0.0
0.0896814404432133 113435.0 0.0
0.09787626962142197 84888.0 0.0
0.10687903970452448 167933.0 0.0
0.12084487534626039 161406.0 0.0
0.12707756232686981 126144.0 0.0
0.12880886426592797 150050.0 0.0
0.13977377654662973 108305.0 0.0
0.1415050784856879 150031.0 0.0
0.1536241920590951 179743.0 0.0
0.1603185595567867 152866.0 0.0
0.1605493998153278 152873.0 0.0
0.16066481994459833 152876.0 0.0
0.16078024007386887 152883.0 0.0
0.16101108033240996 153084.0 0.0
0.16204986149584488 153151.0 0.0
0.16228070175438597 153160.0 0.0
0.16839796860572484 156349.0 0.0
0.1745152354570637 158147.0 0.0
0.17497691597414589 158414.0 0.0
0.17509233610341643 158415.0 0.0
0.23568790397045244 268972.0 0.0
0.26061865189289013 231961.0 0.0
0.2608494921514312 312896.0 0.0
0.32871652816251157 275678.0 0.0
0.37719298245614036 359390.0 0.0
0.7059095106186519 519907.0 0.0
0.9667590027700831 689004.0 0.0
1.0 696694.0 0.0
