492835
0.00011542012927054478 1049.8767313019391 167.9862650046168
0.00023084025854108956 1650.651476793249 301.67679324894516
0.00034626038781163435 2397.157200811359 503.21196754563897
0.0004616805170821791 2965.0137614678897 626.0504587155963
0.0005771006463527239 3387.75 869.45
0.0006925207756232687 3963.4495912806537 879.6757493188011
0.0008079409048938135 4265.584229390681 964.3835125448029
0.0009233610341643582 4789.783464566929 1146.9606299212599
0.001038781163434903 4954.967136150235 1278.3145539906104
0.0011542012927054479 5444.366279069767 1550.6918604651162
0.0012696214219759926 5500.18115942029 1224.144927536232
0.0013850415512465374 6504.752066115702 1985.1652892561983
0.0015004616805170822 6424.769911504425 1749.5663716814158
0.001615881809787627 6752.213483146067 2415.0561797752807
0.0017313019390581717 7323.674698795181 2531.9277108433735
0.0018467220683287165 7590.023529411765 2423.929411764706
0.0019621421975992612 8189.416666666667 2748.6666666666665
0.002077562326869806 7449.974025974026 2724.4675324675327
0.0021929824561403508 7540.666666666667 2671.25
0.0023084025854108957 7930.290909090909 2941.6181818181817
0.0024238227146814403 7550.921568627451 1972.8431372549019
0.0025392428439519853 9193.22 2721.04
0.00265466297322253 8659.87037037037 2947.1666666666665
0.002770083102493075 9112.979166666666 3283.8333333333335
0.0028855032317636198 9108.5 3334.25
0.0030009233610341643 9283.125 3498.4375
0.0031163434903047093 10051.185185185184 3378.5555555555557
0.003231763619575254 9650.451612903225 4333.419354838709
0.003347183748845799 10141.366666666667 3026.866666666667
0.0034626038781163434 11743.733333333334 3221.1
0.0035780240073868884 10578.214285714286 3764.964285714286
0.003693444136657433 12213.925925925925 5169.185185185185
0.003808864265927978 10183.24 3971.88
0.0039242843951985225 11962.206896551725 4841.724137931034
0.004039704524469067 11883.142857142857 4977.642857142857
0.004155124653739612 12297.655172413793 5574.206896551724
0.004270544783010157 11590.933333333332 5267.666666666667
0.0043859649122807015 11187.384615384615 4036.0
0.004501385041551247 11567.166666666666 4129.944444444444
0.0046168051708217915 13828.944444444445 7414.5
0.004732225300092336 12786.333333333334 6034.592592592592
0.004847645429362881 12583.0 5027.066666666667
0.004963065558633426 14197.733333333334 7582.333333333333
0.0050784856879039705 14597.36 7087.84
0.005193905817174515 13533.15 6973.8
0.00530932594644506 13171.533333333333 6285.933333333333
0.005424746075715605 13939.157894736842 5935.368421052632
0.00554016620498615 15535.411764705883 7566.64705882353
0.005655586334256694 15850.70588235294 7769.764705882353
0.0057710064635272396 14702.64705882353 6584.411764705882
0.005886426592797784 14970.5 7313.5
0.006001846722068329 16241.307692307691 7410.307692307692
0.006117266851338873 14904.266666666666 7010.866666666667
0.006232686980609419 16394.5 8486.642857142857
0.006348107109879963 15504.357142857143 7514.857142857143
0.006463527239150508 15440.23076923077 8892.153846153846
0.006578947368421052 15555.76923076923 9070.307692307691
0.006694367497691598 15792.111111111111 8208.666666666666
0.006809787626962142 15657.125 6903.25
0.006925207756232687 16535.0 8365.888888888889
0.007040627885503232 18679.8 8893.9
0.007156048014773777 14069.222222222223 6084.555555555556
0.007271468144044321 15836.466666666667 7596.4
0.007386888273314866 17894.0 11487.25
0.007502308402585411 15430.57142857143 8258.92857142857
0.007617728531855956 14008.538461538461 6127.846153846154
0.0077331486611265 17417.7 9778.4
0.007848568790397045 14548.2 9511.066666666668
0.00796398891966759 16109.1 7239.2
0.008079409048938134 16329.076923076924 7102.076923076923
0.00819482917820868 15376.0 5855.714285714285
0.008310249307479225 16722.5 10696.2
0.008425669436749769 15016.285714285714 5996.0
0.008541089566020314 15771.7 6943.3
0.00865650969529086 17641.833333333332 6886.5
0.008771929824561403 21556.625 11782.5
0.008887349953831948 23258.666666666668 12146.666666666666
0.009002770083102494 20588.11111111111 11777.777777777777
0.009118190212373038 20594.625 13270.875
0.009233610341643583 19770.75 12486.25
0.009349030470914127 18593.625 7602.625
0.009464450600184672 21051.88888888889 9683.666666666666
0.009579870729455217 20022.444444444445 10142.444444444445
0.009695290858725761 18667.375 9910.5
0.009810710987996307 20509.88888888889 10869.777777777777
0.009926131117266852 19132.777777777777 8837.111111111111
0.010041551246537396 17976.714285714286 7648.428571428572
0.010156971375807941 18304.428571428572 10017.714285714286
0.010272391505078486 17803.545454545456 9397.454545454546
0.01038781163434903 18407.454545454544 9330.181818181818
0.010503231763619576 18455.666666666668 9220.916666666666
0.01061865189289012 19686.25 9711.5
0.010734072022160665 21191.6 18934.8
0.01084949215143121 19570.625 9183.25
0.010964912280701754 21841.6 11731.0
0.0110803324099723 23563.8 14434.4
0.011195752539242845 21692.0 14031.333333333334
0.011311172668513388 19373.5 9348.5
0.011426592797783934 17282.5 7475.0
0.011542012927054479 19766.5 8387.0
0.011657433056325023 18945.166666666668 9644.666666666666
0.011772853185595568 20699.833333333332 9036.333333333334
0.011888273314866112 37591.4 10633.2
0.012003693444136657 18017.0 10398.0
0.012119113573407203 28107.25 15374.0
0.012234533702677746 25443.5 16414.5
0.012349953831948292 19261.666666666668 10162.333333333334
0.012465373961218837 21161.11111111111 15611.888888888889
0.012580794090489381 22584.0 21893.5
0.012696214219759926 22731.2 14656.0
0.012811634349030472 25156.0 17219.0
0.012927054478301015 21947.666666666668 7462.333333333333
0.01304247460757156 23584.0 27586.5
0.013157894736842105 24485.5 20351.25
0.01327331486611265 28057.0 22016.0
0.013388734995383195 28182.666666666668 19937.666666666668
0.013504155124653739 25502.0 20532.0
0.013619575253924284 26240.5 25756.5
0.01373499538319483 26403.85714285714 20572.0
0.013850415512465374 26197.75 21457.75
0.013965835641735919 23372.75 12632.25
0.014081255771006464 27181.0 33412.0
0.014196675900277008 21320.6 17567.8
0.014312096029547553 20669.6 13427.0
0.014427516158818097 21948.8 14300.6
0.014542936288088643 22110.5 16959.25
0.014658356417359188 28523.0 30351.666666666668
0.014773776546629732 27134.0 21753.8
0.014889196675900277 28583.333333333332 19645.333333333332
0.015004616805170823 26141.75 17756.75
0.015120036934441366 37011.0 24826.0
0.015235457063711912 29564.0 44714.0
0.015350877192982455 28338.333333333332 29109.666666666668
0.01569713758079409 28357.0 20687.0
0.015812557710064637 32107.0 35782.5
0.01592797783933518 28198.25 28388.25
0.016043397968605724 29555.5 17760.0
0.016158818097876268 24930.6 19671.0
0.016274238227146815 26287.0 24042.5
0.01638965835641736 24014.2 18650.0
0.016505078485687903 28916.0 21704.0
0.01662049861495845 33229.0 32523.666666666668
0.016735918744228993 33059.333333333336 30665.666666666668
0.016851338873499537 30087.666666666668 21083.0
0.016966759002770084 28426.0 19078.0
0.017082179132040628 23086.0 11264.0
0.01719759926131117 26077.25 14731.75
0.01731301939058172 20820.0 9928.666666666666
0.017428439519852262 31519.4 24726.0
0.017543859649122806 28466.0 29098.5
0.017659279778393353 29506.4 24503.2
0.017774699907663897 28103.666666666668 16625.333333333332
0.01789012003693444 43232.0 28955.0
0.018005540166204988 24735.0 15698.666666666666
0.01812096029547553 25089.25 21478.5
0.018236380424746075 28746.666666666668 17485.333333333332
0.018351800554016622 30430.5 34427.5
0.018467220683287166 25534.333333333332 23832.0
0.01858264081255771 29750.0 22022.333333333332
0.018698060941828253 26803.0 20499.666666666668
0.0188134810710988 27093.333333333332 16185.833333333334
0.018928901200369344 29505.666666666668 15664.0
0.019044321329639888 30133.0 22829.0
0.019159741458910435 24294.0 10314.0
0.01927516158818098 27245.6 14908.8
0.019390581717451522 33293.5 20174.0
0.01950600184672207 30039.0 27886.0
0.019621421975992613 34392.75 34636.75
0.019736842105263157 27003.0 22621.0
0.019852262234533704 24124.6 19020.0
0.019967682363804248 25554.4 20295.4
0.02008310249307479 24817.666666666668 18515.333333333332
0.02019852262234534 34318.333333333336 30050.666666666668
0.020313942751615882 28470.0 20618.4
0.020429362880886426 29661.666666666668 22655.5
0.020544783010156973 28913.75 40719.25
0.020660203139427517 26780.333333333332 22022.666666666668
0.02077562326869806 24470.333333333332 15665.0
0.020891043397968604 24124.0 17440.0
0.02100646352723915 24171.0 17458.0
0.021121883656509695 25024.5 18846.5
0.02123730378578024 26420.75 21783.75
0.021352723915050786 26677.0 36750.75
0.02146814404432133 26725.666666666668 37810.166666666664
0.021583564173591873 26599.333333333332 52926.666666666664
0.02169898430286242 25560.5 64364.5
0.021814404432132964 25681.5 64421.0
0.021929824561403508 26754.5 28650.0
0.022045244690674055 27320.5 33336.0
0.0221606648199446 23963.0 19217.0
0.022276084949215142 26896.0 21295.5
0.02239150507848569 24156.0 19364.0
0.022506925207756233 24162.0 19364.0
0.022622345337026777 24172.0 19364.0
0.022737765466297324 25198.0 54792.0
0.022853185595567867 24136.333333333332 40026.666666666664
0.02296860572483841 27312.5 18135.0
0.023084025854108958 27865.666666666668 44240.0
0.023199445983379502 25948.0 49603.0
0.02343028624192059 29154.0 55569.5
0.023545706371191136 30166.666666666668 45302.333333333336
0.02366112650046168 32134.5 22890.5
0.023776546629732224 26533.0 90141.0
0.024007386888273315 31984.0 21161.0
0.02412280701754386 32028.0 21168.0
0.024238227146814405 30416.0 22310.0
0.02435364727608495 30434.5 25295.0
0.024469067405355493 32983.0 35312.0
0.02458448753462604 26929.0 90230.0
0.024699907663896584 32655.0 24914.0
0.024815327793167127 33048.0 27391.0
0.024930747922437674 36159.666666666664 35806.666666666664
0.025046168051708218 37748.0 40434.0
0.025161588180978762 32363.0 21858.0
0.02527700831024931 37868.0 32072.0
0.025392428439519853 47837.0 23725.0
0.025507848568790396 25515.0 15021.0
0.025738688827331487 38195.5 42497.0
0.02608494921514312 28408.0 20011.0
0.026200369344413665 35039.0 42228.333333333336
0.02631578947368421 33724.0 27453.0
0.026431209602954756 27740.0 19992.75
0.0265466297322253 30945.6 32050.4
0.026662049861495844 32364.333333333332 37484.666666666664
0.02677746999076639 31826.6 31638.6
0.026892890120036934 35089.0 45249.5
0.02723915050784857 35246.0 31638.0
0.027354570637119113 41948.0 38214.0
0.02746999076638966 42698.0 54624.0
0.027585410895660203 42739.0 54824.0
0.027816251154201294 35156.5 32474.0
0.027931671283471838 42173.0 38377.0
0.02804709141274238 49623.0 41388.0
0.028277931671283472 28243.0 26731.0
0.028393351800554016 35545.0 30137.666666666668
0.02850877192982456 38036.0 35407.0
0.028624192059095107 32697.333333333332 30042.333333333332
0.02873961218836565 81709.0 42898.5
0.028855032317636194 43047.666666666664 39692.666666666664
0.02897045244690674 36509.0 38731.0
0.029085872576177285 72675.66666666667 43081.0
0.02920129270544783 38580.0 39687.0
0.029316712834718376 38581.0 39687.0
0.02943213296398892 40144.0 35098.0
0.029547553093259463 39086.0 33467.0
0.02966297322253001 36422.0 22945.0
0.029778393351800554 33828.5 29344.0
0.029893813481071098 50676.0 42391.0
0.030240073868882732 36765.0 24039.0
0.03035549399815328 36768.0 24039.0
0.030470914127423823 36845.0 24059.0
0.030586334256694367 43804.0 33361.0
0.03070175438596491 46417.25 37145.5
0.030817174515235458 49467.666666666664 41432.0
0.030932594644506 50986.0 43313.0
0.031048014773776545 39206.0 42418.0
0.031163434903047092 42804.0 38980.0
0.03139427516158818 42854.0 39054.0
0.031625115420129274 39227.0 41986.5
0.03174053554939982 41323.5 41033.0
0.03185595567867036 41332.0 41250.5
0.031971375807940905 43085.0 39951.0
0.03208679593721145 44782.0 45041.5
0.03220221606648199 35516.0 38064.0
0.032317636195752536 46654.0 50252.0
0.03243305632502309 46656.0 50252.0
0.032663896583564174 47708.0 47515.0
0.03277931671283472 45905.0 40271.0
0.03289473684210526 45919.0 40624.0
0.033010156971375805 40773.0 39365.5
0.033125577100646356 48879.5 46735.5
0.0332409972299169 51778.0 51974.0
0.03335641735918744 51828.0 52839.0
0.03347183748845799 53310.0 53976.0
0.033702677746999074 53689.0 54783.0
0.03393351800554017 50675.0 52835.5
0.03404893813481071 36205.0 38617.0
0.034164358264081256 36215.0 38621.0
0.0342797783933518 46706.0 44493.0
0.03439519852262234 41994.5 44803.5
0.03451061865189289 47758.0 50986.0
0.03462603878116344 44183.666666666664 46514.666666666664
0.03474145891043398 47781.0 51015.0
0.034856879039704525 50893.0 53432.5
0.03497229916897507 34172.0 28834.0
0.03508771929824561 42928.5 58714.5
0.035203139427516156 37906.0 43964.0
0.035895660203139425 47446.0 45226.0
0.036011080332409975 45114.5 47137.5
0.03612650046168052 42778.0 49049.0
0.036357340720221606 42808.0 49064.0
0.036703601108033244 42831.0 49064.0
0.03681902123730379 41423.0 51131.0
0.03716528162511542 50929.0 81826.0
0.03728070175438596 51138.0 81855.0
0.037396121883656507 42977.0 49157.0
0.03751154201292706 43016.0 49167.0
0.037742382271468145 42406.0 50245.0
0.03785780240073869 39089.0 32653.0
0.03797322253000923 43394.0 49368.0
0.038088642659279776 50000.5 42030.5
0.038204062788550326 39435.0 35194.0
0.03831948291782087 38303.5 33481.5
0.038434903047091414 39600.0 35875.0
0.03855032317636196 41671.0 45594.666666666664
0.0386657433056325 43547.0 49683.0
0.038781163434903045 43550.0 49686.0
0.038896583564173595 50351.5 43890.0
0.03901200369344414 39679.0 35884.0
0.03912742382271468 39682.0 35884.0
0.039242843951985226 39706.0 35885.0
0.039473684210526314 44606.0 45607.0
0.040281625115420126 52485.0 83980.0
0.04039704524469068 52712.0 84542.0
0.040974145891043395 39265.0 34499.0
0.04132040627885503 39388.0 34634.0
0.041666666666666664 46604.0 43070.0
0.04178208679593721 46609.0 43084.0
0.04189750692520776 46619.0 43084.0
0.042128347183748846 46856.0 43122.0
0.04224376731301939 46861.0 43126.0
0.04235918744228993 46978.0 43131.0
0.04259002770083103 47341.0 51037.0
0.04270544783010157 47349.0 51037.0
0.04293628808864266 47413.0 51097.0
0.04374422899353647 62965.0 54993.0
0.043975069252077566 48037.0 52154.0
0.04512927054478301 47549.0 36649.0
0.04524469067405355 47556.0 36649.0
0.0453601108033241 47667.0 36684.0
0.045706371191135735 47695.0 36751.0
0.04593721144967682 59207.0 64892.0
0.04628347183748846 60226.0 61126.5
0.046398891966759004 56125.0 63941.0
0.04651431209602955 64363.0 58325.0
0.046745152354570635 60618.5 61200.0
0.04686057248384118 56515.0 64070.0
0.04697599261311173 48572.0 52896.0
0.04732225300092336 64779.0 58405.0
0.047437673130193904 56603.0 64077.0
0.047668513388735 62574.0 67751.0
0.04778393351800554 60303.0 77076.0
0.047899353647276086 66436.0 60165.0
0.04824561403508772 52681.0 55510.0
0.04836103416435827 52686.0 55510.0
0.05090027700831025 49395.0 54969.0
0.05170821791320406 62530.0 81547.0
0.051823638042474605 62533.0 81555.0
0.05193905817174515 62535.0 81555.0
0.05240073868882733 62586.0 81566.0
0.052516158818097874 62624.0 81572.0
0.05286241920590951 61082.0 69627.0
0.052977839335180056 61890.0 79377.33333333333
0.0530932594644506 62634.0 81597.0
0.05332409972299169 104926.0 71725.0
0.05378578024007387 63852.0 82816.0
0.054016620498614956 63059.5 85086.0
0.05424746075715605 62214.0 87358.0
0.054362880886426594 62222.0 87358.0
0.05447830101569714 66604.0 97482.0
0.05459372114496768 69605.0 106573.0
0.054709141274238225 69631.0 106646.0
0.05482456140350877 69639.0 106674.0
0.05517082179132041 69644.0 106674.0
0.055401662049861494 69710.0 106696.0
0.05551708217913204 69720.0 106696.0
0.05817174515235457 64406.0 75387.0
0.058287165281625114 64407.0 75394.0
0.05863342566943675 64448.0 75398.0
0.05932594644506002 61782.0 71594.0
0.059441366574330565 61785.0 71594.0
0.05955678670360111 61788.0 71594.0
0.0608264081255771 72811.0 113904.0
0.060941828254847646 72866.0 113904.0
0.06128808864265928 73261.0 113946.0
0.06174976915974146 73381.0 114031.0
0.061865189289012 73385.0 114031.0
0.061980609418282546 73394.0 114052.0
0.06209602954755309 68057.0 93733.5
0.06221144967682364 73479.0 114077.0
0.062326869806094184 73504.0 114081.0
0.06244228993536473 73582.0 114181.0
0.06267313019390582 62756.0 73438.0
0.06278855032317636 62757.0 73440.0
0.06301939058171745 69364.0 69335.0
0.06313481071098799 62786.0 73458.0
0.06325023084025855 62791.0 73495.0
0.06336565096952909 79906.0 126694.0
0.06348107109879964 70915.0 85489.0
0.06359649122807018 70921.0 85489.0
0.06371191135734072 62837.0 73581.0
0.06405817174515235 62895.0 73660.0
0.0641735918744229 73732.0 81620.0
0.06428901200369344 72396.0 83598.0
0.06451985226223453 73778.0 81769.0
0.06463527239150507 72458.5 83709.0
0.06625115420129271 74354.0 82808.0
0.06636657433056325 71263.0 85623.0
0.0664819944598338 71266.0 85658.0
0.06659741458910434 74399.0 83602.0
0.06671283471837489 68864.0 78711.0
0.06682825484764543 74412.0 83602.0
0.06740535549399815 75676.0 97447.0
0.06752077562326869 71829.0 85739.0
0.06763619575253925 71831.0 85751.0
0.06775161588180979 71831.0 85751.0
0.0695983379501385 74821.0 84235.0
0.0698291782086796 74828.0 84235.0
0.07075253924284396 80230.0 92899.0
0.0708679593721145 73749.0 96242.0
0.07479224376731301 154679.0 94723.0
0.07548476454293629 57718.0 50710.0
0.07594644506001846 74208.0 110334.0
0.0762927054478301 74301.0 110613.0
0.07663896583564174 74313.0 110613.0
0.07675438596491228 74326.0 110629.0
0.077331486611265 74813.0 111220.0
0.07744690674053555 74834.0 111224.0
0.07756232686980609 74882.0 111539.0
0.07825484764542937 172226.0 97264.0
0.0809095106186519 73216.0 98298.0
0.0829870729455217 82936.0 163390.0
0.08621883656509695 78798.0 113478.0
0.08633425669436749 78830.0 113478.0
0.08644967682363804 79035.0 113540.0
0.08702677746999077 79116.0 113618.0
0.08714219759926131 79123.0 113619.0
0.08818097876269622 80213.0 116089.0
0.08852723915050785 80231.0 116180.0
0.0886426592797784 80239.0 116182.0
0.08875807940904894 80276.0 116182.0
0.08887349953831948 80318.0 116188.0
0.08898891966759002 81091.0 122144.0
0.08921975992613111 76336.0 146116.0
0.09187442289935364 80156.0 128172.0
0.09198984302862419 80160.0 128172.0
0.09210526315789473 80161.0 128172.0
0.09222068328716528 80161.0 128186.0
0.09245152354570638 80618.0 130267.0
0.09256694367497692 80643.0 130270.0
0.09314404432132964 94522.0 109476.0
0.09429824561403509 90801.0 156382.0
0.09487534626038781 90806.0 156383.0
0.09499076638965835 90806.0 156383.0
0.0951061865189289 90815.0 156383.0
0.09522160664819945 91037.0 156838.0
0.09683748845798708 91130.0 156911.0
0.09903047091412742 94881.0 174587.0
0.1028393351800554 110216.0 177765.0
0.12384579870729455 110815.0 133810.0
0.14623730378578023 109044.0 143609.0
0.14704524469067407 115675.0 218723.0
0.1523545706371191 126605.0 248838.0
0.16124192059095105 217249.0 260654.0
0.2144506001846722 153046.0 316170.0
0.22668513388734995 175933.0 311575.0
0.2513850415512465 176237.0 423425.0
0.387927054478301 317409.0 572229.0
0.5341643582640813 356181.0 715838.0
0.7486149584487535 423167.0 1032008.0
1.0 492835.0 1455433.0
