5110
0.00011542012927054478 600.7173361034164 85.49307479224376
0.00023084025854108956 941.0532676812892 149.1651745747538
0.00034626038781163435 1263.8718637992831 194.36469534050178
0.0004616805170821791 1535.8008915304606 296.4591381872214
0.0005771006463527239 1732.2878464818764 449.4882729211087
0.0006925207756232687 1878.2181303116147 493.6628895184136
0.0008079409048938135 1990.1100323624596 388.59546925566343
0.0009233610341643582 2168.7316017316016 807.7575757575758
0.001038781163434903 2244.876404494382 691.685393258427
0.0011542012927054479 2430.6404494382023 771.4606741573034
0.0012696214219759926 2541.0481927710844 1038.6024096385543
0.0013850415512465374 2633.0476190476193 983.7414965986394
0.0015004616805170822 2752.861386138614 968.6435643564356
0.001615881809787627 2781.1145833333335 1040.625
0.0017313019390581717 2925.2441860465115 998.9767441860465
0.0018467220683287165 2864.4666666666667 961.5333333333333
0.0019621421975992612 2974.1176470588234 1201.7058823529412
0.002077562326869806 3100.719298245614 2010.3684210526317
0.0021929824561403508 3112.76 1362.92
0.0023084025854108957 3176.830188679245 1657.1132075471698
0.0024238227146814403 3142.7843137254904 1242.313725490196
0.0025392428439519853 3220.964285714286 1418.642857142857
0.00265466297322253 3366.730769230769 2053.0576923076924
0.002770083102493075 3336.9268292682927 1612.658536585366
0.0028855032317636198 3319.7954545454545 2226.431818181818
0.0030009233610341643 3394.4210526315787 1675.3157894736842
0.0031163434903047093 3425.625 2223.875
0.003231763619575254 3452.609756097561 2181.121951219512
0.003347183748845799 3541.3928571428573 1998.857142857143
0.0034626038781163434 3518.5454545454545 2690.8636363636365
0.0035780240073868884 3663.214285714286 3645.285714285714
0.003693444136657433 3616.0 3196.3333333333335
0.003808864265927978 3752.967741935484 3314.516129032258
0.0039242843951985225 3819.5333333333333 3808.133333333333
0.004039704524469067 3795.785714285714 2946.1785714285716
0.004155124653739612 3733.0833333333335 2351.4583333333335
0.004270544783010157 3825.7083333333335 2702.7083333333335
0.0043859649122807015 3738.4375 1951.0
0.004501385041551247 3852.6111111111113 2088.777777777778
0.0046168051708217915 3890.1666666666665 2432.222222222222
0.004732225300092336 3903.4444444444443 2659.3333333333335
0.004847645429362881 3772.9473684210525 3030.315789473684
0.004963065558633426 3970.230769230769 2712.0
0.0050784856879039705 3878.6428571428573 2465.714285714286
0.005193905817174515 3926.4761904761904 2515.8571428571427
0.00530932594644506 3894.5882352941176 2402.294117647059
0.005424746075715605 4021.235294117647 3540.705882352941
0.00554016620498615 3983.722222222222 3124.5555555555557
0.005655586334256694 4079.0714285714284 4234.428571428572
0.0057710064635272396 4072.8571428571427 3711.1428571428573
0.005886426592797784 4037.5454545454545 2823.909090909091
0.006001846722068329 4081.176470588235 2716.6470588235293
0.006117266851338873 4180.75 4000.9166666666665
0.006232686980609419 4012.2631578947367 2432.9473684210525
0.006348107109879963 3973.6666666666665 2396.277777777778
0.006463527239150508 4019.2 3469.4
0.006578947368421052 4083.0833333333335 4059.0833333333335
0.006694367497691598 4177.727272727273 4934.090909090909
0.006809787626962142 4178.2 5662.0
0.006925207756232687 4232.636363636364 4074.3636363636365
0.007040627885503232 4207.2307692307695 4761.846153846154
0.007156048014773777 4247.75 5675.333333333333
0.007271468144044321 4107.625 4337.875
0.007386888273314866 4074.625 4440.75
0.007502308402585411 4205.5 5848.8
0.007617728531855956 4149.625 4383.0625
0.0077331486611265 4197.5 5309.333333333333
0.007848568790397045 4283.125 6300.5
0.00796398891966759 4219.666666666667 6312.0
0.008079409048938134 4246.090909090909 4986.818181818182
0.00819482917820868 4316.363636363636 5138.0
0.008310249307479225 4279.375 4112.375
0.008425669436749769 4271.090909090909 4020.5454545454545
0.008541089566020314 4286.333333333333 3262.5
0.00865650969529086 4267.222222222223 3341.0
0.008771929824561403 4259.857142857143 3732.4285714285716
0.008887349953831948 4260.666666666667 5075.111111111111
0.009002770083102494 4307.0 6432.333333333333
0.009118190212373038 4310.5 4190.3
0.009233610341643583 4335.666666666667 4272.166666666667
0.009349030470914127 4273.4 5419.0
0.009464450600184672 4431.0 7721.6
0.009579870729455217 4288.8 4865.8
0.009695290858725761 4418.2 6350.2
0.009810710987996307 4413.0 8859.0
0.009926131117266852 4315.75 4608.75
0.010041551246537396 4301.0 4382.75
0.010156971375807941 4310.0 1908.6666666666667
0.010272391505078486 4263.5 4266.0
0.01038781163434903 4443.25 4551.25
0.010503231763619576 4397.0 4684.0
0.01061865189289012 4455.25 7518.5
0.010734072022160665 4528.2 8481.2
0.01084949215143121 4564.5 8722.0
0.010964912280701754 4310.0 1969.0
0.0110803324099723 4379.0 14921.0
0.011195752539242845 4443.5 4114.0
0.011311172668513388 4354.0 2108.0
0.011426592797783934 4446.0 4120.0
0.011542012927054479 4521.0 12450.5
0.011657433056325023 4565.0 10725.0
0.011772853185595568 4402.5 3726.0
0.012003693444136657 4469.5 6427.0
0.012119113573407203 4464.25 7477.5
0.012349953831948292 4554.5 8575.25
0.012465373961218837 4505.0 6494.0
0.012580794090489381 4522.5 7724.5
0.012696214219759926 4527.5 7728.833333333333
0.012927054478301015 4502.333333333333 7377.0
0.01304247460757156 4472.666666666667 5799.333333333333
0.013157894736842105 4464.6 7358.4
0.01327331486611265 4584.666666666667 7860.666666666667
0.013388734995383195 4487.0 7809.5
0.013504155124653739 4471.0 6451.333333333333
0.013619575253924284 4456.25 6756.75
0.01373499538319483 4444.5 7773.5
0.013850415512465374 4411.0 5698.25
0.014081255771006464 4515.0 7882.0
0.014196675900277008 4518.25 8646.25
0.014312096029547553 4541.2 8245.6
0.014427516158818097 4571.0 9429.333333333334
0.014658356417359188 4639.0 13213.0
0.014773776546629732 4649.333333333333 12802.666666666666
0.014889196675900277 4632.666666666667 11869.0
0.015004616805170823 4512.25 7966.0
0.015120036934441366 4552.0 10162.5
0.015235457063711912 4560.666666666667 8556.0
0.015350877192982455 4702.0 9511.0
0.015466297322253 4684.0 9771.0
0.015581717451523546 4593.4 9580.0
0.01569713758079409 4706.0 9802.0
0.015812557710064637 4579.8 9514.0
0.01592797783933518 4613.333333333333 9827.5
0.016043397968605724 4631.6 10614.2
0.016158818097876268 4676.0 10442.0
0.016274238227146815 4600.4 9848.2
0.01638965835641736 4583.0 9719.6
0.016505078485687903 4707.0 12075.0
0.01662049861495845 4721.0 9997.0
0.016735918744228993 4689.333333333333 11496.0
0.016851338873499537 4543.75 9177.0
0.016966759002770084 4532.0 9042.0
0.017082179132040628 4515.0 8624.0
0.01719759926131117 4624.0 9327.5
0.01731301939058172 4598.333333333333 10452.0
0.017428439519852262 4668.5 11984.0
0.017543859649122806 4661.666666666667 12142.0
0.017659279778393353 4657.75 12843.75
0.017774699907663897 4701.0 12391.25
0.01789012003693444 4674.5 12266.0
0.018005540166204988 4599.666666666667 10754.0
0.01812096029547553 4660.333333333333 11045.666666666666
0.018236380424746075 4610.0 9506.5
0.018351800554016622 4614.75 8744.25
0.018467220683287166 4637.5 11860.5
0.01858264081255771 4684.666666666667 11926.333333333334
0.018698060941828253 4704.2 12397.2
0.0188134810710988 4696.0 12320.333333333334
0.018928901200369344 4686.666666666667 10834.0
0.019044321329639888 4687.333333333333 10834.0
0.019159741458910435 4607.5 6989.0
0.01927516158818098 4603.0 9164.0
0.019390581717451522 4654.4 9172.4
0.01950600184672207 4688.75 11660.25
0.019621421975992613 4678.0 10532.333333333334
0.019736842105263157 4675.75 10776.5
0.019852262234533704 4659.6 11309.4
0.019967682363804248 4696.666666666667 11375.333333333334
0.02008310249307479 4682.75 10188.75
0.02019852262234534 4673.666666666667 10234.0
0.020429362880886426 4624.0 4446.0
0.020544783010156973 4711.0 11682.0
0.020660203139427517 4680.0 12863.0
0.02077562326869806 4702.0 12799.75
0.020891043397968604 4654.666666666667 8084.333333333333
0.02100646352723915 4743.666666666667 13426.333333333334
0.021121883656509695 4753.0 16824.5
0.02123730378578024 4722.5 12793.0
0.021352723915050786 4678.666666666667 10233.0
0.02146814404432133 4739.333333333333 14396.666666666666
0.021583564173591873 4695.0 12350.5
0.02169898430286242 4762.0 16570.5
0.021814404432132964 4636.0 11049.0
0.021929824561403508 4690.75 11365.75
0.022045244690674055 4724.6 12280.0
0.0221606648199446 4738.2 13250.8
0.022276084949215142 4750.0 12847.5
0.02239150507848569 4751.0 15486.333333333334
0.022506925207756233 4735.0 13816.75
0.022622345337026777 4731.75 13305.75
0.022737765466297324 4686.0 9569.0
0.022853185595567867 4687.5 11696.0
0.02296860572483841 4709.666666666667 13744.666666666666
0.023084025854108958 4696.0 10790.0
0.023199445983379502 4796.0 20678.0
0.023314866112650046 4733.666666666667 15618.666666666666
0.02343028624192059 4725.0 15092.0
0.023545706371191136 4762.0 16406.0
0.023776546629732224 4767.0 16603.0
0.02389196675900277 4706.0 10811.5
0.024007386888273315 4763.0 16777.0
0.02412280701754386 4766.5 16734.5
0.024238227146814405 4730.333333333333 13829.0
0.02435364727608495 4716.5 12507.0
0.024469067405355493 4802.0 18061.5
0.02458448753462604 4842.0 24475.0
0.024699907663896584 4842.0 24475.0
0.024815327793167127 4767.0 16972.0
0.024930747922437674 4786.0 18196.0
0.025046168051708218 4843.0 24494.0
0.025161588180978762 4712.5 13044.5
0.02527700831024931 4771.0 20506.0
0.025392428439519853 4750.0 15291.5
0.025507848568790396 4759.0 16599.666666666668
0.025623268698060944 4761.0 15218.25
0.025738688827331487 4781.5 18617.0
0.02585410895660203 4819.5 21882.0
0.025969529085872575 4867.0 27063.0
0.02608494921514312 4734.666666666667 14454.0
0.026200369344413665 4708.5 13568.0
0.02631578947368421 4770.2 16358.2
0.026431209602954756 4737.666666666667 12653.0
0.0265466297322253 4722.0 13375.5
0.026662049861495844 4776.0 20533.0
0.02677746999076639 4776.0 20577.0
0.026892890120036934 4780.5 16357.5
0.027123730378578025 4793.0 20153.0
0.027354570637119113 4717.5 11671.5
0.02746999076638966 4777.0 20621.0
0.027585410895660203 4784.0 20947.0
0.027700831024930747 4784.0 20947.0
0.027816251154201294 4766.5 17108.0
0.027931671283471838 4660.0 9196.0
0.02816251154201293 4707.0 5441.0
0.028277931671283472 4707.0 5591.0
0.028393351800554016 4708.0 5599.0
0.02850877192982456 4732.5 11993.0
0.028624192059095107 4714.0 5649.0
0.02873961218836565 4689.0 7535.5
0.028855032317636194 4738.666666666667 14152.333333333334
0.02897045244690674 4709.25 10569.0
0.029085872576177285 4751.666666666667 12431.0
0.02920129270544783 4745.0 11248.0
0.029316712834718376 4754.0 13281.0
0.02943213296398892 4802.5 20572.5
0.029547553093259463 4779.5 12819.5
0.02966297322253001 4804.0 12341.0
0.029778393351800554 4723.0 9910.0
0.029893813481071098 4645.0 7479.0
0.03012465373961219 4726.5 9930.5
0.030240073868882732 4805.0 12376.0
0.030586334256694367 4659.0 7607.0
0.03070175438596491 4836.5 20384.0
0.030817174515235458 4827.0 25714.5
0.030932594644506 4835.5 21425.0
0.031048014773776545 4835.5 21434.5
0.031163434903047092 4832.0 18603.0
0.031278855032317636 4824.0 19933.5
0.03139427516158818 4824.0 15315.0
0.03150969529085872 4833.333333333333 23462.333333333332
0.031625115420129274 4826.0 27097.0
0.03174053554939982 4824.0 15315.0
0.03185595567867036 4821.0 19353.0
0.03220221606648199 4709.0 11008.0
0.03254847645429363 4828.0 20705.0
0.032663896583564174 4709.0 11507.0
0.03277931671283472 4769.5 16148.5
0.03289473684210526 4829.0 20795.0
0.033010156971375805 4829.0 20795.0
0.0332409972299169 4830.0 27515.0
0.03335641735918744 4780.0 19790.0
0.03347183748845799 4780.5 19833.5
0.03358725761772853 4780.5 19833.5
0.033702677746999074 4781.5 19866.5
0.033818097876269625 4732.0 12078.0
0.03393351800554017 4732.0 12093.0
0.03404893813481071 4861.0 20132.0
0.034164358264081256 4797.0 16116.0
0.03439519852262234 4788.0 21741.0
0.03508771929824561 4835.0 28388.0
0.035203139427516156 4836.5 24816.0
0.035318559556786706 4784.5 16741.5
0.03543397968605725 4798.0 22974.0
0.035549399815327794 4788.25 18786.75
0.03566481994459834 4788.0 20503.5
0.03578024007386888 4769.5 17784.5
0.035895660203139425 4740.0 12585.0
0.036011080332409975 4797.25 19187.5
0.03612650046168052 4793.666666666667 21432.666666666668
0.03624192059095106 4812.75 23543.5
0.036357340720221606 4827.0 20809.0
0.03647276084949215 4807.0 21445.0
0.036588180978762694 4814.0 21772.5
0.036703601108033244 4788.666666666667 15190.666666666666
0.03681902123730379 4810.5 16457.0
0.037049861495844875 4886.0 30903.0
0.03716528162511542 4886.0 30904.0
0.03728070175438596 4863.0 26254.5
0.037396121883656507 4855.5 24434.0
0.03751154201292706 4843.0 24531.666666666668
0.0376269621421976 4829.0 16290.0
0.037742382271468145 4874.0 21368.0
0.03785780240073869 4839.0 21127.666666666668
0.03797322253000923 4856.0 24342.333333333332
0.038088642659279776 4875.0 21533.0
0.038204062788550326 4875.0 21533.0
0.038434903047091414 4875.0 21559.0
0.03855032317636196 4875.0 21559.0
0.0386657433056325 4870.0 19747.0
0.038781163434903045 4766.0 13346.0
0.038896583564173595 4803.0 17060.0
0.03901200369344414 4837.5 22967.0
0.03912742382271468 4859.0 22589.0
0.039242843951985226 4859.0 22589.0
0.03935826408125577 4840.5 23345.0
0.039473684210526314 4859.0 22593.0
0.03958910433979686 4843.5 21071.0
0.03970452446906741 4843.5 21092.5
0.039935364727608495 4842.0 19668.0
0.04005078485687904 4822.0 18939.333333333332
0.04016620498614958 4802.0 19443.0
0.040281625115420126 4823.0 24121.0
0.04039704524469068 4868.0 18537.0
0.04051246537396122 4823.0 24138.0
0.04085872576177285 4823.0 24138.0
0.040974145891043395 4891.5 26788.0
0.041089566020313946 4890.0 27640.0
0.04132040627885503 4883.666666666667 24792.666666666668
0.04143582640812558 4890.5 27869.5
0.041666666666666664 4904.0 29306.0
0.04224376731301939 4904.0 29451.0
0.04235918744228993 4904.0 29452.0
0.04247460757156048 4904.0 29452.0
0.0432825484764543 4901.0 31221.0
0.043513388734995384 4901.0 31480.0
0.04362880886426593 4863.0 24914.0
0.04374422899353647 4901.0 31705.0
0.04420590951061865 4860.0 30285.0
0.0443213296398892 4861.0 30285.0
0.04489843028624192 4784.0 14102.0
0.045013850415512466 4807.0 16290.5
0.04524469067405355 4830.0 18463.0
0.0453601108033241 4830.0 18463.0
0.04547553093259465 4790.0 14252.0
0.04582179132040628 4899.0 23698.0
0.046052631578947366 4838.0 18570.0
0.04628347183748846 4838.0 18570.0
0.046398891966759004 4838.0 18570.0
0.04651431209602955 4838.0 18572.0
0.04662973222530009 4838.0 18572.0
0.04720683287165282 4901.0 24649.0
0.047437673130193904 4907.0 31603.0
0.04755309325946445 4933.0 32811.0
0.04836103416435827 4815.0 14874.0
0.04847645429362881 4829.0 16810.5
0.048591874422899355 4829.0 16810.5
0.0487072945521699 4829.0 16865.5
0.048938134810710986 4815.0 14986.0
0.049284395198522624 4816.0 15033.0
0.05066943674976916 4934.0 36189.0
0.050784856879039705 4934.0 36189.0
0.051477377654662974 4916.0 32469.0
0.05159279778393352 4873.5 25103.5
0.05170821791320406 4872.5 24097.5
0.051823638042474605 4920.0 34718.0
0.05193905817174515 4876.333333333333 27349.333333333332
0.0520544783010157 4854.5 23698.0
0.05216989843028624 4891.0 30180.5
0.05228531855955679 4896.666666666667 28908.333333333332
0.05274699907663897 4885.5 25202.5
0.052977839335180056 4875.0 31520.0
0.053670360110803325 4937.0 39681.0
0.05378578024007387 4898.0 28865.0
0.05390120036934441 4867.0 24785.0
0.054362880886426594 4938.0 39767.0
0.05447830101569714 4899.0 28912.5
0.054709141274238225 4859.0 18061.0
0.05482456140350877 4859.0 18061.0
0.05528624192059095 4859.0 18319.0
0.055401662049861494 4859.0 18319.0
0.05551708217913204 4859.0 18319.0
0.055863342566943676 4860.0 18485.0
0.05609418282548476 4877.0 31597.0
0.05620960295475531 4929.0 33393.0
0.05632502308402586 4929.0 33393.0
0.056555863342566945 4929.0 33399.0
0.05667128347183749 4903.5 32560.5
0.05678670360110803 4878.0 32010.0
0.058748845798707296 4880.0 19725.0
0.05886426592797784 4880.0 19740.0
0.05897968605724838 4880.0 19740.0
0.05909510618651893 4880.0 19741.0
0.05921052631578947 4880.0 26011.5
0.05955678670360111 4905.0 43268.0
0.059787626962142196 4880.0 19793.0
0.05990304709141274 4896.5 33228.0
0.06001846722068329 4908.0 45936.0
0.06024930747922438 4908.0 45936.0
0.06036472760849492 4919.0 39994.5
0.060480147737765465 4908.0 45936.0
0.06059556786703601 4883.0 32819.0
0.06071098799630656 4909.0 45958.0
0.0608264081255771 4897.0 33310.0
0.06105724838411819 4909.0 46246.0
0.061865189289012 4890.0 32581.0
0.061980609418282546 4900.5 39581.5
0.06209602954755309 4890.0 32584.0
0.06221144967682364 4926.0 42153.0
0.062326869806094184 4890.0 32588.0
0.06244228993536473 4890.0 32891.0
0.06255771006463527 4901.0 39811.0
0.06267313019390582 4901.0 39811.0
0.06278855032317636 4964.0 51727.0
0.0629039704524469 4937.5 49251.0
0.06301939058171745 4964.0 51760.0
0.06313481071098799 4937.5 49431.5
0.06325023084025855 4911.0 47103.0
0.06348107109879964 4911.0 47132.0
0.06359649122807018 4911.0 47132.0
0.06371191135734072 4911.0 47132.0
0.06394275161588181 4911.0 47153.0
0.06671283471837489 4924.0 24704.0
0.06682825484764543 4924.0 24704.0
0.06694367497691597 4924.0 24704.0
0.06705909510618652 4924.0 24704.0
0.0672899353647276 4924.0 25337.0
0.07259926131117267 4921.0 48537.0
0.07398430286241921 4922.0 48590.0
0.07409972299168975 4922.0 48590.0
0.07433056325023084 4922.0 48590.0
0.07467682363804247 4924.0 48685.0
0.07710064635272391 4949.0 28966.0
0.08275623268698061 4962.0 33922.0
0.08945060018467221 5004.0 78823.0
0.08956602031394276 5004.0 79187.0
0.09014312096029548 5004.0 79464.0
0.11230378578024007 4981.0 47222.0
0.11253462603878116 4987.0 51810.0
0.11299630655586335 4989.0 65015.0
0.11368882733148661 4989.0 54751.0
0.11542012927054478 4997.0 60203.0
0.11657433056325023 4997.0 61458.0
0.11876731301939059 4998.0 70329.0
0.12096029547553093 4983.0 66872.0
0.12338411819021237 4973.0 67432.0
0.12349953831948292 4973.0 67458.0
0.12430747922437674 4973.0 67458.0
0.12442289935364728 4974.0 67560.0
0.1298476454293629 4980.0 68813.0
0.12996306555863343 4980.0 68813.0
0.13007848568790398 4980.0 68816.0
0.13088642659279778 4980.0 73029.0
0.13100184672206833 4980.0 73029.0
0.13180978762696213 4980.0 73100.0
0.13192520775623268 4981.0 73169.0
0.13204062788550322 4981.0 73169.0
0.13331024930747923 4984.0 73734.0
0.1337719298245614 4984.0 73760.0
0.13423361034164358 4984.0 73804.0
0.13446445060018467 4984.0 73841.0
0.1348107109879963 4984.0 73841.0
0.13492613111726684 4984.0 73911.0
0.13504155124653738 4984.0 73913.0
0.1352723915050785 4984.0 73913.0
0.13538781163434904 4989.0 75083.5
0.13561865189289013 4996.0 76626.0
0.13584949215143122 4996.0 76626.0
0.13596491228070176 4996.0 76629.0
0.13873499538319484 4997.0 77845.0
0.13885041551246538 4997.0 77852.0
0.13896583564173592 4997.0 77852.0
0.139196675900277 4997.0 77852.0
0.13977377654662973 4997.0 77855.0
0.13988919667590027 4997.0 77855.0
0.14012003693444136 4997.0 78005.0
0.1402354570637119 4997.0 78014.0
0.14035087719298245 4997.0 78014.0
0.140466297322253 4997.0 78014.0
0.14092797783933517 4998.0 78047.0
0.14127423822714683 4999.0 78052.0
0.14138965835641737 4999.0 78061.0
0.1415050784856879 4999.0 78134.0
0.14208217913204063 5029.0 114182.0
0.14346722068328716 4999.0 78569.0
0.1435826408125577 4999.0 78570.0
0.14369806094182824 4999.0 78596.0
0.1438134810710988 5003.0 78669.0
0.14439058171745153 5005.0 79876.0
0.15685595567867036 5031.0 131527.0
0.15708679593721145 5031.0 131629.0
0.157202216066482 5031.0 131817.0
0.15743305632502308 5031.0 132796.0
0.1577793167128347 5031.0 134230.0
0.1580101569713758 5031.0 134230.0
0.15812557710064634 5031.0 134256.0
0.15824099722991689 5031.0 134256.0
0.1595106186518929 5032.0 134578.0
0.15985687903970452 5032.0 134651.0
0.16759002770083103 5029.0 104866.0
0.17566943674976915 5017.0 98019.0
0.1757848568790397 5017.0 98027.0
0.1760156971375808 5017.0 102672.0
0.1762465373961219 5001.0 98051.0
0.17636195752539244 5001.0 98317.0
0.17716989843028624 5017.0 103591.0
0.17947830101569714 5018.0 103950.0
0.18051708217913204 5020.0 129651.0
0.18201754385964913 5022.0 130827.0
0.18213296398891968 5022.0 130827.0
0.18236380424746076 5022.0 130828.0
0.19205909510618652 5022.0 133209.0
0.19217451523545706 5022.0 133209.0
0.1925207756232687 5022.0 133267.0
0.19298245614035087 5022.0 133669.0
0.1930978762696214 5022.0 133671.0
0.19321329639889195 5022.0 133671.0
0.19332871652816253 5022.0 133686.0
0.1935595567867036 5022.0 133712.0
0.19367497691597416 5022.0 133712.0
0.19667590027700832 5022.0 134751.0
0.19679132040627886 5022.0 134757.0
0.20071560480147738 5022.0 152093.0
0.20083102493074792 5022.0 152093.0
0.20094644506001846 5022.0 152093.0
0.201061865189289 5022.0 152093.0
0.20117728531855955 5023.0 152203.0
0.2012927054478301 5023.0 152203.0
0.2121421975992613 5052.0 172879.0
0.21225761772853186 5052.0 172964.0
0.2123730378578024 5052.0 172964.0
0.2134118190212373 5052.0 172999.0
0.21352723915050784 5053.0 174102.0
0.21375807940904895 5053.0 174111.0
0.295129270544783 5042.0 168646.0
0.3340258541089566 5047.0 182473.0
0.3352954755309326 5049.0 225503.0
0.3460295475530933 5053.0 228981.0
0.3489150507848569 5064.0 253774.0
0.35710987996306554 5064.0 254973.0
0.415050784856879 5078.0 326314.0
0.4152816251154201 5078.0 326938.0
0.4153970452446907 5078.0 326938.0
0.4155124653739612 5078.0 326941.0
0.416320406278855 5078.0 328137.0
0.4164358264081256 5078.0 328137.0
0.41862880886426596 5078.0 328194.0
0.42047553093259465 5078.0 328496.0
0.42070637119113574 5078.0 328499.0
0.42082179132040626 5078.0 328499.0
0.42093721144967683 5078.0 328499.0
0.42105263157894735 5078.0 328624.0
0.421398891966759 5078.0 328699.0
0.4230147737765466 5078.0 334479.0
0.4345567867036011 5080.0 349575.0
0.43467220683287167 5080.0 349575.0
0.4347876269621422 5080.0 349751.0
0.4424053554939982 5080.0 350083.0
0.4427516158818098 5080.0 350122.0
0.4440212373037858 5080.0 350845.0
0.4441366574330563 5080.0 350882.0
0.44771468144044324 5081.0 354777.0
0.44783010156971376 5081.0 354777.0
0.44806094182825484 5081.0 354813.0
0.44944598337950137 5081.0 366748.0
0.4531394275161588 5082.0 370528.0
0.6207294552169899 5092.0 475394.0
0.9778393351800554 5110.0 730367.0
1.0 5110.0 740712.0
