10137
0.00011542012927054478 1077.9045475530932 183.908702677747
0.00023084025854108956 1619.860876558102 281.8741455568959
0.00034626038781163435 2392.6600985221676 474.30837438423646
0.0004616805170821791 2744.339705882353 543.5338235294117
0.0005771006463527239 3117.8568329718005 676.9045553145336
0.0006925207756232687 3577.1404494382023 1043.7050561797753
0.0008079409048938135 3916.501945525292 1235.5369649805448
0.0009233610341643582 4156.928229665072 1696.5167464114832
0.001038781163434903 4216.3494623655915 1347.9408602150538
0.0011542012927054479 4531.8 1435.4129032258065
0.0012696214219759926 4762.3233082706765 2046.0751879699249
0.0013850415512465374 4923.4921875 2144.390625
0.0015004616805170822 5157.252631578947 1980.1894736842105
0.001615881809787627 5289.969072164949 1947.3917525773195
0.0017313019390581717 5424.7037037037035 2530.246913580247
0.0018467220683287165 5600.194805194805 3019.714285714286
0.0019621421975992612 5548.661971830986 2646.8732394366198
0.002077562326869806 5713.612903225807 2038.532258064516
0.0021929824561403508 5836.358208955224 3709.89552238806
0.0023084025854108957 5957.229166666667 3602.4583333333335
0.0024238227146814403 6047.571428571428 3064.183673469388
0.0025392428439519853 6120.9607843137255 3050.450980392157
0.00265466297322253 6239.142857142857 3118.1020408163267
0.002770083102493075 6431.735849056604 3881.622641509434
0.0028855032317636198 6443.675 3488.225
0.0030009233610341643 6609.967741935484 3482.1612903225805
0.0031163434903047093 6739.391304347826 4559.978260869565
0.003231763619575254 6456.153846153846 3141.5384615384614
0.003347183748845799 6907.0 5891.589743589743
0.0034626038781163434 6832.121212121212 5092.30303030303
0.0035780240073868884 6970.071428571428 4801.785714285715
0.003693444136657433 6962.666666666667 4603.814814814815
0.003808864265927978 7031.5625 5413.8125
0.0039242843951985225 7023.606060606061 5666.757575757576
0.004039704524469067 7046.484848484848 5842.090909090909
0.004155124653739612 7202.178571428572 7093.785714285715
0.004270544783010157 6952.444444444444 7540.944444444444
0.0043859649122807015 7154.409090909091 4784.954545454545
0.004501385041551247 7458.411764705882 4997.235294117647
0.0046168051708217915 7425.1875 6540.1875
0.004732225300092336 7592.045454545455 6424.363636363636
0.004847645429362881 7536.333333333333 6120.222222222223
0.004963065558633426 7757.5 7509.375
0.0050784856879039705 7539.2962962962965 6329.037037037037
0.005193905817174515 7506.333333333333 6163.458333333333
0.00530932594644506 7548.304347826087 6955.782608695652
0.005424746075715605 7492.153846153846 7364.076923076923
0.00554016620498615 7563.6 7748.333333333333
0.005655586334256694 7567.428571428572 7483.857142857143
0.0057710064635272396 7713.181818181818 9757.818181818182
0.005886426592797784 7886.25 9243.333333333334
0.006001846722068329 7789.3 6792.7
0.006117266851338873 7735.333333333333 6798.111111111111
0.006232686980609419 7645.333333333333 5900.777777777777
0.006348107109879963 7797.0 7032.727272727273
0.006463527239150508 7889.0 7123.714285714285
0.006578947368421052 7804.0 5796.636363636364
0.006694367497691598 8144.333333333333 11378.111111111111
0.006809787626962142 7835.363636363636 8442.363636363636
0.006925207756232687 7896.727272727273 8327.0
0.007040627885503232 8053.384615384615 10483.923076923076
0.007156048014773777 8336.0 12155.166666666666
0.007271468144044321 8212.375 12776.125
0.007386888273314866 7984.5 7348.571428571428
0.007502308402585411 8265.5 10347.714285714286
0.007617728531855956 8329.375 11659.25
0.0077331486611265 8195.6 14950.5
0.007848568790397045 8219.111111111111 13704.0
0.00796398891966759 7997.666666666667 10290.111111111111
0.008079409048938134 7924.2 9920.4
0.00819482917820868 8234.90909090909 10672.818181818182
0.008310249307479225 8191.666666666667 7786.166666666667
0.008425669436749769 8478.666666666666 16573.666666666668
0.008541089566020314 8334.666666666666 10561.5
0.00865650969529086 8509.0 13094.0
0.008771929824561403 8324.5 12525.0
0.008887349953831948 8316.5 12049.625
0.009002770083102494 8317.2 8559.0
0.009118190212373038 8198.57142857143 10759.142857142857
0.009233610341643583 8405.333333333334 10619.166666666666
0.009349030470914127 8529.0 13625.90909090909
0.009464450600184672 8489.76923076923 13082.615384615385
0.009579870729455217 8541.888888888889 10812.222222222223
0.009695290858725761 8711.5 13989.5
0.009810710987996307 8430.5 10311.5
0.009926131117266852 8532.333333333334 9620.333333333334
0.010041551246537396 8614.285714285714 12202.42857142857
0.010156971375807941 8591.666666666666 12156.666666666666
0.010272391505078486 8803.0 18170.6
0.01038781163434903 8767.4 17405.2
0.010503231763619576 8812.75 20095.75
0.01061865189289012 8553.666666666666 14818.333333333334
0.010734072022160665 8558.666666666666 13257.333333333334
0.01084949215143121 8657.333333333334 15981.0
0.010964912280701754 8894.666666666666 22768.666666666668
0.0110803324099723 8353.666666666666 8784.333333333334
0.011195752539242845 8643.285714285714 14932.285714285714
0.011311172668513388 8371.0 13557.0
0.011426592797783934 8779.0 16280.666666666666
0.011542012927054479 8668.0 14889.5
0.011657433056325023 8985.5 18245.0
0.011772853185595568 8848.333333333334 21230.666666666668
0.011888273314866112 8756.5 20076.5
0.012119113573407203 8534.333333333334 8350.666666666666
0.012234533702677746 8525.0 12775.0
0.012349953831948292 8439.0 12491.0
0.012465373961218837 8445.0 7757.0
0.012580794090489381 8382.5 10487.25
0.012696214219759926 8585.4 11769.0
0.012811634349030472 8445.0 12497.0
0.012927054478301015 8599.0 8416.0
0.01304247460757156 8608.5 12355.75
0.013157894736842105 8625.0 13156.6
0.01327331486611265 8763.0 13187.5
0.013388734995383195 8494.0 8523.5
0.013504155124653739 8796.666666666666 14607.666666666666
0.013619575253924284 8694.5 16506.0
0.01373499538319483 8754.333333333334 16460.666666666668
0.013850415512465374 8753.0 13089.0
0.013965835641735919 8756.0 13090.0
0.014196675900277008 8982.0 23193.0
0.014312096029547553 8795.0 14539.0
0.014658356417359188 9056.5 31784.5
0.014773776546629732 9008.0 14416.0
0.014889196675900277 8848.333333333334 20989.333333333332
0.015004616805170823 9067.0 26912.5
0.015120036934441366 8961.75 17763.75
0.015235457063711912 9072.0 26958.0
0.015350877192982455 8979.75 21577.5
0.015466297322253 9053.333333333334 22579.0
0.015581717451523546 8558.0 12859.0
0.01569713758079409 9133.5 24746.0
0.015812557710064637 9170.0 23756.5
0.01592797783933518 9160.25 21797.75
0.016043397968605724 9034.0 14682.0
0.016158818097876268 9034.0 14682.0
0.016274238227146815 9164.0 21378.0
0.01638965835641736 9197.5 27452.5
0.016505078485687903 9241.0 33486.0
0.016851338873499537 9250.0 34445.0
0.016966759002770084 9252.0 34446.0
0.017082179132040628 9253.0 34446.0
0.017428439519852262 9260.0 34756.0
0.017543859649122806 9249.5 25438.0
0.017659279778393353 9145.5 37701.5
0.017774699907663897 9155.0 24760.5
0.018005540166204988 9230.0 43358.0
0.01812096029547553 9164.5 25016.5
0.018236380424746075 9259.0 62847.0
0.018351800554016622 9344.0 31916.0
0.01858264081255771 8987.0 16825.0
0.018698060941828253 9183.0 40764.5
0.0188134810710988 9183.5 21115.25
0.018928901200369344 9206.333333333334 24384.333333333332
0.019044321329639888 9175.0 29737.333333333332
0.019159741458910435 9254.333333333334 25808.333333333332
0.01927516158818098 9164.0 34896.0
0.019390581717451522 9201.0 51001.0
0.01950600184672207 9212.5 35404.0
0.019621421975992613 9212.0 30634.4
0.019736842105263157 9248.0 36158.0
0.019852262234533704 9214.0 44992.666666666664
0.019967682363804248 9229.333333333334 42278.333333333336
0.02008310249307479 9181.333333333334 25168.333333333332
0.02019852262234534 9318.0 36180.0
0.020313942751615882 9234.0 62673.0
0.020429362880886426 9181.0 38523.0
0.020544783010156973 9172.0 36141.5
0.020660203139427517 9286.0 32295.0
0.02077562326869806 9209.333333333334 34676.333333333336
0.02100646352723915 9260.0 43113.5
0.02123730378578024 9248.0 33976.666666666664
0.021352723915050786 9259.0 25619.5
0.02146814404432133 9319.666666666666 45870.666666666664
0.021583564173591873 9259.666666666666 32221.333333333332
0.02169898430286242 9289.5 48775.5
0.021814404432132964 9275.333333333334 38116.666666666664
0.021929824561403508 9275.666666666666 38119.666666666664
0.022045244690674055 9266.0 51937.0
0.0221606648199446 9253.5 35638.0
0.022276084949215142 9288.0 64555.0
0.02239150507848569 9283.2 33145.6
0.022506925207756233 9397.0 35537.0
0.022622345337026777 9297.0 29836.0
0.022737765466297324 9372.0 36923.0
0.022853185595567867 9092.0 24896.0
0.02296860572483841 9227.666666666666 27779.0
0.023199445983379502 9334.5 50781.5
0.02343028624192059 9380.0 43188.5
0.02366112650046168 9298.0 41002.25
0.023776546629732224 9348.333333333334 41994.333333333336
0.02389196675900277 9377.0 49620.0
0.024007386888273315 9379.0 49635.0
0.02412280701754386 9384.0 52065.0
0.024238227146814405 9345.0 59033.0
0.02435364727608495 9327.0 45647.0
0.024469067405355493 9271.0 39239.0
0.02458448753462604 9342.5 38580.5
0.024699907663896584 9328.666666666666 53135.0
0.024815327793167127 9388.0 52221.0
0.024930747922437674 9277.0 39280.0
0.02527700831024931 9297.0 39475.0
0.025507848568790396 9326.0 68070.0
0.025623268698060944 9335.5 36349.5
0.025738688827331487 9365.0 33021.0
0.02585410895660203 9299.0 19818.0
0.025969529085872575 9313.0 30063.0
0.02608494921514312 9330.0 68514.0
0.026200369344413665 9319.5 54123.0
0.02631578947368421 9369.5 55633.0
0.0265466297322253 9394.0 35469.333333333336
0.026662049861495844 9430.0 38532.0
0.02677746999076639 9401.0 41075.0
0.026892890120036934 9310.0 39815.0
0.027354570637119113 9414.0 43593.0
0.02746999076638966 9410.5 49010.0
0.027585410895660203 9410.5 49010.0
0.027816251154201294 9336.0 20848.0
0.027931671283471838 9356.0 38451.666666666664
0.02804709141274238 9337.0 20926.0
0.02816251154201293 9339.0 21064.0
0.028393351800554016 9364.0 21116.0
0.028624192059095107 9332.0 40122.0
0.028855032317636194 9352.5 30749.0
0.029085872576177285 9406.5 42505.0
0.02920129270544783 9430.5 33216.0
0.029316712834718376 9486.0 44980.0
0.02943213296398892 9462.0 41964.5
0.029547553093259463 9457.5 41570.0
0.02966297322253001 9383.0 71949.0
0.029778393351800554 9446.0 39192.0
0.029893813481071098 9446.0 39193.0
0.03012465373961219 9470.0 44142.0
0.03035549399815328 9473.0 44158.0
0.030932594644506 9476.0 44280.0
0.031048014773776545 9476.0 44286.0
0.031163434903047092 9503.0 47457.0
0.031278855032317636 9503.0 47465.0
0.03139427516158818 9503.0 47465.0
0.03174053554939982 9509.0 47509.0
0.03185595567867036 9466.5 46821.0
0.031971375807940905 9471.0 49609.333333333336
0.03208679593721145 9484.666666666666 47459.0
0.03220221606648199 9468.0 52449.0
0.032317636195752536 9465.5 47543.5
0.03254847645429363 9448.0 46352.0
0.032663896583564174 9436.0 48806.0
0.03277931671283472 9454.0 50728.5
0.03289473684210526 9459.0 50749.0
0.033125577100646356 9471.0 52652.0
0.0332409972299169 9480.0 45280.5
0.03335641735918744 9445.0 60701.0
0.03347183748845799 9410.0 22896.0
0.03358725761772853 9481.0 45166.0
0.033702677746999074 9478.0 38881.333333333336
0.03393351800554017 9473.5 53645.5
0.034164358264081256 9457.0 50103.0
0.0342797783933518 9509.0 54131.5
0.03439519852262234 9466.333333333334 57594.666666666664
0.03451061865189289 9485.0 69386.5
0.03462603878116344 9471.0 59782.0
0.03474145891043398 9487.666666666666 55123.333333333336
0.03497229916897507 9462.0 61959.333333333336
0.03508771929824561 9418.0 77105.0
0.035203139427516156 9456.5 61756.0
0.035318559556786706 9456.5 61473.5
0.03543397968605725 9468.333333333334 56200.333333333336
0.035549399815327794 9457.0 61573.0
0.03566481994459834 9514.333333333334 68051.33333333333
0.03578024007386888 9469.0 67622.5
0.035895660203139425 9497.333333333334 83025.0
0.036011080332409975 9502.0 99998.0
0.03612650046168052 9502.0 99998.0
0.03624192059095106 9549.0 112171.0
0.036357340720221606 9516.0 50349.0
0.036703601108033244 9425.0 50566.0
0.03681902123730379 9426.0 50567.5
0.03693444136657433 9526.5 55227.0
0.037049861495844875 9434.0 75227.5
0.03716528162511542 9549.5 88648.0
0.03728070175438596 9543.0 64223.0
0.037396121883656507 9550.0 88691.0
0.03751154201292706 9437.5 50841.0
0.0376269621421976 9545.0 64856.0
0.037742382271468145 9438.5 51180.5
0.03785780240073869 9439.5 51187.0
0.038204062788550326 9335.0 37839.0
0.03831948291782087 9551.0 65173.0
0.038896583564173595 9553.0 65178.0
0.03935826408125577 9555.0 65298.0
0.039473684210526314 9549.5 59899.0
0.03958910433979686 9554.0 52147.666666666664
0.03970452446906741 9539.5 49726.5
0.03981994459833795 9540.0 49749.5
0.039935364727608495 9540.0 49771.5
0.04005078485687904 9533.0 56892.333333333336
0.040281625115420126 9562.0 51301.5
0.04039704524469068 9523.333333333334 54607.333333333336
0.04051246537396122 9572.333333333334 51927.666666666664
0.040627885503231764 9559.75 53279.0
0.04074330563250231 9540.5 49864.0
0.041089566020313946 9539.0 46660.0
0.04120498614958449 9588.0 58268.0
0.04132040627885503 9558.5 62185.75
0.04155124653739612 9575.0 115927.0
0.041666666666666664 9515.0 69858.0
0.04178208679593721 9568.5 83566.0
0.04189750692520776 9559.0 51079.0
0.0420129270544783 9599.0 53816.0
0.042128347183748846 9559.0 51218.0
0.04224376731301939 9559.0 51218.0
0.04235918744228993 9580.5 52682.0
0.04259002770083103 9544.0 74305.0
0.04270544783010157 9562.0 51570.0
0.04293628808864266 9564.0 51670.0
0.0430517082179132 9564.0 51872.0
0.043167128347183746 9548.5 75365.0
0.04339796860572484 9587.666666666666 76278.66666666667
0.043513388734995384 9524.0 58222.333333333336
0.04362880886426593 9566.0 49968.0
0.04374422899353647 9540.0 103364.0
0.043859649122807015 9589.0 117394.0
0.043975069252077566 9564.0 55945.0
0.04409048938134811 9573.0 76737.0
0.04420590951061865 9586.0 86077.5
0.0443213296398892 9577.0 82902.0
0.04443674976915974 9524.5 51666.0
0.044552169898430284 9459.0 48830.0
0.04466759002770083 9479.0 52785.0
0.04478301015697138 9548.5 104879.5
0.04489843028624192 9490.5 72289.5
0.045013850415512466 9597.0 118012.0
0.04512927054478301 9500.0 91864.0
0.0453601108033241 9497.5 73182.5
0.04559095106186519 9562.0 82918.0
0.045706371191135735 9529.0 69371.5
0.04582179132040628 9504.0 57550.0
0.04593721144967682 9516.5 75501.0
0.046052631578947366 9516.0 92286.0
0.046168051708217916 9646.0 112274.0
0.04651431209602955 9622.0 82386.0
0.04755309325946445 9610.0 75019.0
0.04847645429362881 9588.0 62176.0
0.048591874422899355 9588.0 62176.0
0.0487072945521699 9588.0 62201.0
0.04939981532779317 9591.0 62547.0
0.04951523545706371 9591.0 62549.0
0.049630655586334255 9593.0 62836.0
0.0497460757156048 9593.0 63610.0
0.05066943674976916 9645.0 85675.5
0.050784856879039705 9628.25 73343.75
0.05090027700831025 9640.5 76254.0
0.05101569713758079 9670.0 95710.0
0.051131117266851336 9643.0 76371.0
0.05124653739612189 9614.0 56911.0
0.051477377654662974 9614.0 56934.0
0.051823638042474605 9679.0 97756.0
0.05193905817174515 9679.0 97795.0
0.05228531855955679 9599.0 61223.0
0.052516158818097874 9600.0 61283.0
0.05286241920590951 9638.0 73886.5
0.0530932594644506 9705.0 104325.0
0.05355493998153278 9682.0 109859.0
0.053670360110803325 9681.0 104168.5
0.05378578024007387 9685.0 109972.0
0.054016620498614956 9681.0 98478.0
0.0541320406278855 9637.333333333334 73594.66666666667
0.05424746075715605 9640.5 80118.0
0.05447830101569714 9601.0 61654.0
0.054709141274238225 9686.0 110397.0
0.05493998153277932 9648.5 98243.5
0.05505540166204986 9674.0 121699.5
0.05517082179132041 9687.0 110781.0
0.05528624192059095 9687.0 110784.0
0.055401662049861494 9674.5 122835.5
0.05551708217913204 9662.0 134880.0
0.05574792243767313 9687.0 110887.0
0.055863342566943676 9687.0 110887.0
0.05597876269621422 9687.0 110887.0
0.05620960295475531 9687.0 110893.0
0.05632502308402586 9687.0 110893.0
0.0564404432132964 9687.0 110896.0
0.05701754385964912 9666.0 135551.0
0.057248384118190214 9645.0 64751.0
0.05736380424746076 9646.0 64753.0
0.057594644506001845 9647.0 64991.0
0.05817174515235457 9648.0 65003.0
0.058287165281625114 9669.0 135887.0
0.05840258541089566 9669.0 135887.0
0.05863342566943675 9670.0 135887.0
0.05897968605724838 9649.0 65133.0
0.05909510618651893 9649.0 65136.0
0.060941828254847646 9660.0 66706.0
0.061172668513388734 9628.0 83287.0
0.06128808864265928 9628.0 83287.0
0.06151892890120037 9628.0 83290.0
0.061634349030470915 9630.0 84054.0
0.06174976915974146 9630.0 84085.0
0.061865189289012 9630.0 84085.0
0.061980609418282546 9660.0 66752.0
0.06221144967682364 9630.0 84510.0
0.062326869806094184 9630.0 84616.0
0.06267313019390582 9630.0 84649.0
0.0629039704524469 9635.0 84814.0
0.06301939058171745 9635.0 84819.0
0.06313481071098799 9635.0 84864.0
0.06336565096952909 9637.0 85301.0
0.06428901200369344 9639.0 85646.0
0.06590489381348107 9642.0 86810.0
0.06752077562326869 9679.0 68739.0
0.06763619575253925 9679.0 68748.0
0.06786703601108034 9679.0 68794.0
0.06809787626962142 9679.0 68824.0
0.06832871652816251 9664.0 78888.5
0.06844413665743306 9679.0 68880.0
0.0685595567867036 9664.0 79153.0
0.06867497691597414 9649.0 89426.0
0.06879039704524469 9649.0 89453.0
0.06890581717451523 9649.0 89481.0
0.06948291782086796 9650.0 89612.0
0.06971375807940905 9650.0 89612.0
0.0698291782086796 9651.0 89614.0
0.06994459833795014 9651.0 89653.0
0.07052169898430287 9652.0 89792.0
0.07132963988919667 9653.0 89853.0
0.07456140350877193 9786.0 185929.0
0.07548476454293629 9685.0 70932.0
0.07594644506001846 9686.0 70946.0
0.07606186518928901 9686.0 70946.0
0.0765235457063712 9693.0 71653.0
0.07663896583564174 9693.0 71653.0
0.08644967682363804 9720.0 80463.0
0.0865650969529086 9721.0 80623.0
0.08668051708217914 9721.0 80997.0
0.08679593721144968 9721.0 80998.0
0.08702677746999077 9723.0 80999.0
0.08748845798707294 9723.0 81139.0
0.08818097876269622 9758.0 84566.0
0.08910433979686057 9722.0 104606.0
0.0896814404432133 9739.0 101546.0
0.09083564173591874 9753.0 133359.0
0.09141274238227147 9724.0 105761.0
0.09487534626038781 9791.0 163409.0
0.0951061865189289 9792.0 163424.0
0.09522160664819945 9793.0 163424.0
0.09533702677747 9793.0 163424.0
0.09579870729455217 9793.0 163480.0
0.09591412742382271 9769.0 136477.5
0.0961449676823638 9772.0 96870.0
0.09637580794090489 9782.5 130347.5
0.09660664819944598 9770.5 136762.0
0.09672206832871653 9771.0 136762.5
0.09683748845798708 9749.0 109701.0
0.09718374884579871 9793.0 163874.0
0.09729916897506925 9793.0 164362.0
0.09868421052631579 9816.0 153089.0
0.10018467220683287 9818.0 155720.0
0.10087719298245613 9819.0 156203.0
0.10099261311172668 9819.0 156203.0
0.10110803324099724 9819.0 156203.0
0.10203139427516159 9798.0 167440.0
0.1049168975069252 9796.0 125157.0
0.10676361957525392 9808.0 169461.0
0.10687903970452448 9808.0 169461.0
0.1074561403508772 9770.0 114354.0
0.10814866112650046 9772.0 114362.0
0.108264081255771 9785.0 119155.0
0.1105724838411819 9816.0 175579.0
0.11380424746075715 9836.0 164402.0
0.1139196675900277 9836.0 164410.0
0.11403508771929824 9837.0 164506.0
0.1141505078485688 9845.0 166087.0
0.11438134810710988 9845.0 166087.0
0.11449676823638043 9845.0 166087.0
0.11461218836565097 9845.0 166182.0
0.11507386888273315 9845.0 166297.0
0.11518928901200369 9845.0 166297.0
0.11530470914127423 9845.0 166297.0
0.11599722991689751 9845.0 166831.0
0.11611265004616805 9845.0 166852.0
0.11634349030470914 9845.0 167712.0
0.11680517082179132 9845.0 167712.0
0.11692059095106186 9845.0 167728.0
0.11980609418282548 9801.0 133927.0
0.12003693444136658 9801.0 133972.0
0.1206140350877193 9801.0 133986.0
0.12072945521698984 9801.0 133986.0
0.12084487534626039 9802.0 134003.0
0.12153739612188366 9802.0 134127.0
0.12199907663896584 9802.0 134127.0
0.12211449676823638 9802.0 134127.0
0.12222991689750692 9802.0 134336.0
0.12234533702677747 9802.0 134365.0
0.12280701754385964 9802.0 134366.0
0.1229224376731302 9802.0 134370.0
0.12303785780240074 9802.0 134371.0
0.12315327793167129 9802.0 134372.0
0.12442289935364728 9806.0 134945.0
0.12453831948291783 9806.0 134945.0
0.12488457987072946 9806.0 134959.0
0.125 9806.0 135006.0
0.12511542012927054 9806.0 135006.0
0.1252308402585411 9806.0 135006.0
0.12534626038781163 9806.0 135015.0
0.1383887349953832 9874.0 190692.0
0.13850415512465375 9874.0 190755.0
0.14450600184672208 9880.0 218256.0
0.14473684210526316 9881.0 218268.0
0.1448522622345337 9881.0 219263.0
0.14496768236380425 9881.0 220849.0
0.15212373037857801 9891.0 211511.0
0.1536241920590951 9893.0 211632.0
0.1538550323176362 9893.0 211633.0
0.15408587257617729 9893.0 211649.0
0.15420129270544783 9893.0 211656.0
0.15443213296398892 9893.0 211665.0
0.15500923361034163 9893.0 211702.0
0.15512465373961218 9893.0 211784.0
0.15524007386888272 9893.0 211791.0
0.1554709141274238 9893.0 211800.0
0.15558633425669438 9893.0 211800.0
0.15570175438596492 9893.0 211800.0
0.15581717451523547 9893.0 211804.0
0.1563942751615882 9893.0 212033.0
0.15650969529085873 9893.0 212033.0
0.1569713758079409 9893.0 212448.0
0.15962603878116344 9894.0 212968.0
0.15974145891043398 9894.0 212970.0
0.16643582640812557 9898.0 217211.0
0.1665512465373961 9898.0 217211.0
0.1670129270544783 9898.0 217743.0
0.16712834718374883 9898.0 217743.0
0.17497691597414589 9904.0 220282.0
0.17509233610341643 9904.0 220288.0
0.17532317636195752 9904.0 220288.0
0.17543859649122806 9904.0 220321.0
0.17751615881809787 9904.0 221068.0
0.17832409972299168 9904.0 221089.0
0.203601108033241 9939.0 356736.0
0.20371652816251154 9940.0 357332.0
0.20383194829178208 9940.0 357337.0
0.20475530932594643 9940.0 357397.0
0.2059095106186519 9940.0 357757.0
0.20614035087719298 9940.0 357760.0
0.20637119113573407 9940.0 357882.0
0.20648661126500462 9940.0 358014.0
0.20856417359187443 9940.0 358224.0
0.20891043397968606 9940.0 358232.0
0.2090258541089566 9940.0 358233.0
0.20914127423822715 9940.0 358234.0
0.20937211449676824 9940.0 358381.0
0.20948753462603878 9940.0 358403.0
0.20960295475530932 9940.0 358403.0
0.2121421975992613 9945.0 373857.0
0.21225761772853186 9945.0 373859.0
0.2126038781163435 9945.0 373929.0
0.21849030470914127 9949.0 386812.0
0.2186057248384118 9949.0 386815.0
0.21872114496768236 9949.0 386815.0
0.2188365650969529 9949.0 386819.0
0.21895198522622344 9949.0 386824.0
0.21941366574330562 9951.0 386828.0
0.21987534626038782 9951.0 386890.0
0.22172206832871652 9920.0 231905.0
0.2224145891043398 9920.0 239632.0
0.4422899353647276 10044.0 626522.0
0.44298245614035087 10046.0 641328.0
0.44321329639889195 10046.0 663043.0
0.45083102493074795 10049.0 667779.0
0.46352723915050786 10052.0 678577.0
0.6418513388734995 10087.0 899666.0
0.6502770083102493 10091.0 973043.0
0.6964450600184672 10098.0 1085317.0
0.8070175438596491 10110.0 1260896.0
0.8966989843028624 10119.0 1362442.0
0.9078947368421053 10121.0 1371328.0
0.9824561403508771 10137.0 1557257.0
1.0 10137.0 1593385.0
