587178
0.00011542012927054478 1067.5811403508771 0.0
0.00023084025854108956 1575.4821794346578 0.0
0.00034626038781163435 2386.0686274509803 0.0
0.0004616805170821791 2851.0073746312682 0.0
0.0005771006463527239 3488.552688172043 0.0
0.0006925207756232687 3857.869696969697 0.0
0.0008079409048938135 4130.727642276423 0.0
0.0009233610341643582 4936.492682926829 0.0
0.001038781163434903 5576.650273224043 0.0
0.0011542012927054479 5707.986486486487 0.0
0.0012696214219759926 5747.316666666667 0.0
0.0013850415512465374 6251.4049586776855 0.0
0.0015004616805170822 6869.386363636364 0.0
0.001615881809787627 6677.91 0.0
0.0017313019390581717 6940.066666666667 0.0
0.0018467220683287165 7349.133333333333 0.0
0.0019621421975992612 7300.253333333333 0.0
0.002077562326869806 7827.507246376812 0.0
0.0021929824561403508 8137.846153846154 0.0
0.0023084025854108957 8326.179104477613 0.0
0.0024238227146814403 8447.847826086956 0.0
0.0025392428439519853 9923.666666666666 0.0
0.00265466297322253 9879.463414634147 0.0
0.002770083102493075 9924.869565217392 0.0
0.0028855032317636198 10274.878787878788 0.0
0.0030009233610341643 9397.193548387097 0.0
0.0031163434903047093 9620.5 0.0
0.003231763619575254 10272.74358974359 0.0
0.003347183748845799 11748.911764705883 0.0
0.0034626038781163434 11972.041666666666 0.0
0.0035780240073868884 12499.238095238095 0.0
0.003693444136657433 11674.433333333332 0.0
0.003808864265927978 10787.32142857143 0.0
0.0039242843951985225 11749.5 0.0
0.004039704524469067 12463.214285714286 0.0
0.004155124653739612 12550.68 0.0
0.004270544783010157 14066.36 0.0
0.0043859649122807015 13403.904761904761 0.0
0.004501385041551247 14804.807692307691 0.0
0.0046168051708217915 12211.421052631578 0.0
0.004732225300092336 13168.0 0.0
0.004847645429362881 12908.291666666666 0.0
0.004963065558633426 14398.222222222223 0.0
0.0050784856879039705 13870.42857142857 0.0
0.005193905817174515 14572.416666666666 0.0
0.00530932594644506 13590.214285714286 0.0
0.005424746075715605 10884.2 0.0
0.00554016620498615 12471.083333333334 0.0
0.005655586334256694 12705.5 0.0
0.0057710064635272396 14598.5 0.0
0.005886426592797784 16947.29411764706 0.0
0.006001846722068329 16747.533333333333 0.0
0.006117266851338873 17146.933333333334 0.0
0.006232686980609419 19552.636363636364 0.0
0.006348107109879963 15098.181818181818 0.0
0.006463527239150508 16964.85714285714 0.0
0.006578947368421052 17625.636363636364 0.0
0.006694367497691598 20616.25 0.0
0.006809787626962142 14940.666666666666 0.0
0.006925207756232687 16025.9 0.0
0.007040627885503232 15634.0 0.0
0.007156048014773777 16806.8 0.0
0.007271468144044321 17790.285714285714 0.0
0.007386888273314866 16005.625 0.0
0.007502308402585411 17487.1 0.0
0.007617728531855956 17633.636363636364 0.0
0.0077331486611265 15865.75 0.0
0.007848568790397045 17329.454545454544 0.0
0.00796398891966759 17565.85714285714 0.0
0.008079409048938134 20601.428571428572 0.0
0.00819482917820868 21717.3 0.0
0.008310249307479225 19875.8 0.0
0.008425669436749769 20107.272727272728 0.0
0.008541089566020314 21495.30769230769 0.0
0.00865650969529086 20549.0 0.0
0.008771929824561403 19689.18181818182 0.0
0.008887349953831948 20807.3 0.0
0.009002770083102494 21227.2 0.0
0.009118190212373038 20268.333333333332 0.0
0.009233610341643583 23144.666666666668 0.0
0.009349030470914127 18966.625 0.0
0.009464450600184672 18664.75 0.0
0.009579870729455217 20905.916666666668 0.0
0.009695290858725761 19951.0 0.0
0.009810710987996307 16704.454545454544 0.0
0.009926131117266852 20484.2 0.0
0.010041551246537396 21606.583333333332 0.0
0.010156971375807941 20414.1 0.0
0.010272391505078486 21366.81818181818 0.0
0.01038781163434903 23812.416666666668 0.0
0.010503231763619576 22494.46153846154 0.0
0.01061865189289012 19605.0 0.0
0.010734072022160665 20408.555555555555 0.0
0.01084949215143121 26024.875 0.0
0.010964912280701754 24556.1 0.0
0.0110803324099723 24671.454545454544 0.0
0.011195752539242845 21079.454545454544 0.0
0.011311172668513388 21892.125 0.0
0.011426592797783934 24530.2 0.0
0.011542012927054479 21233.333333333332 0.0
0.011657433056325023 21227.0 0.0
0.011772853185595568 23974.25 0.0
0.011888273314866112 18954.25 0.0
0.012003693444136657 24046.0 0.0
0.012119113573407203 22218.5 0.0
0.012234533702677746 15185.0 0.0
0.012349953831948292 22089.0 0.0
0.012465373961218837 22464.0 0.0
0.012580794090489381 19294.2 0.0
0.012696214219759926 21282.25 0.0
0.012811634349030472 21925.6 0.0
0.012927054478301015 25812.75 0.0
0.01304247460757156 25546.25 0.0
0.013157894736842105 23085.714285714286 0.0
0.01327331486611265 24200.5 0.0
0.013388734995383195 27760.8 0.0
0.013504155124653739 23349.5 0.0
0.013619575253924284 25439.0 0.0
0.01373499538319483 26521.0 0.0
0.013850415512465374 23172.666666666668 0.0
0.013965835641735919 22416.5 0.0
0.014081255771006464 24732.6 0.0
0.014196675900277008 29505.0 0.0
0.014312096029547553 41001.0 0.0
0.014427516158818097 24993.5 0.0
0.014542936288088643 23190.0 0.0
0.014658356417359188 31016.4 0.0
0.014773776546629732 27828.0 0.0
0.014889196675900277 30572.666666666668 0.0
0.015004616805170823 24435.666666666668 0.0
0.015120036934441366 23535.333333333332 0.0
0.015235457063711912 23916.833333333332 0.0
0.015350877192982455 28529.166666666668 0.0
0.015466297322253 52304.5 0.0
0.015581717451523546 19952.5 0.0
0.01569713758079409 36496.0 0.0
0.015812557710064637 19424.666666666668 0.0
0.01592797783933518 19961.333333333332 0.0
0.016043397968605724 19348.25 0.0
0.016158818097876268 20003.0 0.0
0.016274238227146815 17280.0 0.0
0.01638965835641736 28980.571428571428 0.0
0.016505078485687903 33580.0 0.0
0.01662049861495845 29111.166666666668 0.0
0.016735918744228993 31963.2 0.0
0.016851338873499537 25687.2 0.0
0.016966759002770084 25913.666666666668 0.0
0.017082179132040628 42078.0 0.0
0.01719759926131117 23909.0 0.0
0.01731301939058172 30353.5 0.0
0.017428439519852262 24180.666666666668 0.0
0.017543859649122806 30801.285714285714 0.0
0.017659279778393353 31895.25 0.0
0.017774699907663897 39272.333333333336 0.0
0.01789012003693444 36911.666666666664 0.0
0.018005540166204988 38192.333333333336 0.0
0.01812096029547553 40179.5 0.0
0.018236380424746075 38338.333333333336 0.0
0.018351800554016622 41914.666666666664 0.0
0.018467220683287166 34368.0 0.0
0.01858264081255771 39237.666666666664 0.0
0.018698060941828253 36289.5 0.0
0.018928901200369344 33550.5 0.0
0.019044321329639888 41241.5 0.0
0.019159741458910435 38510.0 0.0
0.019390581717451522 38755.0 0.0
0.01950600184672207 49128.0 0.0
0.019621421975992613 33006.666666666664 0.0
0.019736842105263157 38724.5 0.0
0.019852262234533704 33854.666666666664 0.0
0.019967682363804248 36496.5 0.0
0.02008310249307479 31177.0 0.0
0.02019852262234534 39713.333333333336 0.0
0.020313942751615882 42994.0 0.0
0.020429362880886426 49055.0 0.0
0.020544783010156973 34687.166666666664 0.0
0.020660203139427517 30831.0 0.0
0.02077562326869806 33492.333333333336 0.0
0.020891043397968604 31515.5 0.0
0.02100646352723915 37821.6 0.0
0.021121883656509695 37737.333333333336 0.0
0.02123730378578024 35868.2 0.0
0.021352723915050786 35598.75 0.0
0.02146814404432133 35920.0 0.0
0.021583564173591873 38874.5 0.0
0.02169898430286242 34667.0 0.0
0.021814404432132964 36699.666666666664 0.0
0.021929824561403508 29356.333333333332 0.0
0.022045244690674055 33941.25 0.0
0.0221606648199446 35359.2 0.0
0.022276084949215142 33017.142857142855 0.0
0.02239150507848569 34116.5 0.0
0.022506925207756233 34075.0 0.0
0.022622345337026777 30065.0 0.0
0.022737765466297324 38678.666666666664 0.0
0.02296860572483841 40190.666666666664 0.0
0.023084025854108958 41605.5 0.0
0.023314866112650046 48123.0 0.0
0.02343028624192059 39899.666666666664 0.0
0.023545706371191136 40925.5 0.0
0.02366112650046168 33335.0 0.0
0.02389196675900277 33552.0 0.0
0.024007386888273315 38299.0 0.0
0.02412280701754386 48548.0 0.0
0.024238227146814405 48812.0 0.0
0.02435364727608495 41190.0 0.0
0.024469067405355493 48889.0 0.0
0.02458448753462604 48906.0 0.0
0.024699907663896584 51181.0 0.0
0.025046168051708218 29173.0 0.0
0.025161588180978762 34696.5 0.0
0.02527700831024931 40145.0 0.0
0.025392428439519853 45805.5 0.0
0.025623268698060944 55972.0 0.0
0.025738688827331487 45850.5 0.0
0.02585410895660203 51534.0 0.0
0.02608494921514312 38121.0 0.0
0.026200369344413665 38168.0 0.0
0.02631578947368421 51586.0 0.0
0.026431209602954756 40713.5 0.0
0.0265466297322253 45637.0 0.0
0.026662049861495844 45637.0 0.0
0.02677746999076639 45668.0 0.0
0.026892890120036934 30589.0 0.0
0.027008310249307478 25654.0 0.0
0.027585410895660203 43537.0 0.0
0.027700831024930747 44963.0 0.0
0.027816251154201294 54582.5 0.0
0.027931671283471838 49524.0 0.0
0.02804709141274238 44811.5 0.0
0.02816251154201293 54695.0 0.0
0.028277931671283472 62246.0 0.0
0.02850877192982456 47858.0 0.0
0.028624192059095107 43502.0 0.0
0.02873961218836565 43506.0 0.0
0.028855032317636194 47937.0 0.0
0.02897045244690674 45994.5 0.0
0.029085872576177285 46114.5 0.0
0.02920129270544783 39823.5 0.0
0.029316712834718376 39835.0 0.0
0.02943213296398892 31014.0 0.0
0.02966297322253001 31036.0 0.0
0.029893813481071098 31681.0 0.0
0.03035549399815328 26532.0 0.0
0.030586334256694367 31725.0 0.0
0.03070175438596491 31733.0 0.0
0.030932594644506 48701.5 0.0
0.031048014773776545 48899.0 0.0
0.031163434903047092 65808.0 0.0
0.03185595567867036 47346.0 0.0
0.03220221606648199 36125.0 0.0
0.032663896583564174 29815.0 0.0
0.033010156971375805 44554.0 0.0
0.0332409972299169 44661.0 0.0
0.03335641735918744 45250.0 0.0
0.03347183748845799 30311.0 0.0
0.033702677746999074 45304.0 0.0
0.033818097876269625 38524.0 0.0
0.03393351800554017 45401.0 0.0
0.034164358264081256 45427.0 0.0
0.03439519852262234 54439.5 0.0
0.03451061865189289 56937.0 0.0
0.03462603878116344 56940.0 0.0
0.03474145891043398 54499.5 0.0
0.03543397968605725 55200.0 0.0
0.035549399815327794 46409.5 0.0
0.03578024007386888 33740.0 0.0
0.035895660203139425 33742.0 0.0
0.03612650046168052 34698.0 0.0
0.03624192059095106 33982.0 0.0
0.036357340720221606 37388.0 0.0
0.03647276084949215 37810.0 0.0
0.036588180978762694 34800.0 0.0
0.036703601108033244 37160.0 0.0
0.03681902123730379 45335.0 0.0
0.03693444136657433 34387.5 0.0
0.037049861495844875 34972.0 0.0
0.03716528162511542 33844.0 0.0
0.03728070175438596 57393.0 0.0
0.037396121883656507 46254.5 0.0
0.03751154201292706 45716.5 0.0
0.0376269621421976 35145.0 0.0
0.037742382271468145 57415.0 0.0
0.03785780240073869 57418.0 0.0
0.03797322253000923 35846.0 0.0
0.038204062788550326 35934.0 0.0
0.03831948291782087 36071.0 0.0
0.038434903047091414 36079.0 0.0
0.038781163434903045 57212.0 0.0
0.038896583564173595 37113.0 0.0
0.03901200369344414 37123.0 0.0
0.039242843951985226 65652.0 0.0
0.03935826408125577 38203.0 0.0
0.039473684210526314 51963.5 0.0
0.03958910433979686 65713.0 0.0
0.03970452446906741 65734.0 0.0
0.03981994459833795 38233.0 0.0
0.04005078485687904 65744.0 0.0
0.040281625115420126 68767.5 0.0
0.04039704524469068 54474.0 0.0
0.04051246537396122 68946.5 0.0
0.040627885503231764 40153.0 0.0
0.04074330563250231 59521.0 0.0
0.04085872576177285 38774.5 0.0
0.040974145891043395 58240.666666666664 0.0
0.041089566020313946 40301.0 0.0
0.04155124653739612 40531.0 0.0
0.041666666666666664 53334.333333333336 0.0
0.04178208679593721 61297.0 0.0
0.04189750692520776 82049.0 0.0
0.042128347183748846 41053.0 0.0
0.04247460757156048 38013.0 0.0
0.042820867959372115 49748.0 0.0
0.04293628808864266 45974.666666666664 0.0
0.0430517082179132 46143.333333333336 0.0
0.043167128347183746 64170.5 0.0
0.0432825484764543 64203.5 0.0
0.04374422899353647 58530.0 0.0
0.043975069252077566 58657.0 0.0
0.04409048938134811 58662.0 0.0
0.0443213296398892 65613.0 0.0
0.04443674976915974 72281.0 0.0
0.044552169898430284 65258.5 0.0
0.04466759002770083 58214.0 0.0
0.04478301015697138 58446.0 0.0
0.0453601108033241 58395.0 0.0
0.04547553093259465 58416.5 0.0
0.045706371191135735 72701.0 0.0
0.046052631578947366 72747.0 0.0
0.04662973222530009 72886.0 0.0
0.04686057248384118 72904.0 0.0
0.04697599261311173 72907.0 0.0
0.04709141274238227 70248.0 0.0
0.04720683287165282 59589.0 0.0
0.047437673130193904 72958.0 0.0
0.04755309325946445 72967.0 0.0
0.047668513388735 67693.0 0.0
0.04951523545706371 70659.0 0.0
0.04986149584487535 70701.0 0.0
0.05020775623268698 82756.0 0.0
0.050323176361957524 75838.0 0.0
0.05043859649122807 75845.0 0.0
0.05055401662049862 75922.0 0.0
0.05066943674976916 79434.0 0.0
0.050784856879039705 80944.5 0.0
0.051131117266851336 84197.0 0.0
0.05124653739612189 62722.0 0.0
0.05136195752539243 73485.0 0.0
0.051477377654662974 63008.0 0.0
0.05170821791320406 84372.0 0.0
0.051823638042474605 80782.5 0.0
0.05193905817174515 84987.0 0.0
0.05216989843028624 85053.0 0.0
0.05240073868882733 77261.0 0.0
0.05378578024007387 60771.0 0.0
0.054016620498614956 60788.5 0.0
0.0541320406278855 43864.0 0.0
0.05424746075715605 43938.0 0.0
0.054362880886426594 43953.0 0.0
0.05447830101569714 43977.0 0.0
0.05459372114496768 61008.5 0.0
0.054709141274238225 43981.0 0.0
0.05482456140350877 61126.5 0.0
0.05493998153277932 61160.0 0.0
0.05505540166204986 44305.0 0.0
0.05517082179132041 44308.0 0.0
0.05528624192059095 44310.0 0.0
0.05563250230840259 48332.0 0.0
0.05574792243767313 48343.0 0.0
0.05597876269621422 48373.0 0.0
0.05620960295475531 44472.0 0.0
0.05632502308402586 44474.0 0.0
0.0564404432132964 46469.5 0.0
0.05667128347183749 44504.0 0.0
0.05678670360110803 52292.0 0.0
0.056902123730378576 52310.0 0.0
0.05713296398891967 50438.5 0.0
0.057248384118190214 50513.0 0.0
0.05736380424746076 50556.5 0.0
0.0574792243767313 52623.0 0.0
0.057594644506001845 49783.0 0.0
0.05771006463527239 59859.0 0.0
0.05782548476454294 59863.0 0.0
0.05794090489381348 45665.0 0.0
0.05805632502308403 74076.0 0.0
0.058287165281625114 49870.0 0.0
0.05851800554016621 62307.0 0.0
0.05863342566943675 48043.5 0.0
0.058748845798707296 48054.5 0.0
0.05886426592797784 50332.0 0.0
0.05897968605724838 77074.0 0.0
0.05932594644506002 89167.0 0.0
0.059441366574330565 77263.0 0.0
0.05955678670360111 77481.0 0.0
0.05967220683287165 89211.0 0.0
0.059787626962142196 54531.0 0.0
0.06036472760849492 89278.0 0.0
0.060480147737765465 84106.0 0.0
0.06071098799630656 66985.5 0.0
0.0608264081255771 79051.0 0.0
0.06140350877192982 55136.0 0.0
0.06151892890120037 55348.0 0.0
0.0629039704524469 58571.0 0.0
0.06313481071098799 49843.0 0.0
0.06325023084025855 49852.0 0.0
0.06348107109879964 74951.0 0.0
0.06359649122807018 75040.0 0.0
0.06371191135734072 49897.0 0.0
0.06382733148661127 49918.0 0.0
0.06394275161588181 68371.0 0.0
0.06405817174515235 68406.5 0.0
0.06428901200369344 51005.0 0.0
0.06451985226223453 86336.0 0.0
0.06463527239150507 68748.0 0.0
0.06498153277931672 68835.5 0.0
0.0652123730378578 86411.0 0.0
0.06532779316712835 86423.0 0.0
0.06544321329639889 86426.0 0.0
0.0695983379501385 80930.0 0.0
0.06971375807940905 80950.0 0.0
0.07006001846722068 80986.0 0.0
0.07029085872576177 81018.0 0.0
0.07040627885503231 81054.0 0.0
0.07063711911357341 81068.0 0.0
0.07075253924284396 82878.0 0.0
0.07156048014773776 83173.0 0.0
0.07179132040627885 83204.0 0.0
0.0729455216989843 60237.0 0.0
0.07306094182825484 60263.0 0.0
0.07340720221606649 83576.0 0.0
0.07375346260387812 91772.0 0.0
0.07386888273314866 76092.0 0.0
0.07398430286241921 60406.0 0.0
0.07409972299168975 91798.0 0.0
0.0742151431209603 61880.0 0.0
0.07433056325023084 107629.0 0.0
0.07502308402585411 107905.0 0.0
0.0752539242843952 96280.0 0.0
0.07536934441366575 84097.0 0.0
0.07548476454293629 91684.0 0.0
0.07560018467220683 91867.0 0.0
0.07571560480147738 96489.5 0.0
0.07594644506001846 84210.0 0.0
0.07617728531855955 84321.0 0.0
0.0762927054478301 84329.0 0.0
0.07663896583564174 109096.0 0.0
0.07767774699907663 109318.0 0.0
0.07790858725761773 109329.0 0.0
0.07825484764542937 109348.0 0.0
0.08102493074792244 95600.0 0.0
0.08137119113573407 95631.0 0.0
0.08160203139427516 95638.0 0.0
0.08183287165281625 97209.0 0.0
0.08194829178208679 103744.0 0.0
0.08206371191135733 97305.0 0.0
0.08217913204062789 110316.0 0.0
0.08252539242843952 103854.5 0.0
0.08275623268698061 110373.0 0.0
0.0829870729455217 110385.0 0.0
0.08321791320406279 110409.0 0.0
0.08367959372114497 97495.0 0.0
0.08379501385041552 97522.0 0.0
0.0840258541089566 97538.0 0.0
0.08691135734072022 87932.0 0.0
0.08702677746999077 113096.0 0.0
0.0873730378578024 100554.5 0.0
0.08748845798707294 100697.0 0.0
0.08771929824561403 113441.0 0.0
0.08829639889196676 115793.0 0.0
0.08887349953831948 100482.0 0.0
0.08910433979686057 100515.0 0.0
0.08921975992613111 100798.0 0.0
0.08956602031394276 100835.0 0.0
0.0896814404432133 116281.0 0.0
0.08979686057248384 100971.0 0.0
0.09002770083102493 101043.0 0.0
0.09025854108956602 101052.0 0.0
0.09037396121883656 108711.0 0.0
0.0904893813481071 116348.0 0.0
0.09060480147737765 109760.5 0.0
0.09233610341643583 89518.0 0.0
0.09245152354570638 89526.0 0.0
0.09256694367497692 89538.0 0.0
0.09706832871652817 105007.0 0.0
0.09718374884579871 105010.0 0.0
0.09879963065558633 108620.0 0.0
0.09891505078485688 108620.0 0.0
0.0994921514312096 108890.0 0.0
0.10168513388734995 111638.0 0.0
0.1018005540166205 111780.0 0.0
0.10226223453370267 112279.0 0.0
0.10237765466297322 112285.0 0.0
0.10249307479224377 112291.0 0.0
0.10272391505078486 112306.0 0.0
0.10353185595567867 112415.0 0.0
0.10364727608494921 112423.0 0.0
0.10376269621421975 112451.0 0.0
0.11334256694367498 124784.0 0.0
0.11345798707294552 124784.0 0.0
0.1273084025854109 119712.0 0.0
0.12742382271468145 119752.0 0.0
0.12880886426592797 129611.0 0.0
0.1289242843951985 129617.0 0.0
0.12927054478301014 129814.0 0.0
0.12938596491228072 129818.0 0.0
0.13007848568790398 130305.0 0.0
0.1304247460757156 110848.0 0.0
0.13054016620498615 110857.0 0.0
0.13354108956602032 111342.0 0.0
0.13446445060018467 131506.0 0.0
0.1345798707294552 131510.0 0.0
0.13504155124653738 131587.0 0.0
0.1438134810710988 137673.0 0.0
0.1440443213296399 135140.0 0.0
0.15812557710064634 139328.0 0.0
0.16020313942751616 141114.0 0.0
0.1615881809787627 144122.0 0.0
0.17359187442289936 146953.0 0.0
0.17382271468144045 162908.0 0.0
0.17486149584487534 177741.0 0.0
0.22206832871652815 193023.0 0.0
0.2221837488457987 193029.0 0.0
0.2234533702677747 193259.0 0.0
0.22391505078485688 194278.0 0.0
0.22403047091412742 194292.0 0.0
0.22414589104339797 194311.0 0.0
0.22437673130193905 194322.0 0.0
0.2244921514312096 194326.0 0.0
0.22460757156048014 194345.0 0.0
0.22622345337026778 194832.0 0.0
0.22633887349953832 194833.0 0.0
0.2265697137580794 194840.0 0.0
0.2268005540166205 195167.0 0.0
0.22714681440443213 195359.0 0.0
0.2366112650046168 182253.0 0.0
0.23672668513388734 182254.0 0.0
0.23684210526315788 182272.0 0.0
0.23718836565096954 182282.0 0.0
0.23730378578024008 182295.0 0.0
0.23903508771929824 182999.0 0.0
0.23915050784856878 182999.0 0.0
0.23926592797783933 182999.0 0.0
0.23984302862419207 183034.0 0.0
0.23995844875346262 183034.0 0.0
0.24411357340720222 199686.0 0.0
0.24630655586334257 199939.0 0.0
0.24642197599261312 199956.0 0.0
0.24907663896583565 203416.0 0.0
0.25069252077562326 213042.0 0.0
0.2532317636195753 209657.0 0.0
0.2569252077562327 215936.0 0.0
0.26869806094182824 277453.0 0.0
0.33056325023084027 246045.0 0.0
0.4007386888273315 289254.0 0.0
0.7313019390581718 432932.0 0.0
1.0 587178.0 0.0
