678920
0.00011542012927054478 1179.8461449676824 183.908702677747
0.00023084025854108956 1790.0200803212851 298.9497991967871
0.00034626038781163435 2748.6484295846 585.3272543059777
0.0004616805170821791 3340.320251177394 684.5164835164835
0.0005771006463527239 3701.689342403628 611.0907029478458
0.0006925207756232687 4324.158501440922 1197.7089337175792
0.0008079409048938135 4933.449438202248 1453.4794007490636
0.0009233610341643582 5091.5 1266.7803738317757
0.001038781163434903 5591.394736842105 1609.5631578947368
0.0011542012927054479 5670.392156862745 1340.2418300653594
0.0012696214219759926 5945.984 2089.472
0.0013850415512465374 6660.083333333333 2012.3166666666666
0.0015004616805170822 7165.431034482759 2210.1724137931033
0.001615881809787627 7494.271929824561 2345.5877192982457
0.0017313019390581717 7783.119565217391 2090.8695652173915
0.0018467220683287165 8543.881578947368 2517.8947368421054
0.0019621421975992612 8552.392857142857 2937.1071428571427
0.002077562326869806 8923.157142857142 3312.8142857142857
0.0021929824561403508 9325.439393939394 3152.560606060606
0.0023084025854108957 8963.983050847457 3549.898305084746
0.0024238227146814403 9906.75 3741.4821428571427
0.0025392428439519853 10300.408163265307 3562.061224489796
0.00265466297322253 10360.613636363636 3231.2727272727275
0.002770083102493075 10951.5 3367.3
0.0028855032317636198 11234.361111111111 4326.722222222223
0.0030009233610341643 11797.809523809523 3829.9523809523807
0.0031163434903047093 11634.028571428571 5484.114285714286
0.003231763619575254 12159.28205128205 4736.5641025641025
0.003347183748845799 12918.425 5735.525
0.0034626038781163434 13587.361111111111 5240.111111111111
0.0035780240073868884 12449.0 4398.409090909091
0.003693444136657433 13359.07142857143 5889.571428571428
0.003808864265927978 16872.32 10204.88
0.0039242843951985225 16651.333333333332 8644.708333333334
0.004039704524469067 16035.923076923076 7870.884615384615
0.004155124653739612 16363.785714285714 8364.035714285714
0.004270544783010157 15012.533333333333 5833.4
0.0043859649122807015 15037.454545454546 7268.590909090909
0.004501385041551247 14324.583333333334 8597.291666666666
0.0046168051708217915 14468.884615384615 7137.576923076923
0.004732225300092336 16148.8125 6123.625
0.004847645429362881 15226.5625 6323.8125
0.004963065558633426 16466.238095238095 6623.333333333333
0.0050784856879039705 16162.809523809523 7476.857142857143
0.005193905817174515 15906.57142857143 6528.047619047619
0.00530932594644506 14924.842105263158 6019.526315789473
0.005424746075715605 14675.692307692309 8382.461538461539
0.00554016620498615 15649.058823529413 8978.529411764706
0.005655586334256694 15566.666666666666 10319.238095238095
0.0057710064635272396 17961.04761904762 10198.619047619048
0.005886426592797784 17352.263157894737 12672.736842105263
0.006001846722068329 16753.352941176472 9143.35294117647
0.006117266851338873 17794.066666666666 13387.666666666666
0.006232686980609419 19409.88888888889 10376.111111111111
0.006348107109879963 21344.636363636364 9502.454545454546
0.006463527239150508 17177.083333333332 8559.75
0.006578947368421052 30001.0 14404.9
0.006694367497691598 19184.384615384617 14050.76923076923
0.006809787626962142 25857.9 16842.8
0.006925207756232687 22350.8125 13185.0625
0.007040627885503232 19317.0 15558.07142857143
0.007156048014773777 20713.5 14170.333333333334
0.007271468144044321 22750.083333333332 12251.75
0.007386888273314866 23562.636363636364 22849.272727272728
0.007502308402585411 21274.14285714286 9627.42857142857
0.007617728531855956 16651.666666666668 6917.833333333333
0.0077331486611265 21444.25 9208.0
0.007848568790397045 21687.0 11802.09090909091
0.00796398891966759 17945.85714285714 9057.857142857143
0.008079409048938134 20076.133333333335 8804.666666666666
0.00819482917820868 26270.18181818182 12479.272727272728
0.008310249307479225 25245.5 10183.583333333334
0.008425669436749769 23187.833333333332 9673.75
0.008541089566020314 23330.076923076922 11149.923076923076
0.00865650969529086 23524.666666666668 9620.666666666666
0.008771929824561403 24343.0 13495.916666666666
0.008887349953831948 25583.0 14393.625
0.009002770083102494 24254.6 13912.8
0.009118190212373038 30837.666666666668 19613.88888888889
0.009233610341643583 25120.833333333332 14473.0
0.009349030470914127 27450.0 19652.166666666668
0.009464450600184672 25073.583333333332 14879.0
0.009579870729455217 26758.125 17083.625
0.009695290858725761 27973.333333333332 21041.666666666668
0.009810710987996307 27560.11111111111 16982.88888888889
0.009926131117266852 22105.4 11406.6
0.010041551246537396 26504.375 13115.875
0.010156971375807941 26451.090909090908 15465.0
0.010272391505078486 29844.5 18133.875
0.01038781163434903 27778.416666666668 16134.166666666666
0.010503231763619576 26170.333333333332 15544.888888888889
0.01061865189289012 27562.666666666668 16937.5
0.010734072022160665 28016.571428571428 10956.142857142857
0.01084949215143121 23622.333333333332 14527.666666666666
0.010964912280701754 28536.0 15890.4
0.0110803324099723 21462.5 11852.0
0.011195752539242845 23733.25 11605.5
0.011311172668513388 28677.0 23496.0
0.011426592797783934 30537.333333333332 15992.333333333334
0.011542012927054479 30438.75 17719.75
0.011657433056325023 30644.333333333332 21651.333333333332
0.011772853185595568 26497.833333333332 16986.833333333332
0.011888273314866112 24037.85714285714 11350.42857142857
0.012003693444136657 25393.14285714286 12652.857142857143
0.012119113573407203 28351.571428571428 16427.285714285714
0.012234533702677746 24568.75 16525.25
0.012349953831948292 30493.555555555555 15392.666666666666
0.012465373961218837 35260.142857142855 25779.14285714286
0.012580794090489381 36643.6 21788.8
0.012696214219759926 34692.42857142857 26322.714285714286
0.012811634349030472 30751.0 27508.25
0.012927054478301015 26794.333333333332 20413.833333333332
0.01304247460757156 36630.5 23594.5
0.013157894736842105 34111.545454545456 20848.090909090908
0.01327331486611265 29850.571428571428 23350.714285714286
0.013388734995383195 31187.4 16288.4
0.013504155124653739 20484.0 10266.0
0.01373499538319483 33257.0 27720.666666666668
0.013850415512465374 25386.0 20853.666666666668
0.013965835641735919 23934.333333333332 17615.666666666668
0.014081255771006464 29952.333333333332 17529.666666666668
0.014196675900277008 48563.5 59571.0
0.014312096029547553 26469.85714285714 17174.571428571428
0.014427516158818097 24898.25 14328.75
0.014542936288088643 32937.0 22046.0
0.014658356417359188 28634.0 15914.2
0.014773776546629732 29044.8 25190.8
0.014889196675900277 27477.333333333332 23609.833333333332
0.015004616805170823 31341.4 30442.8
0.015120036934441366 28881.833333333332 22329.0
0.015235457063711912 29101.0 23735.4
0.015350877192982455 27157.0 21351.5
0.015466297322253 38989.0 28592.25
0.015581717451523546 37661.0 16007.0
0.01569713758079409 34602.666666666664 19417.333333333332
0.015812557710064637 73968.0 26776.0
0.016043397968605724 50035.333333333336 24320.0
0.016158818097876268 29655.25 16061.75
0.016274238227146815 35617.333333333336 21891.666666666668
0.01638965835641736 55208.0 36622.0
0.016505078485687903 55491.0 37788.0
0.01662049861495845 42723.5 32900.5
0.016735918744228993 32444.5 25934.0
0.016851338873499537 29751.0 27834.0
0.016966759002770084 44313.0 23780.666666666668
0.017082179132040628 40497.0 20294.0
0.01719759926131117 41355.0 39639.333333333336
0.01731301939058172 30961.5 25029.0
0.017428439519852262 31011.0 25036.0
0.017659279778393353 36581.5 23491.5
0.017774699907663897 55941.0 38150.0
0.01789012003693444 51728.333333333336 41816.0
0.018005540166204988 41324.666666666664 36024.333333333336
0.01812096029547553 41395.0 36031.0
0.018236380424746075 29775.0 19590.0
0.018351800554016622 33847.75 24348.25
0.018467220683287166 30595.0 20908.0
0.01858264081255771 44147.0 33258.333333333336
0.018698060941828253 44163.333333333336 33271.666666666664
0.0188134810710988 33416.0 33723.0
0.018928901200369344 33442.0 33723.0
0.019044321329639888 45998.0 30750.666666666668
0.019159741458910435 40474.0 31388.25
0.01927516158818098 58475.0 45127.0
0.019390581717451522 60045.0 46655.0
0.01950600184672207 44468.5 29747.0
0.019621421975992613 37368.0 36202.5
0.019736842105263157 41465.0 35213.333333333336
0.019852262234533704 37432.0 36211.0
0.019967682363804248 49578.0 33235.0
0.02008310249307479 40817.333333333336 38107.666666666664
0.02019852262234534 44638.5 29877.5
0.020313942751615882 39707.0 26507.0
0.020429362880886426 39738.0 26509.0
0.020660203139427517 39962.0 26534.0
0.02077562326869806 40422.0 53155.0
0.020891043397968604 44358.0 35386.333333333336
0.02100646352723915 40222.5 39847.5
0.021121883656509695 57931.5 32852.0
0.021352723915050786 40091.0 26549.0
0.02146814404432133 40174.0 26559.0
0.021583564173591873 40292.0 26651.0
0.02169898430286242 40989.0 53408.0
0.021814404432132964 40998.0 53413.0
0.021929824561403508 46627.0 26600.5
0.022045244690674055 40545.0 26742.0
0.022276084949215142 43351.0 56165.0
0.02239150507848569 43400.0 56245.0
0.022506925207756233 43424.0 56245.0
0.022737765466297324 38715.0 31069.0
0.022853185595567867 47692.5 42755.75
0.02296860572483841 41035.2 43354.0
0.023084025854108958 35655.0 37036.0
0.023199445983379502 39024.0 32013.0
0.02343028624192059 52945.0 44901.0
0.023545706371191136 49500.0 38962.333333333336
0.02366112650046168 44961.333333333336 31233.333333333332
0.023776546629732224 52741.333333333336 53431.666666666664
0.02389196675900277 36036.0 38645.0
0.024007386888273315 55156.8 47228.4
0.02412280701754386 46135.333333333336 39162.333333333336
0.024238227146814405 57741.666666666664 44827.333333333336
0.02435364727608495 70197.0 52737.0
0.024469067405355493 48130.6 42597.2
0.02458448753462604 50858.0 34714.0
0.024930747922437674 36825.0 38814.0
0.025161588180978762 38439.0 39007.0
0.02527700831024931 54443.5 47376.0
0.025392428439519853 38360.0 36608.0
0.025507848568790396 56911.0 37770.0
0.025623268698060944 57983.75 35373.75
0.025738688827331487 40478.0 27716.0
0.02585410895660203 49285.2 35771.6
0.025969529085872575 40506.0 36500.5
0.02608494921514312 29265.0 16374.0
0.026200369344413665 29287.0 16374.0
0.026431209602954756 36374.0 36683.0
0.0265466297322253 41228.5 40037.0
0.026662049861495844 60176.0 50626.5
0.026892890120036934 45473.0 58231.0
0.027123730378578025 41147.0 26149.0
0.02723915050784857 53970.5 28707.0
0.027700831024930747 47268.0 44323.0
0.027816251154201294 48212.333333333336 32991.666666666664
0.027931671283471838 55310.0 21975.0
0.02804709141274238 47038.666666666664 34951.0
0.02816251154201293 49259.0 32925.0
0.028277931671283472 52489.5 27697.5
0.028393351800554016 51448.666666666664 47434.333333333336
0.02850877192982456 52609.0 41142.75
0.028624192059095107 47780.666666666664 43690.0
0.02873961218836565 46746.0 36031.5
0.02897045244690674 44088.0 38377.0
0.029085872576177285 45323.0 40060.0
0.029316712834718376 45622.0 40097.0
0.029547553093259463 73338.0 51814.0
0.02966297322253001 73344.0 51814.0
0.029778393351800554 59514.5 45959.0
0.029893813481071098 67768.0 38994.0
0.030009233610341645 61930.0 22996.0
0.03012465373961219 45867.0 40150.0
0.030240073868882732 60477.0 47820.0
0.03035549399815328 62664.0 45396.0
0.030470914127423823 59798.0 59089.0
0.030586334256694367 69438.0 82897.0
0.031048014773776545 50931.0 30170.0
0.031163434903047092 55838.666666666664 51630.666666666664
0.031278855032317636 58315.5 62380.0
0.03174053554939982 44336.5 40600.0
0.03185595567867036 56059.333333333336 41491.666666666664
0.03220221606648199 52116.0 36656.0
0.032663896583564174 50344.0 50708.0
0.03277931671283472 51311.0 43779.0
0.03289473684210526 50365.5 48241.0
0.033010156971375805 52476.5 38330.0
0.033125577100646356 50698.0 48583.0
0.03335641735918744 63120.0 24678.0
0.03358725761772853 63131.0 24678.0
0.033702677746999074 56824.5 37963.0
0.033818097876269625 50744.0 51268.0
0.03393351800554017 62742.5 57942.0
0.03404893813481071 56418.5 36146.5
0.034164358264081256 56424.5 36148.5
0.0342797783933518 55218.0 31043.0
0.03451061865189289 58097.0 41350.0
0.03462603878116344 61349.333333333336 52654.0
0.03474145891043398 67019.5 55548.5
0.034856879039704525 60881.5 33364.0
0.03497229916897507 58143.0 41361.0
0.035203139427516156 67333.5 55778.5
0.035318559556786706 74088.0 72958.0
0.03543397968605725 64785.0 64246.0
0.035549399815327794 58413.0 41474.0
0.03566481994459834 61771.0 53222.666666666664
0.035895660203139425 55596.0 31113.0
0.036011080332409975 55612.0 31113.0
0.03612650046168052 61524.333333333336 42995.333333333336
0.03624192059095106 58341.0 37153.0
0.036357340720221606 55641.0 31168.0
0.03647276084949215 55655.0 31168.0
0.036703601108033244 55708.0 31172.0
0.03681902123730379 55742.0 31172.0
0.03693444136657433 55870.0 31299.0
0.037742382271468145 64675.5 62385.0
0.03785780240073869 64722.0 62433.5
0.03797322253000923 64730.5 62448.5
0.038088642659279776 61504.666666666664 57958.666666666664
0.038204062788550326 55691.5 40271.0
0.03831948291782087 56536.0 31831.0
0.038434903047091414 56608.0 32403.0
0.03855032317636196 73237.0 93365.0
0.038781163434903045 73242.0 93366.0
0.03901200369344414 60892.0 41590.0
0.03912742382271468 64609.5 49538.5
0.03970452446906741 61078.0 41766.0
0.03981994459833795 73705.0 93595.0
0.039935364727608495 77050.0 77015.0
0.04005078485687904 80405.0 60288.0
0.040281625115420126 68676.5 46446.0
0.04051246537396122 61490.0 41960.0
0.040627885503231764 52678.5 37952.0
0.04074330563250231 80498.0 60353.0
0.041089566020313946 61581.0 42120.0
0.04120498614958449 61608.0 42127.0
0.04132040627885503 69751.0 49633.5
0.04143582640812558 73393.0 53257.666666666664
0.04155124653739612 78195.0 57316.0
0.041666666666666664 55002.0 38780.0
0.04178208679593721 55038.0 38806.5
0.04189750692520776 67585.0 78341.0
0.0420129270544783 76292.0 100406.0
0.04224376731301939 51223.0 36386.0
0.04235918744228993 76312.0 100494.0
0.04247460757156048 76357.0 100563.0
0.04259002770083103 51606.0 37735.0
0.043167128347183746 76417.0 100571.0
0.04362880886426593 67978.0 78505.0
0.04374422899353647 67990.0 78505.0
0.043859649122807015 68121.0 78666.0
0.046398891966759004 83505.0 63266.0
0.046745152354570635 83510.0 63266.0
0.04686057248384118 83512.0 63266.0
0.04697599261311173 83530.0 63266.0
0.04709141274238227 83630.0 63294.0
0.04720683287165282 83630.0 63294.0
0.04801477377654663 83790.0 63393.0
0.04813019390581717 83851.0 63397.0
0.04939981532779317 82349.0 79146.0
0.04951523545706371 82359.0 79149.0
0.0497460757156048 82822.0 79259.0
0.04986149584487535 82829.0 79260.0
0.04997691597414589 66104.0 50678.0
0.050092336103416436 74520.5 65020.0
0.05020775623268698 84017.0 71900.5
0.050323176361957524 82936.0 79275.0
0.051131117266851336 60755.0 54643.0
0.05124653739612189 72818.0 67690.5
0.05240073868882733 66989.0 52247.0
0.052977839335180056 86817.0 119116.0
0.0530932594644506 86822.0 119116.0
0.05332409972299169 86837.0 119116.0
0.05343951985226224 86842.0 119548.0
0.054016620498614956 87996.0 121368.0
0.05459372114496768 88200.0 122421.0
0.054709141274238225 94200.5 103983.5
0.05482456140350877 100214.0 86005.0
0.05493998153277932 100220.0 86007.0
0.05505540166204986 100223.0 86007.0
0.05517082179132041 100235.0 86007.0
0.055401662049861494 84421.0 70904.0
0.05574792243767313 83484.0 77759.0
0.05597876269621422 83507.0 77774.0
0.05609418282548476 83510.0 77778.0
0.05620960295475531 83581.0 78056.0
0.05632502308402586 78374.0 84934.0
0.0564404432132964 83589.0 78056.0
0.056555863342566945 83602.0 78056.0
0.056902123730378576 84443.0 79727.0
0.057248384118190214 86041.0 82001.0
0.0574792243767313 86091.0 82016.0
0.057594644506001845 86092.0 82016.0
0.05771006463527239 86094.0 82016.0
0.05782548476454294 86130.0 83139.0
0.05897968605724838 92020.0 131689.0
0.05955678670360111 92098.0 131741.0
0.05967220683287165 92100.0 131741.0
0.059787626962142196 92113.0 131741.0
0.06151892890120037 88119.0 120161.0
0.06174976915974146 99334.0 85380.0
0.06209602954755309 93043.0 125071.0
0.06267313019390582 95141.0 125748.0
0.06278855032317636 82403.0 95343.5
0.0629039704524469 93532.0 132767.0
0.06301939058171745 93533.0 132767.0
0.06313481071098799 96696.0 111544.0
0.06325023084025855 96810.0 111588.0
0.06336565096952909 100107.0 90412.0
0.06348107109879964 93564.0 132883.0
0.06371191135734072 93571.0 132903.0
0.06382733148661127 96895.0 111821.0
0.06405817174515235 85993.5 79446.0
0.0641735918744229 88572.0 97277.0
0.06440443213296398 93735.0 132944.0
0.06451985226223453 93787.0 132952.0
0.06463527239150507 93829.0 132952.0
0.06486611265004617 109240.5 96125.0
0.06498153277931672 109261.5 96134.5
0.06509695290858726 112406.0 100231.0
0.0652123730378578 112407.0 100231.0
0.0664819944598338 101291.0 92269.0
0.06682825484764543 76922.0 71113.0
0.06694367497691597 76925.0 71113.0
0.06705909510618652 76940.0 71140.0
0.06717451523545706 76943.0 71140.0
0.06752077562326869 76958.0 71149.0
0.06763619575253925 76963.0 71151.0
0.06786703601108034 77456.0 71162.0
0.06798245614035088 77465.0 71167.0
0.0685595567867036 108423.0 97467.0
0.06867497691597414 108446.0 97625.0
0.06902123730378577 77994.0 71506.0
0.06936749769159742 82344.0 78021.0
0.07444598337950138 112542.0 181748.0
0.07848568790397045 119763.0 115051.0
0.07883194829178208 119774.0 115051.0
0.07917820867959371 119832.0 115084.0
0.08067867036011081 110545.0 108451.0
0.0809095106186519 110560.0 108455.0
0.08217913204062789 133973.0 117808.0
0.08287165281625115 88794.0 88287.0
0.08425669436749769 106682.0 105504.5
0.08448753462603878 89333.0 88852.0
0.08471837488457987 89353.0 88952.0
0.08483379501385041 89357.0 88952.0
0.08506463527239151 89381.0 88960.0
0.0852954755309326 89387.0 89000.0
0.0904893813481071 116140.0 97119.0
0.09418282548476455 127724.0 133052.0
0.09545244690674054 132134.0 139095.0
0.09556786703601108 132138.0 139095.0
0.09579870729455217 97257.0 108418.0
0.09602954755309326 110802.0 122800.5
0.0961449676823638 97295.0 108424.0
0.09637580794090489 97297.0 108424.0
0.09649122807017543 97297.0 108424.0
0.09706832871652817 97425.0 108483.0
0.09718374884579871 97432.0 108483.0
0.09729916897506925 97666.0 108628.0
0.09787626962142197 108242.0 111958.0
0.09799168975069251 129176.0 151181.0
0.10006925207756233 133254.0 142167.0
0.10030009233610342 133275.0 142186.0
0.1005309325946445 133297.0 142205.0
0.10341643582640812 133132.0 143301.0
0.10422437673130194 134132.0 143255.0
0.10457063711911357 134164.0 143258.0
0.10480147737765466 134333.0 143316.0
0.10653277931671283 133434.0 143090.5
0.10664819944598337 132334.0 142538.0
0.10861034164358264 148764.0 135401.0
0.10964912280701754 132855.0 143070.0
0.1097645429362881 132975.0 143072.0
0.11068790397045244 133119.0 143586.0
0.11080332409972299 133128.0 143589.0
0.1118421052631579 133461.0 143816.0
0.11311172668513389 228123.0 165039.0
0.11380424746075715 133791.0 145422.0
0.1139196675900277 133805.0 145438.0
0.12280701754385964 191699.0 308139.0
0.16447368421052633 186297.0 243450.0
0.1778624192059095 195605.0 325049.0
0.19390581717451524 188522.0 249135.0
0.19529085872576177 299575.0 282847.0
0.19621421975992612 200426.0 282777.0
0.3915050784856879 406511.0 565624.0
0.5054247460757156 457859.0 711062.0
0.6832871652816251 541988.0 1036111.0
0.8771929824561403 613080.0 1285246.0
1.0 678920.0 1593385.0
