10096
0.0001 979 147 0
0.0001 1550 258 0
0.0002 2211 462 0
0.0003 2632 573 0
0.0003 2979 642 0
0.0004 3306 795 0
0.0005 3540 838 0
0.0006 3887 1070 0
0.0006 4154 1027 0
0.0007 4396 1182 0
0.0008 4590 1481 0
0.0008 4854 1563 0
0.0009 4840 1420 0
0.0010 4983 1696 0
0.0010 5106 1906 0
0.0011 5386 2241 0
0.0012 5452 2338 0
0.0012 5545 2321 0
0.0013 5757 2782 0
0.0014 5723 2411 0
0.0015 5890 2823 0
0.0015 5980 2943 0
0.0016 6105 3165 0
0.0017 6308 3702 0
0.0017 6217 2986 0
0.0018 6422 3760 0
0.0019 6236 3053 0
0.0019 6340 2958 0
0.0020 6495 4222 0
0.0021 6715 4420 0
0.0021 6786 4261 0
0.0022 6737 4271 0
0.0023 6717 4367 0
0.0024 6764 4407 0
0.0024 7114 5520 0
0.0025 6980 5374 0
0.0026 7031 4802 0
0.0026 6951 4441 0
0.0027 7138 4870 0
0.0028 7176 6329 0
0.0028 7218 5352 0
0.0029 7309 6964 0
0.0030 7316 5316 0
0.0030 7245 7040 0
0.0031 7353 6963 0
0.0032 7412 5644 0
0.0033 7522 6871 0
0.0033 7663 7076 0
0.0034 7685 8571 0
0.0035 7560 8085 0
0.0035 7643 6717 0
0.0036 7569 6437 0
0.0037 7517 7708 0
0.0037 7554 6277 0
0.0038 7794 7197 0
0.0039 7695 5948 0
0.0039 7815 7420 0
0.0040 7720 11272 0
0.0041 7921 7734 0
0.0042 7672 4541 0
0.0042 7886 12017 0
0.0043 7866 9351 0
0.0044 7875 9960 0
0.0044 8124 9118 0
0.0045 7980 6317 0
0.0046 8079 10369 0
0.0046 7995 10522 0
0.0047 8068 9748 0
0.0048 7991 7783 0
0.0048 8176 9536 0
0.0049 8013 8515 0
0.0050 7913 8811 0
0.0051 7937 11234 0
0.0051 8086 12584 0
0.0052 8034 7758 0
0.0053 7995 6415 0
0.0053 8275 8052 0
0.0054 8264 8167 0
0.0055 8167 6940 0
0.0055 8212 9033 0
0.0056 8049 7470 0
0.0057 8234 10486 0
0.0057 8142 9227 0
0.0058 8241 13363 0
0.0059 8116 9019 0
0.0060 8239 10519 0
0.0060 8344 11432 0
0.0061 8468 12121 0
0.0062 8348 13598 0
0.0062 8323 11445 0
0.0063 8332 11734 0
0.0064 8506 11775 0
0.0064 8454 9301 0
0.0065 8524 12676 0
0.0066 8434 11722 0
0.0067 8434 10315 0
0.0067 8464 11690 0
0.0068 8537 22705 0
0.0069 8528 17285 0
0.0069 8473 24456 0
0.0070 8335 7786 0
0.0071 8580 9643 0
0.0071 8940 56897 0
0.0072 8640 11659 0
0.0073 8714 33698 0
0.0073 8781 35445 0
0.0074 8562 27235 0
0.0075 8248 9139 0
0.0076 8528 15049 0
0.0076 8691 13838 0
0.0077 8542 12738 0
0.0078 8503 11535 0
0.0078 8761 29444 0
0.0079 8571 13459 0
0.0080 8694 34084 0
0.0080 8559 11235 0
0.0081 8708 15485 0
0.0082 8613 13002 0
0.0082 8664 12708 0
0.0083 8742 15153 0
0.0084 8590 13671 0
0.0085 8994 17383 0
0.0085 8624 13592 0
0.0086 8734 16092 0
0.0087 8713 12559 0
0.0088 8832 14647 0
0.0089 8605 13140 0
0.0089 8617 13740 0
0.0090 8711 16755 0
0.0091 8610 14886 0
0.0091 8727 17831 0
0.0092 8539 11494 0
0.0093 8931 20688 0
0.0094 8866 15269 0
0.0094 8722 18276 0
0.0095 8843 23728 0
0.0096 8768 17759 0
0.0096 8803 17548 0
0.0097 8784 18103 0
0.0098 8900 16634 0
0.0098 8797 15220 0
0.0099 8905 15594 0
0.0100 8909 16332 0
0.0100 8970 22126 0
0.0101 8441 9956 0
0.0102 8699 11013 0
0.0103 8517 11780 0
0.0103 9127 25687 0
0.0104 8757 21858 0
0.0105 9013 36604 0
0.0105 8500 10302 0
0.0107 8911 13210 0
0.0107 9072 21436 0
0.0108 9079 24807 0
0.0109 8913 18867 0
0.0110 8852 17299 0
0.0112 8783 15089 0
0.0112 8533 10586 0
0.0113 8985 16560 0
0.0114 8561 10650 0
0.0115 9042 20242 0
0.0116 9048 20418 0
0.0117 9031 16517 0
0.0118 9013 16980 0
0.0118 8847 15626 0
0.0119 8933 25407 0
0.0120 9004 34624 0
0.0121 8662 10847 0
0.0121 8847 15226 0
0.0123 9059 19392 0
0.0125 9077 27725 0
0.0126 8781 12476 0
0.0127 8935 18497 0
0.0127 8851 19694 0
0.0128 8997 16371 0
0.0130 8919 20653 0
0.0130 9045 26865 0
0.0131 9060 21309 0
0.0132 9031 22841 0
0.0132 9077 25815 0
0.0133 9059 27764 0
0.0134 9246 39633 0
0.0134 8992 32568 0
0.0135 9111 34162 0
0.0137 9161 27167 0
0.0138 9088 28062 0
0.0139 8925 14787 0
0.0140 9359 111141 0
0.0141 9065 24446 0
0.0143 9002 20940 0
0.0143 8926 19116 0
0.0144 9167 30305 0
0.0145 9092 23124 0
0.0147 9183 28404 0
0.0148 9055 27682 0
0.0149 9102 18317 0
0.0150 9218 34680 0
0.0153 9225 34934 0
0.0160 9165 31910 0
0.0161 9123 33287 0
0.0161 9123 33287 0
0.0163 8847 14474 0
0.0164 9255 38175 0
0.0165 9149 29771 0
0.0166 9098 29121 0
0.0167 9194 41032 0
0.0170 9238 26123 0
0.0170 9104 17501 0
0.0172 9337 38635 0
0.0175 9129 26024 0
0.0177 9026 15184 0
0.0179 9245 27747 0
0.0179 9217 28045 0
0.0181 9121 25366 0
0.0181 9122 18294 0
0.0183 9303 48870 0
0.0184 9526 40845 0
0.0185 9528 40898 0
0.0187 9216 26214 0
0.0190 9291 30719 0
0.0191 9187 18155 0
0.0192 9437 42388 0
0.0195 9359 38878 0
0.0196 9309 27730 0
0.0199 9294 28878 0
0.0200 9227 31237 0
0.0201 9334 36363 0
0.0202 9143 26918 0
0.0206 9129 23462 0
0.0208 9332 40476 0
0.0211 9322 29810 0
0.0211 9161 26527 0
0.0213 9267 34507 0
0.0214 9268 21796 0
0.0215 9446 51346 0
0.0216 9337 39513 0
0.0218 9380 33092 0
0.0220 9213 27784 0
0.0222 9288 37139 0
0.0224 9295 34630 0
0.0227 9256 30112 0
0.0228 9315 37782 0
0.0230 9385 39931 0
0.0234 9392 43169 0
0.0236 9394 40064 0
0.0236 9266 40164 0
0.0242 9489 47106 0
0.0247 9396 43650 0
0.0248 9434 44427 0
0.0258 9465 50343 0
0.0260 9423 48626 0
0.0267 9535 66562 0
0.0268 9557 127512 0
0.0271 9550 67278 0
0.0272 9296 41023 0
0.0273 9509 39784 0
0.0274 9510 60729 0
0.0274 9412 49348 0
0.0278 9466 50476 0
0.0280 9467 68046 0
0.0281 9514 55056 0
0.0285 9435 53358 0
0.0289 9517 64056 0
0.0296 9403 47729 0
0.0298 9438 56363 0
0.0299 9498 68833 0
0.0301 9408 48090 0
0.0312 9486 53894 0
0.0316 9463 43914 0
0.0318 9487 46945 0
0.0325 9532 63013 0
0.0327 9556 72353 0
0.0330 9518 60252 0
0.0331 9504 50455 0
0.0333 9554 63275 0
0.0335 9611 99530 0
0.0336 9530 64793 0
0.0340 9590 70696 0
0.0348 9492 70632 0
0.0352 9596 104073 0
0.0353 9537 58148 0
0.0357 9612 84402 0
0.0367 9506 74562 0
0.0369 9551 66331 0
0.0373 9576 67496 0
0.0380 9583 90508 0
0.0386 9639 141510 0
0.0387 9616 77413 0
0.0387 9589 70241 0
0.0389 9618 108341 0
0.0396 9610 78405 0
0.0397 9606 95417 0
0.0398 9578 84395 0
0.0399 9649 86826 0
0.0405 9597 56602 0
0.0405 9593 76677 0
0.0406 9596 69304 0
0.0414 9547 64858 0
0.0418 9657 100915 0
0.0420 9593 86389 0
0.0427 9627 84592 0
0.0434 9667 144879 0
0.0434 9616 59390 0
0.0442 9660 83186 0
0.0452 9669 91115 0
0.0458 9750 107682 0
0.0462 9636 64295 0
0.0463 9640 82658 0
0.0472 9752 109238 0
0.0478 9673 94592 0
0.0480 9583 69432 0
0.0490 9622 93954 0
0.0499 9651 96731 0
0.0500 9677 109242 0
0.1000 9822 214345 0
0.1500 9885 300897 0
0.2000 9929 378575 0
0.2499 9959 479159 0
0.2999 9994 593406 0
0.3500 10002 688445 0
0.4000 10017 806849 0
0.4500 10025 903557 0
0.4999 10045 1008401 0
0.5499 10052 1111477 0
0.6000 10056 1183179 0
0.6500 10063 1304851 0
0.7000 10069 1479973 0
0.7500 10075 1592719 0
0.7999 10080 1687664 0
0.8500 10082 1783937 0
0.9000 10090 1882535 0
0.9500 10093 1979868 0
1.0000 10096 2134798 0
