6472531
0.00011542012927054478 2416.8130193905818 0.00034626038781163435
0.00023084025854108956 3615.2787394585 0.0
0.00034626038781163435 6068.575786463299 0.0009532888465204957
0.0004616805170821791 7200.8345428156745 0.0
0.0005771006463527239 9627.670833333334 0.0020833333333333333
0.0006925207756232687 12082.834710743802 0.005509641873278237
0.0008079409048938135 13676.713310580204 0.006825938566552901
0.0009233610341643582 13601.711206896553 0.0
0.001038781163434903 14962.358490566037 0.0
0.0011542012927054479 17410.179190751445 0.0
0.0012696214219759926 17255.64827586207 0.006896551724137931
0.0013850415512465374 18476.839285714286 0.0
0.0015004616805170822 21124.97142857143 0.01904761904761905
0.001615881809787627 23736.15053763441 0.010752688172043012
0.0017313019390581717 24201.119565217392 0.010869565217391304
0.0018467220683287165 25276.752808988764 0.011235955056179775
0.0019621421975992612 25867.011764705883 0.011764705882352941
0.002077562326869806 25573.87323943662 0.014084507042253521
0.0021929824561403508 28492.55223880597 0.0
0.0023084025854108957 27290.940298507463 0.0
0.0024238227146814403 31164.467741935485 0.0
0.0025392428439519853 32129.943396226416 0.018867924528301886
0.00265466297322253 39725.318181818184 0.0
0.002770083102493075 36200.64 0.02
0.0028855032317636198 37493.21052631579 0.0
0.0030009233610341643 38556.52173913043 0.021739130434782608
0.0031163434903047093 37249.52380952381 0.023809523809523808
0.003231763619575254 38013.769230769234 0.0
0.003347183748845799 41183.5 0.023809523809523808
0.0034626038781163434 40442.53658536585 0.024390243902439025
0.0035780240073868884 37173.32 0.04
0.003693444136657433 47668.208333333336 0.0
0.003808864265927978 47184.5 0.07692307692307693
0.0039242843951985225 48768.51851851852 0.037037037037037035
0.004039704524469067 48079.8 0.04
0.004155124653739612 44943.57692307692 0.038461538461538464
0.004270544783010157 51145.5 0.0
0.0043859649122807015 52656.86956521739 0.043478260869565216
0.004501385041551247 50438.69565217391 0.043478260869565216
0.0046168051708217915 57054.52 0.04
0.004732225300092336 57752.916666666664 0.041666666666666664
0.004847645429362881 62301.24 0.0
0.004963065558633426 62014.09090909091 0.0
0.0050784856879039705 60366.94736842105 0.05263157894736842
0.005193905817174515 73514.6875 0.0625
0.00530932594644506 62687.458333333336 0.041666666666666664
0.005424746075715605 64017.0 0.0
0.00554016620498615 66476.94444444444 0.05555555555555555
0.005655586334256694 66813.15 0.0
0.0057710064635272396 72054.5294117647 0.0
0.005886426592797784 86159.73684210527 0.0
0.006001846722068329 79530.3 0.0
0.006117266851338873 78570.53333333334 0.0
0.006232686980609419 74963.57142857143 0.0
0.006348107109879963 94787.30769230769 0.0
0.006463527239150508 85116.6 0.0
0.006578947368421052 82323.1875 0.0
0.006694367497691598 82620.375 0.0
0.006809787626962142 73194.09090909091 0.0
0.006925207756232687 75078.8125 0.0
0.007040627885503232 95095.07692307692 0.0
0.007156048014773777 94478.63636363637 0.09090909090909091
0.007271468144044321 82618.36363636363 0.09090909090909091
0.007386888273314866 76687.53846153847 0.07692307692307693
0.007502308402585411 92606.0 0.09090909090909091
0.007617728531855956 93616.69230769231 0.0
0.0077331486611265 86774.38461538461 0.0
0.007848568790397045 111305.42857142857 0.0
0.00796398891966759 101929.7 0.0
0.008079409048938134 92149.7 0.1
0.00819482917820868 120791.5 0.125
0.008310249307479225 120398.44444444444 0.0
0.008425669436749769 105579.27272727272 0.0
0.008541089566020314 98407.14285714286 0.0
0.00865650969529086 86807.0 0.0
0.008771929824561403 91384.77777777778 0.0
0.008887349953831948 110112.4 0.0
0.009002770083102494 138203.0 0.0
0.009118190212373038 118294.71428571429 0.0
0.009233610341643583 106720.66666666667 0.0
0.009349030470914127 93431.125 0.125
0.009464450600184672 101500.625 0.125
0.009579870729455217 118621.71428571429 0.14285714285714285
0.009695290858725761 96870.0 0.16666666666666666
0.009810710987996307 108029.75 0.25
0.009926131117266852 108496.625 0.0
0.010041551246537396 128646.77777777778 0.0
0.010156971375807941 112862.0 0.0
0.010272391505078486 129378.6 0.0
0.01038781163434903 154837.5 0.0
0.010503231763619576 105425.75 0.25
0.01061865189289012 114457.6 0.2
0.010734072022160665 110286.2 0.2
0.01084949215143121 155461.4 0.0
0.010964912280701754 123594.5 0.125
0.0110803324099723 106821.0 0.0
0.011195752539242845 119588.55555555556 0.0
0.011311172668513388 111740.25 0.0
0.011426592797783934 105207.0 0.0
0.011542012927054479 128978.33333333333 0.0
0.011657433056325023 138757.77777777778 0.0
0.011772853185595568 128179.875 0.0
0.011888273314866112 136798.42857142858 0.0
0.012003693444136657 129577.5 0.0
0.012119113573407203 124001.0 0.0
0.012234533702677746 159545.0 0.0
0.012349953831948292 143952.0 0.0
0.012465373961218837 134788.5 0.0
0.012580794090489381 116966.375 0.0
0.012696214219759926 110412.57142857143 0.0
0.012811634349030472 103689.66666666667 0.0
0.012927054478301015 130845.28571428571 0.0
0.01304247460757156 133629.75 0.0
0.013157894736842105 114366.0 0.0
0.01327331486611265 127703.0 0.0
0.013388734995383195 135606.33333333334 0.0
0.013504155124653739 136623.8 0.0
0.013619575253924284 127423.0 0.0
0.01373499538319483 127390.25 0.0
0.013850415512465374 172157.5 0.5
0.013965835641735919 156470.0 0.0
0.014081255771006464 144842.0 0.0
0.014196675900277008 225010.25 0.0
0.014312096029547553 169347.2 0.0
0.014427516158818097 134851.5 0.0
0.014542936288088643 161026.33333333334 0.0
0.014658356417359188 147533.75 0.0
0.014773776546629732 152467.66666666666 0.0
0.014889196675900277 160604.0 0.0
0.015004616805170823 150990.0 0.0
0.015120036934441366 169866.0 0.0
0.015235457063711912 150260.66666666666 0.0
0.015350877192982455 168384.0 0.0
0.015466297322253 160510.75 0.0
0.015581717451523546 120572.66666666667 0.0
0.01569713758079409 219575.0 0.0
0.015812557710064637 234964.0 0.0
0.01592797783933518 113638.0 0.0
0.016043397968605724 182452.4 0.0
0.016158818097876268 161104.0 0.0
0.016274238227146815 272476.0 0.0
0.01638965835641736 192884.0 0.0
0.016505078485687903 198740.0 0.0
0.01662049861495845 145630.5 0.0
0.016735918744228993 185642.0 0.0
0.016851338873499537 216340.5 0.0
0.016966759002770084 285278.0 0.0
0.017082179132040628 285337.0 0.0
0.01731301939058172 176943.5 0.0
0.017428439519852262 211144.0 0.0
0.017543859649122806 157425.5 0.0
0.017659279778393353 161888.0 0.0
0.017774699907663897 143935.0 0.0
0.01789012003693444 214598.0 0.0
0.018005540166204988 178266.0 0.0
0.01812096029547553 178339.0 0.0
0.01858264081255771 144846.0 0.0
0.018698060941828253 104936.0 0.0
0.0188134810710988 153339.5 0.0
0.018928901200369344 149755.33333333334 0.0
0.019044321329639888 186692.75 0.0
0.019159741458910435 117617.0 0.0
0.01927516158818098 156985.0 0.0
0.019390581717451522 144108.0 0.0
0.01950600184672207 144953.5 0.0
0.019621421975992613 145177.5 0.0
0.019736842105263157 158136.0 0.0
0.019852262234533704 196032.5 0.0
0.019967682363804248 260595.33333333334 0.0
0.02008310249307479 268365.0 0.0
0.02019852262234534 216842.6 0.0
0.020313942751615882 137772.66666666666 0.0
0.020429362880886426 206747.66666666666 0.0
0.020544783010156973 151824.0 0.0
0.020660203139427517 195636.0 0.0
0.02077562326869806 196342.4 0.0
0.020891043397968604 142015.33333333334 0.0
0.02100646352723915 200308.0 0.0
0.021121883656509695 159060.0 0.0
0.02123730378578024 212332.66666666666 0.0
0.021352723915050786 217912.0 0.0
0.02146814404432133 218046.5 0.0
0.02169898430286242 286743.0 0.0
0.021814404432132964 256472.0 0.0
0.021929824561403508 156256.0 0.0
0.022045244690674055 258577.0 0.0
0.02239150507848569 255041.5 0.0
0.022506925207756233 255196.0 0.0
0.022622345337026777 212656.66666666666 0.0
0.022737765466297324 191953.0 0.0
0.022853185595567867 229514.33333333334 0.0
0.02296860572483841 207644.0 0.0
0.023084025854108958 204267.0 0.0
0.023199445983379502 263347.5 0.0
0.023314866112650046 258477.0 0.0
0.02343028624192059 250589.25 0.0
0.023545706371191136 281047.5 0.0
0.02366112650046168 272485.2 0.0
0.023776546629732224 296287.5 0.0
0.02389196675900277 259273.75 0.0
0.024007386888273315 251743.5 0.0
0.02412280701754386 267698.25 0.0
0.024238227146814405 250630.0 0.0
0.02435364727608495 269922.0 0.0
0.024469067405355493 182711.25 0.0
0.02458448753462604 257659.33333333334 0.0
0.024699907663896584 318252.0 0.0
0.024815327793167127 235065.0 0.0
0.024930747922437674 207506.0 0.0
0.025046168051708218 207530.0 0.0
0.025161588180978762 238370.0 0.0
0.02527700831024931 223626.0 0.0
0.025392428439519853 199462.5 0.0
0.025507848568790396 238776.8 0.0
0.025623268698060944 275450.5 0.0
0.025738688827331487 230203.0 0.0
0.02585410895660203 258199.0 0.0
0.025969529085872575 224146.0 0.0
0.02608494921514312 283649.0 0.0
0.026200369344413665 338312.0 0.0
0.02631578947368421 292741.0 0.0
0.026431209602954756 351986.5 0.0
0.0265466297322253 357805.0 0.0
0.026662049861495844 358917.0 0.0
0.02677746999076639 317599.0 0.0
0.026892890120036934 318113.5 0.0
0.027008310249307478 350175.5 0.0
0.02723915050784857 282877.5 0.0
0.027354570637119113 237322.33333333334 0.0
0.02746999076638966 237923.0 0.0
0.027585410895660203 281586.0 0.0
0.027700831024930747 185974.5 0.0
0.027816251154201294 244397.5 0.0
0.027931671283471838 346597.0 0.0
0.028277931671283472 290916.0 0.0
0.028393351800554016 364294.5 0.0
0.02850877192982456 280987.0 0.0
0.029085872576177285 268923.0 0.5
0.02920129270544783 576415.0 0.0
0.02943213296398892 252604.0 0.0
0.029547553093259463 332166.0 0.0
0.02966297322253001 407396.0 0.0
0.029893813481071098 262063.0 1.0
0.030009233610341645 278078.5 0.5
0.03012465373961219 294936.0 0.0
0.030240073868882732 295623.0 0.0
0.03035549399815328 297621.0 0.0
0.030470914127423823 330535.0 0.0
0.030586334256694367 313251.6666666667 0.0
0.03070175438596491 329143.0 0.0
0.030932594644506 270449.0 0.0
0.031048014773776545 335397.5 0.0
0.031163434903047092 295574.5 0.0
0.03150969529085872 270267.0 1.0
0.031625115420129274 395619.0 0.0
0.03174053554939982 336477.0 0.0
0.03185595567867036 259340.5 0.5
0.031971375807940905 259933.0 0.5
0.03208679593721145 275399.5 0.5
0.03220221606648199 272233.0 0.3333333333333333
0.034164358264081256 354525.0 0.0
0.03439519852262234 309943.0 1.0
0.03462603878116344 310801.0 1.0
0.03474145891043398 358146.0 0.0
0.034856879039704525 347094.0 0.0
0.035318559556786706 273507.0 0.0
0.03543397968605725 273575.0 0.0
0.035549399815327794 273603.0 0.0
0.03566481994459834 373243.0 0.0
0.03578024007386888 374925.0 0.0
0.037049861495844875 434762.0 0.0
0.03716528162511542 438772.0 0.0
0.03728070175438596 338073.5 0.0
0.037396121883656507 338634.5 0.0
0.03751154201292706 439346.0 0.0
0.0376269621421976 421291.0 0.0
0.037742382271468145 407532.0 0.0
0.03785780240073869 409037.0 0.0
0.03797322253000923 439391.0 0.0
0.038088642659279776 438960.0 0.0
0.038204062788550326 405924.5 0.0
0.03831948291782087 432601.3333333333 0.0
0.038434903047091414 425763.5 0.0
0.03855032317636196 334086.6666666667 0.0
0.0386657433056325 345961.0 0.0
0.039242843951985226 448081.0 0.0
0.03935826408125577 486385.0 0.0
0.039473684210526314 486552.0 0.0
0.03970452446906741 486599.0 0.0
0.03981994459833795 450673.0 0.0
0.04155124653739612 427913.0 0.0
0.04178208679593721 428044.0 0.0
0.042820867959372115 314969.0 0.0
0.04293628808864266 371148.5 0.0
0.0432825484764543 551414.0 0.0
0.04339796860572484 552289.0 0.0
0.043513388734995384 552418.0 0.0
0.04362880886426593 552433.0 0.0
0.04374422899353647 552526.0 0.0
0.043975069252077566 449067.0 0.0
0.04409048938134811 451193.0 0.0
0.04420590951061865 451231.0 0.0
0.0443213296398892 398316.0 0.5
0.04443674976915974 398357.5 0.5
0.044552169898430284 434318.5 0.5
0.04466759002770083 434670.0 0.5
0.04478301015697138 434892.5 0.5
0.04489843028624192 526276.0 0.0
0.04512927054478301 425064.5 0.5
0.04524469067405355 540701.0 0.0
0.0453601108033241 540764.0 0.0
0.04559095106186519 526892.0 0.0
0.045706371191135735 503365.0 0.0
0.04593721144967682 503738.0 0.0
0.046052631578947366 503759.0 0.0
0.04709141274238227 545987.0 0.0
0.04755309325946445 546252.0 0.0
0.047668513388735 546324.0 0.0
0.04813019390581717 563893.0 0.0
0.04824561403508772 563958.0 0.0
0.04847645429362881 565587.0 0.0
0.048591874422899355 565696.0 0.0
0.048938134810710986 485562.5 0.0
0.04905355493998153 488993.5 0.0
0.049284395198522624 417063.0 0.0
0.04939981532779317 417085.0 0.0
0.049630655586334255 434532.0 0.0
0.050092336103416436 349749.0 0.0
0.05020775623268698 350485.0 0.0
0.050323176361957524 372480.0 0.0
0.05136195752539243 397053.0 0.0
0.05170821791320406 510443.0 0.0
0.051823638042474605 486041.0 0.0
0.05193905817174515 486050.0 0.0
0.05240073868882733 400111.0 0.0
0.05274699907663897 585562.0 0.0
0.052977839335180056 597126.0 0.0
0.053208679593721143 499648.0 0.5
0.056555863342566945 444585.0 1.0
0.05667128347183749 444596.0 1.0
0.05678670360110803 445046.0 1.0
0.056902123730378576 445203.0 1.0
0.05701754385964912 445209.0 1.0
0.05713296398891967 445228.0 1.0
0.057248384118190214 445482.0 1.0
0.05794090489381348 698084.0 0.0
0.05805632502308403 572721.5 0.5
0.058287165281625114 447326.0 1.0
0.05840258541089566 525106.0 0.5
0.05851800554016621 699269.0 0.0
0.05863342566943675 699354.0 0.0
0.058748845798707296 603973.0 0.0
0.05886426592797784 699403.0 0.0
0.05897968605724838 612005.0 0.0
0.05909510618651893 612486.0 0.0
0.05921052631578947 448752.0 1.0
0.05955678670360111 621582.0 0.0
0.05967220683287165 621594.0 0.0
0.05990304709141274 621644.0 0.0
0.06024930747922438 625232.0 0.0
0.060941828254847646 547417.0 1.0
0.0629039704524469 535458.0 1.0
0.06325023084025855 536436.0 1.0
0.06336565096952909 536460.0 1.0
0.06394275161588181 567270.0 1.0
0.06451985226223453 642257.0 0.0
0.06463527239150507 642502.0 0.0
0.06567405355493998 512504.0 1.0
0.06844413665743306 736670.0 0.0
0.0685595567867036 1015048.0 0.0
0.07283010156971376 760092.0 0.0
0.07848568790397045 637951.0 0.0
0.07987072945521699 958467.0 0.0
0.08414127423822715 725281.0 0.0
0.08933518005540166 838011.0 0.0
0.09118190212373038 746511.0 0.0
0.09452908587257618 763065.0 1.0
0.09464450600184672 763287.0 1.0
0.09626038781163435 938270.0 1.0
0.11461218836565097 1399288.0 0.0
0.11668975069252077 1053021.0 1.0
0.11680517082179132 1053108.0 1.0
0.11692059095106186 1053350.0 1.0
0.11703601108033242 1053391.0 1.0
0.1185364727608495 1269338.0 0.0
0.12476915974145891 1168447.0 1.0
0.1327331486611265 1179718.0 0.0
0.14439058171745153 1222041.0 0.0
0.14554478301015697 1329295.0 1.0
0.14727608494921515 1318792.0 0.0
0.16666666666666666 1377446.0 1.0
0.20487072945521698 1640862.0 1.0
0.23314866112650046 2289615.0 0.0
0.2916666666666667 2278183.0 0.0
0.35041551246537395 2661549.0 2.0
0.4164358264081256 3118186.0 1.0
0.5835641735918744 4310040.0 2.0
1.0 6472531.0 3.0
