1131
0.00011542012927054478 553.9473684210526 167.9862650046168
0.00023084025854108956 736.7980148883374 230.58014888337468
0.00034626038781163435 856.7882037533512 446.692582663092
0.0004616805170821791 928.5290055248619 540.5
0.0005771006463527239 971.5260869565218 756.8826086956522
0.0006925207756232687 999.6712328767123 1076.4849315068493
0.0008079409048938135 1017.2440677966101 1343.6881355932203
0.0009233610341643582 1034.0043859649122 1156.7280701754387
0.001038781163434903 1045.808988764045 1213.8539325842696
0.0011542012927054479 1044.8987341772151 1040.2974683544303
0.0012696214219759926 1053.9776119402984 1434.0298507462687
0.0013850415512465374 1063.2635658914728 1508.8062015503876
0.0015004616805170822 1064.2260869565218 1727.2173913043478
0.001615881809787627 1073.054054054054 2051.1171171171172
0.0017313019390581717 1074.0515463917525 1983.1546391752577
0.0018467220683287165 1080.2021276595744 2975.7872340425533
0.0019621421975992612 1083.2948717948718 2752.1153846153848
0.002077562326869806 1084.3783783783783 3231.7837837837837
0.0021929824561403508 1086.943661971831 3599.450704225352
0.0023084025854108957 1086.8813559322034 2786.830508474576
0.0024238227146814403 1087.753846153846 3618.6
0.0025392428439519853 1087.96 3484.94
0.00265466297322253 1092.7111111111112 4919.177777777778
0.002770083102493075 1090.7254901960785 3376.627450980392
0.0028855032317636198 1093.12 4844.62
0.0030009233610341643 1092.9285714285713 4281.452380952381
0.0031163434903047093 1090.7291666666667 4041.8125
0.003231763619575254 1089.840909090909 3013.4545454545455
0.003347183748845799 1091.7560975609756 4252.341463414634
0.0034626038781163434 1093.3488372093022 3943.4186046511627
0.0035780240073868884 1092.75 3953.0833333333335
0.003693444136657433 1092.4722222222222 4007.9166666666665
0.003808864265927978 1098.2 5232.333333333333
0.0039242843951985225 1097.857142857143 5940.678571428572
0.004039704524469067 1099.5555555555557 6574.814814814815
0.004155124653739612 1100.5 7906.125
0.004270544783010157 1101.2 8062.3
0.0043859649122807015 1100.0 9271.421052631578
0.004501385041551247 1102.0 10047.333333333334
0.0046168051708217915 1101.7058823529412 6062.764705882353
0.004732225300092336 1101.4705882352941 8105.117647058823
0.004847645429362881 1102.7058823529412 8486.470588235294
0.004963065558633426 1099.0714285714287 7921.285714285715
0.0050784856879039705 1101.1 8351.1
0.005193905817174515 1102.45 8672.95
0.00530932594644506 1104.6818181818182 7469.5
0.005424746075715605 1104.2105263157894 6133.8421052631575
0.00554016620498615 1103.5454545454545 9053.818181818182
0.005655586334256694 1104.5 5040.333333333333
0.0057710064635272396 1104.4666666666667 8337.266666666666
0.005886426592797784 1103.8461538461538 8728.384615384615
0.006001846722068329 1104.5 6586.285714285715
0.006117266851338873 1101.6363636363637 7380.545454545455
0.006232686980609419 1103.5384615384614 10050.76923076923
0.006348107109879963 1104.388888888889 7763.5
0.006463527239150508 1103.25 7121.9375
0.006578947368421052 1104.75 9507.125
0.006694367497691598 1104.5 8107.214285714285
0.006809787626962142 1104.4166666666667 8826.583333333334
0.006925207756232687 1102.6363636363637 5514.727272727273
0.007040627885503232 1105.1176470588234 8800.235294117647
0.007156048014773777 1106.0 8718.764705882353
0.007271468144044321 1104.8461538461538 8574.692307692309
0.007386888273314866 1106.1666666666667 11893.083333333334
0.007502308402585411 1105.75 8176.25
0.007617728531855956 1106.0 9184.222222222223
0.0077331486611265 1105.5454545454545 7168.090909090909
0.007848568790397045 1106.8333333333333 10837.5
0.00796398891966759 1106.4444444444443 7499.222222222223
0.008079409048938134 1109.090909090909 13681.181818181818
0.00819482917820868 1107.5 15765.75
0.008310249307479225 1109.5 15283.333333333334
0.008425669436749769 1108.0 21195.666666666668
0.008541089566020314 1109.4 15859.9
0.00865650969529086 1108.0 10701.363636363636
0.008771929824561403 1107.7777777777778 10232.777777777777
0.008887349953831948 1108.3 11657.2
0.009002770083102494 1109.0 8474.57142857143
0.009118190212373038 1109.0 10886.0
0.009233610341643583 1108.1666666666667 8712.166666666666
0.009349030470914127 1108.2857142857142 9214.142857142857
0.009464450600184672 1110.4 15341.2
0.009579870729455217 1108.142857142857 11461.714285714286
0.009695290858725761 1108.1666666666667 11494.666666666666
0.009810710987996307 1109.0 15182.25
0.009926131117266852 1109.5 11902.625
0.010041551246537396 1107.857142857143 10422.0
0.010156971375807941 1112.5 10309.0
0.010272391505078486 1109.5 9074.5
0.01038781163434903 1107.75 9203.0
0.010503231763619576 1108.75 11933.75
0.01061865189289012 1108.7142857142858 9140.714285714286
0.010734072022160665 1109.625 9439.75
0.01084949215143121 1109.6 11473.2
0.010964912280701754 1110.142857142857 12866.0
0.0110803324099723 1110.0 12506.333333333334
0.011195752539242845 1109.5 11182.0
0.011311172668513388 1109.3333333333333 11222.5
0.011426592797783934 1108.6 12833.5
0.011542012927054479 1109.2 11541.5
0.011657433056325023 1108.625 10842.0
0.011772853185595568 1108.75 12908.75
0.011888273314866112 1108.625 13978.0
0.012003693444136657 1108.3636363636363 13917.09090909091
0.012119113573407203 1109.5833333333333 11672.416666666666
0.012234533702677746 1109.375 14438.375
0.012349953831948292 1107.5 10331.833333333334
0.012465373961218837 1108.75 18851.0
0.012580794090489381 1107.5714285714287 10241.42857142857
0.012696214219759926 1108.3333333333333 12411.0
0.012811634349030472 1109.0 13322.166666666666
0.012927054478301015 1109.5 14682.0
0.01304247460757156 1108.8333333333333 13416.666666666666
0.013157894736842105 1111.0 17321.0
0.01327331486611265 1112.0 18965.2
0.013388734995383195 1108.2857142857142 11447.0
0.013504155124653739 1110.1666666666667 11536.833333333334
0.013619575253924284 1110.5714285714287 16202.42857142857
0.01373499538319483 1110.3333333333333 18734.333333333332
0.013850415512465374 1110.5 11592.0
0.013965835641735919 1109.0 10617.75
0.014081255771006464 1110.2857142857142 21799.571428571428
0.014196675900277008 1111.0 20762.8
0.014312096029547553 1109.25 23189.5
0.014427516158818097 1111.5 22604.5
0.014542936288088643 1110.4444444444443 18726.222222222223
0.014658356417359188 1111.6666666666667 21220.5
0.014773776546629732 1111.2 14702.4
0.014889196675900277 1111.5 24775.5
0.015004616805170823 1111.0 22573.0
0.015235457063711912 1113.0 10740.5
0.015350877192982455 1113.0 17122.0
0.015466297322253 1113.25 21042.0
0.015581717451523546 1113.5 19792.5
0.01569713758079409 1113.0 9177.0
0.015812557710064637 1111.5 14028.0
0.01592797783933518 1114.0 16419.333333333332
0.016158818097876268 1110.0 9193.0
0.016274238227146815 1112.3333333333333 23070.666666666668
0.01638965835641736 1111.0 11170.5
0.016505078485687903 1111.0 12035.666666666666
0.01662049861495845 1110.0 17494.0
0.016735918744228993 1113.0 9431.0
0.016851338873499537 1112.0 13774.5
0.016966759002770084 1113.0 16395.0
0.017082179132040628 1112.4 20501.0
0.01719759926131117 1111.75 21913.25
0.01731301939058172 1112.0 25045.0
0.017428439519852262 1112.5 23468.5
0.017543859649122806 1113.3333333333333 20657.666666666668
0.017659279778393353 1113.6 14940.2
0.017774699907663897 1113.0 13403.5
0.01789012003693444 1113.0 12013.0
0.018005540166204988 1112.0 12151.5
0.01812096029547553 1116.0 23970.0
0.018236380424746075 1113.0 14375.0
0.018351800554016622 1113.3333333333333 17270.333333333332
0.018467220683287166 1112.5 17025.5
0.01858264081255771 1113.0 16830.0
0.018698060941828253 1113.3333333333333 17722.0
0.0188134810710988 1114.0 24257.0
0.018928901200369344 1113.75 31950.75
0.019044321329639888 1112.0 56814.0
0.019159741458910435 1113.0 37396.0
0.01927516158818098 1114.0 24297.0
0.01950600184672207 1114.5 26857.5
0.019621421975992613 1115.0 26941.0
0.019736842105263157 1115.0 26944.5
0.019967682363804248 1115.0 24416.0
0.02008310249307479 1112.6666666666667 20874.666666666668
0.02019852262234534 1112.8 19592.6
0.020313942751615882 1112.3333333333333 19227.0
0.020429362880886426 1113.6666666666667 19724.333333333332
0.020544783010156973 1113.0 12051.0
0.020660203139427517 1114.0 24227.5
0.02077562326869806 1113.0 12056.0
0.02100646352723915 1113.0 12148.0
0.02123730378578024 1114.0 21293.5
0.02146814404432133 1112.0 19083.0
0.021583564173591873 1113.5 21963.5
0.02169898430286242 1113.0 14234.0
0.021814404432132964 1113.0 14238.0
0.021929824561403508 1111.0 19710.5
0.022045244690674055 1111.0 20302.5
0.0221606648199446 1112.0 18185.5
0.022276084949215142 1112.0 18185.5
0.02239150507848569 1112.0 18188.5
0.022506925207756233 1112.0 17249.0
0.022622345337026777 1112.0 17250.0
0.022737765466297324 1112.0 17250.0
0.022853185595567867 1112.0 19147.0
0.02296860572483841 1112.0 19264.0
0.023084025854108958 1111.0 20468.5
0.023199445983379502 1110.0 22506.0
0.023314866112650046 1110.0 22516.0
0.02343028624192059 1110.0 22523.0
0.023545706371191136 1111.5 20379.5
0.02366112650046168 1113.0 18441.0
0.023776546629732224 1110.0 22716.0
0.02389196675900277 1112.0 17578.0
0.024007386888273315 1113.0 34568.0
0.02412280701754386 1113.0 18577.0
0.024238227146814405 1113.0 18577.0
0.02435364727608495 1112.0 20793.0
0.024699907663896584 1113.0 26695.0
0.024815327793167127 1113.0 26722.5
0.025738688827331487 1114.25 29294.75
0.02585410895660203 1114.0 27025.0
0.025969529085872575 1112.0 26908.0
0.02608494921514312 1112.0 23559.0
0.026200369344413665 1112.0 26909.0
0.02631578947368421 1113.0 28063.0
0.026431209602954756 1114.0 30284.0
0.026662049861495844 1114.0 30297.0
0.027008310249307478 1116.5 26381.5
0.027123730378578025 1117.0 26690.0
0.027354570637119113 1112.0 23162.0
0.02746999076638966 1114.0 31267.0
0.028277931671283472 1117.0 27141.0
0.028393351800554016 1116.0 28816.0
0.02850877192982456 1116.0 28483.0
0.028624192059095107 1115.0 28984.666666666668
0.02873961218836565 1115.5 29228.0
0.028855032317636194 1116.0 27776.0
0.02897045244690674 1115.0 30478.0
0.029085872576177285 1115.0 30481.0
0.02920129270544783 1112.0 30260.0
0.029316712834718376 1113.0 31786.5
0.02943213296398892 1112.0 30263.0
0.029547553093259463 1114.0 33339.0
0.02966297322253001 1115.25 31437.25
0.029778393351800554 1115.4 30769.8
0.029893813481071098 1114.0 27046.4
0.030009233610341645 1114.0 31076.0
0.03012465373961219 1114.3333333333333 26103.333333333332
0.030240073868882732 1113.0 27499.5
0.03035549399815328 1113.0 25353.666666666668
0.030470914127423823 1113.5 27834.5
0.03070175438596491 1113.0 27716.0
0.030932594644506 1113.3333333333333 23888.666666666668
0.031048014773776545 1112.0 21478.0
0.03139427516158818 1121.0 37526.0
0.03150969529085872 1113.0 28874.0
0.03174053554939982 1121.0 37543.0
0.03185595567867036 1113.0 28899.0
0.031971375807940905 1121.0 37562.0
0.03208679593721145 1117.5 29458.0
0.03220221606648199 1115.0 30742.25
0.032317636195752536 1114.0 21367.0
0.03243305632502309 1114.0 21367.0
0.03254847645429363 1113.0 29270.5
0.032663896583564174 1114.0 21377.0
0.03277931671283472 1112.0 37175.0
0.03289473684210526 1112.0 37180.0
0.033125577100646356 1115.0 70204.0
0.0332409972299169 1114.5 45864.5
0.03358725761772853 1114.5 51418.5
0.033818097876269625 1115.0 70354.0
0.03393351800554017 1114.0 27579.0
0.03404893813481071 1114.0 27579.0
0.0342797783933518 1113.0 38075.0
0.03439519852262234 1113.0 38075.0
0.03451061865189289 1113.0 38075.0
0.03462603878116344 1113.0 38082.0
0.03474145891043398 1114.0 31292.0
0.03497229916897507 1113.0 38145.0
0.035203139427516156 1114.0 30707.333333333332
0.035318559556786706 1113.0 39656.0
0.03566481994459834 1115.0 25166.0
0.03578024007386888 1115.0 25166.0
0.035895660203139425 1115.0 25172.0
0.036011080332409975 1115.5 32407.5
0.03612650046168052 1115.0 25403.0
0.03647276084949215 1115.0 25555.0
0.036588180978762694 1115.0 25563.0
0.036703601108033244 1115.0 25563.0
0.03716528162511542 1114.0 45423.0
0.037396121883656507 1113.0 41363.0
0.03751154201292706 1113.0 41515.0
0.0376269621421976 1113.0 41555.0
0.037742382271468145 1113.0 41557.0
0.03831948291782087 1114.0 56224.0
0.038434903047091414 1114.5 38937.0
0.03855032317636196 1115.0 46974.0
0.0386657433056325 1113.0 45782.0
0.038896583564173595 1114.0 31011.0
0.03901200369344414 1114.0 81539.0
0.03912742382271468 1114.0 81540.0
0.039242843951985226 1114.3333333333333 53245.0
0.03935826408125577 1114.5 64420.0
0.03958910433979686 1115.0 46816.0
0.040281625115420126 1113.0 46440.0
0.040627885503231764 1113.0 46997.0
0.04074330563250231 1116.5 49262.0
0.04085872576177285 1113.0 47002.0
0.040974145891043395 1113.0 47016.0
0.041089566020313946 1113.0 47016.0
0.04155124653739612 1113.0 47031.0
0.04247460757156048 1114.0 48690.0
0.04259002770083103 1114.0 48742.0
0.04270544783010157 1114.0 48742.0
0.042820867959372115 1115.0 40747.0
0.04293628808864266 1115.0 40852.0
0.0443213296398892 1115.0 75219.0
0.04443674976915974 1115.0 75567.0
0.044552169898430284 1115.5 76290.5
0.04466759002770083 1115.5 76293.5
0.04512927054478301 1114.0 83409.0
0.04547553093259465 1114.0 83417.0
0.04559095106186519 1114.0 83724.0
0.04593721144967682 1116.0 58601.0
0.046052631578947366 1116.0 58895.0
0.046168051708217916 1116.0 58895.0
0.04709141274238227 1115.0 47381.0
0.04813019390581717 1117.0 72809.0
0.04905355493998153 1114.0 39069.0
0.04986149584487535 1117.0 75765.0
0.04997691597414589 1117.0 75765.0
0.056555863342566945 1116.5 57005.5
0.05736380424746076 1118.0 59233.0
0.05771006463527239 1118.0 59382.0
0.05782548476454294 1118.0 59399.0
0.05863342566943675 1118.0 59686.0
0.05886426592797784 1118.0 59695.0
0.05897968605724838 1118.0 59695.0
0.05909510618651893 1118.0 60131.0
0.05921052631578947 1115.0 55523.0
0.05990304709141274 1115.0 56080.0
0.06001846722068329 1115.0 56295.0
0.060133887349953834 1115.0 56295.0
0.06071098799630656 1115.0 56316.0
0.062326869806094184 1123.0 65805.0
0.06313481071098799 1123.0 66833.0
0.06348107109879964 1123.0 67310.0
0.06359649122807018 1123.0 67310.0
0.06371191135734072 1120.5 82800.5
0.06382733148661127 1123.0 67310.0
0.06394275161588181 1116.5 79225.5
0.06405817174515235 1116.5 79366.5
0.0641735918744229 1115.0 60112.0
0.06428901200369344 1118.0 98625.0
0.06440443213296398 1118.0 98649.0
0.06463527239150507 1123.0 67370.0
0.06475069252077563 1123.0 67528.0
0.06544321329639889 1117.0 103192.0
0.06590489381348107 1117.0 105024.0
0.06613573407202217 1118.0 63900.0
0.06625115420129271 1118.0 63900.0
0.06636657433056325 1118.0 63900.0
0.0664819944598338 1120.5 65863.0
0.06659741458910434 1123.0 67826.0
0.06671283471837489 1120.5 65867.5
0.06694367497691597 1123.0 67858.0
0.0672899353647276 1115.0 67571.0
0.06740535549399815 1115.0 67571.0
0.06763619575253925 1115.0 67683.0
0.06775161588180979 1115.0 68555.0
0.06809787626962142 1115.0 69502.0
0.06821329639889197 1115.0 69510.0
0.06832871652816251 1115.0 69510.0
0.06844413665743306 1115.0 69545.0
0.06890581717451523 1115.0 69578.0
0.06913665743305633 1115.0 69591.0
0.07006001846722068 1123.0 72118.0
0.0719067405355494 1123.0 80700.0
0.07283010156971376 1124.0 86055.0
0.07663896583564174 1115.0 105202.0
0.07675438596491228 1115.0 105290.0
0.07698522622345337 1115.0 105317.0
0.07883194829178208 1124.0 99393.0
0.07894736842105263 1124.0 99393.0
0.08079409048938135 1124.0 99873.0
0.08414127423822715 1124.0 100633.0
0.08437211449676824 1115.0 124267.0
0.08483379501385041 1124.0 102033.0
0.08552631578947369 1124.0 102131.0
0.08564173591874423 1124.0 102144.0
0.08575715604801477 1124.0 102144.0
0.08633425669436749 1118.0 122519.0
0.08644967682363804 1118.0 122523.0
0.0865650969529086 1118.0 122563.0
0.08668051708217914 1121.0 112414.0
0.08679593721144968 1121.0 112453.0
0.08691135734072022 1124.0 102343.0
0.08702677746999077 1118.0 122572.0
0.08714219759926131 1124.0 102344.0
0.08725761772853186 1118.0 122672.0
0.0873730378578024 1118.0 122672.0
0.08748845798707294 1124.0 104486.0
0.08875807940904894 1118.0 123228.0
0.08887349953831948 1116.5 124103.0
0.08898891966759002 1115.0 138499.0
0.08910433979686057 1116.5 130868.0
0.08933518005540166 1124.0 104837.0
0.08956602031394276 1124.0 104849.0
0.0896814404432133 1124.0 104945.0
0.09025854108956602 1124.0 104949.0
0.09325946445060018 1118.0 126144.0
0.09360572483841181 1119.0 128964.0
0.09372114496768236 1119.0 128964.0
0.09383656509695291 1119.0 129013.0
0.09475992613111726 1119.0 129123.0
0.09856879039704525 1124.0 148668.0
0.09868421052631579 1124.0 149294.0
0.09879963065558633 1124.0 149373.0
0.09891505078485688 1124.0 149525.0
0.09903047091412742 1124.0 149525.0
0.09914589104339797 1124.0 149534.0
0.10110803324099724 1124.0 151708.0
0.10122345337026778 1124.0 151708.0
0.10318559556786704 1119.0 138590.0
0.10330101569713758 1119.0 138596.0
0.10341643582640812 1118.5 114029.5
0.10364727608494921 1118.5 115266.0
0.10376269621421975 1119.0 140627.0
0.1038781163434903 1119.0 140627.0
0.10399353647276086 1119.0 141518.0
0.10422437673130194 1119.0 141518.0
0.10457063711911357 1118.0 89959.0
0.10468605724838412 1118.0 90100.0
0.1049168975069252 1118.0 90100.0
0.10503231763619575 1118.0 90237.0
0.10514773776546629 1118.0 90237.0
0.10526315789473684 1118.0 90237.0
0.1053785780240074 1118.0 90262.0
0.10595567867036011 1118.0 94149.0
0.10710987996306556 1119.0 147391.0
0.11034164358264081 1117.0 168245.0
0.11045706371191136 1117.0 168245.0
0.11091874422899353 1117.5 132024.0
0.11103416435826408 1117.0 168252.0
0.11126500461680518 1117.0 168253.0
0.11138042474607572 1118.0 97739.0
0.11299630655586335 1120.0 98478.0
0.11530470914127423 1118.0 128486.0
0.11542012927054478 1118.0 129963.0
0.12003693444136658 1118.0 135644.0
0.12084487534626039 1118.0 136829.0
0.12096029547553093 1118.0 136829.0
0.12119113573407202 1118.0 136830.0
0.1289242843951985 1120.0 122327.0
0.14069713758079408 1119.0 228700.0
0.14081255771006462 1119.0 228700.0
0.14092797783933517 1119.0 228763.0
0.14104339796860574 1119.0 228800.0
0.1415050784856879 1119.0 228852.0
0.14162049861495846 1119.0 230421.0
0.141735918744229 1119.0 230460.0
0.14219759926131118 1119.0 230969.0
0.15454755309325946 1119.0 249350.0
0.15466297322253 1119.0 249350.0
0.15477839335180055 1119.0 250023.0
0.1548938134810711 1119.0 250113.0
0.15500923361034163 1119.0 250144.0
0.15512465373961218 1119.0 250144.0
0.15524007386888272 1119.0 250146.0
0.15535549399815327 1119.0 250147.0
0.15558633425669438 1119.0 255741.0
0.15570175438596492 1119.0 255762.0
0.15581717451523547 1119.0 255956.0
0.15604801477377656 1119.0 255973.0
0.1561634349030471 1119.0 255973.0
0.16078024007386887 1119.0 183646.0
0.16101108033240996 1119.0 183680.0
0.1611265004616805 1119.0 183725.0
0.16124192059095105 1119.0 183725.0
0.16135734072022162 1119.0 183730.0
0.16147276084949216 1119.0 184011.0
0.16193444136657434 1119.0 184032.0
0.16204986149584488 1119.0 184034.0
0.16297322253000923 1119.0 184254.0
0.16308864265927978 1120.0 184853.0
0.16320406278855032 1120.0 184863.0
0.1634349030470914 1119.5 224832.5
0.16355032317636195 1119.0 265595.0
0.16470452446906741 1119.0 266000.0
0.16632040627885503 1120.0 215070.0
0.1665512465373961 1120.0 215395.0
0.16666666666666666 1120.0 215515.0
0.1693213296398892 1119.0 273605.0
0.16955216989843028 1119.0 273629.0
0.16966759002770082 1119.0 273652.0
0.16978301015697136 1119.0 273652.0
0.17070637119113574 1119.0 273864.0
0.17116805170821792 1119.0 275146.0
0.1716297322253001 1119.0 275146.0
0.1762465373961219 1120.0 288688.0
0.17636195752539244 1120.0 288688.0
0.17647737765466298 1120.0 288688.0
0.17659279778393353 1120.0 289136.0
0.17670821791320407 1120.0 289143.0
0.17890120036934443 1120.0 292533.0
0.17924746075715606 1120.0 292558.0
0.1793628808864266 1120.0 292611.0
0.1795937211449677 1120.0 292688.0
0.17970914127423823 1120.0 292701.0
0.18086334256694367 1120.0 246673.0
0.1809787626962142 1120.0 248037.0
0.1812096029547553 1120.0 249372.0
0.18132502308402584 1120.0 249372.0
0.1814404432132964 1120.0 249372.0
0.18178670360110805 1120.0 249372.0
0.1819021237303786 1120.0 249373.0
0.18201754385964913 1120.0 249373.0
0.18213296398891968 1120.0 249871.0
0.18224838411819022 1120.0 249871.0
0.18236380424746076 1120.0 249916.0
0.1827100646352724 1120.0 249927.0
0.18282548476454294 1120.0 249927.0
0.18340258541089566 1120.0 256533.0
0.1835180055401662 1120.0 256533.0
0.18363342566943675 1120.0 256545.0
0.18397968605724838 1120.0 256587.0
0.19286703601108032 1120.0 273607.0
0.19506001846722068 1120.0 274654.0
0.19517543859649122 1120.0 274662.0
0.1954062788550323 1120.0 274673.0
0.2004847645429363 1120.0 277947.0
0.20060018467220683 1120.0 277947.0
0.20071560480147738 1120.0 277947.0
0.20094644506001846 1120.0 277957.0
0.20140812557710064 1120.0 277960.0
0.20175438596491227 1120.0 277960.0
0.20210064635272393 1120.0 278123.0
0.21248845798707294 1126.0 319961.0
0.2126038781163435 1126.0 319961.0
0.21295013850415512 1126.0 319995.0
0.21352723915050784 1126.0 321331.0
0.21375807940904895 1126.0 321341.0
0.21398891966759004 1126.0 321501.0
0.21410433979686058 1126.0 321501.0
0.2157202216066482 1126.0 321684.0
0.21595106186518928 1126.0 321684.0
0.216528162511542 1126.0 321694.0
0.21687442289935366 1126.0 321703.0
0.2169898430286242 1126.0 322024.0
0.2172206832871653 1126.0 322024.0
0.21733610341643583 1126.0 322028.0
0.217797783933518 1126.0 322822.0
0.21791320406278855 1126.0 323163.0
0.2180286241920591 1126.0 323177.0
0.2188365650969529 1126.0 324338.0
0.21895198522622344 1126.0 324338.0
0.219067405355494 1126.0 324338.0
0.21918282548476453 1126.0 324338.0
0.21929824561403508 1126.0 324338.0
0.21964450600184673 1126.0 329356.0
0.21987534626038782 1126.0 329358.0
0.2839335180055402 1122.0 434219.0
0.28439519852262235 1122.0 435608.0
0.28451061865189287 1122.0 435620.0
0.28474145891043395 1122.0 435620.0
0.4868421052631579 1123.0 713743.0
0.48753462603878117 1123.0 713939.0
0.4876500461680517 1123.0 713939.0
0.5021929824561403 1123.0 721174.0
0.5023084025854109 1123.0 721174.0
0.5024238227146814 1123.0 721174.0
0.502539242843952 1123.0 721325.0
0.502770083102493 1123.0 721325.0
0.5028855032317636 1123.0 721326.0
0.5030009233610342 1123.0 721556.0
0.5031163434903048 1123.0 721559.0
0.5032317636195752 1123.0 721564.0
0.5033471837488458 1123.0 721564.0
0.5034626038781164 1123.0 721564.0
0.5035780240073869 1123.0 721564.0
0.5036934441366574 1123.0 721564.0
0.503808864265928 1123.0 721566.0
0.5040397045244691 1123.0 721644.0
0.5060018467220684 1123.0 722278.0
0.5061172668513388 1123.0 722366.0
0.5062326869806094 1123.0 722366.0
0.50634810710988 1123.0 722366.0
0.5064635272391506 1123.0 722367.0
0.506578947368421 1123.0 722369.0
0.5066943674976916 1123.0 722369.0
0.5072714681440443 1123.0 722446.0
0.5151200369344414 1123.0 736862.0
0.515466297322253 1123.0 739760.0
0.5335872576177285 1123.0 763730.0
0.5342797783933518 1123.0 765594.0
0.5380886426592798 1123.0 795226.0
0.5388965835641736 1123.0 862864.0
0.5859879963065558 1124.0 910245.0
0.8058633425669437 1130.0 1239603.0
0.8092105263157895 1130.0 1256272.0
0.8154432132963989 1130.0 1288320.0
0.8644967682363804 1130.0 1327389.0
0.993421052631579 1131.0 1449716.0
0.9943444136657433 1131.0 1451020.0
1.0 1131.0 1455433.0
