742005
0.0001 972 26 0
0.0001 1543 45 0
0.0002 2289 77 0
0.0003 2816 82 0
0.0003 3349 114 0
0.0004 3676 90 0
0.0005 3905 199 0
0.0006 4496 258 0
0.0006 4716 208 0
0.0007 5118 244 0
0.0008 5366 176 0
0.0008 5745 279 0
0.0009 6081 333 0
0.0010 6077 357 0
0.0010 6465 334 0
0.0011 6722 252 0
0.0012 6777 313 0
0.0012 7261 229 0
0.0013 7500 358 0
0.0014 7896 365 0
0.0015 7778 366 0
0.0015 8234 439 0
0.0016 8475 490 0
0.0017 8731 530 0
0.0017 9053 554 0
0.0018 9245 540 0
0.0019 9384 557 0
0.0019 9530 862 0
0.0020 10297 609 0
0.0021 10396 573 0
0.0021 10586 439 0
0.0022 10361 701 0
0.0023 10703 895 0
0.0024 10488 1051 0
0.0024 11156 1074 0
0.0025 10549 700 0
0.0026 12124 1819 0
0.0026 11437 1021 0
0.0027 12366 1287 0
0.0028 11550 513 0
0.0028 11632 266 0
0.0029 12733 244 0
0.0030 11987 1581 0
0.0030 12534 1497 0
0.0031 12535 2288 0
0.0032 12582 520 0
0.0033 12832 1065 0
0.0033 12744 3470 0
0.0034 13235 2525 0
0.0035 15330 2480 0
0.0035 14192 718 0
0.0036 14048 841 0
0.0037 14866 1335 0
0.0037 13798 647 0
0.0038 14957 740 0
0.0039 13737 664 0
0.0039 12758 5122 0
0.0040 13921 1758 0
0.0041 14911 727 0
0.0042 14127 613 0
0.0042 15539 895 0
0.0043 13533 904 0
0.0044 14203 1704 0
0.0044 13319 2333 0
0.0045 14847 1145 0
0.0046 14231 731 0
0.0046 16397 1217 0
0.0047 17714 949 0
0.0048 16027 492 0
0.0048 16576 2082 0
0.0049 16533 1239 0
0.0050 16121 847 0
0.0051 17503 1904 0
0.0051 15571 2382 0
0.0052 17283 1538 0
0.0053 16646 1787 0
0.0053 18592 3410 0
0.0054 16559 1942 0
0.0055 15261 1202 0
0.0055 16419 4431 0
0.0056 15587 1308 0
0.0057 18361 3182 0
0.0057 19227 5044 0
0.0058 20101 1513 0
0.0059 21309 7473 0
0.0060 16752 4305 0
0.0060 17818 1201 0
0.0061 19701 7651 0
0.0062 16022 1081 0
0.0062 17553 4764 0
0.0063 18395 5897 0
0.0064 21465 3621 0
0.0064 33768 1943 0
0.0065 19286 1135 0
0.0066 17903 1733 0
0.0067 16837 14038 0
0.0067 18152 974 0
0.0068 18541 1807 0
0.0069 20760 2975 0
0.0069 18951 2976 0
0.0070 19148 1706 0
0.0071 19667 492 0
0.0071 15243 65 0
0.0072 21120 1081 0
0.0073 19146 1809 0
0.0073 19016 27915 0
0.0074 24165 839 0
0.0075 23208 809 0
0.0076 21032 1665 0
0.0077 19980 865 0
0.0078 27874 23017 0
0.0078 24362 7950 0
0.0079 22910 292 0
0.0080 24103 4640 0
0.0080 36896 9076 0
0.0081 20998 1073 0
0.0082 25073 928 0
0.0082 24263 2160 0
0.0083 19272 901 0
0.0085 26900 2992 0
0.0085 18222 871 0
0.0087 27993 3019 0
0.0088 29283 489 0
0.0089 24149 4201 0
0.0089 27005 1006 0
0.0090 29366 494 0
0.0091 18754 1441 0
0.0091 28590 3021 0
0.0092 20054 2667 0
0.0093 25683 3950 0
0.0094 35614 2270 0
0.0097 29804 497 0
0.0098 24540 1034 0
0.0098 36174 2296 0
0.0099 22333 843 0
0.0100 20348 1475 0
0.0102 22276 6208 0
0.0103 48321 12825 0
0.0104 34641 2109 0
0.0105 23586 3853 0
0.0106 23609 3854 0
0.0107 26731 1719 0
0.0109 24060 6335 0
0.0113 35159 1588 0
0.0114 28717 1398 0
0.0116 27250 1090 0
0.0118 36317 1126 0
0.0119 24271 3298 0
0.0123 29540 1099 0
0.0124 33791 3326 0
0.0126 34664 2376 0
0.0129 29588 2518 0
0.0130 32532 1785 0
0.0131 33044 3333 0
0.0134 34779 1416 0
0.0137 70958 11177 0
0.0144 35643 6238 0
0.0145 46746 7456 0
0.0147 41248 4386 0
0.0150 36566 3642 0
0.0152 33210 2950 0
0.0154 39814 6341 0
0.0155 32261 3454 0
0.0157 55347 3454 0
0.0158 37383 3701 0
0.0161 42331 1394 0
0.0162 34645 1999 0
0.0163 37909 61660 0
0.0167 75708 11395 0
0.0169 38631 2036 0
0.0170 43807 7831 0
0.0172 41939 2918 0
0.0174 50269 7765 0
0.0177 36064 5229 0
0.0179 46612 2728 0
0.0181 48357 2655 0
0.0182 40610 4026 0
0.0184 37563 6347 0
0.0184 43675 1025 0
0.0186 43656 6669 0
0.0188 35683 3155 0
0.0190 45396 8397 0
0.0190 40906 2283 0
0.0193 46620 3994 0
0.0194 51930 8400 0
0.0195 120542 3715 0
0.0197 43557 5255 0
0.0202 45203 1027 0
0.0202 58373 3690 0
0.0203 45013 6745 0
0.0205 44625 3345 0
0.0206 61375 3697 0
0.0209 47875 7663 0
0.0210 48202 3996 0
0.0211 43040 2322 0
0.0215 44964 3021 0
0.0216 79679 11959 0
0.0218 49522 4120 0
0.0221 47779 67011 0
0.0229 51244 6809 0
0.0231 122990 3819 0
0.0232 50389 67068 0
0.0235 84733 12529 0
0.0236 71539 14299 0
0.0240 53251 2994 0
0.0245 49857 3960 0
0.0246 42161 6716 0
0.0251 76642 10811 0
0.0252 51845 4300 0
0.0253 54566 1660 0
0.0254 54466 9272 0
0.0255 54362 4301 0
0.0256 48278 4616 0
0.0259 50625 7252 0
0.0265 61390 9342 0
0.0267 63460 8069 0
0.0268 53209 7816 0
0.0269 64826 4070 0
0.0270 54219 67549 0
0.0272 126632 4110 0
0.0273 80413 14339 0
0.0275 59437 1958 0
0.0276 54540 4520 0
0.0279 129915 4110 0
0.0280 63013 9387 0
0.0281 52579 4061 0
0.0285 57678 5185 0
0.0290 52703 4258 0
0.0292 67278 9400 0
0.0293 73342 9681 0
0.0296 132489 4289 0
0.0297 61242 68150 0
0.0298 77847 11286 0
0.0302 69712 4421 0
0.0305 59360 1765 0
0.0309 56239 8243 0
0.0310 72540 4679 0
0.0314 56312 5845 0
0.0319 55056 7460 0
0.0321 68338 4974 0
0.0323 59428 6868 0
0.0323 62266 2893 0
0.0324 65087 6081 0
0.0326 87051 15129 0
0.0328 139354 4409 0
0.0331 60069 10071 0
0.0332 56182 4478 0
0.0337 65079 4781 0
0.0339 66546 6139 0
0.0343 63128 2161 0
0.0344 70250 6607 0
0.0345 59616 5855 0
0.0346 58582 8406 0
0.0353 70405 68614 0
0.0353 68709 4795 0
0.0362 70340 14481 0
0.0363 62598 10123 0
0.0373 63658 10317 0
0.0375 67776 12160 0
0.0376 60353 20374 0
0.0378 61760 7787 0
0.0379 79471 9245 0
0.0383 68552 7860 0
0.0391 78576 10041 0
0.0393 70972 6500 0
0.0396 82714 9271 0
0.0399 70317 3189 0
0.0401 66222 10328 0
0.0408 82624 13377 0
0.0413 81485 7424 0
0.0416 144976 14451 0
0.0419 84196 8542 0
0.0420 75435 14640 0
0.0420 79714 71137 0
0.0421 108420 19348 0
0.0425 83324 19492 0
0.0428 77182 6357 0
0.0432 99612 11337 0
0.0440 153771 14899 0
0.0441 66941 20772 0
0.0443 75112 6555 0
0.0447 76435 3254 0
0.0451 64830 8582 0
0.0454 83426 29074 0
0.0458 69662 10996 0
0.0466 79810 28392 0
0.0471 87105 7938 0
0.0499 90719 17588 0
0.0500 93454 19093 0
0.1000 146823 16886 0
0.1500 198848 28080 0
0.2000 235451 33436 0
0.2499 296190 53326 0
0.2999 325736 60125 0
0.3500 356907 66805 0
0.4000 380699 75515 0
0.4500 421222 98471 0
0.5000 451234 111212 0
0.5500 475355 149249 0
0.6000 501970 179244 0
0.6500 528160 255021 0
0.7001 550926 261730 0
0.7501 575538 283049 0
0.8001 609737 296712 0
0.8501 630553 312272 0
0.9001 694910 330747 0
0.9501 721558 359241 0
1.0000 742005 375854 0
