15711
0.00011542012927054478 1083.7027931671284 0.0
0.00023084025854108956 1666.8680761099365 0.0
0.00034626038781163435 2328.7394636015324 0.0
0.0004616805170821791 2734.007299270073 0.0
0.0005771006463527239 3237.132196162047 0.0
0.0006925207756232687 3507.7228260869565 0.0
0.0008079409048938135 3890.5198555956677 0.0
0.0009233610341643582 4224.232758620689 0.0
0.001038781163434903 4442.7988826815645 0.0
0.0011542012927054479 4642.22972972973 0.0
0.0012696214219759926 5034.382978723404 0.0
0.0013850415512465374 5062.453846153846 0.0
0.0015004616805170822 5273.401960784314 0.0
0.001615881809787627 5363.842696629214 0.0
0.0017313019390581717 5512.9625 0.0
0.0018467220683287165 5544.329113924051 0.0
0.0019621421975992612 5785.779220779221 0.0
0.002077562326869806 5729.964285714285 0.0
0.0021929824561403508 6025.227272727273 0.0
0.0023084025854108957 6167.779661016949 0.0
0.0024238227146814403 6202.056603773585 0.0
0.0025392428439519853 6369.478260869565 0.0
0.00265466297322253 6418.394736842105 0.0
0.002770083102493075 6475.294117647059 0.0
0.0028855032317636198 6703.266666666666 0.0
0.0030009233610341643 6724.972222222223 0.0
0.0031163434903047093 7060.307692307692 0.0
0.003231763619575254 6993.571428571428 0.0
0.003347183748845799 6873.37037037037 0.0
0.0034626038781163434 6967.24 0.0
0.0035780240073868884 6741.952380952381 0.0
0.003693444136657433 7105.105263157895 0.0
0.003808864265927978 7273.44 0.0
0.0039242843951985225 7214.863636363636 0.0
0.004039704524469067 7286.28 0.0
0.004155124653739612 7476.3 0.0
0.004270544783010157 7481.785714285715 0.0
0.0043859649122807015 7548.55 0.0
0.004501385041551247 7501.8 0.0
0.0046168051708217915 7370.4 0.0
0.004732225300092336 7389.583333333333 0.0
0.004847645429362881 7430.952380952381 0.0
0.004963065558633426 7755.35 0.0
0.0050784856879039705 7567.789473684211 0.0
0.005193905817174515 7786.210526315789 0.0
0.00530932594644506 7838.5 0.0
0.005424746075715605 7969.153846153846 0.0
0.00554016620498615 7673.176470588235 0.0
0.005655586334256694 8132.666666666667 0.0
0.0057710064635272396 8018.454545454545 0.0
0.005886426592797784 8360.263157894737 0.0
0.006001846722068329 8248.214285714286 0.0
0.006117266851338873 8214.727272727272 0.0
0.006232686980609419 8383.333333333334 0.0
0.006348107109879963 8447.583333333334 0.0
0.006463527239150508 8119.2307692307695 0.0
0.006578947368421052 7929.933333333333 0.0
0.006694367497691598 8262.09090909091 0.0
0.006809787626962142 8276.2 0.0
0.006925207756232687 8434.222222222223 0.0
0.007040627885503232 8210.833333333334 0.0
0.007156048014773777 8714.25 0.0
0.007271468144044321 8708.7 0.0
0.007386888273314866 9063.42857142857 0.0
0.007502308402585411 8710.076923076924 0.0
0.007617728531855956 8694.8 0.0
0.0077331486611265 8670.4 0.0
0.007848568790397045 8485.9 0.0
0.00796398891966759 9059.714285714286 0.0
0.008079409048938134 8578.4 0.0
0.00819482917820868 8917.25 0.0
0.008310249307479225 9007.625 0.0
0.008425669436749769 8698.0 0.0
0.008541089566020314 8872.272727272728 0.0
0.00865650969529086 8742.57142857143 0.0
0.008771929824561403 8932.666666666666 0.0
0.008887349953831948 8679.111111111111 0.0
0.009002770083102494 8894.8 0.0
0.009118190212373038 8990.555555555555 0.0
0.009233610341643583 8933.75 0.0
0.009349030470914127 9193.333333333334 0.0
0.009464450600184672 9082.444444444445 0.0
0.009579870729455217 9137.833333333334 0.0
0.009695290858725761 9295.2 0.0
0.009810710987996307 9174.6 0.0
0.009926131117266852 9030.0 0.0
0.010041551246537396 9287.5 0.0
0.010156971375807941 8960.0 0.0
0.010272391505078486 9040.5 0.0
0.01038781163434903 9075.5 0.0
0.010503231763619576 9622.333333333334 0.0
0.01061865189289012 9553.25 0.0
0.010734072022160665 9362.8 0.0
0.01084949215143121 9431.75 0.0
0.010964912280701754 9323.444444444445 0.0
0.0110803324099723 9337.0 0.0
0.011195752539242845 9494.6 0.0
0.011311172668513388 8935.75 0.0
0.011426592797783934 9540.5 0.0
0.011542012927054479 9351.75 0.0
0.011657433056325023 9196.9 0.0
0.011772853185595568 9219.09090909091 0.0
0.011888273314866112 9498.57142857143 0.0
0.012003693444136657 9590.5 0.0
0.012119113573407203 9392.857142857143 0.0
0.012234533702677746 9629.4 0.0
0.012349953831948292 9560.8 0.0
0.012465373961218837 9333.0 0.0
0.012580794090489381 9661.25 0.0
0.012696214219759926 9908.25 0.0
0.012811634349030472 9358.75 0.0
0.012927054478301015 9442.0 0.0
0.01304247460757156 9488.5 0.0
0.013157894736842105 9471.0 0.0
0.01327331486611265 9708.25 0.0
0.013388734995383195 9437.25 0.0
0.013504155124653739 9786.166666666666 0.0
0.013619575253924284 9574.833333333334 0.0
0.01373499538319483 9768.0 0.0
0.013850415512465374 9454.714285714286 0.0
0.013965835641735919 9668.285714285714 0.0
0.014081255771006464 9498.444444444445 0.0
0.014196675900277008 9571.25 0.0
0.014312096029547553 9518.875 0.0
0.014427516158818097 9614.833333333334 0.0
0.014542936288088643 9493.666666666666 0.0
0.014658356417359188 9396.25 0.0
0.014773776546629732 9613.25 0.0
0.014889196675900277 9590.0 0.0
0.015004616805170823 9673.666666666666 0.0
0.015120036934441366 9767.666666666666 0.0
0.015235457063711912 9264.5 0.0
0.015350877192982455 9513.666666666666 0.0
0.015466297322253 9758.666666666666 0.0
0.015581717451523546 9548.5 0.0
0.015812557710064637 10170.0 0.0
0.01592797783933518 9751.0 0.0
0.016158818097876268 9855.0 0.0
0.01638965835641736 9594.5 0.0
0.016505078485687903 10165.0 0.0
0.01662049861495845 9976.5 0.0
0.016851338873499537 10238.666666666666 0.0
0.016966759002770084 10244.333333333334 0.0
0.017082179132040628 10253.0 0.0
0.01719759926131117 10119.5 0.0
0.01731301939058172 10144.8 0.0
0.017428439519852262 9793.333333333334 0.0
0.017543859649122806 10270.333333333334 0.0
0.017659279778393353 9679.666666666666 0.0
0.017774699907663897 9520.0 0.0
0.01789012003693444 9668.75 0.0
0.018005540166204988 9753.75 0.0
0.01812096029547553 9662.25 0.0
0.018236380424746075 9702.0 0.0
0.018351800554016622 9823.6 0.0
0.018467220683287166 10352.666666666666 0.0
0.01858264081255771 9540.0 0.0
0.018698060941828253 9874.4 0.0
0.0188134810710988 9733.0 0.0
0.018928901200369344 9888.333333333334 0.0
0.019044321329639888 10585.0 0.0
0.019159741458910435 9892.5 0.0
0.01927516158818098 9927.0 0.0
0.019390581717451522 9644.0 0.0
0.01950600184672207 9882.0 0.0
0.019621421975992613 9954.0 0.0
0.019736842105263157 10098.0 0.0
0.019852262234533704 10324.0 0.0
0.02008310249307479 10814.0 0.0
0.02019852262234534 10301.333333333334 0.0
0.020313942751615882 10043.0 0.0
0.020429362880886426 9867.0 0.0
0.020544783010156973 10339.0 0.0
0.02077562326869806 10003.0 0.0
0.02100646352723915 9606.0 0.0
0.021121883656509695 10003.0 0.0
0.02123730378578024 10003.0 0.0
0.021352723915050786 10145.0 0.0
0.02146814404432133 10051.0 0.0
0.021583564173591873 10403.5 0.0
0.02169898430286242 10501.0 0.0
0.021814404432132964 10006.0 0.0
0.021929824561403508 10008.0 0.0
0.0221606648199446 10165.0 0.0
0.022276084949215142 10042.0 0.0
0.02239150507848569 10378.0 0.0
0.022506925207756233 10048.0 0.0
0.022622345337026777 10274.666666666666 0.0
0.022737765466297324 10275.0 0.0
0.022853185595567867 10715.0 0.0
0.02296860572483841 10821.0 0.0
0.023084025854108958 10715.0 0.0
0.023199445983379502 10819.0 0.0
0.023776546629732224 10215.0 0.0
0.02389196675900277 10223.0 0.0
0.024007386888273315 10225.0 0.0
0.02412280701754386 9694.0 0.0
0.024238227146814405 9709.0 0.0
0.02435364727608495 10328.5 0.0
0.024469067405355493 10328.5 0.0
0.02458448753462604 10963.0 0.0
0.024699907663896584 10895.0 0.0
0.024815327793167127 10897.5 0.0
0.024930747922437674 10830.0 0.0
0.025046168051708218 10966.0 0.0
0.025161588180978762 10029.5 0.0
0.02527700831024931 10049.0 0.0
0.02585410895660203 10950.0 0.0
0.025969529085872575 10220.0 0.0
0.02608494921514312 10950.0 0.0
0.026200369344413665 9858.0 0.0
0.02631578947368421 10955.0 0.0
0.02677746999076639 10332.0 0.0
0.027008310249307478 10668.333333333334 0.0
0.027123730378578025 10576.0 0.0
0.02723915050784857 10839.5 0.0
0.027354570637119113 10827.0 0.0
0.02746999076638966 10228.0 0.0
0.027700831024930747 10339.0 0.0
0.027816251154201294 10339.0 0.0
0.027931671283471838 10234.0 0.0
0.02804709141274238 10359.0 0.0
0.02816251154201293 10466.5 0.0
0.028277931671283472 10240.0 0.0
0.028393351800554016 10592.0 0.0
0.02850877192982456 10623.0 0.0
0.028624192059095107 10595.0 0.0
0.02873961218836565 11033.0 0.0
0.028855032317636194 10338.5 0.0
0.02897045244690674 10344.0 0.0
0.029085872576177285 10290.0 0.0
0.02920129270544783 10139.5 0.0
0.029316712834718376 10366.666666666666 0.0
0.02943213296398892 10273.0 0.0
0.02966297322253001 10610.0 0.0
0.029778393351800554 10504.5 0.0
0.029893813481071098 10533.5 0.0
0.03012465373961219 10638.666666666666 0.0
0.030240073868882732 10433.0 0.0
0.03035549399815328 10324.5 0.0
0.030470914127423823 10877.5 0.0
0.030586334256694367 10528.0 0.0
0.03070175438596491 10628.5 0.0
0.030817174515235458 10482.5 0.0
0.031048014773776545 10895.0 0.0
0.031163434903047092 10656.0 0.0
0.031278855032317636 10668.25 0.0
0.03139427516158818 10706.666666666666 0.0
0.03150969529085872 10703.0 0.0
0.031625115420129274 10532.0 0.0
0.03174053554939982 10212.0 0.0
0.03185595567867036 10212.0 0.0
0.032317636195752536 10268.0 0.0
0.03243305632502309 10442.5 0.0
0.03254847645429363 10641.0 0.0
0.032663896583564174 10712.0 0.0
0.03277931671283472 10455.0 0.0
0.03289473684210526 10495.25 0.0
0.033010156971375805 10462.0 0.0
0.033125577100646356 10339.0 0.0
0.0332409972299169 10364.0 0.0
0.03335641735918744 10606.0 0.0
0.03347183748845799 10316.0 0.0
0.03358725761772853 10612.0 0.0
0.033702677746999074 10877.5 0.0
0.033818097876269625 10878.5 0.0
0.03393351800554017 10224.0 0.0
0.03404893813481071 10585.5 0.0
0.034164358264081256 10735.333333333334 0.0
0.0342797783933518 11041.0 0.0
0.03439519852262234 10740.666666666666 0.0
0.03451061865189289 10882.666666666666 0.0
0.03462603878116344 10687.0 0.0
0.03474145891043398 10642.25 0.0
0.034856879039704525 10644.25 0.0
0.03497229916897507 10510.0 0.0
0.03508771929824561 10618.5 0.0
0.035203139427516156 10795.333333333334 0.0
0.035318559556786706 10931.0 0.0
0.03543397968605725 11151.0 0.0
0.035549399815327794 11025.0 0.0
0.03566481994459834 10533.0 0.0
0.03578024007386888 11284.5 0.0
0.035895660203139425 11392.0 0.0
0.036011080332409975 11393.0 0.0
0.03612650046168052 11399.0 0.0
0.03624192059095106 10968.0 0.0
0.036357340720221606 11064.0 0.0
0.036588180978762694 11064.5 0.0
0.036703601108033244 10645.0 0.0
0.03681902123730379 11261.5 0.0
0.03693444136657433 11262.0 0.0
0.037049861495844875 10812.0 0.0
0.03716528162511542 10812.0 0.0
0.03728070175438596 10485.0 0.0
0.037396121883656507 10420.0 0.0
0.03751154201292706 10356.0 0.0
0.0376269621421976 10356.0 0.0
0.037742382271468145 10955.5 0.0
0.03785780240073869 10427.5 0.0
0.03797322253000923 11414.0 0.0
0.038088642659279776 10454.0 0.0
0.038204062788550326 10455.5 0.0
0.03831948291782087 10503.0 0.0
0.038434903047091414 10503.0 0.0
0.0386657433056325 10504.0 0.0
0.038781163434903045 10461.0 0.0
0.038896583564173595 10422.0 0.0
0.03901200369344414 10422.0 0.0
0.03912742382271468 10695.666666666666 0.0
0.039242843951985226 10506.0 0.0
0.03935826408125577 10790.5 0.0
0.039473684210526314 11160.0 0.0
0.03958910433979686 10796.5 0.0
0.03970452446906741 10797.5 0.0
0.04005078485687904 11181.0 0.0
0.04039704524469068 10440.0 0.0
0.04074330563250231 10450.0 0.0
0.04085872576177285 10450.0 0.0
0.0420129270544783 10455.0 0.0
0.04224376731301939 10823.0 0.0
0.04235918744228993 10898.333333333334 0.0
0.04247460757156048 10898.333333333334 0.0
0.04259002770083103 10922.0 0.0
0.04270544783010157 10923.5 0.0
0.043513388734995384 10679.0 0.0
0.04362880886426593 10679.0 0.0
0.04374422899353647 10679.0 0.0
0.043859649122807015 10679.0 0.0
0.0443213296398892 10681.0 0.0
0.044552169898430284 10834.0 0.0
0.04466759002770083 11042.0 0.0
0.04489843028624192 10835.0 0.0
0.045013850415512466 11251.0 0.0
0.04512927054478301 11252.0 0.0
0.04524469067405355 11252.0 0.0
0.046398891966759004 11701.0 0.0
0.04651431209602955 11701.0 0.0
0.04662973222530009 11708.0 0.0
0.04697599261311173 11710.0 0.0
0.04720683287165282 11127.0 0.0
0.04732225300092336 11127.0 0.0
0.047437673130193904 11422.0 0.0
0.04755309325946445 11211.0 0.0
0.047899353647276086 11425.5 0.0
0.04801477377654663 11132.0 0.0
0.0487072945521699 10605.0 0.0
0.04882271468144044 10605.0 0.0
0.048938134810710986 10605.0 0.0
0.04905355493998153 10612.0 0.0
0.04916897506925208 10612.0 0.0
0.049284395198522624 11723.0 0.0
0.049630655586334255 11724.0 0.0
0.0497460757156048 11725.0 0.0
0.04986149584487535 10611.0 0.0
0.04997691597414589 11729.0 0.0
0.05020775623268698 10637.0 0.0
0.050323176361957524 11729.0 0.0
0.05043859649122807 11440.5 0.0
0.05101569713758079 11160.0 0.0
0.051131117266851336 10916.5 0.0
0.05124653739612189 10917.5 0.0
0.051477377654662974 11257.5 0.0
0.05159279778393352 11351.0 0.0
0.05193905817174515 11351.0 0.0
0.0520544783010157 11351.0 0.0
0.05216989843028624 11352.0 0.0
0.053208679593721143 11417.0 0.0
0.05332409972299169 11431.0 0.0
0.05343951985226224 11432.0 0.0
0.05355493998153278 11432.0 0.0
0.05505540166204986 11240.0 0.0
0.05517082179132041 11241.0 0.0
0.055401662049861494 11339.0 0.0
0.05551708217913204 11242.0 0.0
0.05563250230840259 11339.0 0.0
0.05574792243767313 11436.0 0.0
0.055863342566943676 11436.0 0.0
0.05620960295475531 11857.0 0.0
0.05632502308402586 11857.0 0.0
0.0564404432132964 11882.0 0.0
0.056555863342566945 11882.0 0.0
0.05667128347183749 11883.0 0.0
0.05678670360110803 11883.0 0.0
0.056902123730378576 11883.0 0.0
0.05701754385964912 11563.0 0.0
0.05713296398891967 11349.5 0.0
0.057248384118190214 11244.0 0.0
0.05736380424746076 11552.5 0.0
0.0574792243767313 11246.0 0.0
0.057594644506001845 11246.0 0.0
0.05771006463527239 11772.5 0.0
0.05782548476454294 11472.0 0.0
0.05794090489381348 11553.0 0.0
0.05805632502308403 11246.0 0.0
0.058287165281625114 11246.0 0.0
0.05840258541089566 11246.0 0.0
0.05851800554016621 11527.333333333334 0.0
0.05863342566943675 11246.0 0.0
0.058748845798707296 11458.0 0.0
0.05909510618651893 11696.0 0.0
0.05921052631578947 11696.0 0.0
0.05967220683287165 11863.0 0.0
0.059787626962142196 11654.5 0.0
0.05990304709141274 11448.0 0.0
0.06001846722068329 11677.0 0.0
0.060133887349953834 11899.0 0.0
0.06024930747922438 11737.333333333334 0.0
0.06036472760849492 11781.0 0.0
0.060480147737765465 11573.0 0.0
0.06059556786703601 11782.0 0.0
0.06071098799630656 11573.5 0.0
0.060941828254847646 11485.0 0.0
0.06105724838411819 11485.0 0.0
0.061172668513388734 11699.0 0.0
0.06140350877192982 11701.0 0.0
0.06151892890120037 11602.5 0.0
0.061634349030470915 11056.0 0.0
0.06174976915974146 11449.0 0.0
0.061865189289012 11677.0 0.0
0.061980609418282546 11543.666666666666 0.0
0.062326869806094184 11274.0 0.0
0.06244228993536473 11454.0 0.0
0.06255771006463527 11709.0 0.0
0.06313481071098799 11681.0 0.0
0.06325023084025855 11469.0 0.0
0.06359649122807018 11027.0 0.0
0.06371191135734072 11912.0 0.0
0.06382733148661127 11912.0 0.0
0.0641735918744229 11911.0 0.0
0.06428901200369344 11911.0 0.0
0.06463527239150507 11121.0 0.0
0.06475069252077563 10936.0 0.0
0.06486611265004617 11244.5 0.0
0.0652123730378578 10936.0 0.0
0.06532779316712835 11588.333333333334 0.0
0.06544321329639889 11516.0 0.0
0.06555863342566944 11121.0 0.0
0.06567405355493998 11323.333333333334 0.0
0.06578947368421052 11516.0 0.0
0.06590489381348107 11516.0 0.0
0.06602031394275161 11516.0 0.0
0.06625115420129271 11399.0 0.0
0.06636657433056325 11121.0 0.0
0.06659741458910434 11408.0 0.0
0.06671283471837489 11486.0 0.0
0.06682825484764543 11408.0 0.0
0.06694367497691597 11408.0 0.0
0.06705909510618652 11564.0 0.0
0.06717451523545706 11564.0 0.0
0.0672899353647276 11304.0 0.0
0.06740535549399815 11603.666666666666 0.0
0.06752077562326869 11756.5 0.0
0.06763619575253925 11605.666666666666 0.0
0.06775161588180979 11304.0 0.0
0.06798245614035088 11693.0 0.0
0.06809787626962142 11693.5 0.0
0.06821329639889197 11695.5 0.0
0.06832871652816251 11458.5 0.0
0.0685595567867036 10964.0 0.0
0.06867497691597414 11590.0 0.0
0.06902123730378577 10966.0 0.0
0.06913665743305633 10966.0 0.0
0.06925207756232687 10966.0 0.0
0.0695983379501385 10968.0 0.0
0.06971375807940905 10968.0 0.0
0.06994459833795014 10968.0 0.0
0.07006001846722068 10968.0 0.0
0.07029085872576177 10968.0 0.0
0.07040627885503231 10968.0 0.0
0.07283010156971376 10971.0 0.0
0.07329178208679593 10978.0 0.0
0.07409972299168975 10981.0 0.0
0.08518005540166206 11082.0 0.0
0.09879963065558633 11341.0 0.0
0.09937673130193905 11343.0 0.0
0.10780240073868882 11305.0 0.0
0.10803324099722991 11332.0 0.0
0.108264081255771 12243.0 0.0
0.10861034164358264 12245.0 0.0
0.10872576177285319 12245.0 0.0
0.10895660203139428 12245.0 0.0
0.10907202216066482 12246.0 0.0
0.11114958448753462 11994.0 0.0
0.11126500461680518 11994.0 0.0
0.11138042474607572 11994.0 0.0
0.1118421052631579 11994.0 0.0
0.11195752539242844 11994.0 0.0
0.11276546629732226 11691.5 0.0
0.1128808864265928 11994.0 0.0
0.11299630655586335 11994.0 0.0
0.11334256694367498 11994.0 0.0
0.11345798707294552 11994.0 0.0
0.11357340720221606 11994.0 0.0
0.11438134810710988 11995.0 0.0
0.11461218836565097 11995.0 0.0
0.11565096952908588 12003.0 0.0
0.11576638965835642 12003.0 0.0
0.11611265004616805 12003.0 0.0
0.1162280701754386 12003.0 0.0
0.11634349030470914 12005.0 0.0
0.11645891043397968 12005.0 0.0
0.11738227146814405 12007.0 0.0
0.11749769159741459 12007.0 0.0
0.11761311172668514 12007.0 0.0
0.12927054478301014 12434.0 0.0
0.1402354570637119 13367.0 0.0
0.15662511542012927 13406.0 0.0
0.1657433056325023 11946.0 0.0
0.16608956602031394 11946.0 0.0
0.16689750692520774 11994.0 0.0
0.1670129270544783 11994.0 0.0
0.16782086795937212 11994.0 0.0
0.16793628808864267 11994.0 0.0
0.1705909510618652 12978.0 0.0
0.17082179132040629 12978.0 0.0
0.17093721144967683 12978.0 0.0
0.17105263157894737 12978.0 0.0
0.17278393351800553 12979.0 0.0
0.1731301939058172 12979.0 0.0
0.1747460757156048 12985.0 0.0
0.1760156971375808 13006.0 0.0
0.17647737765466298 13006.0 0.0
0.17659279778393353 13006.0 0.0
0.17670821791320407 13006.0 0.0
0.1768236380424746 13006.0 0.0
0.17693905817174516 13006.0 0.0
0.1770544783010157 13006.0 0.0
0.17716989843028624 13006.0 0.0
0.1772853185595568 13007.0 0.0
0.17740073868882733 13007.0 0.0
0.17751615881809787 13007.0 0.0
0.18109418282548476 12489.0 0.0
0.1819021237303786 13018.0 0.0
0.18201754385964913 13018.0 0.0
0.18224838411819022 13018.0 0.0
0.18328716528162511 13018.0 0.0
0.1845567867036011 13020.0 0.0
0.18467220683287167 13020.0 0.0
0.18490304709141275 13020.0 0.0
0.1850184672206833 13020.0 0.0
0.18536472760849493 12485.0 0.0
0.18571098799630656 12485.0 0.0
0.1858264081255771 12485.0 0.0
0.18594182825484765 12485.0 0.0
0.19090489381348108 13021.0 0.0
0.19102031394275162 13021.0 0.0
0.19194367497691597 13021.0 0.0
0.1922899353647276 13022.0 0.0
0.1940212373037858 13025.0 0.0
0.19506001846722068 12563.0 0.0
0.19517543859649122 13085.0 0.0
0.19748384118190213 12574.0 0.0
0.1977146814404432 12574.0 0.0
0.19783010156971376 12574.0 0.0
0.1981763619575254 12574.0 0.0
0.1987534626038781 12579.0 0.0
0.21168051708217914 12596.0 0.0
0.2420360110803324 12465.0 0.0
0.4231301939058172 13466.0 0.0
0.43548014773776544 13557.0 0.0
0.43651892890120036 13561.0 0.0
0.6481994459833795 14136.0 0.0
0.8433748845798708 14865.0 0.0
1.0 15711.0 0.0
