5141
0.00011542012927054478 958.1550092336104 183.908702677747
0.00023084025854108956 1475.7993393889349 344.56317093311316
0.00034626038781163435 1968.6749285033366 524.2592945662536
0.0004616805170821791 2290.836283185841 690.1091445427728
0.0005771006463527239 2521.3839479392623 681.8763557483732
0.0006925207756232687 2774.8635014836796 799.7151335311572
0.0008079409048938135 2920.5189393939395 961.2272727272727
0.0009233610341643582 3176.497737556561 1332.0678733031675
0.001038781163434903 3265.684210526316 1599.6491228070176
0.0011542012927054479 3336.66 1980.1133333333332
0.0012696214219759926 3457.0974025974024 1896.1298701298701
0.0013850415512465374 3574.223140495868 2837.0578512396696
0.0015004616805170822 3680.0258620689656 2261.655172413793
0.001615881809787627 3768.8924731182797 2350.7741935483873
0.0017313019390581717 3798.425 2590.1625
0.0018467220683287165 3888.75 2734.7631578947367
0.0019621421975992612 3944.8552631578946 2947.2368421052633
0.002077562326869806 4044.5087719298244 3148.754385964912
0.0021929824561403508 4002.811320754717 3287.396226415094
0.0023084025854108957 4131.383333333333 3360.7833333333333
0.0024238227146814403 4180.170212765957 3330.744680851064
0.0025392428439519853 4174.772727272727 3416.9772727272725
0.00265466297322253 4187.4390243902435 3830.609756097561
0.002770083102493075 4267.0 4012.268292682927
0.0028855032317636198 4227.72972972973 3998.6216216216217
0.0030009233610341643 4288.72972972973 4276.189189189189
0.0031163434903047093 4230.8 3496.4333333333334
0.003231763619575254 4252.205882352941 3628.6176470588234
0.003347183748845799 4289.777777777777 4562.814814814815
0.0034626038781163434 4415.384615384615 6542.7692307692305
0.0035780240073868884 4321.814814814815 5083.111111111111
0.003693444136657433 4378.038461538462 5692.2307692307695
0.003808864265927978 4351.1578947368425 6080.421052631579
0.0039242843951985225 4369.235294117647 4638.470588235294
0.004039704524469067 4387.25 3547.25
0.004155124653739612 4511.631578947368 8398.368421052632
0.004270544783010157 4455.047619047619 6474.285714285715
0.0043859649122807015 4433.590909090909 5011.909090909091
0.004501385041551247 4419.6 4730.4
0.0046168051708217915 4543.882352941177 6104.529411764706
0.004732225300092336 4571.3 6427.5
0.004847645429362881 4530.105263157895 5977.368421052632
0.004963065558633426 4537.933333333333 5839.6
0.0050784856879039705 4591.571428571428 6091.285714285715
0.005193905817174515 4456.7692307692305 4974.538461538462
0.00530932594644506 4509.5 7277.055555555556
0.005424746075715605 4535.166666666667 6460.555555555556
0.00554016620498615 4602.0 8885.454545454546
0.005655586334256694 4627.736842105263 8837.315789473685
0.0057710064635272396 4641.9 7476.2
0.005886426592797784 4611.0 7763.166666666667
0.006001846722068329 4664.125 8205.8125
0.006117266851338873 4722.076923076923 10394.307692307691
0.006232686980609419 4736.1 10348.5
0.006348107109879963 4685.0 7660.857142857143
0.006463527239150508 4706.888888888889 10420.777777777777
0.006578947368421052 4667.777777777777 7783.444444444444
0.006694367497691598 4800.375 13196.5
0.006809787626962142 4674.8 7745.1
0.006925207756232687 4679.428571428572 6661.142857142857
0.007040627885503232 4707.25 9427.75
0.007156048014773777 4789.166666666667 15220.833333333334
0.007271468144044321 4683.142857142857 5660.0
0.007386888273314866 4677.0 6785.666666666667
0.007502308402585411 4772.714285714285 12344.57142857143
0.007617728531855956 4777.333333333333 9278.666666666666
0.0077331486611265 4727.222222222223 14570.888888888889
0.007848568790397045 4803.7 14288.0
0.00796398891966759 4713.571428571428 14402.42857142857
0.008079409048938134 4764.625 11442.875
0.00819482917820868 4664.5 9104.0
0.008310249307479225 4785.666666666667 10494.5
0.008425669436749769 4838.0 10509.0
0.008541089566020314 4812.666666666667 14030.833333333334
0.00865650969529086 4765.333333333333 15605.555555555555
0.008771929824561403 4772.25 13250.0
0.008887349953831948 4775.125 15276.0
0.009002770083102494 4787.5 10548.5
0.009118190212373038 4738.111111111111 12811.111111111111
0.009233610341643583 4729.888888888889 14225.777777777777
0.009349030470914127 4740.5 11765.1
0.009464450600184672 4780.363636363636 15391.90909090909
0.009579870729455217 4768.857142857143 13873.285714285714
0.009695290858725761 4727.571428571428 15558.285714285714
0.009810710987996307 4757.5 17775.25
0.009926131117266852 4742.2 13541.2
0.010041551246537396 4748.5 12393.75
0.010156971375807941 4794.333333333333 12975.333333333334
0.010272391505078486 4764.7 11846.0
0.01038781163434903 4738.666666666667 9483.777777777777
0.010503231763619576 4784.8 12988.0
0.01061865189289012 4820.0 12780.0
0.010734072022160665 4820.166666666667 14570.0
0.01084949215143121 4739.4 10714.6
0.010964912280701754 4771.4 11120.6
0.0110803324099723 4777.0 11150.2
0.011195752539242845 4668.333333333333 7765.0
0.011311172668513388 4837.25 16019.25
0.011426592797783934 4757.25 10201.75
0.011542012927054479 4818.5 15039.0
0.011657433056325023 4847.25 24618.0
0.011772853185595568 4845.166666666667 20141.166666666668
0.011888273314866112 4812.0 13810.5
0.012003693444136657 4803.6 18356.6
0.012119113573407203 4790.8 11389.4
0.012234533702677746 4860.0 25008.333333333332
0.012349953831948292 4855.2 15420.6
0.012465373961218837 4857.6 16930.8
0.012580794090489381 4912.333333333333 31449.0
0.012696214219759926 4831.0 33035.5
0.012811634349030472 4824.5 23932.0
0.012927054478301015 4831.75 14737.5
0.01304247460757156 4887.5 34114.5
0.013157894736842105 4865.25 21336.75
0.01327331486611265 4880.0 17633.0
0.013388734995383195 4852.4 20080.8
0.013504155124653739 4872.571428571428 21586.285714285714
0.013619575253924284 4887.8 25255.2
0.01373499538319483 4898.5 28773.75
0.013850415512465374 4893.333333333333 24580.666666666668
0.013965835641735919 4883.375 23285.375
0.014081255771006464 4812.0 10680.666666666666
0.014196675900277008 4880.571428571428 17819.714285714286
0.014312096029547553 4871.2 14941.0
0.014427516158818097 4900.0 20389.25
0.014542936288088643 4890.666666666667 19481.0
0.014658356417359188 4911.0 38926.5
0.014773776546629732 4902.333333333333 19888.333333333332
0.014889196675900277 4953.0 61085.0
0.015004616805170823 4899.0 19661.333333333332
0.015120036934441366 4917.5 40450.5
0.015235457063711912 4900.5 30810.5
0.015350877192982455 4927.333333333333 34253.0
0.015466297322253 4910.2 28893.8
0.015581717451523546 4877.666666666667 16738.333333333332
0.01569713758079409 4897.25 18667.0
0.015812557710064637 4914.5 21254.0
0.01592797783933518 4883.0 20210.0
0.016043397968605724 4905.5 20615.0
0.016158818097876268 4918.666666666667 19678.333333333332
0.016274238227146815 4917.25 19940.0
0.01638965835641736 4930.5 21500.0
0.016505078485687903 4951.0 22389.0
0.01662049861495845 4935.0 26762.5
0.016735918744228993 4855.5 14838.5
0.016851338873499537 4892.333333333333 21972.0
0.016966759002770084 4915.666666666667 23522.0
0.017082179132040628 4923.666666666667 21252.0
0.01719759926131117 4893.666666666667 21988.666666666668
0.01731301939058172 4954.5 30211.0
0.017428439519852262 4912.0 20248.0
0.017659279778393353 4915.0 25137.5
0.017774699907663897 4875.0 16057.0
0.01789012003693444 4914.0 20918.0
0.018005540166204988 4936.5 26226.0
0.01812096029547553 4949.5 29334.0
0.018236380424746075 4926.0 24455.333333333332
0.018351800554016622 4907.0 18286.0
0.018467220683287166 4920.0 20661.0
0.01858264081255771 4873.0 14562.0
0.018698060941828253 4914.5 20163.0
0.0188134810710988 4917.333333333333 19025.333333333332
0.018928901200369344 4932.25 21309.5
0.019044321329639888 4928.0 23753.5
0.019159741458910435 4948.333333333333 38336.666666666664
0.01927516158818098 4947.0 34708.5
0.019390581717451522 4937.5 19516.5
0.01950600184672207 4898.5 16157.0
0.019621421975992613 4932.25 23909.75
0.019736842105263157 4904.0 13878.5
0.019852262234533704 4927.666666666667 19961.333333333332
0.019967682363804248 4910.666666666667 31118.666666666668
0.02008310249307479 4937.666666666667 20476.0
0.02019852262234534 4941.333333333333 22474.666666666668
0.020313942751615882 4953.0 22053.5
0.020429362880886426 4952.0 24142.0
0.020544783010156973 4952.0 24144.0
0.020660203139427517 4958.0 29049.0
0.02077562326869806 4950.0 26735.0
0.020891043397968604 4976.0 34342.0
0.02100646352723915 4957.0 24181.0
0.021121883656509695 4979.0 34549.0
0.02123730378578024 4990.0 37144.0
0.021352723915050786 4957.0 24214.0
0.02146814404432133 4995.0 44612.0
0.021583564173591873 4965.5 36446.0
0.02169898430286242 4985.333333333333 37998.666666666664
0.021814404432132964 4996.5 44929.5
0.021929824561403508 4965.0 24195.0
0.022045244690674055 4965.0 24198.0
0.0221606648199446 4982.0 35087.0
0.022276084949215142 4962.0 24709.5
0.02239150507848569 4999.0 45979.0
0.022506925207756233 4966.0 24198.0
0.022622345337026777 4949.0 24466.0
0.022737765466297324 4972.0 31658.333333333332
0.023199445983379502 4984.0 35645.0
0.023314866112650046 4978.0 31320.75
0.02343028624192059 4972.5 27049.5
0.023545706371191136 4971.0 26362.0
0.02366112650046168 4951.5 32493.0
0.024007386888273315 5001.0 46660.0
0.02412280701754386 4908.0 18203.0
0.024238227146814405 4906.0 18374.0
0.02435364727608495 4952.5 32666.0
0.024469067405355493 4904.0 18567.0
0.024699907663896584 4907.0 19203.5
0.024815327793167127 4957.0 29201.0
0.024930747922437674 4910.0 19223.0
0.025046168051708218 4962.25 29434.25
0.025161588180978762 4953.571428571428 29550.85714285714
0.02527700831024931 4943.6 24602.4
0.025392428439519853 4968.0 25705.0
0.025507848568790396 4915.0 21817.0
0.025623268698060944 4970.0 29411.0
0.02585410895660203 4931.666666666667 23595.0
0.025969529085872575 4947.0 25907.5
0.02608494921514312 4941.0 20933.0
0.026200369344413665 4944.5 28240.5
0.02631578947368421 4989.0 27833.0
0.0265466297322253 4989.0 27858.0
0.026662049861495844 4981.0 31168.5
0.02677746999076639 4989.0 27916.0
0.026892890120036934 4973.0 34687.0
0.027123730378578025 4978.0 29527.5
0.02723915050784857 5002.0 47654.0
0.027354570637119113 4961.0 35108.5
0.02746999076638966 4970.0 33267.0
0.027585410895660203 4986.0 40487.5
0.027700831024930747 4986.0 40515.0
0.027931671283471838 4995.5 37929.0
0.02804709141274238 4973.0 29291.5
0.02816251154201293 4979.5 31189.5
0.028277931671283472 4970.0 34269.0
0.028393351800554016 4963.0 28532.0
0.02873961218836565 4970.0 34322.0
0.02897045244690674 4978.0 37528.0
0.029085872576177285 4928.0 22839.0
0.02920129270544783 4948.5 27912.0
0.029316712834718376 4950.0 29112.0
0.02943213296398892 4950.0 29127.0
0.029547553093259463 4950.0 29132.0
0.029778393351800554 4955.0 29978.0
0.029893813481071098 4932.0 22849.0
0.030009233610341645 4943.5 26416.0
0.03012465373961219 4932.0 23308.0
0.030240073868882732 4995.0 29257.0
0.03035549399815328 4996.0 29312.0
0.030470914127423823 4978.5 40039.5
0.030586334256694367 4976.5 29716.5
0.030817174515235458 4983.0 27508.0
0.030932594644506 4999.5 39735.5
0.031048014773776545 4975.0 40055.333333333336
0.031163434903047092 4992.0 46533.0
0.031278855032317636 4983.0 44721.0
0.03139427516158818 4992.0 46546.5
0.03150969529085872 4959.0 30771.0
0.031625115420129274 4996.0 47865.0
0.03174053554939982 5025.0 62393.0
0.03185595567867036 5002.5 50051.0
0.031971375807940905 4980.0 39896.0
0.03208679593721145 5013.0 47136.0
0.03220221606648199 4976.5 36823.0
0.032317636195752536 4993.333333333333 45859.333333333336
0.03243305632502309 4992.0 42731.0
0.03254847645429363 4985.0 37636.0
0.032663896583564174 4986.5 37700.5
0.0332409972299169 5009.5 44643.5
0.03335641735918744 4997.0 44652.0
0.03347183748845799 4997.0 29946.0
0.03358725761772853 4978.0 30491.0
0.033702677746999074 5000.5 42155.0
0.033818097876269625 4978.0 30560.0
0.03393351800554017 4983.0 47369.0
0.03404893813481071 4986.5 42065.5
0.034164358264081256 5014.0 53100.0
0.0342797783933518 5014.0 53104.0
0.03439519852262234 4987.5 42904.0
0.03451061865189289 4989.5 42964.5
0.03462603878116344 5010.666666666667 56094.666666666664
0.03474145891043398 4995.0 48800.75
0.034856879039704525 5001.0 47108.0
0.03497229916897507 4965.0 32857.0
0.03508771929824561 4985.0 47893.0
0.03543397968605725 5006.5 50889.0
0.035549399815327794 5011.0 54488.0
0.035895660203139425 4979.0 36888.0
0.036011080332409975 5012.5 59898.5
0.03612650046168052 4998.666666666667 42358.0
0.03624192059095106 5000.8 45628.0
0.036357340720221606 5010.5 52563.25
0.03647276084949215 5016.333333333333 50635.666666666664
0.036588180978762694 5019.666666666667 58821.666666666664
0.036703601108033244 5009.5 45567.5
0.03681902123730379 5015.0 57467.0
0.03693444136657433 5010.25 49752.25
0.037049861495844875 5003.0 39977.333333333336
0.03716528162511542 4997.0 42179.666666666664
0.03728070175438596 5004.0 34003.0
0.037396121883656507 4993.0 36496.5
0.03751154201292706 4982.0 38992.0
0.037742382271468145 4993.0 36554.0
0.03797322253000923 5031.0 71125.0
0.038088642659279776 4982.0 39004.0
0.03855032317636196 5016.0 50217.0
0.0386657433056325 5000.5 45942.0
0.038781163434903045 5000.5 45980.5
0.038896583564173595 4997.333333333333 43377.666666666664
0.03901200369344414 4997.333333333333 43385.666666666664
0.03912742382271468 5010.5 43072.5
0.039242843951985226 5012.333333333333 48171.666666666664
0.03935826408125577 5010.5 46985.5
0.039473684210526314 5016.0 51101.0
0.03970452446906741 5016.0 51258.0
0.039935364727608495 4993.0 38182.0
0.04005078485687904 5007.0 43302.333333333336
0.04016620498614958 5006.0 41538.0
0.040281625115420126 5011.0 36661.0
0.04039704524469068 5011.0 36662.0
0.04051246537396122 5011.0 36662.0
0.040627885503231764 5006.0 46740.0
0.04085872576177285 5003.0 59245.0
0.041089566020313946 5006.0 61153.0
0.04189750692520776 5028.0 71709.0
0.043167128347183746 5022.0 39406.0
0.043513388734995384 5016.5 51667.0
0.04362880886426593 5011.0 63711.0
0.04374422899353647 5016.5 51688.5
0.04466759002770083 5022.0 40483.0
0.04478301015697138 5017.5 53817.5
0.04489843028624192 5022.0 41855.0
0.045013850415512466 5022.0 41855.0
0.04512927054478301 5025.0 62708.0
0.04524469067405355 5023.5 52309.0
0.04547553093259465 5022.0 41910.0
0.04582179132040628 5026.0 62977.0
0.04593721144967682 5024.0 52637.0
0.046052631578947366 5024.0 52683.0
0.04628347183748846 5026.0 63284.0
0.046398891966759004 5024.0 52809.0
0.04651431209602955 5021.5 66048.0
0.04662973222530009 5021.5 66052.0
0.046745152354570635 5021.5 66053.0
0.04686057248384118 5021.5 66057.0
0.04697599261311173 5021.5 66128.5
0.04709141274238227 5023.0 42452.0
0.047899353647276086 5027.0 63625.0
0.04801477377654663 5023.0 66844.5
0.04813019390581717 5023.5 66861.0
0.04824561403508772 5019.0 70076.0
0.04836103416435827 5019.0 70077.0
0.048591874422899355 5024.666666666667 67248.33333333333
0.0487072945521699 5023.0 45096.0
0.04882271468144044 5023.0 45524.0
0.04916897506925208 5040.0 84094.0
0.049284395198522624 5040.0 84107.0
0.04939981532779317 5040.0 84172.0
0.050323176361957524 5034.5 77274.5
0.05043859649122807 5029.0 68301.0
0.05066943674976916 5021.0 71455.0
0.050784856879039705 5021.0 71567.0
0.05090027700831025 5025.5 70181.5
0.05101569713758079 5022.0 71903.0
0.05124653739612189 5038.0 88244.0
0.051477377654662974 5046.0 87777.0
0.051823638042474605 5037.0 78876.0
0.05193905817174515 5028.0 69247.66666666667
0.0520544783010157 5024.0 47327.0
0.05216989843028624 5032.0 68147.0
0.05228531855955679 5031.5 54233.0
0.05240073868882733 5038.0 60482.0
0.052516158818097874 5025.0 47999.0
0.05263157894736842 5032.5 68243.5
0.05274699907663897 5031.0 69102.0
0.05286241920590951 5028.0 58566.5
0.0530932594644506 5028.0 58749.0
0.053208679593721143 5038.0 61238.0
0.05332409972299169 5029.5 73703.5
0.05343951985226224 5035.0 65226.0
0.05355493998153278 5035.0 65236.0
0.053670360110803325 5039.0 61276.0
0.05390120036934441 5035.5 82926.0
0.054016620498614956 5035.5 82943.0
0.0541320406278855 5043.0 87615.0
0.05424746075715605 5033.0 75134.5
0.05447830101569714 5036.0 81748.75
0.05459372114496768 5034.0 68468.5
0.054709141274238225 5034.0 75441.6
0.05493998153277932 5037.333333333333 77486.66666666667
0.05505540166204986 5032.666666666667 73487.0
0.05517082179132041 5028.0 78694.0
0.05528624192059095 5035.0 84780.0
0.05574792243767313 5033.0 71766.0
0.055863342566943676 5033.0 71824.0
0.05597876269621422 5033.0 71902.0
0.05609418282548476 5042.0 92017.0
0.05620960295475531 5042.0 92017.0
0.0564404432132964 5043.0 92845.0
0.05667128347183749 5043.0 93069.0
0.05678670360110803 5043.0 93106.0
0.056902123730378576 5043.0 93109.0
0.05736380424746076 5030.0 114994.0
0.057594644506001845 5044.0 94393.0
0.05771006463527239 5037.0 106312.5
0.05805632502308403 5030.0 115036.0
0.05817174515235457 5030.0 115081.0
0.058287165281625114 5030.0 115104.0
0.05851800554016621 5030.0 115144.0
0.060133887349953834 5047.0 100138.0
0.06036472760849492 5047.0 100144.0
0.060480147737765465 5047.0 100228.0
0.06059556786703601 5047.0 100228.0
0.06071098799630656 5041.0 108594.0
0.06105724838411819 5047.0 100913.0
0.061172668513388734 5047.0 101108.0
0.06128808864265928 5047.0 101108.0
0.06174976915974146 5047.0 101520.0
0.06301939058171745 5035.0 117300.0
0.06313481071098799 5036.0 123078.0
0.06325023084025855 5036.0 124549.0
0.06348107109879964 5036.0 124598.0
0.06382733148661127 5036.0 124783.0
0.06394275161588181 5036.0 124783.0
0.06509695290858726 5035.0 57938.0
0.06590489381348107 5035.0 58178.0
0.06602031394275161 5061.0 111988.0
0.06613573407202217 5048.0 85117.0
0.06625115420129271 5035.0 58178.0
0.06636657433056325 5039.0 74857.5
0.0664819944598338 5039.0 74861.0
0.06659741458910434 5045.0 88536.5
0.06671283471837489 5035.0 58419.0
0.06705909510618652 5043.0 95032.0
0.0672899353647276 5036.0 58877.0
0.06740535549399815 5046.666666666667 89186.0
0.06752077562326869 5052.0 104419.0
0.06763619575253925 5039.5 77254.0
0.06775161588180979 5046.666666666667 89261.0
0.06798245614035088 5039.5 77278.5
0.06809787626962142 5036.0 58942.0
0.06821329639889197 5043.0 95631.0
0.0685595567867036 5037.0 59034.0
0.06879039704524469 5061.0 113883.0
0.06890581717451523 5061.0 113890.0
0.06902123730378577 5061.0 113890.0
0.06936749769159742 5061.0 114436.0
0.06948291782086796 5061.0 114975.0
0.0695983379501385 5061.0 114975.0
0.06971375807940905 5038.0 59080.0
0.0698291782086796 5061.0 117837.0
0.06994459833795014 5038.0 59086.0
0.07029085872576177 5049.0 100902.0
0.07040627885503231 5049.5 88558.5
0.07052169898430287 5049.0 101057.0
0.07075253924284396 5053.0 106741.33333333333
0.0708679593721145 5060.0 142849.0
0.07098337950138504 5060.0 142872.0
0.07109879963065559 5060.5 130479.0
0.07121421975992613 5061.0 118155.0
0.07144506001846722 5061.0 118167.0
0.07156048014773776 5060.0 142880.0
0.07179132040627885 5060.0 142909.0
0.07202216066481995 5040.0 60387.0
0.07225300092336104 5050.0 101711.0
0.07236842105263158 5040.0 60387.0
0.07248384118190213 5040.0 60469.0
0.07271468144044321 5040.0 60538.0
0.0729455216989843 5040.0 60539.0
0.07329178208679593 5050.0 103727.5
0.07340720221606649 5050.0 103727.5
0.07386888273314866 5060.0 146825.0
0.07444598337950138 5063.0 147555.0
0.07467682363804247 5040.0 60761.0
0.07479224376731301 5041.0 62212.0
0.07490766389658357 5041.0 62219.0
0.07594644506001846 5064.0 154672.0
0.07606186518928901 5064.0 154674.0
0.07756232686980609 5048.0 113131.0
0.07802400738688828 5064.0 154800.0
0.07813942751615882 5056.5 134136.5
0.07825484764542937 5056.5 134145.0
0.07837026777469991 5064.0 155359.0
0.07848568790397045 5056.5 134365.5
0.078601108033241 5064.0 155386.0
0.07871652816251154 5057.0 134486.5
0.07906278855032317 5064.0 155394.0
0.07952446906740536 5050.0 114266.0
0.0796398891966759 5050.0 114266.0
0.07975530932594645 5050.0 114408.0
0.08206371191135733 5063.0 89808.0
0.08229455216989844 5063.0 89880.0
0.08240997229916898 5063.0 89880.0
0.08264081255771007 5064.0 90507.0
0.08287165281625115 5064.0 90889.0
0.08310249307479224 5064.0 90971.0
0.08321791320406279 5064.0 90972.0
0.08333333333333333 5064.0 90973.0
0.08344875346260387 5064.0 91236.0
0.08356417359187442 5064.0 91253.0
0.08391043397968606 5062.0 110109.0
0.0840258541089566 5062.0 110132.0
0.08414127423822715 5062.0 110132.0
0.08425669436749769 5064.0 91447.0
0.08437211449676824 5064.0 91496.0
0.0852954755309326 5064.0 91843.0
0.08552631578947369 5064.0 92190.0
0.08575715604801477 5057.5 113855.5
0.08587257617728532 5057.5 113896.5
0.08598799630655586 5063.5 101500.0
0.0861034164358264 5064.0 92617.0
0.08633425669436749 5065.0 92855.0
0.08644967682363804 5065.0 92904.0
0.08679593721144968 5071.0 200375.0
0.08691135734072022 5071.0 200386.0
0.08702677746999077 5072.0 205179.0
0.08829639889196676 5069.5 149645.5
0.0884118190212373 5072.0 205852.0
0.08852723915050785 5072.0 205852.0
0.08875807940904894 5072.0 205855.0
0.08945060018467221 5053.0 118706.0
0.0896814404432133 5053.0 118708.0
0.08979686057248384 5060.5 106856.5
0.08991228070175439 5053.0 119026.0
0.09002770083102493 5072.0 206180.0
0.09060480147737765 5073.0 206323.0
0.0907202216066482 5074.0 206470.0
0.09083564173591874 5070.5 165698.0
0.0909510618651893 5067.0 124918.0
0.09106648199445984 5070.5 165700.5
0.09118190212373038 5070.5 165700.5
0.09141274238227147 5067.0 124958.0
0.09372114496768236 5054.0 119912.0
0.094067405355494 5072.0 98056.0
0.09418282548476455 5054.0 119964.0
0.09522160664819945 5069.0 126390.0
0.09568328716528163 5057.0 122946.0
0.09591412742382271 5057.0 123035.0
0.09626038781163435 5057.0 123045.0
0.09637580794090489 5057.0 123330.0
0.09672206832871653 5069.0 126756.0
0.09683748845798708 5063.0 125242.5
0.09695290858725762 5057.0 123498.0
0.0997229916897507 5072.0 132524.0
0.10087719298245613 5072.0 133265.0
0.10099261311172668 5077.0 112631.0
0.10110803324099724 5074.0 214672.0
0.10122345337026778 5074.0 214731.0
0.10226223453370267 5078.0 113830.0
0.10237765466297322 5078.0 114469.0
0.10249307479224377 5078.0 114502.0
0.10353185595567867 5074.0 217393.0
0.10376269621421975 5074.0 217479.0
0.10399353647276086 5074.0 217480.0
0.1041089566020314 5074.0 217483.0
0.10433979686057249 5074.0 217518.0
0.10734072022160665 5074.0 218390.0
0.10768698060941828 5074.0 218413.0
0.10780240073868882 5074.0 218413.0
0.10861034164358264 5074.0 218448.0
0.10872576177285319 5067.5 185153.5
0.10884118190212373 5074.0 218483.0
0.10895660203139428 5061.0 151857.0
0.10907202216066482 5061.0 152273.0
0.11126500461680518 5061.0 152451.0
0.11426592797783934 5062.0 159106.0
0.11438134810710988 5062.0 159106.0
0.11449676823638043 5062.0 159106.0
0.1183056325023084 5065.0 165460.0
0.11945983379501385 5065.0 165651.0
0.11957525392428439 5065.0 165654.0
0.11969067405355494 5065.0 165664.0
0.11992151431209604 5065.0 165766.0
0.12038319482917821 5065.0 165921.0
0.1216528162511542 5065.0 172799.0
0.12176823638042475 5065.0 172806.0
0.12338411819021237 5065.0 174272.0
0.12384579870729455 5067.0 181087.0
0.13423361034164358 5075.0 244188.0
0.16643582640812557 5088.0 239285.0
0.20914127423822715 5088.0 306407.0
0.2098337950138504 5088.0 306593.0
0.2138734995383195 5088.0 307938.0
0.22818559556786702 5093.0 340805.0
0.2283010156971376 5093.0 341057.0
0.2288781163434903 5093.0 341406.0
0.2347645429362881 5094.0 344580.0
0.23511080332409973 5094.0 344870.0
0.23522622345337027 5094.0 344888.0
0.2353416435826408 5094.0 344919.0
0.23545706371191136 5094.0 344919.0
0.24469067405355494 5091.0 335446.0
0.2646583564173592 5094.0 387819.0
0.26523545706371193 5095.0 392811.0
0.27954755309325946 5103.0 399622.0
0.2804709141274238 5103.0 402420.0
0.28185595567867033 5105.0 515390.0
0.30690212373037856 5099.0 463086.0
0.3185595567867036 5099.0 478830.0
0.3475300092336103 5100.0 516358.0
0.3477608494921514 5100.0 516365.0
0.3479916897506925 5100.0 516563.0
0.3482225300092336 5100.0 516611.0
0.34833795013850416 5100.0 516703.0
0.34856879039704525 5100.0 516721.0
0.34868421052631576 5100.0 516721.0
0.34879963065558633 5100.0 516777.0
0.34983841181902126 5101.0 517416.0
0.35018467220683286 5101.0 517483.0
0.360803324099723 5103.0 531751.0
0.3623037857802401 5104.0 546329.0
0.3626500461680517 5104.0 546352.0
0.36276546629732226 5104.0 546353.0
0.3649584487534626 5104.0 546993.0
0.3655355493998153 5104.0 547331.0
0.3656509695290859 5104.0 547331.0
0.4057017543859649 5111.0 696477.0
0.42070637119113574 5111.0 619213.0
0.42082179132040626 5111.0 619274.0
0.42093721144967683 5111.0 619810.0
0.42255309325946444 5111.0 620359.0
0.422668513388735 5112.0 625280.0
0.4245152354570637 5113.0 627622.0
0.42566943674976915 5113.0 632090.0
0.4291320406278855 5115.0 654663.0
0.44159741458910434 5115.0 684767.0
0.506578947368421 5122.0 829742.0
0.5584025854108957 5127.0 908618.0
1.0 5141.0 1593385.0
